6.128843307495117
6.665098190307617
7.956822872161865
8.151410102844238
6.7245354652404785
6.913001537322998
6.636693000793457
7.087474346160889
6.122279167175293
6.783799648284912
7.933748722076416
8.139375686645508
6.953803062438965
7.069846153259277
6.744594097137451
7.186588764190674
6.244361877441406
6.824433326721191
8.198184967041016
8.717172622680664
6.884239196777344
7.425711631774902
6.733896255493164
7.747263431549072
6.151546955108643
6.784862995147705
8.14327335357666
8.794668197631836
6.814967632293701
7.451759338378906
6.592729568481445
7.676530838012695
6.048005104064941
6.794053077697754
7.794582843780518
8.559671401977539
6.762223243713379
7.345297336578369
6.764595031738281
7.50892448425293
6.189361572265625
6.84023380279541
7.842615604400635
8.435684204101562
7.00088357925415
7.447145938873291
6.949714660644531
7.4731597900390625
6.460622787475586
6.794833660125732
8.195175170898438
8.849250793457031
7.10406494140625
7.50193452835083
7.240939140319824
7.745336055755615
6.496572017669678
6.834079742431641
8.283954620361328
8.966461181640625
7.073713779449463
7.5827813148498535
7.21546745300293
7.697283744812012
5.513636112213135
5.867481231689453
7.303560256958008
7.76100492477417
6.458536148071289
6.70913028717041
6.305205345153809
6.782432556152344
5.414545059204102
5.872988700866699
7.215206146240234
7.72226095199585
6.5523681640625
6.766134738922119
6.157808303833008
6.674264907836914
5.402253150939941
6.096589088439941
7.55548620223999
8.018147468566895
6.3847336769104
7.003091812133789
6.1071577072143555
7.059814929962158
5.414397716522217
6.071102142333984
7.527263641357422
8.004305839538574
6.291251182556152
6.957198143005371
5.999283313751221
6.918126583099365
5.774450778961182
5.798102378845215
7.794435501098633
7.98367977142334
6.486344337463379
6.579346179962158
6.56896448135376
6.633729457855225
5.671878337860107
5.685925483703613
7.523487091064453
7.672717571258545
6.390202045440674
6.345593452453613
6.414733409881592
6.423483848571777
5.5264081954956055
6.356411933898926
7.825708389282227
8.192020416259766
6.3039398193359375
6.770998477935791
6.27540397644043
7.316213130950928
5.478592872619629
6.309225559234619
7.726584434509277
8.229927062988281
6.1579413414001465
6.685349464416504
6.171576976776123
7.169050216674805
4.741264343261719
5.429004669189453
6.557744026184082
7.201429843902588
5.537533283233643
5.978180885314941
5.410253524780273
6.185302257537842
4.658897876739502
5.403474807739258
6.547588348388672
7.249911785125732
5.7833170890808105
6.250817775726318
5.390776634216309
6.155837059020996
4.961982727050781
6.185701847076416
6.816202163696289
7.684719085693359
5.73209810256958
6.84736442565918
5.548687934875488
7.027723789215088
4.988229751586914
6.084583282470703
6.880356311798096
7.741745471954346
5.779097080230713
6.894235134124756
5.5134429931640625
6.912349700927734
5.820782661437988
6.364593029022217
7.926522731781006
8.215807914733887
6.857606887817383
6.861103534698486
6.604903697967529
7.080171585083008
5.649904251098633
6.109102249145508
7.820318698883057
7.939227104187012
6.923463821411133
6.856198310852051
6.466332912445068
6.754129409790039
6.247366905212402
6.733524322509766
8.091569900512695
8.790201187133789
6.750853061676025
7.572771072387695
6.741446495056152
7.599442481994629
6.191843032836914
6.663374900817871
7.992058753967285
8.819465637207031
6.598226070404053
7.528357028961182
6.62923002243042
7.457355976104736
5.674923896789551
5.824901580810547
7.495001792907715
8.12664794921875
6.602917671203613
6.661199569702148
6.734989643096924
6.66427755355835
5.555484771728516
5.815769672393799
7.229039669036865
7.847508430480957
6.659946918487549
6.679075241088867
6.749459266662598
6.590080261230469
5.6978840827941895
6.122964859008789
7.964059352874756
7.893509864807129
6.601583003997803
7.054422378540039
6.41576623916626
7.042513370513916
5.730649471282959
6.053689002990723
7.810050010681152
7.847128868103027
6.433646202087402
6.950185775756836
6.318720817565918
6.8787336349487305
6.484333038330078
7.184047698974609
8.223085403442383
8.71770191192627
7.1417717933654785
7.420408725738525
7.087404251098633
7.4449262619018555
6.335436820983887
7.151208877563477
7.874659061431885
8.526056289672852
7.070272922515869
7.351245403289795
6.915970802307129
7.285902976989746
6.754858493804932
7.188931465148926
8.589584350585938
9.065187454223633
7.150934219360352
7.6045966148376465
7.072770118713379
7.833436012268066
6.711345672607422
7.083303451538086
8.536202430725098
8.978211402893066
7.0621161460876465
7.490987300872803
6.941015243530273
7.62241792678833
5.579563617706299
6.283638954162598
7.360596656799316
7.756133079528809
6.085157871246338
6.529097557067871
5.943929672241211
6.7508978843688965
5.651238918304443
6.357494354248047
7.353297233581543
7.760251045227051
6.38663387298584
6.723110675811768
6.166018009185791
6.875284671783447
5.6568145751953125
6.373748779296875
7.448763370513916
8.037403106689453
6.298651218414307
6.813274383544922
6.108471870422363
7.097132205963135
5.640580654144287
6.343828201293945
7.543569564819336
8.20644474029541
6.35396146774292
6.888258934020996
6.044040679931641
7.039889812469482
6.179008483886719
6.564183235168457
8.254007339477539
8.552916526794434
6.863715171813965
7.005813121795654
6.787455081939697
6.9662933349609375
6.042735576629639
6.480805397033691
8.051570892333984
8.518627166748047
6.876680850982666
6.920497417449951
6.677863597869873
6.818464756011963
6.544071674346924
6.908321380615234
8.561212539672852
8.860380172729492
7.031159400939941
7.477850437164307
6.810021877288818
7.615527629852295
6.537161827087402
6.850132942199707
8.572157859802246
8.919027328491211
6.980849742889404
7.471980571746826
6.758892059326172
7.497679233551025
5.945959091186523
6.405559539794922
7.479687690734863
8.064462661743164
6.956636428833008
7.043588638305664
6.717670440673828
6.989091396331787
5.664396286010742
6.076137065887451
7.178672790527344
7.690221786499023
6.884321689605713
6.895925998687744
6.420007705688477
6.594139575958252
5.963233947753906
6.820831775665283
7.792232990264893
8.388834953308105
6.73873233795166
7.613587379455566
6.548095703125
7.695486545562744
5.873169898986816
6.686600685119629
7.668957233428955
8.325819969177246
6.5863213539123535
7.549802303314209
6.368366241455078
7.472342014312744
6.649788856506348
7.089582443237305
8.934703826904297
9.138213157653809
7.577150344848633
7.870062828063965
7.197502613067627
7.454392910003662
6.677538871765137
7.133771896362305
8.811931610107422
8.929436683654785
7.676571369171143
7.892368793487549
7.289937973022461
7.5581440925598145
7.121824741363525
6.971766471862793
9.170266151428223
9.116619110107422
7.913422584533691
7.732801914215088
7.595431804656982
7.519045352935791
7.141542434692383
6.968892574310303
9.141716003417969
9.122840881347656
7.893063068389893
7.71959924697876
7.550616264343262
7.461986064910889
5.63663387298584
5.958597183227539
7.716882705688477
7.671762466430664
6.408853054046631
6.115664958953857
6.25515079498291
6.554701328277588
5.47674560546875
5.7495880126953125
7.393318176269531
7.304844379425049
6.272665500640869
5.801726341247559
6.00051212310791
6.284017562866211
5.370013236999512
6.119467735290527
7.1194658279418945
8.057210922241211
5.744738578796387
6.947044372558594
5.884294509887695
6.783135414123535
5.389236927032471
6.133805274963379
7.136962890625
8.24663257598877
5.727026462554932
6.99941349029541
5.883485794067383
6.734311580657959
4.3435869216918945
5.131752967834473
6.511753082275391
7.302762031555176
5.759673118591309
6.21045446395874
5.344161033630371
5.984262466430664
4.105270862579346
4.915384292602539
6.330434799194336
7.015227317810059
5.626436710357666
5.995352745056152
5.191832065582275
5.700778007507324
4.494258880615234
5.269469261169434
6.535397529602051
7.129490852355957
5.448697566986084
6.273679733276367
5.251144886016846
6.490243911743164
4.380847454071045
5.145097732543945
6.457362174987793
7.126338005065918
5.288957118988037
6.190232276916504
5.084096431732178
6.288691997528076
6.753910064697266
7.306639671325684
8.378962516784668
8.326067924499512
7.033227920532227
6.772791385650635
7.380734443664551
7.52156925201416
6.717479228973389
7.42195463180542
8.52241039276123
8.352777481079102
7.102603912353516
6.916141510009766
7.449184894561768
7.832485198974609
7.433331489562988
7.645199298858643
8.807331085205078
9.19480037689209
7.147849082946777
7.799924373626709
7.69447660446167
7.975197792053223
7.557988166809082
7.681644439697266
8.917957305908203
9.298194885253906
7.1458563804626465
7.78863525390625
7.797821521759033
7.994568824768066
6.159497261047363
7.035830497741699
8.168027877807617
8.719100952148438
7.168635845184326
7.570413589477539
6.978219032287598
7.806819915771484
6.067849636077881
6.919295310974121
7.994710445404053
8.69530200958252
7.209725379943848
7.575388431549072
6.907405853271484
7.659845352172852
6.745639324188232
6.7751994132995605
8.551076889038086
8.736289024353027
7.397758483886719
7.547055721282959
7.524277687072754
7.47998046875
6.62966251373291
6.67801570892334
8.440770149230957
8.747611045837402
7.268805027008057
7.515039920806885
7.340636730194092
7.339009761810303
6.510679244995117
7.037770748138428
8.22015380859375
8.906044006347656
6.835468292236328
7.615731239318848
6.825962066650391
7.161747455596924
6.63741397857666
7.137805938720703
8.21058464050293
8.791346549987793
7.203880310058594
7.702628135681152
7.10699462890625
7.339613914489746
6.9909586906433105
6.9929656982421875
9.012003898620605
8.710530281066895
7.72703218460083
7.35784387588501
7.220855712890625
7.473286151885986
7.03494119644165
7.002747535705566
9.014501571655273
8.8033447265625
7.706993103027344
7.381289958953857
7.2144951820373535
7.470351696014404
5.29265022277832
6.0238356590271
7.394043922424316
7.771824836730957
5.932861804962158
6.242347717285156
5.885733604431152
6.734962463378906
5.379773139953613
6.004116535186768
7.391209125518799
7.678249359130859
6.153231143951416
6.332976818084717
6.039645671844482
6.69077205657959
5.373319149017334
6.5746870040893555
7.207324028015137
8.484052658081055
5.88550329208374
7.242981910705566
6.0205864906311035
7.3632731437683105
5.3796234130859375
6.589119911193848
7.239067077636719
8.633576393127441
5.8677191734313965
7.334658145904541
5.96328067779541
7.311346530914307
6.533312797546387
7.074331760406494
8.22197437286377
9.104364395141602
6.975066661834717
7.827752113342285
6.8552775382995605
7.401945114135742
6.4528985023498535
7.145053386688232
8.093717575073242
8.980216026306152
7.065985202789307
7.8629913330078125
6.745874881744385
7.496162414550781
7.204807281494141
6.961786270141602
9.244966506958008
8.558950424194336
7.947470664978027
7.232340335845947
7.681340217590332
7.453516483306885
7.223954200744629
6.893863677978516
9.260398864746094
8.62187671661377
7.935145854949951
7.237987995147705
7.6129326820373535
7.298884868621826
5.231938362121582
6.343873977661133
7.339754581451416
8.023317337036133
6.4230170249938965
6.608587741851807
6.041019439697266
6.993692874908447
5.018778324127197
6.1845903396606445
7.063310146331787
7.892388343811035
6.3458099365234375
6.580127239227295
5.8120436668396
6.791449546813965
5.788182735443115
6.423887252807617
7.821760654449463
8.30261516571045
6.437499523162842
7.279501438140869
6.263731956481934
7.347298622131348
5.725618362426758
6.324562072753906
7.832826614379883
8.28999137878418
6.406225681304932
7.201285362243652
6.117353439331055
7.161901473999023
5.608377456665039
6.037425994873047
7.365693092346191
7.7743635177612305
6.838263511657715
6.851125717163086
6.399579048156738
6.606074333190918
5.291065216064453
5.681151390075684
6.9576215744018555
7.219969272613525
6.506580829620361
6.474104404449463
6.182788848876953
6.201053142547607
5.541182994842529
6.430270195007324
7.406288146972656
7.8282976150512695
6.38361930847168
7.126040935516357
6.190685272216797
7.353967666625977
5.488131999969482
6.352827072143555
7.285821914672852
7.806921005249023
6.251737117767334
7.071793556213379
6.039721965789795
7.215573787689209
6.206669807434082
6.081244468688965
8.748738288879395
8.055673599243164
7.4108567237854
7.012571811676025
6.9014997482299805
6.676578521728516
6.0048508644104
5.816645622253418
8.11294937133789
7.573464870452881
7.030978202819824
6.7695417404174805
6.739322662353516
6.409026145935059
5.814090728759766
6.641858100891113
7.758913040161133
8.66383171081543
6.698480606079102
7.247034072875977
6.481787204742432
7.434127330780029
5.7101287841796875
6.621851921081543
7.688886642456055
8.60688304901123
6.5953593254089355
7.178439617156982
6.2967400550842285
7.308980941772461
5.57490348815918
6.360583782196045
7.775652885437012
8.345499038696289
6.719050884246826
6.891147136688232
6.281375885009766
6.944643497467041
5.545485973358154
6.386980056762695
7.656477451324463
8.209357261657715
6.784154415130615
6.8041815757751465
6.2644500732421875
6.878481388092041
6.007463455200195
6.791755676269531
7.911979675292969
8.58854866027832
6.555335998535156
7.394595623016357
6.6278181076049805
7.52259635925293
6.001149654388428
6.697630882263184
7.934697151184082
8.603738784790039
6.504158973693848
7.370467185974121
6.600323677062988
7.40466833114624
6.285477161407471
6.151296615600586
8.35926628112793
8.248129844665527
6.9505133628845215
6.891958713531494
6.833881378173828
6.852792263031006
6.205422878265381
6.124555587768555
8.330180168151855
8.193376541137695
7.063730716705322
6.83961820602417
6.8519697189331055
6.762661457061768
6.102173805236816
6.869483947753906
8.216606140136719
9.075432777404785
6.8446125984191895
7.565199375152588
6.698545455932617
7.707550525665283
6.02580451965332
6.82878303527832
8.109601974487305
9.078937530517578
6.713993549346924
7.512932777404785
6.571346282958984
7.615717887878418
5.734918594360352
6.015065670013428
7.40599250793457
7.526921272277832
6.597236633300781
6.6024346351623535
6.400902271270752
6.757907867431641
5.580862522125244
5.949371814727783
7.114367485046387
7.361732482910156
6.534128665924072
6.519225120544434
6.226165294647217
6.626099586486816
5.462173938751221
6.345973014831543
7.049797058105469
7.939531326293945
6.093242168426514
7.019410133361816
5.997106552124023
7.102108001708984
5.44091796875
6.245640277862549
7.07386589050293
7.846645832061768
6.063910484313965
6.983754634857178
5.860987663269043
6.850953578948975
5.6575775146484375
5.862480163574219
6.915613174438477
7.350241661071777
5.795801639556885
6.159847736358643
6.244777679443359
6.303099632263184
5.63368558883667
5.7973856925964355
6.951211452484131
7.328450679779053
6.038220405578613
6.291352272033691
6.248568534851074
6.293315410614014
5.491504669189453
6.233722686767578
7.293256759643555
7.550955772399902
6.152564525604248
6.447728157043457
6.121771812438965
7.021987438201904
5.404669761657715
6.151257514953613
7.272134780883789
7.6595659255981445
6.09290075302124
6.538156986236572
5.975201606750488
6.879773139953613
5.0759172439575195
5.652879238128662
6.4709906578063965
6.877801895141602
5.356834411621094
5.821725368499756
5.28703498840332
5.9527177810668945
5.212038040161133
5.635409355163574
6.5006818771362305
6.878767013549805
5.628847599029541
5.975829124450684
5.4493889808654785
5.971796989440918
5.133844375610352
5.835752487182617
6.671961784362793
7.213985919952393
5.680700778961182
6.160332679748535
5.482823371887207
6.442078113555908
5.216364860534668
5.855765342712402
6.818169593811035
7.419936180114746
5.76131010055542
6.297616481781006
5.482061862945557
6.446479320526123
5.74074649810791
5.85587215423584
7.488064765930176
7.4729509353637695
6.655104160308838
6.544710636138916
6.540004253387451
6.571018695831299
5.4863080978393555
5.596118450164795
7.017635345458984
7.103681564331055
6.284252643585205
6.307798862457275
6.346686840057373
6.24578332901001
5.337268829345703
6.511961460113525
7.107564926147461
7.960174560546875
6.086104393005371
6.9677300453186035
5.997669696807861
7.325078010559082
5.296228408813477
6.403465270996094
7.038409233093262
7.8052473068237305
5.985182285308838
6.842153072357178
5.848668098449707
7.149932861328125
6.737701416015625
7.068567276000977
8.303739547729492
8.70685863494873
7.087461948394775
7.3290581703186035
7.186253547668457
7.459665298461914
6.744667053222656
7.0976996421813965
8.2056303024292
8.493677139282227
7.160558223724365
7.299323081970215
7.283058166503906
7.464810371398926
6.833302974700928
7.064854145050049
8.561518669128418
8.757400512695312
7.262048721313477
7.52421760559082
7.214627265930176
7.5129218101501465
6.8384809494018555
7.071959018707275
8.54932975769043
8.823554039001465
7.22817850112915
7.549757480621338
7.1388325691223145
7.486189365386963
5.123282432556152
6.1487040519714355
7.03759765625
7.824317932128906
6.04557466506958
6.7170000076293945
5.920191764831543
7.094311714172363
5.035000801086426
6.0277910232543945
6.9316511154174805
7.818612098693848
6.146332740783691
6.819113731384277
5.871494293212891
6.944728374481201
5.721027851104736
6.2628374099731445
7.524862289428711
8.132314682006836
6.567933082580566
7.1411895751953125
6.5379533767700195
7.1541876792907715
5.643509387969971
6.134966850280762
7.486891746520996
8.157973289489746
6.45479679107666
7.107459545135498
6.391960620880127
6.996479034423828
6.074912071228027
6.666739463806152
7.848769664764404
8.556388854980469
6.903121471405029
7.029510498046875
6.995530605316162
7.473834037780762
5.912933349609375
6.445788383483887
7.746320724487305
8.528229713439941
6.953418254852295
6.961677551269531
6.862884044647217
7.129387855529785
6.280113220214844
6.726916313171387
8.362798690795898
8.63906192779541
6.88942289352417
7.4615478515625
7.007877349853516
7.551575660705566
6.124135494232178
6.61589241027832
8.234708786010742
8.54198169708252
6.764164447784424
7.37662410736084
6.777636528015137
7.354288101196289
5.488373279571533
5.576164245605469
7.274423599243164
7.0503034591674805
6.2607269287109375
6.060029029846191
5.989050388336182
5.961254119873047
5.195629119873047
5.448113441467285
7.114093780517578
6.787320137023926
6.1680426597595215
5.88956356048584
5.676607131958008
5.786442756652832
5.12636661529541
5.902091979980469
6.583542823791504
7.651623725891113
5.594264030456543
6.458911895751953
5.5274128913879395
6.620368003845215
5.119748115539551
5.865570068359375
6.634885787963867
7.810843467712402
5.608255863189697
6.5251145362854
5.4578471183776855
6.5225300788879395
6.308063507080078
7.024905204772949
7.994175434112549
8.631988525390625
6.930903911590576
7.40050745010376
6.822325706481934
7.411787033081055
6.142765522003174
6.824580192565918
7.902857780456543
8.380449295043945
6.935125827789307
7.209603309631348
6.670814514160156
7.068861484527588
6.617618083953857
7.052548408508301
8.56786060333252
8.972654342651367
7.234681129455566
7.440948486328125
7.047970294952393
7.64200496673584
6.4977216720581055
6.958224296569824
8.379982948303223
8.900331497192383
7.077707767486572
7.36808443069458
6.878300666809082
7.502716064453125
5.9964823722839355
6.839179039001465
7.4171600341796875
8.435964584350586
6.129756927490234
6.697100639343262
6.615523338317871
7.440389633178711
6.051909923553467
6.9005446434021
7.352104663848877
8.32625675201416
6.387209415435791
6.749863147735596
6.665531158447266
7.3640336990356445
6.207420349121094
6.816913604736328
7.91859245300293
8.59181022644043
6.350850582122803
7.056565284729004
6.8820600509643555
7.563307285308838
6.268470764160156
6.825436592102051
8.05837631225586
8.684606552124023
6.412301540374756
7.1227707862854
6.907225131988525
7.4936604499816895
6.190756797790527
6.4076714515686035
8.36091423034668
8.459868431091309
7.125790119171143
7.414972305297852
6.868515968322754
7.094282150268555
6.106162071228027
6.299688339233398
8.217889785766602
8.228315353393555
7.110733985900879
7.309750080108643
6.7998948097229
6.993274211883545
6.538856506347656
6.518205642700195
8.394262313842773
8.419098854064941
7.3959832191467285
7.185452938079834
7.252016067504883
7.291952133178711
6.555690288543701
6.541984558105469
8.411413192749023
8.506057739257812
7.322937965393066
7.171960830688477
7.225275993347168
7.2494001388549805
6.837754249572754
7.108463287353516
8.839999198913574
8.493867874145508
7.542215824127197
7.446874141693115
7.390742778778076
7.403753280639648
6.87523889541626
7.083893775939941
8.66887092590332
8.516448020935059
7.589879512786865
7.515881061553955
7.465157508850098
7.310107707977295
6.905956745147705
7.042054176330566
8.611682891845703
9.052978515625
7.386234760284424
7.658019065856934
7.226905822753906
7.588919639587402
6.831791400909424
7.0020976066589355
8.608394622802734
9.02741527557373
7.311091899871826
7.632025718688965
7.102877616882324
7.506028175354004
5.922213554382324
6.682114601135254
7.424509048461914
8.205474853515625
6.484616756439209
7.018399238586426
6.570899963378906
7.2278971672058105
5.8087544441223145
6.592373847961426
7.254251956939697
8.072758674621582
6.459729194641113
7.029665470123291
6.420768737792969
7.181458473205566
6.120236396789551
6.799381256103516
7.8604254722595215
8.397326469421387
6.6428446769714355
7.337648391723633
6.567538738250732
7.661147117614746
6.078418731689453
6.749755859375
7.91357421875
8.510305404663086
6.651859283447266
7.371577739715576
6.460470199584961
7.533432960510254
6.184221267700195
6.794759273529053
8.336376190185547
8.673813819885254
7.26141881942749
7.277863502502441
6.844516754150391
7.06796932220459
6.062122821807861
6.700996398925781
8.017833709716797
8.389663696289062
7.07180118560791
7.068236351013184
6.647758483886719
6.9086713790893555
6.433167457580566
6.904082298278809
8.310340881347656
8.966938018798828
6.9023051261901855
7.5641937255859375
6.754927635192871
7.531325817108154
6.317805290222168
6.788609504699707
8.22445011138916
8.8956298828125
6.769462585449219
7.513631343841553
6.608438014984131
7.393154144287109
5.673666000366211
6.390786170959473
8.101914405822754
8.126279830932617
6.680306434631348
6.782323360443115
6.264481544494629
6.894162654876709
5.727723121643066
6.387133598327637
8.224481582641602
8.141575813293457
7.005012512207031
6.9953179359436035
6.357585906982422
6.935890197753906
6.770051956176758
6.369196891784668
8.656686782836914
8.681015014648438
7.389847755432129
7.368555545806885
7.258609771728516
7.106975555419922
6.77457857131958
6.446390628814697
8.724403381347656
8.890480041503906
7.395169734954834
7.426636695861816
7.190519332885742
7.098966598510742
6.050723075866699
6.746842384338379
7.914094924926758
8.63634967803955
6.8289475440979
7.334630489349365
6.800345420837402
7.525763988494873
6.147069931030273
6.7712249755859375
7.980947494506836
8.473104476928711
7.069982051849365
7.343192100524902
6.9753737449646
7.515052795410156
6.351876258850098
6.747495651245117
8.382648468017578
8.96779727935791
7.116536617279053
7.530696392059326
7.128178119659424
7.655271530151367
6.411611557006836
6.824865341186523
8.428197860717773
9.07616138458252
7.083585262298584
7.59947395324707
7.089489459991455
7.665863513946533
6.636138916015625
7.11954402923584
8.247566223144531
8.677349090576172
7.167130470275879
7.341958999633789
7.099936485290527
7.473387241363525
6.563011646270752
7.140561103820801
8.063072204589844
8.427791595458984
7.24522590637207
7.304588317871094
7.062236785888672
7.414470195770264
6.962172985076904
6.992181301116943
8.717578887939453
8.77713394165039
7.260952472686768
7.442232131958008
7.299247741699219
7.4810309410095215
6.941126823425293
6.918928146362305
8.683127403259277
8.771846771240234
7.218588352203369
7.400790691375732
7.202555179595947
7.323519229888916
5.4240899085998535
6.263897895812988
7.2229204177856445
8.210199356079102
6.181120872497559
7.017741680145264
6.257098197937012
7.204129219055176
5.480223655700684
6.261225700378418
7.457342147827148
8.140155792236328
6.48557186126709
6.962679386138916
6.393163681030273
7.185947895050049
5.778662204742432
6.4390339851379395
7.716966152191162
8.570928573608398
6.606886386871338
7.253553867340088
6.602829456329346
7.447049617767334
5.796667098999023
6.473496437072754
7.720232963562012
8.724855422973633
6.551335334777832
7.3121161460876465
6.533736228942871
7.419053077697754
5.600249290466309
6.667576789855957
7.911829948425293
9.16955852508545
6.733204364776611
7.994633197784424
6.134205341339111
7.328234672546387
5.390366554260254
6.5635151863098145
7.572818279266357
8.491637229919434
6.530653476715088
7.527126789093018
5.973751544952393
7.228629112243652
7.017007350921631
6.233256816864014
9.018157005310059
7.951009750366211
7.711481094360352
6.7877960205078125
7.693241119384766
6.936020374298096
6.999611854553223
6.195252895355225
8.941902160644531
7.98796272277832
7.609530925750732
6.751070022583008
7.578579902648926
6.819543361663818
5.055517196655273
5.652195930480957
6.334748268127441
6.968264579772949
5.560290813446045
6.064478874206543
5.5809245109558105
6.373058319091797
4.9286346435546875
5.685469150543213
6.1082682609558105
6.814056396484375
5.524325847625732
6.0075788497924805
5.432572364807129
6.341800689697266
5.17141056060791
5.937655925750732
6.897749900817871
7.271282196044922
5.80938196182251
6.544949531555176
5.775948524475098
6.6867475509643555
5.167868137359619
5.914222717285156
6.926861763000488
7.306632041931152
5.778833389282227
6.593034267425537
5.6481523513793945
6.542986869812012
5.243882179260254
6.2442731857299805
6.7515869140625
7.792815208435059
5.938530921936035
6.751779079437256
5.866177082061768
6.927109718322754
5.118514060974121
6.200003623962402
6.58598518371582
7.662439346313477
5.980279922485352
6.722705841064453
5.756068229675293
6.8017988204956055
5.638885021209717
6.1095733642578125
7.385566711425781
7.691631317138672
6.291825294494629
6.808130741119385
6.118542194366455
7.149117469787598
5.586477756500244
6.005084037780762
7.364184856414795
7.695675849914551
6.228809833526611
6.824483871459961
5.963693618774414
6.881466388702393
4.354393482208252
5.139005661010742
5.692476272583008
6.43984317779541
5.275062561035156
5.6666483879089355
5.118364334106445
5.7348103523254395
4.203845024108887
4.979776382446289
5.497868061065674
6.219143867492676
5.247293472290039
5.604801654815674
4.910562038421631
5.540862560272217
4.706053256988525
5.2355546951293945
6.293078422546387
6.5440473556518555
5.467611312866211
6.080162048339844
5.281416893005371
6.215484619140625
4.6873016357421875
5.200286865234375
6.3046417236328125
6.510555267333984
5.429774761199951
6.083894729614258
5.14240837097168
6.0132012367248535
5.425174713134766
6.079838752746582
7.0174055099487305
7.820101737976074
6.09544038772583
6.560787200927734
6.030404090881348
7.018976211547852
5.307380676269531
5.971932411193848
7.071669578552246
7.642731666564941
6.160412311553955
6.452852249145508
5.978893756866455
6.844552040100098
5.543500900268555
6.298290729522705
7.241184234619141
8.079456329345703
6.013169288635254
6.920664310455322
6.19484806060791
7.155182838439941
5.468140602111816
6.21219539642334
7.219069957733154
8.157127380371094
5.909695148468018
6.8635029792785645
6.088907241821289
7.013699531555176
6.254263877868652
7.144112586975098
8.103960037231445
8.827173233032227
6.7274651527404785
6.9670610427856445
6.867690086364746
7.565406799316406
6.221942901611328
7.145726203918457
7.9698872566223145
8.658310890197754
6.825261116027832
6.974459171295166
6.774521827697754
7.435717582702637
6.77175760269165
6.874312400817871
8.67336654663086
8.741649627685547
6.867291450500488
7.09274959564209
7.184534072875977
7.574155330657959
6.778794288635254
6.813665866851807
8.699243545532227
8.730093955993652
6.879684925079346
7.043956279754639
7.130208969116211
7.493663311004639
6.674430847167969
7.241419792175293
8.394756317138672
8.813594818115234
7.2993292808532715
7.492156982421875
7.285305500030518
7.509703159332275
6.525501251220703
7.204573631286621
8.076104164123535
8.608644485473633
7.212929725646973
7.370553016662598
7.122178554534912
7.357488632202148
6.9598259925842285
7.364101409912109
8.735939025878906
9.214821815490723
7.2738938331604
7.773393630981445
7.270748138427734
7.979523658752441
6.890748023986816
7.233204364776611
8.67213249206543
9.142436981201172
7.172117710113525
7.671523094177246
7.105915546417236
7.754941463470459
5.2984619140625
5.970946311950684
7.094597339630127
7.728841781616211
5.459185600280762
5.858178615570068
5.8612260818481445
6.4411516189575195
5.378868103027344
6.148355484008789
7.1612229347229
7.66211462020874
5.817744731903076
5.9913506507873535
5.974433898925781
6.457429885864258
5.869546890258789
6.592970848083496
7.701267242431641
8.346298217773438
5.897940158843994
6.661805152893066
6.388661861419678
7.106335163116455
5.954144477844238
6.613717079162598
7.7494120597839355
8.47606086730957
5.955854415893555
6.729288578033447
6.40553092956543
7.127319812774658
5.149316787719727
6.086397647857666
6.9661784172058105
7.801698684692383
5.819430351257324
6.306931495666504
5.821625709533691
6.478332042694092
5.165212154388428
6.110280990600586
6.993666648864746
7.864650249481201
6.0709228515625
6.524263381958008
6.04475212097168
6.5237860679626465
5.881747722625732
6.388648986816406
7.771644115447998
8.135845184326172
6.41729211807251
7.106853485107422
6.239123821258545
7.2619781494140625
5.869469165802002
6.366683006286621
7.790342807769775
8.186075210571289
6.397907733917236
7.07866907119751
6.162090301513672
7.17772102355957
6.6122870445251465
7.0276198387146
8.092958450317383
8.321014404296875
7.132693767547607
7.153522968292236
7.056354999542236
7.657461166381836
6.496197700500488
7.152299880981445
7.916717529296875
8.378540992736816
7.10219669342041
7.377844333648682
6.988659381866455
7.671468734741211
6.831088066101074
7.362537384033203
8.590171813964844
8.936054229736328
7.178041934967041
7.7179741859436035
7.442943572998047
8.107477188110352
6.785680770874023
7.222499847412109
8.625568389892578
8.92837142944336
7.139112949371338
7.699434757232666
7.310507774353027
7.917480945587158
5.922388076782227
7.075699806213379
7.607978343963623
8.57131576538086
6.543001174926758
7.322871685028076
6.468001842498779
7.440589904785156
5.8374810218811035
7.077620506286621
7.472044944763184
8.465400695800781
6.703840732574463
7.327840328216553
6.528342247009277
7.364231109619141
6.349984169006348
6.8637518882751465
8.371533393859863
8.660914421081543
7.035470008850098
7.442481994628906
6.694891929626465
7.722419738769531
6.256576061248779
6.7422332763671875
8.304815292358398
8.61756420135498
6.943930625915527
7.420118808746338
6.526418685913086
7.522183895111084
6.647903919219971
7.4103240966796875
8.384612083435059
8.331062316894531
7.088662147521973
6.796026706695557
7.297181129455566
7.568120002746582
6.644042015075684
7.517608165740967
8.477945327758789
8.304229736328125
7.186501502990723
6.914093971252441
7.332803726196289
7.787540912628174
7.302822589874268
7.481729507446289
8.571213722229004
9.054234504699707
6.972744464874268
7.786360263824463
7.5431928634643555
7.866463661193848
7.441738605499268
7.528084754943848
8.668875694274902
9.109107971191406
6.956459045410156
7.747107028961182
7.655682563781738
7.877985000610352
6.724534034729004
7.1314778327941895
8.549491882324219
8.64004898071289
7.535303115844727
7.388463497161865
7.3592329025268555
7.597591400146484
6.532492160797119
7.063616752624512
8.207321166992188
8.432768821716309
7.344047546386719
7.278563022613525
7.17690372467041
7.398858070373535
6.62815523147583
7.301936626434326
8.303750991821289
9.172972679138184
7.092379093170166
7.8377838134765625
7.156741142272949
7.934689521789551
6.568984031677246
7.178997993469238
8.264592170715332
8.99785327911377
7.011603355407715
7.695908546447754
6.997181415557861
7.713395118713379
6.10430908203125
6.37730598449707
7.9831695556640625
8.19186019897461
7.0820441246032715
6.980277061462402
6.894268035888672
7.178677082061768
5.852468013763428
6.224523067474365
7.734416484832764
8.041196823120117
6.976765155792236
6.877560615539551
6.687369346618652
7.010207176208496
5.822936058044434
6.826456069946289
7.764069557189941
8.752203941345215
6.530161380767822
7.5518975257873535
6.406801223754883
7.576380252838135
5.751886367797852
6.692008018493652
7.702393531799316
8.630149841308594
6.4207634925842285
7.409356117248535
6.2493367195129395
7.352319240570068
4.983107566833496
6.08323860168457
6.374433517456055
7.541498184204102
5.6220855712890625
6.601101398468018
5.538297653198242
6.679354667663574
4.860134124755859
6.071489334106445
6.264058589935303
7.373548984527588
5.66485071182251
6.631968975067139
5.4427490234375
6.61799430847168
5.520930767059326
6.074935436248779
7.243141174316406
7.384183883666992
6.305652141571045
6.613174915313721
5.909422874450684
6.923667907714844
5.487119674682617
5.989136695861816
7.218232154846191
7.423285007476807
6.2554402351379395
6.668169975280762
5.772336006164551
6.778495788574219
5.230981349945068
5.672088623046875
7.3284196853637695
7.746027946472168
6.13894510269165
6.61160945892334
6.087567329406738
6.570621490478516
5.0561842918396
5.548243999481201
7.170478820800781
7.543819427490234
6.110434532165527
6.521460056304932
5.973165512084961
6.4296464920043945
5.168728828430176
6.033773422241211
7.34901237487793
7.966536521911621
6.094893455505371
6.7471842765808105
5.878609657287598
7.23158073425293
5.084283351898193
5.979678630828857
7.267747402191162
7.98094367980957
5.963138580322266
6.688543796539307
5.7378997802734375
7.097549915313721
5.870009899139404
6.246039867401123
7.710334777832031
8.241558074951172
6.495952606201172
6.9044575691223145
6.411861896514893
6.838874816894531
5.745324611663818
6.123414039611816
7.553469181060791
8.07000732421875
6.465176105499268
6.831939697265625
6.263767719268799
6.706206798553467
6.060369491577148
6.5874762535095215
7.976598262786865
8.173663139343262
6.628479957580566
6.923860549926758
6.561202049255371
7.2778472900390625
6.05027961730957
6.546672821044922
8.02688980102539
8.307863235473633
6.592253684997559
6.932333946228027
6.496359825134277
7.16107177734375
5.8788957595825195
6.072035312652588
8.051355361938477
8.132026672363281
6.45463752746582
6.508023738861084
6.579169273376465
6.644739627838135
5.964722156524658
6.1593732833862305
7.996193885803223
8.132145881652832
6.708585262298584
6.638655185699463
6.68490743637085
6.631800174713135
6.276725769042969
7.144115447998047
8.34196949005127
9.016679763793945
6.655211448669434
7.338924884796143
6.729651927947998
7.949915409088135
6.32679557800293
7.119711399078369
8.387980461120605
9.087668418884277
6.628301620483398
7.339498996734619
6.732666969299316
7.901066303253174
6.840384483337402
7.1456804275512695
8.680929183959961
8.637100219726562
7.588809490203857
7.348546504974365
7.488163948059082
7.676881790161133
6.667577743530273
7.076006889343262
8.357954025268555
8.457059860229492
7.467801570892334
7.273923397064209
7.340487957000732
7.4930620193481445
6.6688642501831055
7.444355010986328
8.348711967468262
9.345148086547852
7.095646858215332
7.916651248931885
7.1802897453308105
8.098367691040039
6.613277435302734
7.3315839767456055
8.3280029296875
9.19094467163086
7.0243353843688965
7.799155235290527
7.010401725769043
7.879700660705566
6.442190170288086
6.9449872970581055
8.38778305053711
8.515298843383789
7.0532050132751465
7.1988983154296875
6.9178266525268555
7.341524600982666
6.39769172668457
6.96566104888916
8.283271789550781
8.390899658203125
7.189543724060059
7.180793762207031
6.923449516296387
7.348066329956055
6.669093608856201
6.986553192138672
8.537993431091309
8.974365234375
7.131674289703369
7.485984802246094
7.128945827484131
7.71876859664917
6.614349842071533
6.943248271942139
8.452613830566406
9.01062297821045
7.027299404144287
7.50130033493042
6.996016979217529
7.596316337585449
5.436363220214844
5.764638423919678
7.176873683929443
7.430886268615723
6.161844253540039
6.380590915679932
6.135211944580078
6.43927001953125
5.309092998504639
5.721648216247559
7.1000494956970215
7.41828727722168
6.196284294128418
6.490518569946289
5.969108581542969
6.404667854309082
6.012165069580078
5.807754993438721
7.9353227615356445
7.669672966003418
6.912457466125488
6.7444915771484375
6.697770118713379
6.638224124908447
6.041204929351807
5.817419052124023
7.977316379547119
7.717099189758301
6.896372318267822
6.741201877593994
6.553590774536133
6.506893157958984
5.447948455810547
6.037420272827148
7.6196136474609375
8.055295944213867
6.393779277801514
6.9212965965271
6.428295135498047
6.913138389587402
5.306415557861328
5.965482234954834
7.395676136016846
7.810818672180176
6.4068708419799805
6.885097026824951
6.30274772644043
6.80706262588501
5.537060260772705
6.399609565734863
7.746982574462891
8.258859634399414
6.463902473449707
7.014450550079346
6.136229515075684
7.619351387023926
5.45713996887207
6.349940776824951
7.604164123535156
8.189248085021973
6.316353797912598
6.9471564292907715
5.966667652130127
7.474587440490723
5.469062805175781
5.55988073348999
7.555717468261719
7.630760192871094
6.516133785247803
6.586193561553955
6.248225688934326
6.437461853027344
5.322572231292725
5.236363410949707
7.317722797393799
7.232369899749756
6.352571487426758
6.301522731781006
6.089411735534668
6.039085865020752
5.265068054199219
6.245479106903076
7.378414154052734
8.08639144897461
6.333770751953125
6.90367317199707
6.12067174911499
7.180865287780762
5.154960632324219
6.135556697845459
7.33608341217041
8.084253311157227
6.237163066864014
6.833522319793701
5.9341840744018555
6.989099502563477
5.695869445800781
6.570625305175781
7.949495315551758
8.516714096069336
6.924130439758301
7.121096134185791
6.5154314041137695
7.156962871551514
5.67949104309082
6.6012067794799805
7.845099449157715
8.394716262817383
7.074269771575928
7.100395679473877
6.493211269378662
7.133391857147217
6.162745475769043
6.82858943939209
8.071235656738281
8.704160690307617
6.730071544647217
7.51605749130249
6.814172744750977
7.545510292053223
6.179070949554443
6.760438919067383
8.110993385314941
8.738914489746094
6.721506595611572
7.527354717254639
6.823518753051758
7.467177391052246
6.299790859222412
6.609529495239258
7.874975204467773
8.43375015258789
6.894443988800049
7.2717156410217285
7.084814071655273
7.231581211090088
6.119624614715576
6.604865074157715
7.816016674041748
8.231407165527344
6.749668121337891
7.113377094268799
6.945219993591309
7.138366222381592
6.409768104553223
7.205395698547363
8.209449768066406
8.9905366897583
7.020084381103516
7.65312385559082
7.0184736251831055
8.283855438232422
6.383423805236816
7.115090370178223
8.23477840423584
9.01689338684082
6.952580451965332
7.578466892242432
6.913266658782959
8.14249038696289
6.422324180603027
6.2997846603393555
8.69945240020752
8.20179557800293
6.728658199310303
6.6420979499816895
7.276691913604736
6.845816135406494
6.1980085372924805
6.222522735595703
8.375123977661133
8.155908584594727
6.503891944885254
6.604540824890137
7.054936408996582
6.768037796020508
6.188846588134766
7.038178443908691
8.346991539001465
9.365751266479492
7.00554084777832
7.672718524932861
6.678531646728516
7.738669395446777
6.21303129196167
7.075499534606934
8.398626327514648
9.370634078979492
7.006786346435547
7.612405776977539
6.65461540222168
7.6688971519470215
6.361936092376709
7.26384162902832
8.050458908081055
8.792856216430664
7.026411533355713
7.582889080047607
6.943000316619873
7.72318172454834
6.248082160949707
7.1813249588012695
7.854764461517334
8.603853225708008
7.047506809234619
7.4734787940979
6.797898769378662
7.494370460510254
6.860891342163086
7.2058305740356445
8.667997360229492
9.03153133392334
7.38658332824707
7.631166458129883
7.314680099487305
7.9097795486450195
6.738099575042725
7.115991592407227
8.557543754577637
8.988170623779297
7.239053726196289
7.602915287017822
7.110272407531738
7.747101783752441
6.327425003051758
6.307937145233154
8.100874900817871
8.011560440063477
6.79955530166626
6.676072120666504
6.96634578704834
7.113836288452148
6.446938991546631
6.240423202514648
8.157642364501953
7.912799835205078
7.002768039703369
6.613411903381348
7.144530296325684
7.004281044006348
5.877959728240967
6.823979377746582
7.667651653289795
8.819206237792969
6.416563510894775
7.340622901916504
6.530295372009277
7.592250347137451
5.8837571144104
6.881279945373535
7.666049480438232
8.972471237182617
6.379976749420166
7.36722469329834
6.489015579223633
7.618422508239746
5.210397720336914
5.834676742553711
6.976631164550781
7.799050807952881
6.02224063873291
6.679830551147461
6.073054313659668
6.537323951721191
5.0228376388549805
5.716093063354492
6.772260665893555
7.500558853149414
6.005303859710693
6.584344387054443
5.902246952056885
6.315896987915039
5.200442314147949
6.2596845626831055
7.206033706665039
7.95990514755249
5.973169803619385
6.818172931671143
5.695117473602295
7.197573661804199
5.143625736236572
6.167055130004883
7.088777542114258
7.894008636474609
5.838749408721924
6.716100215911865
5.5312652587890625
6.987462043762207
4.466307640075684
5.565871715545654
5.693477630615234
6.798030376434326
5.077662467956543
6.029469966888428
4.987568378448486
6.11318826675415
4.336783409118652
5.480408668518066
5.552892208099365
6.602310657501221
5.06550931930542
5.976003646850586
4.8288798332214355
5.9227471351623535
4.9417500495910645
5.495276927947998
6.525021553039551
6.7710442543029785
5.663236141204834
6.1375412940979
5.377194404602051
6.331557273864746
4.889341354370117
5.422447204589844
6.5111188888549805
6.77835750579834
5.602121829986572
6.169168949127197
5.214081764221191
6.153777599334717
5.19834041595459
6.5279741287231445
7.096824645996094
8.130887985229492
5.890130043029785
7.046008586883545
5.817052841186523
7.199260711669922
5.023005962371826
6.390193462371826
6.948665618896484
7.84422492980957
5.916203022003174
6.959324359893799
5.702122211456299
7.025097370147705
5.8946027755737305
6.242105484008789
7.686838150024414
8.023821830749512
6.574803829193115
6.750428199768066
6.330805778503418
7.08349609375
5.835768699645996
6.1718597412109375
7.646061897277832
8.112527847290039
6.487626552581787
6.776802062988281
6.196429252624512
6.944922924041748
6.1390275955200195
6.1557207107543945
7.705885887145996
7.948273658752441
6.609309673309326
6.660194396972656
6.498676300048828
6.4939799308776855
6.180384635925293
6.277356147766113
7.792156219482422
8.02438735961914
6.83160400390625
6.940711498260498
6.581241607666016
6.601319313049316
6.509455680847168
6.902729034423828
8.644430160522461
8.831491470336914
7.175384521484375
7.402157306671143
6.956820487976074
7.453181266784668
6.577139854431152
6.963905334472656
8.687213897705078
8.923238754272461
7.213374614715576
7.416158199310303
6.916015625
7.417963027954102
5.284368515014648
6.119050979614258
6.849690914154053
7.677395820617676
6.132803916931152
6.808588027954102
5.878113746643066
6.923839092254639
5.139625549316406
5.979496955871582
6.783473968505859
7.474408149719238
6.1319379806518555
6.645164966583252
5.7302565574646
6.677210807800293
5.665570259094238
6.291463375091553
7.281807899475098
7.753966808319092
6.33611536026001
6.824557304382324
6.255953311920166
7.2248992919921875
5.577414512634277
6.223721504211426
7.225484848022461
7.833065509796143
6.188513278961182
6.81542444229126
6.083462238311768
7.097897529602051
6.367110252380371
6.509895324707031
7.964953422546387
8.337991714477539
6.7996931076049805
6.994326114654541
7.022886276245117
7.207339286804199
6.324306488037109
6.49164342880249
7.952079772949219
8.44139575958252
6.961199760437012
7.20011043548584
6.973864555358887
7.141740798950195
6.477471351623535
6.958949565887451
8.644229888916016
8.813618659973145
7.197864055633545
7.455733299255371
7.200366020202637
7.702430725097656
6.426865577697754
6.942014694213867
8.602104187011719
8.886381149291992
7.154980182647705
7.464942932128906
7.07124662399292
7.551243305206299
7.081993579864502
6.839296340942383
9.582070350646973
8.954564094543457
7.543637752532959
7.445430278778076
7.7650465965271
7.310713768005371
7.18092155456543
6.888457775115967
9.47732162475586
8.773171424865723
7.532774448394775
7.427313804626465
7.945625305175781
7.422732830047607
6.91050386428833
7.427555084228516
9.061009407043457
9.664670944213867
7.590631484985352
7.730610370635986
7.486966133117676
8.128425598144531
6.94182014465332
7.473819732666016
9.043046951293945
9.753900527954102
7.559946060180664
7.733211040496826
7.432326793670654
8.048090934753418
6.331157684326172
6.850704193115234
7.900975227355957
8.370153427124023
6.951669692993164
6.880035400390625
7.099173069000244
7.325020790100098
6.395596981048584
6.957427024841309
7.787239074707031
8.299199104309082
7.06997537612915
7.127190589904785
7.260280609130859
7.450788497924805
6.600428581237793
6.634462356567383
8.489011764526367
8.50008487701416
7.0536956787109375
7.476999759674072
7.080389022827148
7.363326072692871
6.595570087432861
6.6041717529296875
8.512876510620117
8.580997467041016
7.046703815460205
7.485836505889893
7.004072189331055
7.281827926635742
6.469333648681641
6.83820915222168
8.654327392578125
8.895783424377441
7.26430082321167
7.612502098083496
7.020325660705566
7.271991729736328
6.430140972137451
6.777163982391357
8.649421691894531
8.764732360839844
7.375768184661865
7.592382907867432
7.01682186126709
7.218019962310791
7.042487621307373
6.9063239097595215
9.165168762207031
9.096037864685059
7.851389408111572
7.6469292640686035
7.5726799964904785
7.589484691619873
7.072691917419434
6.956266403198242
9.154165267944336
9.124105453491211
7.800409317016602
7.615137100219727
7.557422637939453
7.587204456329346
5.714371681213379
6.642867088317871
7.612454414367676
8.362064361572266
6.630532264709473
7.165846347808838
6.6024699211120605
7.576533317565918
5.648580551147461
6.603849411010742
7.525698661804199
8.519871711730957
6.727451801300049
7.3838982582092285
6.533017158508301
7.428102493286133
6.410699367523193
6.479339122772217
8.310016632080078
8.508731842041016
7.141854286193848
7.388742923736572
7.280843257904053
7.36217737197876
6.353037357330322
6.425258636474609
8.259150505065918
8.532392501831055
7.076279640197754
7.356647968292236
7.121362686157227
7.212860584259033
5.524298191070557
6.0635576248168945
7.142371654510498
8.010391235351562
6.287994384765625
6.812625885009766
5.956129550933838
6.461871147155762
5.299401760101318
5.985480785369873
6.827254295349121
7.828352451324463
6.244699478149414
6.892573356628418
5.690057754516602
6.414381980895996
6.353584289550781
5.831214904785156
8.555638313293457
7.608246803283691
7.259159564971924
6.6918206214904785
6.760569095611572
6.265471458435059
6.297321319580078
5.697450637817383
8.515860557556152
7.516382217407227
7.144655227661133
6.5666069984436035
6.650575637817383
6.079270362854004
6.154304504394531
6.602514743804932
7.695345878601074
8.120901107788086
6.704545497894287
6.842438697814941
6.592704772949219
6.9063920974731445
6.132892608642578
6.745970726013184
7.628729820251465
8.098197937011719
6.923373699188232
7.097106456756592
6.709471702575684
7.101350784301758
6.4783172607421875
6.789377689361572
8.294713973999023
8.473703384399414
6.946855545043945
7.330880165100098
6.786016464233398
7.428709983825684
6.443264007568359
6.71549129486084
8.320401191711426
8.512843132019043
6.914679050445557
7.328795433044434
6.6872358322143555
7.309696674346924
6.445761203765869
6.648509979248047
7.989626407623291
8.435104370117188
6.888086318969727
7.1153411865234375
6.98673677444458
7.132442474365234
6.442796230316162
6.675337314605713
8.025118827819824
8.37559700012207
7.01859188079834
7.154052734375
7.043346881866455
7.191531181335449
6.6068291664123535
6.845561981201172
8.481934547424316
8.629396438598633
7.193269729614258
7.463777542114258
7.041596412658691
7.451635360717773
6.647581577301025
6.904633522033691
8.50018310546875
8.711066246032715
7.163888931274414
7.475077152252197
7.013956069946289
7.466741561889648
6.052146911621094
6.7498779296875
7.4639177322387695
8.094551086425781
6.958523273468018
7.117977619171143
6.690591812133789
7.215696811676025
5.836113929748535
6.54682731628418
7.245621681213379
7.9351348876953125
6.876623630523682
7.078779697418213
6.498556137084961
6.999240875244141
6.188654899597168
6.826932430267334
7.868882656097412
8.364051818847656
6.833169460296631
7.616977214813232
6.618211269378662
7.628458023071289
6.128509998321533
6.715116024017334
7.849790096282959
8.369754791259766
6.781858921051025
7.600579261779785
6.460293769836426
7.451653480529785
6.428888320922852
7.05012845993042
8.284424781799316
8.673614501953125
6.977791786193848
7.152220726013184
6.9959564208984375
7.283735275268555
6.3239946365356445
7.074372291564941
8.045629501342773
8.484912872314453
6.9923095703125
7.046594619750977
6.909928798675537
7.205292224884033
6.817015647888184
6.942400932312012
8.605175018310547
8.701358795166016
7.124979496002197
7.295063495635986
7.020242214202881
7.563557147979736
6.819162368774414
6.860604286193848
8.6011962890625
8.736552238464355
7.100806713104248
7.29040002822876
6.968503952026367
7.418112754821777
6.699030876159668
6.929082870483398
8.864374160766602
8.676070213317871
6.914487361907959
7.132143020629883
7.427138805389404
7.346724510192871
6.695021152496338
7.054654121398926
8.691530227661133
8.598365783691406
6.998353481292725
7.234931945800781
7.402345180511475
7.479267120361328
6.957858085632324
7.253501892089844
9.029464721679688
9.50683307647705
7.380110263824463
7.617072105407715
7.277857780456543
7.6937971115112305
7.057547569274902
7.294277191162109
9.038275718688965
9.401555061340332
7.39116907119751
7.521492004394531
7.33756685256958
7.7351202964782715
6.580999374389648
6.916140556335449
8.182882308959961
8.568004608154297
6.959475040435791
7.116199016571045
7.070278644561768
7.322308540344238
6.608360767364502
6.973186492919922
8.149078369140625
8.432353973388672
7.102195739746094
7.1834564208984375
7.175048828125
7.353736877441406
6.561048984527588
6.846236705780029
8.435012817382812
8.668365478515625
7.064775466918945
7.424308776855469
6.980119228363037
7.3885602951049805
6.5754923820495605
6.858119964599609
8.429732322692871
8.74704360961914
7.037415504455566
7.45858097076416
6.912021636962891
7.352001190185547
6.609024524688721
7.054911136627197
8.406475067138672
9.105712890625
7.056497573852539
7.764566898345947
7.0202131271362305
7.308396816253662
6.734002113342285
7.122382640838623
8.363768577575684
8.913858413696289
7.37349796295166
7.819785118103027
7.240675449371338
7.457843780517578
7.001765251159668
7.044858932495117
9.11513900756836
8.823290824890137
7.762263774871826
7.46161413192749
7.362093448638916
7.549152374267578
7.034541130065918
7.044245719909668
9.09628677368164
8.907458305358887
7.7394280433654785
7.499825477600098
7.3409247398376465
7.531434059143066
5.537442207336426
6.611156463623047
7.381285667419434
8.26156997680664
6.061655521392822
6.9528703689575195
6.179567813873291
7.261011123657227
5.409460067749023
6.492979049682617
7.429940223693848
8.090337753295898
6.33338737487793
6.9048285484313965
6.188246250152588
7.060833930969238
6.212215423583984
6.6416015625
7.996566295623779
8.569086074829102
6.843582630157471
7.116440773010254
6.7232160568237305
7.508423805236816
6.153805732727051
6.547912120819092
7.846987724304199
8.561366081237793
6.694957733154297
7.05293083190918
6.614037990570068
7.3675618171691895
4.935601234436035
6.113378047943115
6.362896919250488
7.640498161315918
5.532349109649658
6.571390628814697
5.606581687927246
6.686164855957031
4.803434371948242
6.089299201965332
6.188886642456055
7.520853519439697
5.587621688842773
6.63038444519043
5.502388000488281
6.631069183349609
5.497124671936035
6.029204368591309
7.2837066650390625
7.422351837158203
6.240427494049072
6.688389778137207
5.873281478881836
6.9686126708984375
5.467718124389648
5.8966779708862305
7.285219669342041
7.405684947967529
6.215659141540527
6.714181423187256
5.754571437835693
6.759915351867676
6.04660701751709
6.320101737976074
7.76274299621582
7.722042083740234
7.075390815734863
6.750655651092529
6.294835090637207
6.615450382232666
6.0091328620910645
6.2748799324035645
7.568142890930176
7.507344722747803
7.076023578643799
6.668656349182129
6.154880523681641
6.484865188598633
6.068587303161621
6.535851001739502
7.682453155517578
8.39805793762207
6.665200233459473
7.377707004547119
6.363844871520996
6.955655574798584
6.054198265075684
6.497983932495117
7.707849979400635
8.43271255493164
6.635133743286133
7.321287631988525
6.269913196563721
6.804958820343018
4.836476802825928
5.701134204864502
6.720803737640381
7.5079827308654785
5.5366621017456055
5.917077541351318
5.554008483886719
6.213369369506836
4.672373294830322
5.576574325561523
6.460634708404541
7.26974630355835
5.452184200286865
5.830352783203125
5.307812690734863
5.938549041748047
5.240573883056641
5.94067907333374
7.197597980499268
7.676114082336426
5.745400428771973
6.549966812133789
5.705066680908203
6.891632556915283
5.264686107635498
5.853073596954346
7.253177642822266
7.714175224304199
5.769501209259033
6.543674945831299
5.645295143127441
6.7419281005859375
5.747891426086426
6.532763481140137
8.302275657653809
8.506314277648926
7.061206340789795
6.880237579345703
6.661821365356445
7.252821922302246
5.6314697265625
6.446192741394043
8.376775741577148
8.354843139648438
7.11719274520874
7.01475191116333
6.584830284118652
7.20396614074707
6.099391937255859
6.455144882202148
8.340335845947266
8.952300071716309
6.696405410766602
7.509557247161865
6.602761268615723
7.468296527862549
6.01196813583374
6.400532245635986
8.261763572692871
9.041738510131836
6.600038528442383
7.45933723449707
6.465144634246826
7.329268455505371
5.9950947761535645
6.381928443908691
8.017687797546387
8.122489929199219
6.7830986976623535
6.686182022094727
6.870456695556641
7.013564586639404
5.849555492401123
6.309735298156738
7.804981231689453
8.023178100585938
6.708796501159668
6.718498229980469
6.679917335510254
6.9622626304626465
6.716676235198975
6.649147987365723
8.672537803649902
8.564720153808594
7.191606521606445
7.18845796585083
7.2137603759765625
7.379790306091309
6.6774091720581055
6.6021528244018555
8.631509780883789
8.5230131149292
7.0968523025512695
7.118059158325195
7.094722747802734
7.237144947052002
4.657197952270508
5.706869125366211
6.343540191650391
7.089287281036377
5.521901607513428
5.839712142944336
5.33030891418457
6.289582252502441
4.465550899505615
5.6402268409729
6.154908180236816
7.007696151733398
5.645748138427734
5.938000202178955
5.168971538543701
6.205092430114746
5.192908763885498
5.812195777893066
6.9377336502075195
7.281275272369385
5.802511692047119
6.59926176071167
5.698080062866211
6.6712965965271
5.149660110473633
5.657439231872559
6.955569267272949
7.211971282958984
5.816162109375
6.5952630043029785
5.555838108062744
6.4617600440979
6.286592960357666
6.308925151824951
7.956965923309326
7.821789741516113
7.069113731384277
6.714478015899658
6.860913276672363
6.849183559417725
6.098969459533691
6.182689189910889
7.674772262573242
7.60149621963501
7.011356830596924
6.640882968902588
6.684239387512207
6.62469482421875
5.906198501586914
6.832058906555176
7.56195068359375
8.694080352783203
6.50009822845459
7.524911880493164
6.35015869140625
7.470150947570801
5.856446266174316
6.752417087554932
7.571080684661865
8.606908798217773
6.457647800445557
7.4784369468688965
6.185781478881836
7.268728733062744
5.461251258850098
6.057821750640869
7.144800186157227
7.613062381744385
5.760684490203857
6.105401992797852
6.150562286376953
6.487176895141602
5.288870811462402
5.950662136077881
7.022087097167969
7.433724880218506
5.717241287231445
6.137424945831299
5.975611686706543
6.392068386077881
5.217040061950684
6.50135612487793
7.079761505126953
8.031731605529785
5.838759422302246
6.7606892585754395
5.713885307312012
7.197948455810547
5.3403449058532715
6.516214847564697
7.1968994140625
8.183298110961914
5.889157772064209
6.877673625946045
5.729920387268066
7.139070987701416
6.469945430755615
7.188838958740234
8.330323219299316
8.772912979125977
6.995589256286621
7.2203521728515625
6.97202730178833
7.400461196899414
6.368130207061768
7.197752952575684
8.043538093566895
8.580942153930664
6.983222961425781
7.154533386230469
6.865805149078369
7.309055328369141
6.92696475982666
7.046587944030762
8.698561668395996
8.784880638122559
7.1914215087890625
7.3946533203125
7.11176872253418
7.619498252868652
6.9144744873046875
6.938665390014648
8.696569442749023
8.793004035949707
7.17313814163208
7.36852502822876
7.057039737701416
7.45131778717041
6.29986572265625
7.232848644256592
7.72358512878418
8.212926864624023
6.459848880767822
6.711674213409424
7.508967876434326
7.709197044372559
6.327089786529541
7.346147537231445
7.832238674163818
8.172266006469727
6.608257293701172
6.797636985778809
7.629675388336182
7.842281341552734
7.032879829406738
7.34388542175293
8.396434783935547
8.784539222717285
7.086920261383057
7.7476487159729
7.532508850097656
8.231648445129395
7.203901290893555
7.423889636993408
8.569199562072754
8.917372703552246
7.147663593292236
7.738994121551514
7.601036548614502
8.187051773071289
5.247372627258301
5.709105491638184
7.398099422454834
7.803101539611816
6.347015380859375
6.4642767906188965
5.95405912399292
6.681373596191406
5.126126289367676
5.57857084274292
7.363801956176758
7.791011333465576
6.416993618011475
6.408448219299316
5.866157054901123
6.514481544494629
5.2626142501831055
6.468114376068115
7.195316791534424
8.144279479980469
5.882815361022949
7.061054706573486
5.974538803100586
7.368310928344727
5.234467506408691
6.386120319366455
7.264220714569092
8.247228622436523
5.846912860870361
7.03949499130249
5.927725791931152
7.2433624267578125
6.685516357421875
6.835431098937988
8.69865894317627
8.756807327270508
7.132620811462402
7.083723545074463
7.366194725036621
7.465219020843506
6.634171962738037
6.90665340423584
8.540735244750977
8.816692352294922
7.18947696685791
7.276937007904053
7.413297653198242
7.579400062561035
7.014549732208252
7.0466413497924805
9.04243278503418
8.9730224609375
7.348278522491455
7.418800354003906
7.645401954650879
7.756646156311035
7.0975871086120605
7.079476356506348
9.052557945251465
8.996039390563965
7.343686580657959
7.442360877990723
7.589742660522461
7.650328159332275
4.683933258056641
5.339840888977051
6.8934712409973145
7.5279951095581055
5.458969593048096
6.03286075592041
5.265803813934326
5.881807327270508
4.514621257781982
5.269639492034912
6.678350448608398
7.378547191619873
5.458164691925049
6.030105113983154
5.150411128997803
5.840792655944824
5.011665344238281
5.546047210693359
7.104944705963135
7.482805252075195
5.756801128387451
6.2245192527771
5.572361469268799
6.542294025421143
4.968507766723633
5.484096527099609
7.0879034996032715
7.5660576820373535
5.650310516357422
6.184122085571289
5.446249008178711
6.393024444580078
6.119724273681641
6.999056816101074
7.796172618865967
8.709553718566895
6.3696417808532715
6.73029899597168
6.478269577026367
7.252533435821533
5.995909214019775
6.995400428771973
7.666389465332031
8.454833984375
6.495818614959717
6.738905429840088
6.369180202484131
7.115870952606201
6.337924957275391
6.595582008361816
8.427528381347656
8.495821952819824
6.551996231079102
6.832877159118652
6.605181694030762
7.011323928833008
6.35508918762207
6.55252742767334
8.415993690490723
8.465129852294922
6.604223728179932
6.785584449768066
6.578963756561279
6.957303524017334
4.746865749359131
5.7489776611328125
6.643495082855225
7.323815822601318
5.187622547149658
5.794470310211182
5.440777778625488
6.178193092346191
4.597340106964111
5.613636016845703
6.4602837562561035
7.209893226623535
5.192746162414551
5.820018291473389
5.290185928344727
5.865236282348633
5.4155731201171875
6.196058750152588
7.276629447937012
7.689880847930908
5.768355369567871
6.506694793701172
5.865516185760498
6.986415863037109
5.4337615966796875
6.166007041931152
7.364967346191406
7.816438674926758
5.7674241065979
6.557432651519775
5.798861980438232
6.890871047973633
5.604779243469238
6.405595302581787
7.822816848754883
8.366238594055176
6.418964385986328
6.864156246185303
6.378652572631836
6.89614725112915
5.463540077209473
6.288189888000488
7.7095947265625
8.225964546203613
6.5701117515563965
7.021144390106201
6.253785133361816
6.7964253425598145
6.120138645172119
6.664632320404053
8.30278205871582
8.556655883789062
6.8195085525512695
7.154951572418213
6.585373878479004
7.46635103225708
6.0588154792785645
6.5855607986450195
8.307201385498047
8.677099227905273
6.795390605926514
7.1623053550720215
6.483252048492432
7.305323600769043
5.550195693969727
5.926323413848877
7.412142276763916
7.625856876373291
6.246584415435791
6.4737701416015625
6.26253604888916
6.488338470458984
5.419942855834961
5.840595245361328
7.189123630523682
7.341640472412109
6.184755802154541
6.378084659576416
6.016023635864258
6.300098419189453
6.252039909362793
6.129266738891602
8.254257202148438
8.059691429138184
7.129580020904541
6.818560600280762
6.687542915344238
6.858423233032227
6.250166416168213
6.1078410148620605
8.269430160522461
8.098760604858398
7.07515811920166
6.7788262367248535
6.556204319000244
6.70208740234375
6.573069095611572
7.343087673187256
7.900635719299316
8.715005874633789
6.824950695037842
7.369377136230469
6.974351406097412
7.574930667877197
6.362908840179443
7.182243824005127
7.642166614532471
8.440736770629883
6.756264686584473
7.212015628814697
6.719494819641113
7.217287540435791
6.755551338195801
7.09147310256958
8.484766006469727
8.771686553955078
7.059608459472656
7.308876037597656
7.104336261749268
7.5498046875
6.68568229675293
7.004181861877441
8.404699325561523
8.700634002685547
7.021547317504883
7.228808879852295
6.998951435089111
7.382626533508301
6.407812595367432
6.8095293045043945
8.062825202941895
8.26301383972168
6.542140483856201
6.642918109893799
7.443289756774902
7.433288097381592
6.352900505065918
6.804667949676514
8.085960388183594
8.106365203857422
6.73907995223999
6.661398887634277
7.419042587280273
7.521903038024902
6.695911407470703
7.11768102645874
8.478330612182617
8.939172744750977
7.034544467926025
7.788458824157715
7.27409553527832
8.029322624206543
6.735743522644043
7.115574836730957
8.49932861328125
8.934915542602539
6.968965530395508
7.6719841957092285
7.2824225425720215
7.993753910064697
5.420014381408691
5.541893482208252
7.465733528137207
7.5892181396484375
6.162492752075195
6.325595378875732
6.169922828674316
6.220393657684326
5.364056587219238
5.475110054016113
7.250453948974609
7.292149066925049
6.102355003356934
6.266664505004883
6.066128730773926
6.103704452514648
5.9482526779174805
6.0301618576049805
7.934821605682373
8.045894622802734
6.7921319007873535
6.7743120193481445
6.59676456451416
6.8985114097595215
5.91373872756958
5.977291107177734
7.947648048400879
8.06489086151123
6.73759126663208
6.707972049713135
6.435081958770752
6.752975940704346
5.259940147399902
6.093944549560547
7.11476469039917
7.973206996917725
5.63054895401001
6.097811222076416
5.723680019378662
6.660889625549316
5.147486686706543
6.144881248474121
6.881990432739258
7.898746490478516
5.648333549499512
6.141992092132568
5.571169853210449
6.560243129730225
5.565619468688965
6.45448112487793
7.470434188842773
8.057929992675781
5.7426323890686035
6.685571670532227
5.9722185134887695
7.27255392074585
5.614022254943848
6.3968892097473145
7.534191131591797
8.115667343139648
5.7407402992248535
6.715848922729492
5.936958312988281
7.130852222442627
4.904797554016113
6.412422180175781
6.230641841888428
7.662634372711182
5.170429706573486
6.517399311065674
5.275815010070801
6.632645606994629
4.869332313537598
6.410072326660156
6.257774353027344
7.655920028686523
5.3558878898620605
6.646318435668945
5.321585655212402
6.663242340087891
5.867536544799805
5.836127758026123
7.497969150543213
7.301488876342773
6.368231773376465
6.2089996337890625
6.130580902099609
6.489623069763184
5.898033142089844
5.742143630981445
7.546367645263672
7.34478759765625
6.381595134735107
6.272181034088135
6.086395263671875
6.384683132171631
5.834397315979004
5.923823833465576
8.050054550170898
7.701446056365967
6.613286972045898
6.53066349029541
6.619170188903809
6.59941291809082
5.747029781341553
5.785109996795654
7.689714431762695
7.294442176818848
6.49886417388916
6.39726448059082
6.573551177978516
6.372766494750977
5.426363945007324
6.160348892211914
7.347537994384766
8.18625259399414
6.028792858123779
6.694774627685547
6.097110748291016
7.083614349365234
5.342287540435791
6.129673004150391
7.286230087280273
8.107294082641602
5.9374237060546875
6.5823845863342285
5.93441915512085
6.911619186401367
6.364336967468262
6.996051788330078
8.324576377868652
8.342962265014648
7.048813343048096
6.796054840087891
7.011262893676758
7.492036819458008
6.171948432922363
6.948629379272461
8.15388298034668
8.398075103759766
7.0552473068237305
6.914525032043457
6.931255340576172
7.422728538513184
6.623930931091309
6.971815586090088
8.37253475189209
9.032312393188477
6.7747907638549805
7.491232395172119
7.074429512023926
7.744116306304932
6.563319206237793
6.890310287475586
8.385912895202637
8.954671859741211
6.740475177764893
7.399003982543945
6.900600433349609
7.536637306213379
6.273105144500732
6.8330278396606445
8.109294891357422
8.80946159362793
7.269659996032715
7.3508148193359375
7.151039123535156
7.618042469024658
6.115816116333008
6.674089431762695
7.8502678871154785
8.696198463439941
7.301329135894775
7.319023132324219
7.00335168838501
7.42710542678833
6.536557674407959
7.082498550415039
8.62582015991211
8.916654586791992
7.141611099243164
7.78026008605957
7.333222389221191
7.859880447387695
6.38039493560791
6.927473545074463
8.506308555603027
8.81951904296875
6.991233825683594
7.71287727355957
7.095575332641602
7.634614944458008
4.979913711547852
5.470119476318359
6.801098823547363
7.326227188110352
5.986264705657959
6.329460144042969
5.86033296585083
6.381504058837891
4.821020126342773
5.36858606338501
6.4673614501953125
7.145526885986328
5.776693820953369
6.240647792816162
5.7548418045043945
6.198777198791504
4.789168357849121
5.578348159790039
6.676989555358887
7.423299312591553
5.64716100692749
6.356729984283447
5.5090789794921875
6.494675636291504
4.75239896774292
5.509456634521484
6.646661758422852
7.3099446296691895
5.553836345672607
6.249821186065674
5.379836082458496
6.343179702758789
4.737761974334717
4.968512535095215
6.475735664367676
6.830782890319824
5.568039894104004
5.663993835449219
5.531960964202881
5.918605804443359
4.545369625091553
4.802436828613281
6.254369258880615
6.686302661895752
5.612741947174072
5.662319660186768
5.369912624359131
5.686951637268066
4.510315895080566
5.853762626647949
6.41956090927124
7.357944488525391
5.325112342834473
6.695925235748291
5.2280964851379395
6.797611236572266
4.538635730743408
5.789863586425781
6.473442554473877
7.424686431884766
5.324690341949463
6.730730056762695
5.186953544616699
6.6536335945129395
6.003072738647461
6.440321922302246
7.977198123931885
8.350059509277344
6.634912014007568
6.9290900230407715
6.6454901695251465
6.965085983276367
5.899789810180664
6.268059730529785
7.730808258056641
8.143653869628906
6.745564937591553
6.977293491363525
6.557662010192871
6.729291915893555
6.340178489685059
6.922759056091309
8.373533248901367
8.845514297485352
7.062859058380127
7.494627475738525
6.766963005065918
7.650242805480957
6.3061676025390625
6.869027137756348
8.373982429504395
8.89547348022461
6.98101806640625
7.46364688873291
6.671670436859131
7.512175559997559
6.359156608581543
6.801189422607422
8.291048049926758
8.411489486694336
6.95730447769165
7.10992956161499
6.796309471130371
7.248419761657715
6.308452129364014
6.8353047370910645
8.255403518676758
8.344511032104492
7.156065464019775
7.112856388092041
6.815265655517578
7.228483200073242
6.567535400390625
7.100007057189941
8.4347505569458
8.919172286987305
7.091226100921631
7.52821683883667
7.078323841094971
7.851690292358398
6.467435836791992
7.045440196990967
8.336284637451172
8.967785835266113
6.966165542602539
7.528557777404785
6.88175106048584
7.708742141723633
5.739040374755859
6.480246067047119
7.823624134063721
8.302391052246094
6.797811031341553
7.137356281280518
6.5266032218933105
7.375851154327393
5.676266670227051
6.360421180725098
7.630996227264404
8.215822219848633
6.811776638031006
7.12200927734375
6.452319145202637
7.1147637367248535
6.197758674621582
6.397045612335205
8.123947143554688
8.489506721496582
6.976699352264404
7.255435466766357
7.037705898284912
7.271466255187988
6.074634552001953
6.296564102172852
8.039389610290527
8.485233306884766
6.864449977874756
7.197859287261963
6.830178737640381
7.062812805175781
6.430533409118652
6.797513484954834
8.153756141662598
8.915428161621094
6.877305507659912
7.2683281898498535
6.898104667663574
7.241991996765137
6.34472131729126
6.637486934661865
8.166393280029297
8.787418365478516
7.025392532348633
7.132314205169678
6.818197250366211
6.958624839782715
6.465579986572266
7.125432968139648
8.634286880493164
8.937080383300781
7.091963768005371
7.3321380615234375
6.865780830383301
7.442173004150391
6.431319236755371
7.042680740356445
8.4744873046875
8.877038955688477
6.983736515045166
7.246626377105713
6.760425567626953
7.323782920837402
6.475409507751465
6.891613006591797
8.977327346801758
8.561683654785156
7.554129123687744
7.407830238342285
7.012106418609619
7.3149027824401855
6.631442070007324
6.95175838470459
9.0593900680542
8.495599746704102
7.84312629699707
7.546084880828857
7.241172790527344
7.4145073890686035
6.82819938659668
6.7354044914245605
8.796574592590332
9.230545043945312
7.475704669952393
7.756044864654541
7.367119312286377
7.394603729248047
6.89116907119751
6.91757345199585
8.869941711425781
9.466634750366211
7.500818252563477
7.872023105621338
7.324376106262207
7.464942932128906
4.940982818603516
5.459965705871582
7.181280612945557
7.546703338623047
5.723250389099121
6.1652984619140625
5.619688987731934
6.026614189147949
4.727090835571289
5.441332817077637
6.888503074645996
7.322549819946289
5.771592140197754
6.1705732345581055
5.410375595092773
6.003134727478027
5.260636329650879
5.960615634918213
7.2882585525512695
7.8021087646484375
5.970489501953125
6.537306308746338
5.706302642822266
6.913209915161133
5.2028350830078125
5.8678693771362305
7.179186820983887
7.774956226348877
5.832698345184326
6.441073417663574
5.532071113586426
6.715282440185547
6.21868896484375
6.710902214050293
7.935657978057861
8.21666145324707
7.01011323928833
7.07599401473999
6.7961907386779785
7.230240821838379
6.104321479797363
6.671595573425293
7.735018730163574
8.100348472595215
7.030303478240967
7.069143772125244
6.789863586425781
7.176295757293701
6.072904586791992
6.882012844085693
7.851156234741211
8.735223770141602
6.698319911956787
7.539479732513428
6.519458293914795
7.4890947341918945
6.009512901306152
6.754138946533203
7.842945098876953
8.617986679077148
6.655141830444336
7.460721492767334
6.372591972351074
7.269594192504883
6.0548906326293945
6.587080001831055
8.227113723754883
8.460298538208008
6.774716377258301
6.833017349243164
6.703017711639404
7.197504043579102
6.097920894622803
6.63527774810791
8.092041015625
8.299348831176758
6.929292678833008
6.785680294036865
6.804956436157227
7.091978073120117
6.028012752532959
6.771182060241699
7.943030834197998
8.875030517578125
6.524627208709717
7.2933502197265625
6.715932846069336
7.448859214782715
6.009921550750732
6.76119327545166
7.941241264343262
8.994478225708008
6.476806163787842
7.343907833099365
6.653616428375244
7.423616886138916
5.385023593902588
6.167417526245117
7.0769453048706055
7.657708168029785
6.231442928314209
6.58307409286499
6.089515686035156
6.9564208984375
5.1583709716796875
6.0242414474487305
6.833118438720703
7.526177406311035
6.22408390045166
6.496069431304932
5.872182846069336
6.736569404602051
5.67008638381958
6.202077865600586
7.343817234039307
7.9436235427856445
6.3494110107421875
6.981165409088135
6.2234721183776855
6.973119258880615
5.629132270812988
6.114947319030762
7.346864700317383
7.836353778839111
6.301019668579102
6.894505977630615
6.089908599853516
6.793728828430176