7.016300201416016
7.070995330810547
7.147862434387207
7.128519058227539
7.303101062774658
7.124147891998291
7.312300205230713
7.036276817321777
6.854946613311768
7.3062286376953125
6.9899444580078125
7.454095840454102
6.808284282684326
7.268651962280273
7.02593469619751
7.480856895446777
6.755826950073242
7.249324321746826
6.951500415802002
7.404204368591309
7.121786117553711
7.483816146850586
7.177282333374023
7.559298992156982
6.786539077758789
7.210007190704346
6.961228370666504
7.442238807678223
6.864016056060791
7.272461891174316
7.095351219177246
7.608522891998291
6.807528495788574
7.378142356872559
6.997162818908691
7.487393856048584
6.872890472412109
7.557216644287109
7.000831604003906
7.61725378036499
7.138713836669922
7.106719970703125
7.231265068054199
7.309917449951172
7.0871663093566895
7.064325332641602
7.2759222984313965
7.339056015014648
6.712479591369629
6.919197082519531
6.80031681060791
7.142601013183594
6.912869453430176
6.955819129943848
6.914452075958252
7.058010101318359
6.614626884460449
7.446057319641113
6.874167442321777
7.53680419921875
6.619797706604004
7.504539966583252
6.927270889282227
7.604857921600342
5.139731407165527
5.932433128356934
5.583161354064941
6.190471172332764
5.2359514236450195
6.0687761306762695
5.63661527633667
6.24004602432251
5.787571907043457
6.146245956420898
6.181326866149902
6.564237594604492
5.809713363647461
6.246166229248047
6.290217399597168
6.730733871459961
5.227932929992676
6.355060577392578
5.373373031616211
6.3530778884887695
5.220780372619629
6.3666229248046875
5.300490379333496
6.224503517150879
5.952212333679199
6.582787990570068
6.045269012451172
6.730963706970215
5.9732537269592285
6.632842540740967
6.110971450805664
6.7888593673706055
6.3381123542785645
7.150650978088379
6.481656074523926
7.135951995849609
6.3353400230407715
7.22600793838501
6.433504581451416
7.147542953491211
6.811932563781738
7.466155052185059
6.790548324584961
7.507415771484375
6.8554582595825195
7.543099403381348
6.872194766998291
7.612924575805664
6.782962799072266
6.939141750335693
6.913599014282227
6.988252639770508
6.941305160522461
7.224401950836182
6.922821044921875
7.1396942138671875
6.876485347747803
7.502569675445557
7.01462459564209
7.641268730163574
6.831779479980469
7.529094219207764
7.04677677154541
7.690375804901123
6.2955474853515625
7.338694095611572
6.358916759490967
7.313851356506348
6.387006759643555
7.408515453338623
6.402915000915527
7.263279438018799
6.925112724304199
7.492586135864258
6.908201217651367
7.553114891052246
6.978872299194336
7.574450492858887
6.986659526824951
7.62877082824707
6.689883232116699
6.937708854675293
6.931123733520508
7.065074920654297
6.9965314865112305
7.10184907913208
7.120631217956543
7.099121570587158
6.88804817199707
7.456061840057373
7.017681121826172
7.688784122467041
6.8316330909729
7.487507343292236
7.024333477020264
7.829412460327148
6.4832000732421875
6.448093414306641
6.463423728942871
6.605208396911621
6.966296195983887
6.571125030517578
6.870822906494141
6.777883052825928
6.916848182678223
6.791567802429199
6.997723579406738
6.817168235778809
6.894247055053711
6.987015247344971
7.076784133911133
6.9959797859191895
5.675453186035156
6.107182502746582
5.722181797027588
6.185346603393555
5.978833198547363
6.195016860961914
5.97894811630249
6.148288249969482
5.80098819732666
6.694972515106201
5.998233795166016
6.694345474243164
5.827089309692383
6.712592124938965
6.102221488952637
6.778773307800293
6.361522674560547
6.581206321716309
6.631988525390625
7.098670959472656
6.724397659301758
6.899930953979492
6.7704057693481445
7.248337745666504
6.792919635772705
7.179320812225342
7.29386043548584
7.3411054611206055
6.891116619110107
7.294334411621094
7.4318952560424805
7.506864070892334
5.023518085479736
6.021276473999023
5.255423069000244
6.066449165344238
5.3038330078125
6.156023979187012
5.46002197265625
6.115553855895996
5.345776557922363
6.058673858642578
5.384117603302002
6.242345809936523
5.426117420196533
6.232953071594238
5.562833786010742
6.453456401824951
6.441486358642578
6.443052291870117
6.863048076629639
6.976783275604248
7.000758647918701
6.854870796203613
7.374606132507324
7.347873687744141
7.128139019012451
6.967670917510986
7.575738906860352
7.424017906188965
7.229946613311768
7.16943883895874
7.726917743682861
7.650711536407471
5.9691548347473145
6.710124969482422
6.121062278747559
6.743523597717285
5.9903974533081055
6.794640064239502
6.050233364105225
6.693683624267578
6.4295196533203125
7.069560527801514
6.414508819580078
7.150134086608887
6.423469066619873
7.1059722900390625
6.437928676605225
7.224651336669922
5.888759613037109
6.831324577331543
5.960153579711914
6.878599166870117
5.938384532928467
6.757124423980713
6.0136003494262695
6.740756511688232
6.273625373840332
6.612198829650879
6.3146257400512695
6.710275173187256
6.251130104064941
6.645406246185303
6.358262062072754
6.793002128601074
6.743476390838623
6.755417823791504
6.840897083282471
7.024415016174316
7.230374336242676
7.003635406494141
7.247859477996826
7.269435405731201
7.312330722808838
7.058685302734375
7.5190629959106445
7.272409439086914
7.348801612854004
7.208219528198242
7.619037628173828
7.451444625854492
6.9099345207214355
6.870866298675537
7.111545562744141
7.139543533325195
7.147141933441162
6.942277908325195
7.24793815612793
7.242320537567139
7.083192825317383
7.278067588806152
7.315377235412598
7.477715492248535
6.96881103515625
7.181685447692871
7.278892517089844
7.502994537353516
6.730258941650391
7.1300506591796875
6.78038215637207
7.229236602783203
6.965671539306641
7.240937232971191
6.987985610961914
7.286151885986328
6.5844831466674805
7.506350517272949
6.671322822570801
7.6360273361206055
6.635056018829346
7.613287925720215
6.775245666503906
7.757674217224121
6.060749053955078
6.824886322021484
5.965968132019043
6.7443952560424805
6.157980918884277
6.807517051696777
6.017849445343018
6.598845481872559
6.339295387268066
6.864410400390625
6.291288375854492
6.854490280151367
6.387303352355957
6.86182165145874
6.383577346801758
6.816471576690674
5.950144290924072
6.737476348876953
6.37221622467041
6.870163917541504
5.907375335693359
6.946352958679199
6.265568733215332
6.910305500030518
6.528552055358887
7.147171974182129
6.719571590423584
7.5475664138793945
6.561084747314453
7.247838497161865
6.800469398498535
7.666513442993164
5.988540172576904
6.434000015258789
6.195513725280762
6.636893272399902
6.13045597076416
6.529585838317871
6.254265785217285
6.591329097747803
5.952434539794922
6.828924179077148
6.14973258972168
7.100908279418945
5.954795837402344
6.851275444030762
6.224330902099609
7.160703659057617
5.289107322692871
5.991572856903076
5.517167568206787
6.230067253112793
5.469018936157227
6.073880672454834
5.585048675537109
6.122945785522461
5.647336006164551
6.4462809562683105
5.943864822387695
6.710471153259277
5.590360164642334
6.368402004241943
5.9175214767456055
6.674095153808594
6.819650650024414
6.988455295562744
7.011343002319336
7.193583011627197
7.055774688720703
7.217831134796143
7.105180740356445
7.337102890014648
7.200230121612549
7.144235610961914
7.3946003913879395
7.347325801849365
7.236343860626221
7.195810317993164
7.474717140197754
7.423376560211182
6.684201240539551
7.033512592315674
6.793476581573486
6.988134384155273
7.123189926147461
7.175461292266846
7.180614471435547
7.062784671783447
7.021024227142334
7.248555660247803
7.116982936859131
7.312410831451416
6.992480754852295
7.262881755828857
7.178253173828125
7.49003267288208
5.747121810913086
6.7286858558654785
5.921236515045166
6.811327934265137
6.00643253326416
6.833710670471191
6.174448013305664
6.7635955810546875
6.417482376098633
7.150667190551758
6.468696117401123
7.454327583312988
6.426999568939209
7.231724739074707
6.503903388977051
7.584978103637695
6.9476728439331055
7.284054756164551
6.955262184143066
7.377658843994141
6.982380390167236
7.625171661376953
6.905396461486816
7.631040573120117
7.280539512634277
7.419530868530273
7.462939262390137
7.453916072845459
7.306873798370361
7.432855129241943
7.557015895843506
7.581954479217529
5.949241638183594
6.6666741371154785
6.008795738220215
6.663152694702148
5.940533638000488
6.738828659057617
5.909913539886475
6.568215847015381
6.163731575012207
6.8722686767578125
6.15046501159668
6.919259071350098
6.1911540031433105
6.912048816680908
6.23457145690918
6.993124485015869
6.407907485961914
6.742253303527832
6.551261901855469
6.917012691497803
6.590950012207031
6.740935325622559
6.650671482086182
6.812610626220703
6.459280967712402
7.209902763366699
6.627910137176514
7.335138320922852
6.428443431854248
7.251991271972656
6.653550148010254
7.38603401184082
5.805022239685059
6.461511611938477
5.931345462799072
6.513032913208008
5.6458587646484375
6.448566436767578
5.656703472137451
6.424472808837891
5.823700904846191
6.748802661895752
5.92509126663208
6.852154731750488
5.784138202667236
6.713022708892822
5.948752403259277
6.859871864318848
6.467999458312988
7.46799373626709
6.645145416259766
7.556711196899414
6.605317115783691
7.798416614532471
6.698661804199219
7.813615798950195
7.614222526550293
6.847045421600342
7.777763366699219
7.098321914672852
7.657155513763428
6.913591384887695
7.890895366668701
7.201358795166016
6.139216423034668
6.1740875244140625
6.299479961395264
6.417963981628418
6.437108993530273
5.990488052368164
6.666620254516602
6.467023849487305
6.590880870819092
6.3434906005859375
6.788084030151367
6.610143661499023
6.4326066970825195
6.343616962432861
6.75632381439209
6.690926551818848
6.274930000305176
6.879447937011719
6.437729835510254
7.032305717468262
6.5432844161987305
7.157498359680176
6.723801612854004
7.281768798828125
6.478610992431641
6.954049110412598
6.738766670227051
7.189665794372559
6.575248718261719
7.036198616027832
6.913969993591309
7.407431602478027
6.2298479080200195
7.264403820037842
6.33112096786499
7.300240516662598
6.4352312088012695
7.460605621337891
6.4892377853393555
7.34323263168335
6.854654788970947
7.298498153686523
6.911505699157715
7.465979099273682
6.914118766784668
7.397270202636719
7.0197296142578125
7.595458984375
5.002074241638184
5.970123767852783
5.359511852264404
6.246171474456787
5.002666473388672
5.868656635284424
5.317461967468262
6.070094585418701
5.462674140930176
5.770002365112305
5.728697299957275
6.203276634216309
5.441493034362793
5.850101470947266
5.799930572509766
6.330716609954834
6.289418697357178
6.697813987731934
6.614084720611572
6.9630045890808105
6.472551345825195
6.8056864738464355
6.7108354568481445
6.98553466796875
6.238276481628418
6.767353534698486
6.530591011047363
7.095247268676758
6.27357292175293
6.753966331481934
6.603673458099365
7.1911749839782715
6.278648376464844
6.975122451782227
6.508416175842285
6.977365016937256
6.108761787414551
6.9891486167907715
6.323726654052734
6.882466793060303
6.732480525970459
7.344559669494629
6.728612899780273
7.495730876922607
6.740479469299316
7.398809432983398
6.7954607009887695
7.600166320800781
6.952817916870117
7.521424293518066
6.911839962005615
7.643034934997559
7.19415807723999
7.849813461303711
6.9835286140441895
7.97328519821167
7.557803153991699
7.183591365814209
7.736240386962891
7.233696937561035
7.58222770690918
7.294201850891113
7.8892412185668945
7.388766288757324
6.028500556945801
6.726749420166016
6.220511436462402
6.774811267852783
6.015600204467773
6.741280555725098
6.096184730529785
6.6272430419921875
6.314821243286133
7.027774810791016
6.353704929351807
7.146100044250488
6.370477676391602
7.084277153015137
6.452847480773926
7.232182502746582
6.852267742156982
7.030767440795898
6.749520778656006
7.119732856750488
7.002708911895752
7.067861080169678
6.736738681793213
6.985333442687988
6.687715530395508
7.493774890899658
6.856531620025635
7.455437183380127
6.628633499145508
7.433177947998047
6.835751533508301
7.445395469665527
6.183793067932129
6.425710678100586
6.197630882263184
6.506966590881348
6.278779983520508
6.516801834106445
6.271380424499512
6.562121391296387
5.893531799316406
7.00667667388916
6.004230976104736
7.14903450012207
5.9386701583862305
7.090315818786621
6.128067970275879
7.278165817260742
5.577508449554443
6.318516731262207
5.70272159576416
6.308559894561768
5.719195365905762
6.547111988067627
5.799340724945068
6.374317169189453
6.083393096923828
6.333683967590332
6.1660284996032715
6.44075870513916
6.054922103881836
6.376145362854004
6.216495037078857
6.5576395988464355
6.915761470794678
7.238555431365967
6.899106025695801
7.342288494110107
7.005926609039307
7.672468185424805
6.909191131591797
7.675243377685547
7.197179317474365
7.3852739334106445
7.400007724761963
7.406481742858887
7.270407676696777
7.426302909851074
7.538789749145508
7.565800666809082
5.637871742248535
5.851425647735596
5.767021179199219
5.909317970275879
5.663144588470459
5.845810890197754
5.797117233276367
5.757903099060059
5.690690517425537
6.651048183441162
5.756407737731934
6.790065765380859
5.6319451332092285
6.672211647033691
5.780855655670166
6.884045600891113
7.420659065246582
7.375683784484863
7.522339820861816
7.446338653564453
7.721889019012451
7.423649787902832
7.710463523864746
7.389776706695557
7.131103038787842
7.691748142242432
7.279038429260254
7.827975273132324
7.129698753356934
7.727599143981934
7.355756759643555
7.913640975952148
6.799757957458496
6.986539363861084
6.917552947998047
7.227323055267334
6.989392280578613
7.014498710632324
7.023720741271973
7.129480361938477
6.709101676940918
7.525328636169434
6.970612525939941
7.652651786804199
6.695891380310059
7.566006660461426
7.001650333404541
7.7070794105529785
5.559690475463867
6.426591873168945
5.718776226043701
6.459127426147461
5.691983222961426
6.387978553771973
5.803536415100098
6.295185089111328
5.87377405166626
6.281958103179932
5.910887718200684
6.542037487030029
5.885890483856201
6.246099472045898
5.993492126464844
6.505321979522705
5.6521477699279785
6.307054042816162
5.703730583190918
6.18866491317749
5.55738639831543
6.266532897949219
5.5318756103515625
6.039487838745117
6.095459461212158
6.59097957611084
5.985004425048828
6.5357441902160645
6.10107946395874
6.713994979858398
6.063660144805908
6.67845344543457
5.6925554275512695
6.5183000564575195
5.778002738952637
6.443142890930176
5.843257904052734
6.641307353973389
5.87565803527832
6.4091796875
6.393507957458496
6.63911771774292
6.437410831451416
6.748837471008301
6.386640548706055
6.69344425201416
6.49363374710083
6.850693702697754
6.061790466308594
6.255508899688721
6.205170154571533
6.563908100128174
6.249716281890869
6.306058883666992
6.277230262756348
6.481643199920654
6.0352067947387695
6.865403652191162
6.383502960205078
6.977622985839844
5.961182594299316
6.804099082946777
6.369122505187988
6.982028961181641
5.799750328063965
6.495368003845215
5.771860122680664
6.375279903411865
6.011075019836426
6.65380859375
5.925387382507324
6.412686347961426
6.280447959899902
7.124094009399414
6.2743964195251465
7.142139911651611
6.289369583129883
7.203485488891602
6.3494720458984375
7.290523529052734
5.861582279205322
6.028128623962402
5.698009490966797
5.993699550628662
6.000185966491699
6.035938739776611
5.759233474731445
5.875491142272949
5.701555252075195
6.574721336364746
5.707143306732178
6.434021472930908
5.51888370513916
6.408392906188965
5.606588363647461
6.350064754486084
6.74871301651001
7.003156661987305
7.078510284423828
7.264876365661621
7.002784729003906
7.098175048828125
7.247912406921387
7.258428573608398
6.9854536056518555
7.498191833496094
7.212493896484375
7.86514949798584
6.832221031188965
7.466761112213135
7.134191036224365
7.929387092590332
6.107883930206299
6.810469627380371
6.16584587097168
6.921719551086426
6.36200475692749
6.94160270690918
6.3101701736450195
6.921841621398926
6.220938682556152
7.257537841796875
6.22263240814209
7.326600074768066
6.258537292480469
7.332527160644531
6.3334245681762695
7.440744400024414
5.803913116455078
6.185895919799805
6.420781135559082
6.532063961029053
6.13081693649292
6.439594745635986
6.545919895172119
6.581277370452881
6.310888767242432
7.2712602615356445
6.618262767791748
7.81246280670166
6.350324630737305
7.21248722076416
6.702873229980469
7.767480850219727
4.980524063110352
5.952341079711914
5.223481178283691
6.053334712982178
5.175326347351074
6.062619209289551
5.396634101867676
6.047616004943848
5.674333572387695
6.472345352172852
5.77849006652832
6.789610862731934
5.634828567504883
6.503413200378418
5.7987871170043945
6.87285852432251
6.764178276062012
7.257378578186035
6.910399913787842
7.383516311645508
7.159542083740234
7.517026901245117
7.171794414520264
7.5650200843811035
6.820818901062012
7.234366416931152
6.967409133911133
7.436374664306641
6.902408599853516
7.2953338623046875
7.106426239013672
7.604335784912109
6.836336612701416
7.509542465209961
6.957927227020264
7.561834812164307
7.109077453613281
7.704343318939209
7.179305076599121
7.698973655700684
7.4781599044799805
7.206869125366211
7.573801517486572
7.450825214385986
7.507723808288574
7.283285617828369
7.694396018981934
7.622303009033203
6.344229698181152
6.90653133392334
6.522361755371094
7.065316200256348
6.523724555969238
7.055633544921875
6.634516716003418
7.169000148773193
6.950289726257324
6.690778732299805
7.125521659851074
6.987373352050781
6.881865501403809
6.688601016998291
7.093199253082275
7.053304195404053
7.129983901977539
7.193290710449219
7.166425704956055
7.315029621124268
7.638210773468018
7.357306480407715
7.688986778259277
7.583461284637451
7.655718803405762
7.394013404846191
7.739452362060547
7.526211738586426
7.636167526245117
7.552609443664551
7.8368024826049805
7.727130889892578
5.473834991455078
5.948289394378662
5.628269672393799
6.01789665222168
5.73499870300293
6.141045570373535
5.747305870056152
6.02965784072876
5.988097190856934
6.821286678314209
6.107175827026367
7.011815071105957
5.953464031219482
6.696515083312988
6.137779235839844
6.910355567932129
5.255125999450684
6.047468185424805
5.53547477722168
6.117042541503906
5.1683173179626465
5.991493225097656
5.3243608474731445
5.965506553649902
5.747931480407715
6.612191200256348
5.864195823669434
6.730865478515625
5.723413467407227
6.648867607116699
5.887833595275879
6.790625095367432
5.397412300109863
6.262626647949219
5.666320323944092
6.399004936218262
5.397832870483398
6.339886665344238
5.580434322357178
6.435667037963867
5.957170486450195
6.501570701599121
6.088779926300049
6.658003807067871
5.874391555786133
6.535462379455566
6.124385833740234
6.736748218536377
5.909936904907227
6.022344589233398
5.985024452209473
6.208063125610352
6.024114608764648
6.0661773681640625
5.932978630065918
6.061243534088135
5.546437740325928
6.9296135902404785
5.711607456207275
7.019546031951904
5.537875175476074
6.921611785888672
5.782186508178711
7.113067626953125
6.665679931640625
7.191510200500488
6.795071601867676
7.243448734283447
7.050572395324707
7.424825668334961
7.0160908699035645
7.382198333740234
6.712021827697754
7.090195178985596
6.774522304534912
7.266411304473877
6.777860641479492
7.145476341247559
6.887653350830078
7.413848400115967
6.2326979637146
6.520549774169922
6.182452201843262
6.681692123413086
6.496554851531982
6.792826175689697
6.312681674957275
6.790099620819092
6.535544395446777
6.606822490692139
6.702029228210449
6.663791656494141
6.542154312133789
6.631075859069824
6.77405309677124
6.768590927124023
5.994412422180176
6.107769966125488
6.374286651611328
6.558945655822754
6.138175010681152
6.076386451721191
6.3942155838012695
6.419780731201172
5.928028106689453
6.818291187286377
6.410397529602051
7.140458106994629
5.887757778167725
6.846386909484863
6.438769817352295
7.195652961730957
6.3404035568237305
6.500969886779785
6.642475128173828
6.678801536560059
6.571954727172852
6.64876651763916
6.745171546936035
6.674283504486084
6.390519142150879
7.040552616119385
6.556848526000977
7.324672698974609
6.339616775512695
7.0728535652160645
6.565466403961182
7.446950912475586
5.345148086547852
6.124214172363281
5.429615497589111
6.07686710357666
5.347626686096191
6.195075511932373
5.38044548034668
6.054780006408691
5.856813430786133
6.553109169006348
5.791239261627197
6.549342155456543
5.839486598968506
6.60313606262207
5.816368103027344
6.616762638092041
6.5558366775512695
6.509922027587891
6.93563175201416
6.962965488433838
6.85575008392334
6.718838691711426
7.116209983825684
7.095288276672363
6.75014591217041
6.951344013214111
7.15506649017334
7.31654167175293
6.809162139892578
7.004253387451172
7.251166343688965
7.473089218139648
5.688246250152588
5.949564456939697
6.210051536560059
6.386325836181641
5.848689079284668
5.983580112457275
6.193082809448242
6.271649360656738
5.575331687927246
6.850330352783203
6.003512859344482
7.291467666625977
5.641167640686035
7.01041316986084
6.133805751800537
7.507052898406982
6.227323055267334
6.702025413513184
6.349188327789307
6.79924201965332
6.436923980712891
6.81689453125
6.49842643737793
6.8244428634643555
6.188774585723877
7.029580116271973
6.266871452331543
7.202353477478027
6.205196380615234
7.088396072387695
6.347108840942383
7.287766933441162
6.127260208129883
6.7086992263793945
6.509461402893066
6.8313093185424805
6.095372200012207
6.864128112792969
6.4480156898498535
6.830936908721924
6.5214691162109375
7.206974983215332
6.642407417297363
7.51817512512207
6.522976875305176
7.2310638427734375
6.712162971496582
7.603736400604248
6.943850994110107
7.199270725250244
6.781373500823975
7.291863441467285
7.234222412109375
7.325170516967773
6.975769996643066
7.273046493530273
6.883646011352539
7.649234294891357
6.9784955978393555
7.516238689422607
6.844316005706787
7.625482559204102
6.984890460968018
7.54135799407959
6.659372806549072
6.751277923583984
7.206972122192383
7.302296161651611
6.95451545715332
7.102231979370117
7.312018394470215
7.479351043701172
6.996545791625977
7.053920269012451
7.525751113891602
7.611729621887207
7.082058429718018
7.137042999267578
7.65057897567749
7.71326208114624
5.5570502281188965
6.091431617736816
5.771020889282227
6.357443809509277
5.8512163162231445
6.188653469085693
6.050395965576172
6.356632232666016
5.752285957336426
6.517945766448975
6.0697784423828125
6.658905982971191
5.782004356384277
6.555357933044434
6.179502487182617
6.738170623779297
6.724724769592285
7.093782424926758
6.825562000274658
6.921663284301758
7.028244972229004
7.055290222167969
7.182841777801514
6.942449569702148
7.196956157684326
7.444003582000732
7.223172187805176
7.574749946594238
7.148547172546387
7.4470367431640625
7.298716068267822
7.748756408691406
6.385697364807129
6.6753740310668945
6.412708282470703
6.744182586669922
6.599743366241455
6.733257293701172
6.525506973266602
6.66855525970459
6.210468769073486
7.3125319480896
6.215683460235596
7.3380656242370605
6.266567230224609
7.4286885261535645
6.34650993347168
7.5445756912231445
6.285969257354736
6.302194118499756
6.353084087371826
6.3500261306762695
6.290003776550293
6.430527210235596
6.2355780601501465
6.48858642578125
6.654815196990967
6.227273941040039
6.73825740814209
6.268566608428955
6.574370861053467
6.154106616973877
6.710536956787109
6.204362869262695
6.351879119873047
6.959699630737305
6.5034589767456055
7.093944549560547
6.252720832824707
7.257783889770508
6.330035209655762
7.306139945983887
6.749913692474365
7.441479682922363
6.999447345733643
7.533964157104492
6.750835418701172
7.509395122528076
7.091104507446289
7.688486576080322
5.336741924285889
6.363018035888672
5.490407943725586
6.451313018798828
5.430034160614014
6.512178421020508
5.518082618713379
6.433606147766113
5.991339206695557
6.478349208831787
6.168292999267578
6.759396076202393
6.036184787750244
6.563419342041016
6.26258659362793
6.881671905517578
6.566261291503906
7.27175235748291
6.797979831695557
7.280026435852051
6.6347832679748535
7.643057346343994
6.7671589851379395
7.593756675720215
7.20095682144165
7.473955154418945
7.283695220947266
7.681313514709473
7.224139213562012
7.547844886779785
7.430985450744629
7.861307144165039
6.177671909332275
6.8462371826171875
6.381954669952393
7.0786566734313965
6.428652763366699
6.988696575164795
6.528465270996094
7.013881206512451
6.417266845703125
7.210048675537109
6.648454666137695
7.420162200927734
6.38454008102417
7.16409969329834
6.638495445251465
7.426546096801758
5.67953634262085
6.216517448425293
5.776985168457031
6.335744857788086
5.674050331115723
6.527073860168457
5.6528520584106445
6.474376201629639
6.094145774841309
6.738645553588867
6.256284236907959
6.843638896942139
6.090898513793945
6.807188987731934
6.311377048492432
6.938094139099121
5.988199234008789
6.131721496582031
6.360381126403809
6.53375244140625
6.186120986938477
6.118564605712891
6.459278583526611
6.409575462341309
5.8959503173828125
6.708430290222168
6.339033126831055
7.088565826416016
5.875456809997559
6.763486385345459
6.3958330154418945
7.162271976470947
5.2846550941467285
5.908862113952637
5.5680131912231445
6.020620346069336
5.289374351501465
5.925447463989258
5.535244941711426
5.943582057952881
5.458910942077637
6.658077716827393
5.587122917175293
6.897430419921875
5.471059322357178
6.716976165771484
5.67287540435791
6.9920759201049805
6.902826309204102
7.2895331382751465
6.907414436340332
7.351504802703857
7.36148738861084
7.484797477722168
7.310464859008789
7.4149909019470215
6.854489803314209
7.760700225830078
6.967009544372559
7.710834980010986
6.938710689544678
7.849896430969238
7.1040120124816895
7.837838649749756
6.066440582275391
6.927735328674316
6.348839282989502
7.050271987915039
6.266974925994873
7.177980899810791
6.541281700134277
7.140144348144531
6.756900787353516
6.974358558654785
6.958247184753418
7.267495632171631
6.815576553344727
7.075132846832275
7.089016914367676
7.453526020050049
5.192526817321777
6.346285343170166
5.238546371459961
6.267254829406738
5.20365047454834
6.395519256591797
5.204629898071289
6.173195838928223
5.915558815002441
6.427347183227539
5.8603715896606445
6.4508843421936035
5.8989152908325195
6.448015213012695
5.89066743850708
6.483856201171875
6.201216697692871
6.320067405700684
6.170208930969238
6.416593074798584
6.749519348144531
6.562555313110352
6.612802028656006
6.708446025848389
6.914836883544922
6.558839321136475
6.952599048614502
6.629964828491211
6.911133766174316
6.69926643371582
7.015929222106934
6.784963607788086
5.892698287963867
6.577174186706543
6.154486656188965
6.585421562194824
5.82346773147583
6.516799449920654
6.10189962387085
6.370400905609131
6.31047248840332
6.707219123840332
6.252723693847656
6.888011455535889
6.241883277893066
6.730471611022949
6.247008323669434
6.9675726890563965
6.232321739196777
6.790236473083496
6.358089447021484
6.911211013793945
6.149776458740234
7.0635528564453125
6.1778411865234375
7.097390174865723
6.586597442626953
7.1824774742126465
6.79890251159668
7.280966281890869
6.605443000793457
7.256463050842285
6.9019927978515625
7.434173583984375
6.59039306640625
6.596392631530762
6.919499397277832
6.866729259490967
6.65695858001709
6.863460540771484
6.785900592803955
7.024709224700928
6.9988112449646
6.590610504150391
7.2605085372924805
6.84895133972168
6.9427385330200195
6.541973114013672
7.2548627853393555
6.82520055770874
5.705065727233887
6.597978591918945
5.922858238220215
6.7046074867248535
5.865535736083984
6.7614288330078125
6.006083965301514
6.710020065307617
6.149089813232422
6.748403072357178
6.291669845581055
6.986238479614258
6.207431793212891
6.840808868408203
6.411937236785889
7.131831169128418
6.274202346801758
7.301965713500977
6.404789924621582
7.375617027282715
6.483036041259766
7.502287864685059
6.562685489654541
7.394207000732422
6.910898208618164
7.369300842285156
7.012916564941406
7.582394599914551
6.982527732849121
7.490113735198975
7.124691963195801
7.730411052703857
6.083199501037598
6.642160415649414
6.151488304138184
6.682010650634766
6.404219150543213
6.678938388824463
6.410922050476074
6.542737007141113
6.270020961761475
7.015347480773926
6.327454566955566
6.988065719604492
6.291515350341797
7.066740036010742
6.415644645690918
7.087429046630859
6.276671409606934
6.591225624084473
6.317776203155518
6.683648586273193
6.480339050292969
6.6364336013793945
6.4396281242370605
6.614184379577637
6.118785858154297
7.179925441741943
6.18658447265625
7.250199317932129
6.170355796813965
7.309653282165527
6.322539806365967
7.490160942077637
5.994727611541748
6.7031145095825195
6.271092891693115
6.753115653991699
6.1031694412231445
6.766879558563232
6.3603010177612305
6.770912170410156
6.145510196685791
7.1852030754089355
6.187827110290527
7.361507892608643
6.184104919433594
7.24999475479126
6.31899881362915
7.485057353973389
5.831844329833984
6.638854026794434
5.83745002746582
6.466238975524902
5.819561004638672
6.656880855560303
5.738326072692871
6.368669509887695
6.371773719787598
7.051309585571289
6.246699333190918
6.987155914306641
6.357085227966309
7.089437007904053
6.2656097412109375
7.048275947570801
5.477180480957031
6.064373970031738
5.6534552574157715
6.1767988204956055
5.687273979187012
6.20867919921875
5.7208051681518555
6.188827991485596
5.467963218688965
6.639585018157959
5.478102684020996
6.74974250793457
5.492236614227295
6.699973106384277
5.585027694702148
6.845129013061523
5.845653533935547
6.270895004272461
6.080263137817383
6.574012756347656
6.21530818939209
6.340641975402832
6.4021711349487305
6.496687889099121
5.8677263259887695
6.687280654907227
6.199788570404053
6.9490509033203125
5.929924964904785
6.777225017547607
6.33197021484375
7.085763931274414
5.355715751647949
5.940886974334717
5.605884075164795
6.154006004333496
5.532636642456055
6.044255256652832
5.680933475494385
6.072068214416504
5.62432336807251
6.594171047210693
5.885200500488281
6.842043876647949
5.562415599822998
6.511082649230957
5.869203090667725
6.8146562576293945
6.932618141174316
6.918381690979004
7.048223495483398
7.075450897216797
7.136818885803223
6.943968772888184
7.129393577575684
7.128626346588135
7.195779800415039
7.355710983276367
7.403725624084473
7.526149749755859
7.18609619140625
7.401921272277832
7.4820709228515625
7.672163486480713
6.419182777404785
6.5455780029296875
6.629312515258789
6.769796371459961
6.605167388916016
6.760782241821289
6.668558597564697
6.908666610717773
6.72361421585083
6.716215133666992
6.930093765258789
6.933815956115723
6.684296607971191
6.6843953132629395
6.953245162963867
6.931231498718262
6.321035385131836
6.966699123382568
6.444946765899658
7.009462356567383
6.4012250900268555
7.11807107925415
6.409853935241699
6.985056400299072
6.547908782958984
7.267595291137695
6.581692695617676
7.375244140625
6.594790935516357
7.333380699157715
6.671665191650391
7.481387615203857
6.3946638107299805
6.8236799240112305
6.496938705444336
6.954697608947754
6.576054573059082
6.911897659301758
6.671675682067871
7.009232521057129
6.276716709136963
7.206003189086914
6.4297943115234375
7.4009246826171875
6.317846298217773
7.2918009757995605
6.541559219360352
7.516075134277344
6.646736145019531
6.9354939460754395
6.5077619552612305
7.046256065368652
6.977929592132568
7.090158462524414
6.740548133850098
7.0479736328125
6.612393856048584
7.369070053100586
6.737069606781006
7.255402565002441
6.577610969543457
7.355708122253418
6.756526947021484
7.298666954040527
7.1108856201171875
7.502774238586426
7.286716461181641
7.532134056091309
7.588846683502197
7.670340061187744
7.75765323638916
7.669351577758789
7.564684867858887
7.734100341796875
7.713303565979004
7.846506118774414
7.530101776123047
7.766933441162109
7.738525390625
8.032846450805664
5.828388214111328
6.266797065734863
6.057037353515625
6.404152870178223
6.1547040939331055
6.471068859100342
6.182075500488281
6.423587799072266
6.276366710662842
7.0536651611328125
6.43027400970459
7.347325801849365
6.2056193351745605
6.8685526847839355
6.421792030334473
7.182284355163574
5.60173225402832
6.194095134735107
5.842663288116455
6.28933048248291
5.622977256774902
6.183149337768555
5.866972923278809
6.093704700469971
5.803772926330566
6.267487525939941
5.841518402099609
6.5453338623046875
5.737364292144775
6.320688247680664
5.838639259338379
6.64504861831665
6.116695880889893
7.1904425621032715
6.238250732421875
7.225618362426758
6.312020301818848
7.366670608520508
6.382504463195801
7.243246555328369
6.738920211791992
7.240909099578857
6.821805953979492
7.418586730957031
6.776452541351318
7.32663106918335
6.911853790283203
7.540505409240723
5.524210453033447
6.510066032409668
5.8888983726501465
6.760491847991943
5.615784645080566
6.661489486694336
5.885846138000488
6.746668815612793
6.084803581237793
6.642933368682861
6.391268730163574
7.0270891189575195
6.114301681518555
6.7245893478393555
6.481881618499756
7.146405220031738
6.562160491943359
7.29710054397583
6.7662458419799805
7.292675018310547
6.632312774658203
7.688336372375488
6.727311134338379
7.6118316650390625
7.246592998504639
7.485857009887695
7.342262268066406
7.696689128875732
7.27902889251709
7.565925598144531
7.501812934875488
7.87446403503418
5.841058731079102
6.725075721740723
6.075427055358887
6.845019340515137
6.075404167175293
6.913026809692383
6.263237953186035
6.889394283294678
6.603512287139893
6.779550552368164
6.768162727355957
7.019595623016357
6.63897705078125
6.882723808288574
6.872195243835449
7.189303874969482
6.574368476867676
7.101723670959473
6.6913652420043945
7.226589202880859
6.793704032897949
7.324139595031738
6.793290615081787
7.329641342163086
6.828653335571289
7.302328109741211
7.012216567993164
7.398858070373535
6.84007453918457
7.360231399536133
7.078741073608398
7.505051136016846
6.116661071777344
6.538181781768799
6.344831466674805
6.705257892608643
6.446014404296875
6.704072952270508
6.45112419128418
6.722587585449219
6.054576396942139
6.492086410522461
6.2032389640808105
6.776740550994873
6.101792335510254
6.575370788574219
6.2661333084106445
6.907553195953369
6.033246040344238
6.157219409942627
6.238635063171387
6.393496513366699
6.169819355010986
6.16316556930542
6.2377705574035645
6.233165740966797
5.740969657897949
7.06987190246582
5.950069427490234
7.263050079345703
5.752557754516602
7.102708339691162
6.043981552124023
7.403087615966797
5.754721164703369
6.506697654724121
6.326056480407715
7.013901710510254
5.9540252685546875
6.612928867340088
6.477453708648682
7.015437126159668
6.269852638244629
7.007709503173828
6.797333240509033
7.467490196228027
6.394925117492676
7.174736022949219
6.967477798461914
7.695581436157227
6.939333438873291
7.604510307312012
7.089550971984863
7.678306579589844
7.21987247467041
7.843123912811279
7.303908348083496
7.837162971496582
7.615935325622559
7.328753471374512
7.7003631591796875
7.560818195343018
7.637293815612793
7.4027204513549805
7.804765701293945
7.720473289489746
5.51750373840332
6.462301731109619
5.55534553527832
6.428296089172363
5.677974700927734
6.659475326538086
5.657428741455078
6.475177764892578
6.00005578994751
6.514199256896973
5.990231513977051
6.585033893585205
5.972458839416504
6.542556285858154
6.03068733215332
6.6596221923828125
5.762948036193848
6.379662990570068
6.044654846191406
6.707197666168213
5.842774391174316
6.526115417480469
6.220726490020752
6.868941307067871
5.947670936584473
6.550106048583984
6.409013748168945
6.9194560050964355
5.954433441162109
6.491300106048584
6.493049621582031
7.017818927764893
6.298168182373047
6.856581211090088
6.422579765319824
6.986163139343262
6.252197265625
7.187544822692871
6.264259338378906
7.181242942810059
6.698437690734863
7.32009220123291
6.896869659423828
7.40645694732666
6.713516712188721
7.390594482421875
6.976459503173828
7.54400634765625
5.773377418518066
6.719001770019531
5.914881706237793
6.823541641235352
5.883644104003906
6.907575607299805
5.93347692489624
6.84859561920166
6.249281883239746
6.861257076263428
6.411736965179443
7.079599380493164
6.211177825927734
6.889219284057617
6.434601306915283
7.1479997634887695
5.7892069816589355
6.409055709838867
6.190283298492432
6.603705406188965
5.8158860206604
6.40633487701416
6.172695159912109
6.495275497436523
5.885682106018066
6.975811004638672
6.037162780761719
7.2989678382873535
5.924675941467285
7.069637298583984
6.137557506561279
7.442110538482666
5.088778495788574
5.914999008178711
5.368409156799316
6.0447893142700195
5.232734680175781
6.029664039611816
5.470705986022949
6.033123016357422
5.494471549987793
6.41530704498291
5.690710067749023
6.750577926635742
5.568891525268555
6.495019912719727
5.828292369842529
6.873723983764648
5.822853088378906
6.108653545379639
5.994538307189941
6.136457443237305
5.9124064445495605
6.379715919494629
5.906728744506836
6.250168800354004
6.087466239929199
6.6349897384643555
6.191763877868652
6.793979644775391
6.030572891235352
6.643205642700195
6.206428527832031
6.818970203399658
5.029354572296143
5.95583438873291
5.109351634979248
5.963927745819092
5.194153785705566
6.06973123550415
5.236300468444824
5.935712814331055
5.63286018371582
6.454459190368652
5.63153600692749
6.605750560760498
5.582930564880371
6.490276336669922
5.636268138885498
6.683992385864258
4.985152244567871
5.781942367553711
5.355290412902832
5.943026542663574
4.866594314575195
5.707470893859863
5.181377410888672
5.808269023895264
5.499456405639648
6.0084428787231445
5.657137870788574
6.31530237197876
5.519108772277832
6.154175281524658
5.768741607666016
6.477366924285889
6.7582597732543945
7.055522918701172
6.742579460144043
7.134973526000977
6.790988922119141
7.401922702789307
6.6725921630859375
7.370603084564209
7.016380310058594
7.200184345245361
7.1984782218933105
7.227614402770996
7.075527667999268
7.24196720123291
7.31302547454834
7.365034580230713
6.279908180236816
7.067378997802734
6.537471771240234
7.070006370544434
6.211071014404297
7.22988224029541
6.462441444396973
7.111886024475098
6.827645301818848
7.521459579467773
6.844193458557129
7.688076019287109
6.869601249694824
7.599666595458984
6.9508771896362305
7.8275346755981445
6.093494415283203
6.385664939880371
6.296285629272461
6.4616312980651855
6.159280776977539
6.628358840942383
6.189518928527832
6.524612903594971
6.355877876281738
6.866936683654785
6.481601238250732
7.031664848327637
6.2694292068481445
6.872108459472656
6.482210636138916
7.065278053283691
5.728370666503906
5.989409923553467
5.685277938842773
5.9762492179870605
5.890687942504883
6.0009965896606445
5.776069641113281
5.871305465698242
5.485105514526367
6.65612268447876
5.405344009399414
6.612273693084717
5.468771934509277
6.670216083526611
5.484855651855469
6.7209272384643555
5.76852560043335
6.663522720336914
5.879032135009766
6.754540920257568
5.811372756958008
6.599752426147461
5.942683696746826
6.639194488525391
6.144408226013184
6.527196884155273
6.211078643798828
6.653250694274902
6.136101245880127
6.588558673858643
6.273795127868652
6.760761260986328
6.771816730499268
6.955975532531738
6.847787857055664
7.1663994789123535
6.972455024719238
6.982234954833984
6.966702461242676
7.084345817565918
6.65493106842041
7.432173728942871
6.891998291015625
7.543248176574707
6.647924423217773
7.480821132659912
6.941904544830322
7.616455078125
6.074599266052246
6.28726863861084
6.259834289550781
6.633447647094727
6.3041486740112305
6.369783401489258
6.41281795501709
6.590809345245361
6.027754306793213
6.7848076820373535
6.38971471786499
6.982646465301514
5.995607852935791
6.762971878051758
6.423863887786865
7.0233259201049805
6.157543182373047
6.9501872062683105
6.406002998352051
7.059628486633301
6.31075382232666
7.098498344421387
6.498712062835693
7.112784385681152
6.753528594970703
7.139410972595215
6.831435203552246
7.362861156463623
6.772642135620117
7.291701316833496
6.944823265075684
7.560286521911621
5.5280232429504395
5.810845375061035
5.910699367523193
5.866969108581543
5.693709373474121
5.744874954223633
5.93803071975708
5.689074516296387
5.3671875
5.998072624206543
5.433313846588135
6.368124008178711
5.423076629638672
6.01690673828125
5.555578231811523
6.499504566192627
6.6479949951171875
6.919746398925781
6.87053108215332
7.021424293518066
6.950530052185059
7.0611982345581055
7.011822700500488
7.003828048706055
6.881292343139648
7.421046257019043
6.96168327331543
7.609377384185791
6.813988208770752
7.444568634033203
6.945348739624023
7.728295803070068
6.575717926025391
6.705989837646484
6.7494916915893555
6.886821746826172
6.838048458099365
6.991940498352051
6.791443824768066
7.021816253662109
6.753998756408691
6.736404895782471
6.959783554077148
6.980008125305176
6.764263153076172
6.763126373291016
7.039026260375977
7.04670524597168
6.006529808044434
6.836153030395508
6.263738632202148
6.9541826248168945
6.002142906188965
6.90620231628418
6.2143402099609375
6.960048675537109
6.577081203460693
7.126350402832031
6.684807777404785
7.306821823120117
6.560335159301758
7.188445568084717
6.717193126678467
7.402410507202148
5.886999130249023
6.552936553955078
6.252655506134033
6.723905563354492
5.872387886047363
6.890392303466797
6.170826435089111
6.911203384399414
6.556877136230469
7.018617630004883
6.744527816772461
7.260667324066162
6.556509971618652
7.09593391418457
6.819426536560059
7.393161296844482
5.096335411071777
6.070842742919922
5.220227241516113
6.1722307205200195
5.082205772399902
5.967355728149414
5.1341753005981445
5.966185092926025
5.58080530166626
6.0535969734191895
5.714967727661133
6.182459354400635
5.562317371368408
6.083283424377441
5.762908458709717
6.253772735595703
6.745072841644287
7.307509422302246
6.942770004272461
7.503809928894043
7.160464286804199
7.712912559509277
7.356234550476074
7.858284950256348
6.919448375701904
7.5030622482299805
7.249968528747559
7.760924339294434
7.054836273193359
7.622340679168701
7.440892219543457
8.000374794006348
6.488222122192383
6.799830436706543
6.763996124267578
6.951544761657715
6.773950576782227
6.88366174697876
6.923164367675781
6.95445442199707
6.835386276245117
7.336200714111328
6.875919342041016
7.569794654846191
6.749563694000244
7.374717712402344
6.858797073364258
7.700438499450684
6.781146049499512
7.396414756774902
6.894243240356445
7.504570007324219
6.996123313903809
7.6583075523376465
7.0068678855896
7.6466779708862305
7.1093363761901855
7.514145851135254
7.307382583618164
7.636517524719238
7.125130653381348
7.581180095672607
7.399515628814697
7.747629165649414
5.7850236892700195
6.742018699645996
5.9936065673828125
6.794886589050293
6.0682196617126465
6.944780349731445
6.239629745483398
6.901900291442871
6.217257022857666
7.014583110809326
6.260025978088379
7.197063446044922
6.305154323577881
7.125992774963379
6.416328430175781
7.346810817718506
7.176403045654297
7.344054698944092
7.323182106018066
7.517294883728027
7.336597919464111
7.491828441619873
7.396761894226074
7.65781831741333
7.441192626953125
7.387674331665039
7.625616550445557
7.582794189453125
7.394776344299316
7.376121997833252
7.6872992515563965
7.636796474456787
5.78382682800293
6.557586193084717
6.297183036804199
6.952759742736816
5.912854194641113
6.767585277557373
6.319521427154541
7.0520734786987305
5.767841815948486
6.739585876464844
6.164149761199951
7.166857719421387
5.830642223358154
6.835411548614502
6.326386451721191
7.300213813781738
6.307270050048828
7.099762916564941
6.606359958648682
7.245270252227783
6.5069732666015625
7.333332061767578
6.6851959228515625
7.3572258949279785
6.23975944519043
7.01649284362793
6.331631660461426
7.358892440795898
6.335649013519287
7.130079746246338
6.515578269958496
7.5224714279174805
6.60569953918457
7.3256330490112305
6.8248419761657715
7.329648971557617
6.667583465576172
7.703190326690674
6.792169570922852
7.65896463394165
7.241622447967529
7.476773738861084
7.3127641677856445
7.67651891708374
7.275472164154053
7.545743465423584
7.473989963531494
7.85471248626709
4.954685688018799
6.072277069091797
5.2647013664245605
6.088046550750732
5.120404243469238
6.153703689575195
5.308859825134277
6.0118088722229
5.546596527099609
6.006900310516357
5.582483291625977
6.376137733459473
5.59738302230835
6.110596656799316
5.706188201904297
6.490046501159668
6.386717796325684
6.834971904754639
6.474637985229492
6.844534873962402
6.3051300048828125
7.1371259689331055
6.339463233947754
6.946290016174316
6.836054801940918
7.250524520874023
6.815982341766357
7.305261611938477
6.815464019775391
7.285272598266602
6.879441261291504
7.418281555175781
5.766971111297607
6.440513610839844
6.022045135498047
6.734854698181152
6.032683372497559
6.699857711791992
6.315021514892578
6.9470672607421875
6.156185150146484
6.546152114868164
6.486745834350586
6.863152027130127
6.230627536773682
6.592116355895996
6.624370098114014
7.018957614898682
6.376461982727051
6.75515604019165
6.759343147277832
6.929218292236328
6.77706241607666
6.877140045166016
7.026350498199463
6.975638389587402
6.939165115356445
7.154337406158447
7.17637825012207
7.402714729309082
6.888342380523682
7.153646469116211
7.18394136428833
7.512656211853027
5.987313270568848
6.066644668579102
6.303460121154785
6.064955711364746
6.076051712036133
5.955096244812012
6.2603654861450195
5.834908485412598
5.447913646697998
6.190925598144531
5.534749984741211
6.50698184967041
5.452268600463867
6.089143753051758
5.613253593444824
6.532934665679932
6.828677177429199
6.735611915588379
6.888298034667969
6.7423930168151855
6.964383125305176
6.750732898712158
6.958535194396973
6.651500701904297
6.564827919006348
7.227974891662598
6.732387542724609
7.375897407531738
6.579400062561035
7.234147071838379
6.8284783363342285
7.447896480560303
5.91928768157959
6.621391296386719
5.993052005767822
6.642793655395508
6.225755214691162
6.886471748352051
6.234361171722412
6.786334991455078
6.378063201904297
7.132907390594482
6.4637861251831055
7.250311374664307
6.420464038848877
7.237418174743652
6.589705944061279
7.456969261169434
5.746407508850098
6.313451766967773
5.972221374511719
6.551827430725098
5.72676420211792
6.197703838348389
5.857381820678711
6.4684624671936035
5.989115238189697
6.512134552001953
6.301080226898193
6.714504241943359
5.824501037597656
6.45451545715332
6.267545223236084
6.7149553298950195
4.759814739227295
5.725707530975342
4.94188117980957
5.73637580871582
5.025765419006348
5.839164733886719
5.1569976806640625
5.805386066436768
5.124665260314941
5.883584499359131
5.199306488037109
6.064471244812012
5.158451080322266
6.022156715393066
5.338592529296875
6.233615875244141
6.371893405914307
7.134964942932129
6.618751525878906
7.124725341796875
6.466574668884277
7.521933078765869
6.592700004577637
7.478171348571777
7.023343086242676
7.253347396850586
7.12046480178833
7.46449089050293
7.050361633300781
7.327764511108398
7.292585372924805
7.654023170471191
6.165421485900879
7.1808977127075195
6.2463226318359375
7.188864707946777
6.37254524230957
7.3818206787109375
6.397433280944824
7.21858024597168
6.7474164962768555
7.204503059387207
6.757493019104004
7.350341320037842
6.783918380737305
7.298919677734375
6.842194557189941
7.473942756652832
6.16937255859375
6.1442179679870605
6.288173675537109
6.2645673751831055
6.1863226890563965
6.32203483581543
6.174994468688965
6.399999618530273
6.514029502868652
6.1271185874938965
6.66461706161499
6.230401039123535
6.466906547546387
6.0724639892578125
6.6593475341796875
6.188825607299805
6.407308578491211
6.731784820556641
6.446145057678223
6.850628852844238
6.413476943969727
7.092372894287109
6.331855773925781
7.029573440551758
6.67972469329834
6.8893046379089355
6.829201698303223
6.878688812255859
6.667715072631836
6.877575397491455
6.867889404296875
6.970264434814453
7.079573631286621
7.41539192199707
7.06738805770874
7.525473594665527
7.1560773849487305
7.855009078979492
7.057121276855469
7.825652122497559
7.415358066558838
7.5569682121276855
7.5811448097229
7.551252841949463
7.498389720916748
7.597763538360596
7.7012481689453125
7.684232711791992
5.058175086975098
5.978337287902832
5.126535415649414
6.04023551940918
4.937009811401367
5.779609203338623
4.928114891052246
5.7900238037109375
5.279301643371582
5.787688732147217
5.3465189933776855
5.860010623931885
5.167940139770508
5.729531288146973
5.318392753601074
5.8703484535217285
6.663666725158691
7.220302581787109
6.676712989807129
7.378474712371826
6.9055352210998535
7.505445957183838
6.700644493103027
7.6650495529174805
7.324008941650391
6.932220458984375
7.481215000152588
7.006981372833252
7.277921676635742
6.993472576141357
7.544627666473389
7.092804908752441
6.970928192138672
7.4932732582092285
6.866595268249512
7.521796703338623
7.277466773986816
7.802357196807861
7.053409099578857
7.710468769073486
7.493408203125
7.43221378326416
7.545763969421387
7.365787506103516
7.522727966308594
7.447211265563965
7.658148288726807
7.47865629196167
6.061223030090332
6.645169258117676
6.244622230529785
6.757646083831787
5.983860492706299
6.660841941833496
6.1013288497924805
6.695399284362793
6.123683452606201
7.104894161224365
6.270517349243164
7.266837120056152
6.162395477294922
7.1430158615112305
6.362473964691162
7.345303535461426
5.681649208068848
6.015771389007568
5.837002277374268
5.923571586608887
5.747488021850586
6.054328918457031
5.785172462463379
5.852849960327148
5.6766862869262695
6.394124984741211
5.555802345275879
6.544022560119629
5.706439018249512
6.540862083435059
5.666748046875
6.742032051086426
5.878520965576172
6.385345935821533
5.79559326171875
6.443013668060303
6.081780433654785
6.579909801483154
5.881182670593262
6.526327133178711
6.438832759857178
6.3692474365234375
6.505074977874756
6.319645881652832
6.405365943908691
6.344320297241211
6.537050724029541
6.391655921936035
6.09276819229126
6.8034892082214355
6.3261308670043945
7.027118682861328
6.3777360916137695
6.931539058685303
6.503910064697266
6.986721515655518
6.387462615966797
7.175719261169434
6.565796375274658
7.403081893920898
6.35011100769043
7.153495788574219
6.5642805099487305
7.433102607727051
6.288005352020264
6.54254150390625
6.34536600112915
6.7208733558654785
6.13508415222168
6.6819915771484375
6.130064010620117
6.828848838806152
6.456277370452881
6.754783630371094
6.6526055335998535
6.731667518615723
6.335927486419678
6.6656670570373535
6.607003211975098
6.756558418273926
5.965218544006348
6.662359237670898
6.0420966148376465
6.767407417297363
6.21926212310791
6.801990509033203
6.181650161743164
6.773340225219727
6.095052719116211
7.145174026489258
6.096061706542969
7.237421035766602
6.1377177238464355
7.221231460571289
6.209040641784668
7.353034019470215
5.660850524902344
6.658621311187744
5.777798175811768
6.672664642333984
5.926119327545166
6.7382001876831055
5.993404388427734
6.615245819091797
5.9858551025390625
6.705964088439941
5.979620933532715
6.848720550537109
6.0449538230896
6.885321617126465
6.109845161437988
7.047228813171387
6.33992862701416
6.84823751449585
6.1867594718933105
6.887742042541504
6.527960777282715
7.031989097595215
6.202603340148926
7.1077141761779785
6.925792217254639
6.567707538604736
6.968766212463379
6.499655723571777
6.8474555015563965
6.589160919189453
6.9730072021484375
6.55007791519165
5.193214416503906
6.253293037414551
5.323755264282227
6.209942817687988
5.176166534423828
6.2622270584106445
5.248841285705566
6.104026794433594
5.8885650634765625
6.587448596954346
5.9453043937683105
6.701476097106934
5.88941764831543
6.627802848815918
6.002558708190918
6.76226806640625
6.858956336975098
7.019053936004639
7.08760929107666
7.251702785491943
7.08745813369751
7.281859874725342
7.149143218994141
7.405437469482422
7.166549205780029
7.153521537780762
7.377384662628174
7.3957953453063965
7.123818397521973
7.118659496307373
7.412708759307861
7.413635730743408
6.278106212615967
6.953553199768066
6.344500541687012
6.939608573913574
6.219761848449707
6.948170185089111
6.180261135101318
6.772406101226807
6.439708232879639
7.260092735290527
6.47223424911499
7.306999683380127
6.497325897216797
7.325980186462402
6.576048851013184
7.3968071937561035
6.387202262878418
6.920440196990967
6.565465927124023
7.221126079559326
6.563656330108643
7.195706844329834
6.538457870483398
7.404892921447754
7.053760051727295
6.751298904418945
7.367149353027344
6.946457862854004
7.044408321380615
6.8369669914245605
7.424479961395264
7.045571327209473
6.1116814613342285
6.223426818847656
6.261358261108398
6.4378743171691895
6.584652423858643
6.420261383056641
6.742293834686279
6.722209930419922
6.783891201019287
6.52093505859375
6.9952592849731445
6.784063339233398
6.793313026428223
6.677376747131348
7.080931186676025
6.975663185119629
5.948317527770996
6.520061016082764
6.215810775756836
6.64106559753418
5.86652946472168
6.698089599609375
6.066526412963867
6.624392986297607
6.345070838928223
7.043883323669434
6.474759578704834
7.339752197265625
6.328303337097168
7.058484077453613
6.509164810180664
7.374142646789551
7.118295192718506
7.1671552658081055
7.274078845977783
7.260622978210449
7.409204959869385
7.143924713134766
7.381814479827881
7.0974555015563965
6.907841682434082
7.393074989318848
7.064253807067871
7.585075378417969
6.882749557495117
7.422845840454102
7.111276626586914
7.662817478179932
7.368602275848389
7.338807106018066
7.467423439025879
7.383450031280518
7.659697532653809
7.374814987182617
7.6553778648376465
7.318184852600098
7.087313652038574
7.655000686645508
7.232826232910156
7.798243045806885
7.078644752502441
7.670668601989746
7.31107234954834
7.872809410095215
5.419699668884277
5.864613056182861
5.622353553771973
6.044210433959961
5.3004045486450195
5.791186809539795
5.510525226593018
5.82413387298584
5.460387229919434
6.174890518188477
5.6123833656311035
6.3760762214660645
5.346798896789551
6.128649711608887
5.576703071594238
6.360627174377441
5.4184675216674805
6.300889015197754
5.801804542541504
6.612569332122803
5.476795673370361
6.440790176391602
5.738128662109375
6.678441047668457
5.399194717407227
6.370377063751221
5.776852607727051
6.75084924697876
5.398501396179199
6.421533584594727
5.902246475219727
6.856878280639648
6.172771453857422
6.992384910583496
6.490673542022705
7.1049628257751465
6.1264190673828125
7.158441543579102
6.440243244171143
7.135101318359375
6.764594078063965
7.300692558288574
6.892128944396973
7.603265762329102
6.768476963043213
7.371335983276367
6.953319549560547
7.710196495056152
6.207087516784668
7.052282333374023
6.407992362976074
7.101143836975098
6.356013298034668
7.2034173011779785
6.511737823486328
7.215837478637695
6.786781311035156
7.304858207702637
6.877041816711426
7.452066421508789
6.785166263580322
7.436980247497559
6.990307807922363
7.637761116027832
5.392918109893799
5.933971881866455
5.524322509765625
6.096440315246582
5.530988693237305
5.998876571655273
5.562508583068848
5.972588539123535
5.489508628845215
6.400472640991211
5.661079406738281
6.551366329193115
5.329345703125
6.232001304626465
5.57088565826416
6.468284606933594
6.1985931396484375
6.4825310707092285
6.202907085418701
6.541224479675293
6.262209892272949
6.80722713470459
6.144685745239258
6.739778518676758
6.515008926391602
6.716316223144531
6.59733772277832
6.697783470153809
6.501528739929199
6.711854934692383
6.625483512878418
6.77985954284668
5.514508247375488
6.0160932540893555
5.625242233276367
6.0332231521606445
5.892570495605469
6.333286762237549
5.825341701507568
6.1298675537109375
6.074904441833496
6.819854736328125
6.080366134643555
6.958380699157715
6.041234016418457
6.704082012176514
6.101012706756592
6.841269493103027
6.112432479858398
6.614246368408203
6.32456111907959
6.656589508056641
6.465091228485107
6.842311859130859
6.530224323272705
6.748106002807617
6.655674934387207
7.461862087249756
6.637233257293701
7.616518497467041
6.629764556884766
7.337466239929199
6.670006275177002
7.515722751617432
6.207563400268555
6.530569076538086
6.2418742179870605
6.454039573669434
6.622677803039551
6.65091609954834
6.572129249572754
6.521751403808594
6.682039737701416
6.932601451873779
6.745260715484619
6.959041595458984
6.633806228637695
6.914163589477539
6.778318405151367
7.091089248657227
6.914896011352539
7.366054058074951
7.105375289916992
7.3619608879089355
7.41180419921875
7.56337833404541
7.61950159072876
7.5452704429626465
7.381459712982178
7.522819995880127
7.535466194152832
7.66570520401001
7.355579376220703
7.555053234100342
7.599009990692139
7.876615047454834
6.27768087387085
6.554831504821777
6.352582931518555
6.693046569824219
6.452600479125977
6.569092750549316
6.465982437133789
6.604532241821289
6.083012580871582
7.2762675285339355
6.17994499206543
7.358067989349365
6.1392059326171875
7.400750160217285
6.3193159103393555
7.582328796386719
6.6819963455200195
6.675041198730469
6.919220447540283
6.872848987579346
6.741716384887695
6.9174909591674805
6.8273138999938965
7.077045440673828
7.075286388397217
6.670472145080566
7.297248363494873
6.854477405548096
7.022835731506348
6.649324893951416
7.298083782196045
6.816357612609863
6.7088518142700195
7.022529125213623
6.679469585418701
7.100518226623535
7.067137241363525
7.111092567443848
6.999661445617676
7.0487518310546875
6.561653137207031
7.527306079864502
6.6651201248168945
7.436580657958984
6.591646194458008
7.553422451019287
6.760175704956055
7.52580451965332
5.064340114593506
6.059101581573486
5.055034637451172
6.0478596687316895
5.04591178894043
5.960572242736816
4.998981952667236
5.857259273529053
5.500676155090332
5.837516784667969
5.466948986053467
5.851937770843506
5.441355228424072
5.857168197631836
5.483687877655029
5.902753829956055
6.024269104003906
6.130816459655762
6.312404155731201
6.297506332397461
6.021060943603516
6.174095153808594
6.138487815856934
6.311470031738281
6.059432029724121
6.799076080322266
6.336754322052002
7.0553436279296875
5.906219482421875
6.707773208618164
6.298017501831055
7.020282745361328
6.945136070251465
7.399473667144775
7.054486274719238
7.47220516204834
7.063515663146973
7.686830520629883
7.1173415184021
7.684840679168701
7.133613109588623
7.181730270385742
7.247827529907227
7.376887321472168
7.145346164703369
7.164958953857422
7.345600128173828
7.437743186950684
6.028491020202637
6.998722076416016
6.137773513793945
7.094790458679199
6.03184700012207
7.018118381500244
6.129660129547119
6.9767351150512695
6.704509735107422
6.940807819366455
6.770593643188477
7.120330810546875
6.6960129737854
6.989013671875
6.8102240562438965
7.187102317810059
6.345625877380371
6.637800216674805
6.564834117889404
6.942028522491455
6.3465986251831055
6.989731788635254
6.445801734924316
7.1326775550842285
6.702166557312012
6.9288201332092285
7.036863327026367
7.07898473739624
6.721437931060791
6.961716651916504
7.102232456207275
7.192281246185303
6.0709686279296875
6.929996490478516
6.203364372253418
6.916069984436035
6.094045639038086
7.00156307220459
6.142678260803223
6.877377986907959
6.591352462768555
7.187946319580078
6.561341285705566
7.225244522094727
6.614981174468994
7.247456073760986
6.609945297241211
7.314129829406738
6.254526138305664
6.92041015625
6.515731334686279
6.980907440185547
6.355478286743164
6.974255561828613
6.6154890060424805
6.988943099975586
6.363997459411621
7.439536094665527
6.380599498748779
7.596380233764648
6.400493621826172
7.502554893493652
6.50095272064209
7.708045959472656
5.091923713684082
6.052565574645996
5.387179374694824
6.278735160827637
5.080293655395508
5.955400466918945
5.284557342529297
6.109218597412109
5.528207302093506
5.962653160095215
5.749639987945557
6.253910064697266
5.500289440155029
6.020554542541504
5.7926740646362305
6.3450026512146
5.70866584777832
6.387481689453125
5.8279805183410645
6.4541850090026855
5.640749454498291
6.464715003967285
5.642378807067871
6.3893914222717285
6.073026657104492
6.912304401397705
6.173418045043945
6.957492351531982
6.016816139221191
6.913634300231934
6.150667190551758
6.986076354980469
6.129549026489258
7.2292351722717285
6.3341064453125
7.313480377197266
6.228150367736816
7.540380477905273
6.3616156578063965
7.5410943031311035
7.399923801422119
6.547385215759277
7.564859390258789
6.837770462036133
7.428328037261963
6.592550277709961
7.673303127288818
6.935359001159668
6.724255561828613
7.029242992401123
6.8275146484375
7.234467029571533
6.802640914916992
7.449636936187744
6.786377906799316
7.450904846191406
7.080338478088379
7.236882209777832
7.3245720863342285
7.359375953674316
7.198592662811279
7.314093589782715
7.445767402648926
7.523349285125732
6.027604579925537
6.564640522003174
6.448159217834473
7.098737716674805
6.391383171081543
6.906496524810791
6.820095062255859
7.406481742858887
6.371024131774902
6.935659408569336
6.970782279968262
7.3629150390625
6.5442609786987305
7.140689849853516
7.175112247467041
7.6295881271362305
5.350597381591797
5.991167068481445
5.542903900146484
6.0147199630737305
5.271514892578125
5.97607946395874
5.415534019470215
5.935109615325928
5.830511093139648
6.749814987182617
5.9373579025268555
6.910621166229248
5.815800189971924
6.784989356994629
5.979426383972168
7.000629425048828
5.368831634521484
6.182954788208008
5.544896125793457
6.247211933135986
5.530525207519531
6.398594856262207
5.642032146453857
6.2870683670043945
6.0026750564575195
6.249809265136719
6.169990062713623
6.460248947143555
6.025820732116699
6.3294806480407715
6.257869720458984
6.5872721672058105
6.846851825714111
7.321933269500732
6.9565887451171875
7.343687057495117
6.865113258361816
7.534480571746826
6.861096382141113
7.375771522521973
7.067042827606201
7.191107273101807
7.08384895324707
7.281796455383301
7.0472846031188965
7.158956050872803
7.133584022521973
7.3275957107543945
6.223295211791992
6.562126159667969
6.5203142166137695
6.618137359619141
6.296238899230957
6.645506858825684
6.557199478149414
6.608762741088867
6.255046844482422
6.954033374786377
6.290472984313965
7.230532646179199
6.290187835693359
7.112950325012207
6.398740768432617
7.4749016761779785
5.8591718673706055
6.616198539733887
5.77761697769165
6.534224510192871
5.8963165283203125
6.54121208190918
5.759158134460449
6.332383632659912
6.1215009689331055
6.6646270751953125
6.05647087097168
6.680700778961182
6.162898063659668
6.647615432739258
6.164280414581299
6.627712249755859
5.559287071228027
6.06782341003418
5.594263076782227
6.119139671325684
5.705613136291504
6.1391921043396
5.676071643829346
6.094475746154785
5.485749244689941
6.351179599761963
5.5399169921875
6.461470603942871
5.478151798248291
6.39558219909668
5.601231575012207
6.50689172744751
6.293545246124268
6.974514961242676
6.534300804138184
7.012256145477295
6.380200386047363
7.019147872924805
6.615419387817383
7.011273384094238
6.423245429992676
7.505283355712891
6.427732944488525
7.638362407684326
6.446328163146973
7.560073375701904
6.539106369018555
7.741480350494385
5.815103530883789
6.787347793579102
5.9744720458984375
6.747439861297607
6.078191757202148
6.928160667419434
6.14193058013916
6.729450702667236
6.337088584899902
6.663188457489014
6.273633003234863
6.870609283447266
6.3764448165893555
6.794402122497559
6.368287086486816
7.0223188400268555
5.269514083862305
6.284519195556641
5.4631242752075195
6.399064064025879
5.2790727615356445
6.135791778564453
5.45937442779541
6.171584129333496
5.69521427154541
5.923642158508301
5.776246070861816
6.162741184234619
5.655642509460449
5.948869228363037
5.809199333190918
6.243691444396973
6.4870500564575195
6.410642623901367
6.757831573486328
6.637216567993164
6.516206741333008
6.755056858062744
6.615494728088379
6.838881015777588
6.695692539215088
6.324351787567139
6.971920013427734
6.632418632507324
6.703251838684082
6.300146579742432
7.025660991668701
6.645003318786621
6.020759582519531
6.497622013092041
6.261502265930176
6.693861484527588
6.2217864990234375
6.680848121643066
6.438098430633545
6.85495662689209
6.604616165161133
6.503971099853516
6.823683738708496
6.863983154296875
6.591909408569336
6.583489418029785
6.877535343170166
7.016820907592773
6.233788013458252
6.470803260803223
6.299688816070557
6.430447578430176
6.6757354736328125
6.564092636108398
6.689022541046143
6.515578269958496
6.562716484069824
6.847384929656982
6.586691856384277
6.827605247497559
6.476994037628174
6.8111114501953125
6.572807312011719
6.914506912231445
6.009568214416504
6.091955661773682
6.378892421722412
6.043226718902588
6.1966938972473145
6.067131996154785
6.424787521362305
5.936269283294678
5.626584529876709
6.240337371826172
5.594141006469727
6.525435447692871
5.685797691345215
6.277822017669678
5.731237411499023
6.655656814575195
5.804659843444824
6.368383884429932
6.103589057922363
6.550500869750977
5.696803092956543
6.270366668701172
6.024181842803955
6.370832443237305
6.006931304931641
6.61784029006958
6.105579376220703
6.8401994705200195
5.922388553619385
6.60880708694458
6.097124099731445
6.8667731285095215
5.211202144622803
5.864894866943359
5.132817268371582
5.841142654418945
5.425004005432129
6.01304292678833
5.25822639465332
5.845929145812988
5.275664329528809
6.3814897537231445
5.133912086486816
6.354511260986328
5.261924743652344
6.399001121520996
5.20532751083374
6.393250465393066
5.911759376525879
6.547288417816162
6.176318168640137
6.7401580810546875
6.102128982543945
6.739101409912109
6.240321636199951
6.737384796142578
6.253922462463379
6.58575439453125
6.494640827178955
6.885488510131836
6.257065773010254
6.6526079177856445
6.567010879516602
7.013815879821777
5.569658279418945
6.665765762329102
5.828467845916748
6.695986270904541
5.619663715362549
6.6316447257995605
5.848443031311035
6.541570663452148
6.17873477935791
6.621686935424805
6.252180099487305
6.901176452636719
6.170236110687256
6.667498588562012
6.289630889892578
6.986842155456543
6.185640335083008
6.557413101196289
6.427006721496582
6.592419624328613
6.402255058288574
6.358089447021484
6.644725799560547
6.519885063171387
6.592551231384277
6.867406845092773
6.687407493591309
6.9877705574035645
6.367547988891602
6.68607234954834
6.5837907791137695
6.97694206237793
5.027254104614258
5.92984676361084
5.252199172973633
5.989880084991455
5.265942096710205
6.134921550750732
5.403843402862549
6.004889011383057
5.521651744842529
6.31533145904541
5.598940849304199
6.57991886138916
5.563828468322754
6.381838798522949
5.712644577026367
6.662121295928955
6.4488677978515625
7.231931686401367
6.62144660949707
7.276549339294434
6.601107597351074
7.385569095611572
6.7635087966918945
7.419011116027832
6.987448215484619
7.48653507232666
7.05849027633667
7.592458724975586
7.022721290588379
7.644439697265625
7.197709083557129
7.801199436187744
5.360387802124023
6.452754974365234
5.4432806968688965
6.372968673706055
5.424283027648926
6.558699607849121
5.426774024963379
6.299079895019531
6.073918342590332
6.631697654724121
6.022572994232178
6.679789066314697
6.078950881958008
6.669399261474609
6.079253196716309
6.726060390472412
6.016098976135254
6.736473083496094
6.146237850189209
6.77473258972168
5.896675109863281
6.63539981842041
6.002346992492676
6.644700050354004
6.410684585571289
6.710504055023193
6.3991169929504395
6.799830436706543
6.414437770843506
6.830674171447754
6.488960266113281
6.958722114562988
6.075789928436279
6.984192371368408
6.169030666351318
7.052426338195801
6.144509315490723
6.933958530426025
6.230860233306885
6.932676792144775
6.470119476318359
6.757750034332275
6.483576774597168
6.871010780334473
6.468066215515137
6.816394329071045
6.538155555725098
6.963193893432617
5.561833381652832
6.221199989318848
5.7944135665893555
6.314782619476318
5.625775337219238
6.256258010864258
5.761954307556152
6.20844030380249
5.753880500793457
6.773887634277344
5.822843551635742
6.994544506072998
5.725937843322754
6.797804832458496
5.873342514038086
7.044258117675781
5.172508239746094
5.712372779846191
5.507493019104004
6.077000617980957
5.43731689453125
5.871825695037842
5.6529154777526855
6.1076436042785645
5.242239952087402
6.318323612213135
5.4773712158203125
6.6840667724609375
5.306973934173584
6.4272003173828125
5.6083269119262695
6.794356346130371
6.912082672119141
7.566781044006348
7.05296516418457
7.622373104095459
7.181476593017578
7.775764465332031
7.250226974487305
7.748959541320801
7.566983222961426
7.291680335998535
7.662289619445801
7.53800630569458
7.596878528594971
7.372733116149902
7.776717185974121
7.707528114318848
4.949554443359375
5.569550514221191
5.052639961242676
5.700915813446045
5.0919647216796875
5.654059410095215
5.09664249420166
5.634137153625488
5.0588483810424805
6.343235969543457
5.112100601196289
6.4704694747924805
5.084044456481934
6.380683898925781
5.221346855163574
6.543490886688232
6.534502983093262
6.5754475593566895
6.667924880981445
6.767792701721191
6.827569961547852
6.82690954208374
6.809996604919434
6.916755676269531
6.895804405212402
6.933476448059082
7.020998477935791
7.098905563354492
6.893759727478027
6.941707134246826
7.044323921203613
7.178051948547363
6.388050079345703
7.249116897583008
6.625345230102539
7.358394622802734
6.612133502960205
7.521433353424072
6.840888023376465
7.4739861488342285
7.069574356079102
7.251215934753418
7.232409477233887
7.493612289428711
7.135068893432617
7.3591108322143555
7.364937782287598
7.683238506317139
6.712758541107178
7.022581100463867
6.614380359649658
7.074285984039307
6.841207504272461
7.162238121032715
6.5856614112854
7.059011936187744
7.035186767578125
7.216376304626465
7.117527484893799
7.1198906898498535
7.049816131591797
7.229734420776367
7.196802616119385
7.2412285804748535
7.130535125732422
7.129648685455322
7.259239196777344
7.312490463256836
7.457667350769043
7.348934173583984
7.477889537811279
7.485724449157715
7.328202247619629
7.507005214691162
7.45725679397583
7.584712028503418
7.281782627105713
7.486223220825195
7.494694709777832
7.663418292999268
5.877539157867432
6.312429428100586
6.038952827453613
6.4256439208984375
6.156125068664551
6.527641296386719
6.149135589599609
6.466355323791504
6.336780548095703
7.161741256713867
6.458680152893066
7.3410162925720215
6.226897239685059
6.924739837646484
6.416778564453125
7.123222827911377
6.104432106018066
7.139616012573242
6.269229888916016
7.20398473739624
6.186642169952393
7.4654693603515625
6.250312328338623
7.412675857543945
7.310823440551758
6.498254776000977
7.43709135055542
6.743809700012207
7.340920448303223
6.531723976135254
7.525289535522461
6.818058967590332
5.8034749031066895
6.266511917114258
6.180971622467041
6.398353576660156
5.842991352081299
6.3045501708984375
6.167056083679199
6.3698930740356445
5.733527183532715
6.87498664855957
5.846718788146973
7.138601303100586
5.752195358276367
6.926648139953613
5.967161655426025
7.272385597229004
5.809037208557129
6.188990592956543
5.9009199142456055
6.320448398590088
6.069773197174072
6.345955848693848
6.011756896972656
6.342539310455322
5.950547218322754
6.485355377197266
6.143753528594971
6.709909439086914
5.972105503082275
6.496288299560547
6.219141960144043
6.838639259338379
6.046546459197998
6.990995407104492
6.242574691772461
7.060236930847168
6.30008602142334
7.172946929931641
6.483725070953369
7.174156188964844
6.4541802406311035
7.291357517242432
6.506710529327393
7.4560675621032715
6.548167705535889
7.403366565704346
6.671118259429932
7.607045650482178
5.113719463348389
6.230665683746338
5.3955535888671875
6.377140998840332
5.186746597290039
6.3240065574646
5.4020586013793945
6.296750545501709
5.826584339141846
6.308721542358398
6.014962196350098
6.642454147338867
5.862611293792725
6.383487701416016
6.113697528839111
6.749329566955566
6.893704414367676
6.9062418937683105
7.187215805053711
7.099880218505859
6.978870868682861
7.154279708862305
7.1524152755737305
7.372431755065918
7.232538223266602
6.806750297546387
7.489744663238525
7.07862663269043
7.238204479217529
6.802898406982422
7.5737385749816895
7.096789360046387
5.626639366149902
6.140789985656738
5.745572090148926
6.25698709487915
5.413858413696289
6.271634578704834
5.430855751037598
6.34786319732666
5.897831439971924
6.646233558654785
6.067248821258545
6.707050323486328
5.771273136138916
6.610019683837891
6.045252799987793
6.730840682983398
5.2370429039001465
5.956413745880127
5.303008079528809
5.96384334564209
5.38709831237793
6.125961780548096
5.3853559494018555
6.003232955932617
5.773838996887207
6.653974533081055
5.930217742919922
6.813503265380859
5.822809219360352
6.781381607055664
6.066556930541992
7.01275634765625
6.078605651855469
6.641238689422607
6.302382469177246
6.780498027801514
6.272068023681641
6.815480709075928
6.442815780639648
6.881046295166016
6.723354816436768
6.498858451843262
6.828103065490723
6.7751145362854
6.686115264892578
6.514093399047852
6.855216026306152
6.868965148925781