4.072798252105713
5.0555877685546875
4.17744255065918
4.999019145965576
3.579009771347046
4.164037227630615
5.4645676612854
6.204239368438721
4.765056133270264
5.814155101776123
4.922043800354004
5.862192153930664
4.242920875549316
4.83046817779541
4.148183822631836
5.082138538360596
3.9465713500976562
4.3914713859558105
5.75933837890625
6.147359371185303
5.325026988983154
5.956806659698486
5.371870994567871
6.199032783508301
4.990644454956055
5.21470308303833
5.226278305053711
5.375303268432617
4.4008073806762695
4.505583763122559
6.164153099060059
6.440568447113037
5.486556053161621
5.87642765045166
5.902968406677246
6.167190074920654
4.902070999145508
5.588716506958008
4.853780746459961
5.8154144287109375
4.50909948348999
5.0053391456604
6.279419898986816
6.699892044067383
5.738779067993164
6.412161350250244
6.01170539855957
6.8459248542785645
5.35645055770874
6.128401279449463
5.607804298400879
5.9709014892578125
4.9868316650390625
5.279519081115723
5.370617389678955
5.527320861816406
4.5519537925720215
4.668032169342041
5.89324951171875
6.239656448364258
5.540472984313965
5.878775119781494
5.934412956237793
6.135401248931885
4.791817665100098
5.5225019454956055
5.047118663787842
5.981775283813477
4.688060760498047
5.112781524658203
5.986429691314697
6.198507785797119
5.966890335083008
6.482700347900391
5.969897270202637
6.681629180908203
4.582056045532227
5.456324577331543
4.925340175628662
5.741286277770996
4.099727153778076
4.69989538192749
6.713082313537598
7.308751583099365
5.311022758483887
6.093349456787109
5.491661071777344
6.307787895202637
5.08419942855835
5.286701202392578
5.294973850250244
5.8648834228515625
4.767100811004639
4.771792888641357
7.21400785446167
7.169787883758545
6.224303722381592
6.384854316711426
6.271899223327637
6.539769172668457
4.491652488708496
5.195064544677734
4.683493614196777
5.162720680236816
3.9691548347473145
4.47158145904541
6.288180828094482
6.968634128570557
4.968989849090576
5.93032169342041
5.46502685546875
6.056962966918945
4.604512691497803
5.352701187133789
4.473244667053223
5.703851699829102
4.3398118019104
4.71480131149292
6.655852794647217
7.020178318023682
5.553272724151611
6.048096656799316
5.637523174285889
6.7371954917907715
4.391937255859375
5.193427562713623
4.468227386474609
5.066221237182617
3.7721688747406006
4.317641735076904
5.795840740203857
6.672068119049072
5.042407035827637
6.043924331665039
5.223341941833496
6.102475643157959
4.433157920837402
5.029036521911621
4.261364936828613
5.245406150817871
4.115884304046631
4.485476970672607
6.197902202606201
6.308481693267822
5.530561923980713
6.06603479385376
5.548679828643799
6.363643646240234
4.880434989929199
4.983735084533691
5.230654716491699
5.438404083251953
4.336991310119629
4.451155185699463
6.286590576171875
6.4797210693359375
5.293238162994385
5.721197605133057
5.740201950073242
6.104123592376709
4.8660736083984375
5.455503463745117
5.16707706451416
5.82499885559082
4.541232585906982
4.9530510902404785
6.460390090942383
6.704705238342285
5.974584579467773
6.207082271575928
6.297257423400879
6.628024101257324
4.7140350341796875
4.813777923583984
5.131534576416016
5.1075944900512695
4.182855129241943
3.9924607276916504
6.85008430480957
6.898639678955078
5.515540599822998
5.713141441345215
5.7368927001953125
5.707837104797363
4.121718406677246
5.504335403442383
4.313924789428711
5.993841648101807
3.8220412731170654
4.948419094085693
6.5864105224609375
7.346986770629883
5.422003269195557
6.791515827178955
5.3954877853393555
7.033636569976807
5.118680000305176
5.549576282501221
5.524814605712891
5.888105392456055
4.438026428222656
4.757075786590576
6.599730014801025
6.840170860290527
5.91192102432251
6.174018859863281
6.3495893478393555
6.493350982666016
5.6349358558654785
5.6784186363220215
5.807484149932861
6.256810665130615
5.016679286956787
5.122219085693359
6.774727821350098
7.285722732543945
6.464083194732666
7.139434814453125
6.795624256134033
7.507069110870361
4.671716690063477
4.939261436462402
5.087590217590332
5.059357643127441
4.2815260887146
4.3704514503479
6.6831865310668945
6.466281414031982
5.355186462402344
5.706511974334717
5.652690410614014
5.856600761413574
4.59915828704834
5.166196346282959
4.528114318847656
5.689386367797852
4.3337016105651855
4.923164367675781
6.546718120574951
7.459952354431152
5.477293968200684
6.157173156738281
5.597849369049072
6.545488357543945
5.2680463790893555
5.682526588439941
5.615869522094727
5.950518608093262
4.717380046844482
4.927674293518066
7.368061542510986
7.53690767288208
5.992421627044678
6.153677940368652
6.261213302612305
6.607292175292969
6.070852756500244
5.78640604019165
6.375918388366699
6.365436553955078
5.38196325302124
5.299625396728516
7.873018264770508
7.717775821685791
6.87084436416626
7.011966228485107
7.295729637145996
7.250638961791992
4.818958282470703
5.895204544067383
4.946537494659424
6.111275672912598
4.276345252990723
5.046230792999268
6.7196221351623535
7.435506343841553
5.475972652435303
6.305089950561523
5.772377967834473
6.696776390075684
6.216466903686523
5.301743507385254
6.404706954956055
5.608750820159912
5.433167457580566
4.729411602020264
7.717246055603027
7.096282005310059
6.992659568786621
6.290750026702881
7.326239585876465
6.598221778869629
4.393648147583008
5.180512428283691
4.5831217765808105
5.24847936630249
3.9815444946289062
4.489343643188477
5.619421482086182
6.322229862213135
4.987467288970947
5.953872203826904
5.272870063781738
6.086502552032471
4.6009111404418945
5.074767112731934
4.517142295837402
5.433008193969727
4.358297824859619
4.627846717834473
6.073960304260254
6.1600117683410645
5.612750053405762
5.898266315460205
5.713737487792969
6.2675065994262695
4.6536970138549805
4.9823198318481445
4.854332447052002
4.993875980377197
3.936535596847534
4.27739953994751
5.958856582641602
6.3240814208984375
5.110604286193848
5.747359275817871
5.63674259185791
5.932012557983398
4.254532814025879
5.376217842102051
4.221317768096924
5.724756717681885
4.073889255523682
4.660902500152588
5.887757301330566
6.613346099853516
5.3280205726623535
6.189607620239258
5.478541374206543
6.860315322875977
5.053943634033203
5.097105979919434
5.503365993499756
5.434402942657471
4.450392246246338
4.306812286376953
6.453848838806152
6.3585309982299805
5.617088317871094
5.837430953979492
5.954489707946777
6.030263900756836
4.527622222900391
5.654335975646973
4.7905778884887695
6.305720329284668
4.223581790924072
5.0496673583984375
6.115512371063232
6.845304012298584
5.726717472076416
6.59135627746582
5.817390441894531
7.058381080627441
7.028446197509766
7.0243330001831055
6.872862339019775
7.566202640533447
6.611273765563965
6.661443710327148
6.35752534866333
7.208442687988281
5.206545829772949
5.794733047485352
5.367501735687256
5.936675071716309
4.584323406219482
5.007273197174072
6.533905982971191
7.036473751068115
5.57469367980957
6.137007236480713
5.901453018188477
6.549410343170166
6.048904895782471
5.5922160148620605
6.164555549621582
5.666679382324219
5.353507041931152
5.091923713684082
7.183261394500732
6.863448143005371
6.703535556793213
6.33331823348999
7.072775363922119
6.5519866943359375
4.851954460144043
4.766427993774414
5.148289680480957
4.716069221496582
4.208045959472656
4.0415215492248535
6.012540340423584
6.124281406402588
5.418720722198486
5.528143882751465
5.724545478820801
5.621586322784424
4.061244010925293
5.420154571533203
3.9826009273529053
5.715773582458496
3.879643678665161
4.786012172698975
5.797489643096924
6.529327869415283
5.197275161743164
6.4560112953186035
5.259398460388184
6.7507452964782715
4.532967567443848
5.3971147537231445
4.592978000640869
5.288660049438477
4.040659427642822
4.475452423095703
5.972078800201416
6.530104637145996
5.189126014709473
5.980448246002197
5.447824001312256
6.168164253234863
4.5745649337768555
5.177677154541016
4.427289962768555
5.546766757965088
4.245893955230713
4.793086051940918
6.123666763305664
6.6236138343811035
5.529239654541016
6.21896505355835
5.665358543395996
6.630535125732422
4.9142231941223145
5.6183881759643555
5.010186195373535
5.779778480529785
4.360830307006836
4.841189861297607
6.365972518920898
6.903384685516357
5.401683330535889
5.888953685760498
5.658142566680908
6.313440322875977
5.885551452636719
5.3849334716796875
5.896753311157227
5.455764293670654
5.200682163238525
4.9567389488220215
7.144007205963135
6.832653999328613
6.4296135902404785
6.183381080627441
6.797615051269531
6.436481475830078
6.587027072906494
7.102359294891357
7.3395676612854
7.0489726066589355
6.643830299377441
6.575062274932861
6.406320095062256
7.205481052398682
4.084292411804199
4.916325569152832
4.423943519592285
5.021336555480957
3.8018205165863037
4.215673923492432
6.199923038482666
6.596454620361328
4.920678615570068
5.643102169036865
5.188017845153809
5.813693523406982
4.256347179412842
4.964687347412109
4.319135665893555
5.539097785949707
4.066524028778076
4.647307395935059
6.253505706787109
6.894944667816162
5.340854167938232
6.083648204803467
5.422516345977783
6.471888542175293
5.1720685958862305
5.052742958068848
5.774942874908447
5.309057235717773
4.624150276184082
4.3808207511901855
6.762522220611572
6.590081214904785
5.674930095672607
5.886988639831543
6.1911725997924805
6.076406002044678
4.492562294006348
5.548026084899902
4.570262432098389
6.634456634521484
4.28113317489624
5.108659267425537
6.3645243644714355
6.998302936553955
5.680429935455322
6.676551342010498
5.76792573928833
7.123056411743164
7.216208457946777
6.984320163726807
6.7629265785217285
7.582796573638916
4.498764514923096
4.770193099975586
4.972073078155518
5.066465854644775
4.067060947418213
4.186222076416016
5.61847448348999
5.873251438140869
5.251312255859375
5.6437153816223145
5.655981540679932
5.819334983825684
4.38459587097168
5.413784980773926
4.521632194519043
5.890484809875488
4.173718452453613
4.866357326507568
5.851344585418701
6.2986040115356445
5.630937099456787
6.387231826782227
5.712716579437256
6.866438865661621
5.130331039428711
5.529319763183594
5.3358612060546875
5.6323699951171875
4.39718770980835
4.696008205413818
6.3193159103393555
6.74849271774292
5.591316223144531
6.1953887939453125
5.887472152709961
6.422207832336426
4.882688522338867
5.60619592666626
5.1048903465271
5.929769039154053
4.697373390197754
4.961188793182373
6.573894500732422
6.839162349700928
6.146513938903809
6.5390448570251465
6.33072566986084
6.858691692352295
5.693045616149902
6.418593406677246
6.1794304847717285
6.031797885894775
6.642706394195557
7.123863220214844
7.376232624053955
7.111806392669678
4.218867301940918
5.67190408706665
4.541008472442627
5.847232341766357
3.742540121078491
4.950393199920654
5.604619026184082
6.611433506011963
4.795252799987793
5.985404014587402
5.075679779052734
6.3706865310668945
5.924655914306641
4.943411350250244
6.074422836303711
5.305850982666016
5.334864616394043
4.412909984588623
6.817231178283691
6.044203281402588
6.546675205230713
5.677928447723389
6.873813629150391
6.045448303222656
5.792930603027344
6.480728626251221
6.035060405731201
6.352977275848389
7.044182777404785
7.12087345123291
6.894077777862549
7.519349098205566
5.723059177398682
6.578098773956299
6.752593517303467
6.007401466369629
5.034641265869141
4.985133647918701
5.468865394592285
5.291143417358398
4.530303001403809
4.3156585693359375
6.449782848358154
6.437519073486328
5.6980719566345215
5.663691997528076
5.905852317810059
5.9224467277526855
5.120228290557861
5.555624008178711
5.327160358428955
5.932487964630127
4.653525352478027
5.153217315673828
6.517630577087402
6.797417163848877
6.050812721252441
6.524370193481445
6.38337516784668
6.716823101043701
4.972236633300781
5.562143325805664
5.346080780029297
5.867439270019531
4.519429683685303
4.91052770614624
6.534696578979492
6.84604549407959
5.728425979614258
6.080036640167236
5.981310844421387
6.503211975097656
5.537590026855469
5.6068525314331055
5.778522491455078
6.366300582885742
5.174757957458496
5.137080669403076
6.914355754852295
7.272178649902344
6.427258014678955
7.008220195770264
6.682251930236816
6.958083152770996
5.417083740234375
5.676817893981934
5.817534446716309
5.917383193969727
4.7522759437561035
4.923526287078857
6.882879257202148
6.918068885803223
5.980463027954102
6.195916175842285
6.369110107421875
6.562775135040283
5.537383079528809
5.905454158782959
5.596882343292236
6.4998064041137695
5.081509590148926
5.304436683654785
6.724502086639404
7.121053218841553
6.313849449157715
6.878195285797119
6.524530410766602
7.213569641113281
6.423695087432861
6.413320064544678
6.217030048370361
6.824285984039307
4.955995559692383
5.588460922241211
5.377971649169922
5.918746471405029
4.359560966491699
4.781571865081787
6.183839797973633
6.821673393249512
5.395395755767822
6.18499231338501
5.701604843139648
6.497308731079102
5.148748397827148
5.6646575927734375
5.420363426208496
6.328580856323242
4.867660045623779
5.075964450836182
6.7614006996154785
6.76238489151001
6.123499870300293
6.400779724121094
6.214543342590332
6.6437883377075195
4.856689453125
5.5647687911987305
5.065159797668457
5.750685214996338
4.254955291748047
4.817050933837891
5.996730327606201
6.552412986755371
5.318846225738525
6.138988971710205
5.780476093292236
6.364964485168457
5.400957107543945
5.502652168273926
5.25051212310791
5.7130045890808105
4.899468898773193
4.893540859222412
6.509407043457031
6.539505958557129
6.111784934997559
6.256034851074219
6.314665794372559
6.741410255432129
5.441924571990967
5.842071533203125
5.635498046875
6.052684783935547
4.772303581237793
5.046822547912598
6.47063684463501
6.728218078613281
5.8565802574157715
6.237156391143799
6.304561138153076
6.653010368347168
6.154144287109375
5.8551788330078125
6.3793230056762695
6.121541976928711
5.449710845947266
5.24172306060791
7.002962589263916
6.783140659332275
6.900990962982178
6.563127517700195
7.310922145843506
7.002472877502441
5.980008602142334
6.432192325592041
6.818706512451172
6.544666290283203
6.08111047744751
6.854776859283447
7.100818634033203
6.456048965454102
6.682559490203857
6.630473613739014
6.4073615074157715
7.294759273529053
5.830220699310303
6.098977088928223
6.214629650115967
6.622226238250732
5.848312854766846
6.478869438171387
6.220423698425293
6.532268047332764
6.315382480621338
6.206298828125
6.091742992401123
6.718481063842773
4.757571220397949
5.264692306518555
5.092655181884766
5.477299690246582
4.184838771820068
4.395991802215576
6.379703044891357
7.031688690185547
5.645819187164307
6.041317462921143
5.894340991973877
6.276432037353516
4.701960563659668
5.369924545288086
4.830948829650879
5.89202880859375
4.339295387268066
4.912021636962891
7.06510066986084
7.043031692504883
5.936209201812744
6.58452844619751
6.095583915710449
6.917553901672363
6.301389217376709
7.32952880859375
7.6150689125061035
6.881163120269775
6.182701110839844
6.840076446533203
6.499521732330322
6.872990131378174
6.255199432373047
6.1429877281188965
5.785841941833496
6.822341442108154
6.7897257804870605
7.165716648101807
7.438385009765625
7.213351726531982
4.593957901000977
5.060488700866699
4.868890285491943
5.260163307189941
4.074181079864502
4.361246585845947
6.156128883361816
6.326839923858643
5.270029544830322
5.660005569458008
5.7317304611206055
6.03306770324707
4.859469413757324
5.4598493576049805
4.804003715515137
5.742429256439209
4.412705898284912
4.763947486877441
6.153464317321777
6.601052761077881
5.56699800491333
6.31199836730957
5.907195091247559
6.778661727905273
5.379247188568115
6.2590508460998535
5.806172847747803
6.072379112243652
6.360020160675049
6.474417209625244
6.260839939117432
6.7614922523498535
6.7511115074157715
6.727672576904297
6.438168048858643
7.3159332275390625
7.490083694458008
7.44748592376709
7.375990390777588
7.88503360748291
4.951432228088379
4.963829517364502
5.36161470413208
5.169130325317383
4.296521186828613
4.200313568115234
6.544477462768555
6.624227046966553
5.66235876083374
5.869922161102295
6.0679216384887695
6.033435821533203
4.4779462814331055
5.7166829109191895
4.570653915405273
6.2363057136535645
4.234909534454346
5.00886869430542
6.457131385803223
7.181793212890625
5.734769821166992
6.60859489440918
5.783196449279785
7.083521842956543
6.26640510559082
6.7872114181518555
6.463428020477295
7.0049333572387695
5.63276481628418
5.596525192260742
5.807949066162109
5.4817352294921875
4.804784297943115
4.700629711151123
6.887240409851074
6.9158616065979
6.007803440093994
6.099669456481934
6.387045383453369
6.299783706665039
4.938632965087891
5.997950077056885
4.708763122558594
6.126363754272461
4.632567882537842
5.284811496734619
6.544687747955322
7.2218017578125
5.76329231262207
6.751675128936768
5.923283576965332
7.069639205932617
6.501668930053711
6.480948448181152
6.294612407684326
6.960631370544434
5.151348114013672
5.567020416259766
5.398929595947266
5.819021224975586
4.704508304595947
4.844693183898926
7.01198673248291
7.41402006149292
5.750511169433594
6.152589797973633
5.9201507568359375
6.550144195556641
5.785783767700195
5.43359899520874
5.802772521972656
5.866714000701904
5.105872631072998
5.1451873779296875
7.4849066734313965
7.345431804656982
6.514590740203857
6.744694232940674
6.859964847564697
6.789509296417236
6.196877479553223
6.748941898345947
6.651706695556641
6.707464694976807
6.174757480621338
6.431459903717041
6.571950435638428
6.773858547210693
6.743887901306152
6.928213596343994
6.880959510803223
7.437533855438232
6.39511251449585
7.0121026039123535
6.65957498550415
7.098589897155762
7.206024169921875
7.323642253875732
7.608823299407959
7.557093143463135
4.756807804107666
4.985683441162109
5.122817039489746
5.289475440979004
4.253973960876465
4.326991558074951
6.9876251220703125
7.139365196228027
5.698992729187012
5.832245826721191
6.008962631225586
6.034892559051514
4.555859088897705
5.464425086975098
4.74894905090332
5.968050003051758
4.335245609283447
5.009463310241699
7.052116394042969
7.591404438018799
5.79502010345459
6.620558261871338
5.887033462524414
7.026745319366455
6.294710636138916
6.783087253570557
6.440094947814941
7.014167308807373
6.806650638580322
7.124686241149902
6.966483116149902
7.275966167449951
5.759303569793701
6.430685043334961
5.934999942779541
6.360726833343506
5.893226146697998
6.530849456787109
6.288149356842041
6.421331882476807
5.4570536613464355
5.721811294555664
5.774935722351074
6.174576759338379
4.776622295379639
4.9386701583862305
6.9678754806518555
7.089985370635986
6.150924205780029
6.406900882720947
6.467097759246826
6.701072692871094
5.584485054016113
5.774605751037598
5.968587875366211
6.249408721923828
5.155002593994141
5.259646892547607
7.288909912109375
7.47002649307251
6.668711185455322
6.896298885345459
6.761369705200195
7.169212341308594
6.343349933624268
6.895704746246338
6.7501726150512695
6.915164470672607
6.804714679718018
6.658750534057617
6.421880722045898
7.234102249145508
5.674448490142822
5.655925273895264
5.296497821807861
6.086808204650879
4.497326850891113
5.419279098510742
4.826018810272217
5.5595808029174805
4.142178058624268
4.599915981292725
6.631747722625732
7.163810729980469
5.281750202178955
5.981791973114014
5.439019203186035
6.26655387878418
5.112567901611328
5.1158013343811035
4.998615264892578
5.496002674102783
4.617776870727539
4.753739833831787
6.9511189460754395
7.185483455657959
5.808678150177002
6.199007034301758
6.127288818359375
6.374852657318115
4.258938789367676
5.107975006103516
4.487955093383789
5.063897609710693
3.864609479904175
4.338801860809326
5.78674840927124
6.353293418884277
4.80424165725708
5.80775260925293
5.286323547363281
5.947093963623047
4.420438289642334
5.099129676818848
4.295844078063965
5.393450736999512
4.132083415985107
4.6215739250183105
5.919653415679932
6.372775077819824
5.433586120605469
5.853240489959717
5.506424903869629
6.454286575317383
5.8211236000061035
6.40686559677124
5.916463851928711
6.430226802825928
7.284820556640625
7.339621067047119
7.49200439453125
7.72216272354126
6.108160018920898
6.612326622009277
6.217531204223633
6.752623081207275
6.833436965942383
6.839287757873535
6.431107521057129
7.153352737426758
6.079732418060303
6.952127933502197
7.230177402496338
6.410941123962402
6.896912574768066
6.938719272613525
6.611363887786865
7.417691707611084
6.810839653015137
6.976551532745361
6.91295862197876
7.380149841308594
6.319314956665039
6.709463596343994
7.00944709777832
6.892327785491943
6.821877479553223
6.981352806091309
7.25860595703125
7.359930992126465
6.7377166748046875
6.656656742095947
6.452681541442871
7.12408971786499
6.8463311195373535
6.998191833496094
6.951649188995361
7.406543254852295
5.824985027313232
6.342245101928711
5.93361234664917
6.445067405700684
4.232194423675537
5.127693176269531
4.4102373123168945
5.156317710876465
3.789356231689453
4.308869361877441
6.038191318511963
6.64088249206543
4.835897922515869
5.782345294952393
5.124128818511963
5.9737396240234375
4.395249366760254
5.034552097320557
4.370312213897705
5.3748979568481445
4.100159645080566
4.512242317199707
6.227231979370117
6.683605194091797
5.343038558959961
5.920759201049805
5.513236045837402
6.35353946685791
5.858648300170898
6.354557514190674
5.907067775726318
6.4219770431518555
6.311901569366455
6.344545841217041
5.953459739685059
6.5988078117370605
6.676619529724121
6.726589679718018
6.4726715087890625
7.164608478546143
6.5171966552734375
7.122249126434326
6.786247253417969
7.100904941558838
7.305971622467041
7.746180057525635
7.80946683883667
7.64221715927124
6.303927421569824
6.501515865325928
6.480562210083008
6.72247838973999
5.97722053527832
6.475868225097656
6.611949443817139
6.278468608856201
6.220110893249512
6.084210395812988
6.0148606300354
6.623988151550293
6.511800289154053
7.011875629425049
7.225068092346191
6.979895114898682
4.820087432861328
4.959959030151367
4.922431945800781
4.780951499938965
4.275231838226318
4.184576034545898
6.506640911102295
6.31960391998291
5.546469211578369
5.528379917144775
5.808762550354004
5.651922702789307
4.224634170532227
5.332529544830322
4.143322944641113
5.5791015625
4.072874546051025
4.882955074310303
6.093440532684326
7.065341949462891
5.204436302185059
6.437409400939941
5.316519737243652
6.7841291427612305
6.834479808807373
6.828765869140625
6.660398960113525
7.472586154937744
5.853567600250244
7.069426536560059
7.353859901428223
6.383070468902588
6.910426616668701
6.911624431610107
6.640784740447998
7.29396390914917
6.6759867668151855
7.184001445770264
7.441577434539795
7.15559720993042
4.728410720825195
5.258610248565674
4.922406196594238
5.422294616699219
4.2162017822265625
4.5623345375061035
6.012556552886963
6.3224778175354
5.283479690551758
5.774270057678223
5.541808128356934
5.955715179443359
4.960280418395996
5.461465835571289
4.869007110595703
5.719778060913086
4.679219722747803
4.8991379737854
6.13066291809082
6.5635833740234375
5.696281433105469
6.34828519821167
5.801080703735352
6.5170745849609375
5.715144634246826
6.91560697555542
7.153467655181885
6.191741943359375
4.591492652893066
4.90806770324707
4.967907905578613
5.1219682693481445
4.403208255767822
4.273675441741943
6.782362937927246
6.77525520324707
5.347471714019775
5.613670825958252
5.682579040527344
5.859861373901367
4.66731595993042
5.2072954177856445
4.646846771240234
5.806804656982422
4.30990743637085
5.034571170806885
6.729735851287842
7.30627965927124
5.557872295379639
6.181188583374023
5.77580451965332
6.55119514465332
6.370393753051758
6.568944454193115
6.5883097648620605
6.899384021759033
7.266244888305664
7.225034236907959
7.49470853805542
7.570461750030518
6.246099948883057
7.187593460083008
7.361504554748535
6.68712854385376
5.750277042388916
6.370019912719727
6.09898042678833
6.189263343811035
6.735347270965576
7.03623104095459
6.854696750640869
7.2000412940979
5.741241455078125
6.214427471160889
5.890636444091797
6.303130149841309
4.387571811676025
4.885193824768066
4.726361274719238
4.953315258026123
3.8513870239257812
4.172158241271973
6.082529544830322
6.362446308135986
4.928048610687256
5.545594692230225
5.345879077911377
5.747003555297852
4.3607330322265625
5.24702787399292
4.349547863006592
5.604748725891113
4.056240081787109
4.56312894821167
6.197839736938477
6.761321067810059
5.3162522315979
5.90964412689209
5.418734550476074
6.4520158767700195
6.286681652069092
6.843444347381592
6.617980480194092
6.7598958015441895
7.325415134429932
7.219616413116455
6.869593143463135
7.704779624938965
5.822168350219727
6.402839660644531
6.11123514175415
6.345012187957764
5.551273822784424
5.963244915008545
5.765947341918945
6.1833648681640625
6.750152587890625
6.977583885192871
6.86765193939209
7.115231037139893
7.0089921951293945
6.956273555755615
7.2433762550354
7.309935092926025
6.386030673980713
6.435954570770264
6.284924030303955
6.854860305786133
6.75332498550415
7.147751808166504
6.98425817489624
7.28849458694458
6.414219856262207
6.798736572265625
6.601017475128174
7.001065731048584
5.813139915466309
6.492131233215332
6.103651523590088
6.266038417816162
6.840327739715576
7.14674711227417
6.983900547027588
7.308156490325928
6.329354286193848
6.714293003082275
6.58498477935791
6.987057209014893
6.781556129455566
6.875203609466553
6.629698753356934
7.247049331665039
6.8222551345825195
7.024387359619141
6.956930160522461
7.126097679138184
6.339667320251465
6.845125198364258
6.866652488708496
6.830442905426025
5.966872215270996
6.530815124511719
6.245845317840576
6.590518951416016
6.5217604637146
6.482258319854736
6.286813735961914
7.063836097717285
6.248466491699219
6.868955612182617
6.513242244720459
6.888782501220703
5.55181884765625
6.713939189910889
6.900701522827148
5.948929786682129
6.822094440460205
6.782119274139404
6.62335205078125
7.40606689453125
6.561478614807129
7.33781099319458
7.66569185256958
6.949511528015137
6.4574480056762695
7.002585411071777
7.005323886871338
7.019246578216553
5.759694576263428
5.8240203857421875
5.380677223205566
6.220551490783691
6.209164142608643
6.793179035186768
6.639405250549316
6.810686111450195
6.396636009216309
6.948047161102295
6.721297740936279
6.860403537750244
5.73474645614624
6.242947101593018
6.378729820251465
6.158356189727783
6.284865379333496
6.680441379547119
6.59298038482666
6.881113529205322
6.297016620635986
6.048398971557617
5.9484052658081055
7.125589847564697
6.13793420791626
6.789453506469727
6.546217918395996
6.569783687591553
6.5471038818359375
6.873438358306885
7.142271518707275
6.801913738250732
6.4681243896484375
7.071455001831055
7.0038933753967285
6.961442947387695
6.5690436363220215
6.872812271118164
6.646424293518066
7.2360382080078125
6.817347049713135
7.208545207977295
7.015930652618408
7.32988977432251
6.0126190185546875
6.600466728210449
6.303262710571289
6.627797603607178
6.440377712249756
6.866261005401611
6.6687774658203125
6.901827335357666
6.126688480377197
6.250467300415039
6.085309982299805
6.664959907531738
5.957639694213867
6.5798821449279785
6.615553855895996
6.555361747741699
5.44618558883667
5.978260517120361
5.815012454986572
6.125520706176758
6.085528373718262
6.6745171546936035
6.471127510070801
6.590836524963379
5.387022495269775
6.22891092300415
6.019946575164795
6.030956745147705
7.200233459472656
7.581587791442871
7.6887993812561035
7.568193435668945
6.276880264282227
6.647880554199219
6.670721530914307
6.989413738250732
6.750322341918945
6.737075328826904
6.43046236038208
7.346201419830322
5.854597091674805
6.473172664642334
6.330023765563965
6.397177696228027
6.210445404052734
6.177394866943359
5.854739665985107
6.709389686584473
6.883810520172119
6.714484214782715
6.460081577301025
7.241200923919678
6.359537601470947
6.918088436126709
7.042882442474365
6.6610612869262695
6.459791660308838
6.776294231414795
6.530617713928223
7.099260330200195
6.599359035491943
6.539041519165039
6.500701904296875
7.058695316314697
5.629297733306885
5.513602256774902
6.156412601470947
5.862937927246094
4.914556503295898
4.891417026519775
8.01717758178711
7.499759197235107
6.387556076049805
5.980642795562744
6.883965492248535
6.480545997619629
5.995291233062744
6.204704284667969
6.483519554138184
7.0748491287231445
5.460526466369629
5.507347106933594
8.267200469970703
8.701485633850098
6.79538631439209
7.407013893127441
7.225037574768066
7.915290832519531
6.408591270446777
6.963106155395508
6.708279132843018
7.026941776275635
5.138320446014404
5.357234001159668
5.463957786560059
5.650792121887207
4.753243446350098
4.800644874572754
7.1650214195251465
7.391284465789795
5.907409191131592
5.944066047668457
6.192798614501953
6.371730804443359
5.741694450378418
5.4520673751831055
6.006180286407471
5.948152542114258
5.200135707855225
5.253116130828857
7.587671756744385
7.484936237335205
6.47969913482666
6.722179889678955
6.8931074142456055
6.978917121887207
5.9775543212890625
6.251054763793945
6.430915355682373
6.590692043304443
5.356817722320557
6.156316757202148
5.745455741882324
6.077629566192627
6.660569190979004
7.215592384338379
7.01518440246582
7.1969428062438965
7.241175174713135
7.458626747131348
7.745645523071289
7.596546649932861
6.671041488647461
6.566444396972656
6.487123966217041
7.323740482330322
7.162935256958008
7.34874963760376
7.384792804718018
7.777740478515625
6.517838478088379
6.90401554107666
6.9955735206604
6.864012718200684
6.785738468170166
7.020266056060791
6.971189975738525
7.18654203414917
6.222158432006836
6.427520751953125
6.327878475189209
6.604456424713135
6.751951694488525
6.823635578155518
6.671779155731201
7.156375408172607
7.569363117218018
7.625317096710205
7.710011005401611
7.917675495147705
7.770700931549072
7.259346961975098
7.664024353027344
8.16136360168457
6.570791721343994
6.409664154052734
6.263174533843994
7.085627555847168
6.714987754821777
6.736427307128906
6.318294048309326
7.008072376251221
5.743779182434082
6.30364465713501
5.928792476654053
6.247583866119385
6.326291561126709
6.87053918838501
7.031604290008545
6.636435031890869
6.912940979003906
7.273952960968018
7.524495601654053
7.334081172943115
6.394247531890869
6.5429887771606445
6.234549045562744
6.734652042388916
5.494852542877197
6.148783206939697
5.734559535980225
6.045830726623535
6.398939609527588
6.353891849517822
6.028156280517578
7.0016984939575195
7.900561809539795
7.456960201263428
7.903533935546875
8.328828811645508
6.643110752105713
7.256662845611572
7.225625038146973
7.140020847320557
4.9270453453063965
5.139133453369141
5.29927921295166
5.432704925537109
4.343412399291992
4.3965325355529785
6.714582920074463
6.831528663635254
5.6945013999938965
6.022270202636719
6.019766330718994
6.252845287322998
4.604398250579834
5.467222213745117
4.724653244018555
6.030895233154297
4.325450420379639
4.981053829193115
6.628732681274414
7.289621353149414
5.874619483947754
6.597540855407715
5.972686767578125
6.934545516967773
6.60136079788208
6.670439720153809
6.347077369689941
7.124001502990723
5.617291450500488
6.401777267456055
6.123069763183594
6.343680381774902
6.284554481506348
6.215139865875244
5.935118198394775
6.8921709060668945
6.920585632324219
6.994191646575928
6.818223476409912
7.44828462600708
6.345392227172852
6.786688327789307
6.577291965484619
6.767465591430664
4.457324981689453
5.458558082580566
4.661026954650879
5.7150468826293945
4.074918746948242
4.679736614227295
5.572012901306152
6.340482234954834
5.279635906219482
5.850864887237549
5.466598033905029
6.290613174438477
5.462871551513672
5.231562614440918
5.458554744720459
5.749563217163086
4.889800548553467
4.762267112731934
6.247688293457031
6.033880233764648
6.0878987312316895
6.381458759307861
6.4264116287231445
6.693195343017578
6.819437503814697
7.0310821533203125
7.119851112365723
7.469533443450928
6.528439998626709
6.497198581695557
6.284593105316162
6.944886684417725
6.690142631530762
7.2195725440979
6.99613094329834
7.217499732971191
6.043684482574463
6.376593112945557
6.0371809005737305
6.774655818939209
5.869634628295898
6.470654010772705
6.093332290649414
6.398214340209961
6.1868577003479
6.836162567138672
6.4951491355896
6.83012580871582
6.351247310638428
6.704498291015625
6.332408905029297
7.042220592498779
7.01196813583374
6.943124771118164
7.16471004486084
7.544861793518066
4.781181812286377
5.057974338531494
4.9785919189453125
5.2647600173950195
4.310906887054443
4.425900936126709
6.697027683258057
7.033742427825928
5.327439308166504
5.858713150024414
5.687509059906006
6.015563488006592
4.587015151977539
5.557489395141602
4.76231050491333
5.951958656311035
4.327251434326172
4.996816158294678
6.834949970245361
7.22737979888916
5.775259971618652
6.4661688804626465
5.828930377960205
6.868390083312988
6.373537063598633
6.987790584564209
6.647194862365723
6.941580295562744
7.086312294006348
7.0600056648254395
7.243438720703125
7.54057502746582
6.743008613586426
7.304198265075684
7.245153903961182
7.354451656341553
7.251075744628906
7.428417682647705
7.8884148597717285
7.859913349151611
6.685269832611084
6.5843682289123535
6.393778324127197
7.317999839782715
7.0166802406311035
7.200095176696777
7.209097862243652
7.668690204620361
6.129167079925537
6.364723205566406
6.284937381744385
6.678237438201904
6.345181465148926
6.967813968658447
6.539817810058594
6.994516849517822
5.273880958557129
6.081335067749023
5.559969425201416
5.930669784545898
6.6869940757751465
6.703815460205078
6.620119571685791
7.1931304931640625
6.553724765777588
6.872596263885498
6.726049900054932
7.120237827301025
6.505486488342285
6.5529961585998535
6.566827774047852
7.155749797821045
7.095735549926758
7.345377445220947
7.516477108001709
7.366811275482178
5.861349582672119
6.156626224517822
6.060231685638428
6.552156448364258
5.8370819091796875
6.399389266967773
5.89500093460083
6.453455448150635
4.31571102142334
4.8360724449157715
4.791818141937256
5.237133979797363
3.9173576831817627
4.190150737762451
6.633714199066162
7.053938865661621
5.276848793029785
5.827008247375488
5.470658302307129
5.790674209594727
4.2500505447387695
5.024569034576416
4.549389839172363
5.624293327331543
4.145871639251709
4.585905075073242
6.871392250061035
7.149712562561035
5.711813449859619
6.370455265045166
5.587686061859131
6.536215782165527
6.225567817687988
6.115734577178955
5.811105251312256
6.434839248657227
5.097825527191162
5.868763446807861
5.368495464324951
5.750962257385254
5.998597145080566
6.839109897613525
6.415349960327148
6.619592666625977
5.9533796310424805
6.207479953765869
5.935893535614014
6.3646931648254395
6.843861103057861
7.123433589935303
7.4056243896484375
7.261220455169678
7.271311283111572
7.2528228759765625
7.204532146453857
7.697972774505615
7.058980464935303
7.006099224090576
6.613996982574463
7.4176459312438965
6.187237739562988
6.799498081207275
6.383272171020508
6.748638153076172
6.025511264801025
6.591556072235107
6.091468811035156
6.624211311340332
7.11257266998291
7.108499050140381
6.9269914627075195
7.655699253082275
6.857612133026123
6.989382266998291
6.993174076080322
7.34413480758667
7.2812066078186035
6.981540203094482
7.415272235870361
7.669950008392334
6.430856704711914
6.94616174697876
6.874199867248535
6.952276706695557
5.670809268951416
6.097288608551025
5.759575843811035
5.978633403778076
6.929683685302734
7.508302688598633
7.415106296539307
7.490028381347656
6.228147029876709
6.261394500732422
6.326466083526611
6.773916244506836
6.064013957977295
6.015316486358643
5.754534721374512
6.54936408996582
6.251797199249268
6.857594013214111
6.5295090675354
6.953940391540527
6.735540866851807
6.6940693855285645
6.185884475708008
6.979604244232178
5.952769756317139
6.33228063583374
6.100645542144775
6.611819267272949
6.7206292152404785
6.89658784866333
6.829953670501709
7.388932228088379
6.570271015167236
7.137824058532715
7.061682224273682
7.1983489990234375
6.79388427734375
6.667354583740234
6.385763645172119
7.441202640533447
7.005876541137695
7.153393268585205
7.07025146484375
7.334848880767822
6.536368370056152
6.882948875427246
7.038466930389404
7.214648723602295
6.088829517364502
6.327699184417725
6.163717746734619
6.406716346740723
6.244318962097168
7.173338413238525
7.428053379058838
6.540781497955322
6.431381702423096
7.244028091430664
7.522910118103027
6.830196857452393
6.4198899269104
6.868846893310547
6.576757431030273
7.090309143066406
6.165719032287598
6.732501983642578
6.72320556640625
6.683995723724365
5.5984272956848145
6.170374393463135
5.785934925079346
6.1015753746032715
7.154308795928955
7.480312824249268
7.766576290130615
7.4219207763671875
5.851338863372803
5.878136157989502
5.650087833404541
6.3207244873046875
6.741026401519775
7.035959720611572
6.991016387939453
7.165425777435303
6.661280632019043
6.787380218505859
6.608333110809326
7.18240213394165
5.826989650726318
6.556582927703857
6.228322505950928
6.474897861480713
6.62748908996582
6.964367389678955
7.233500003814697
6.8669586181640625
5.550596714019775
6.233564853668213
5.844780445098877
6.191773414611816
6.164949893951416
6.451753616333008
6.715603351593018
6.59250020980835
6.010439395904541
6.49069881439209
6.089582920074463
6.6436309814453125
6.77305793762207
7.22831916809082
7.434914588928223
7.132293701171875
6.769234657287598
6.906389236450195
6.870312213897705
7.510237216949463
6.22321891784668
6.8292059898376465
6.492565631866455
6.951732635498047
7.276869297027588
7.053924560546875
6.847635269165039
7.660605430603027
6.20120906829834
6.467870712280273
6.304924488067627
6.785261154174805
6.206440448760986
6.4272074699401855
6.2136006355285645
6.693540096282959
6.480277061462402
6.42021369934082
6.227433204650879
7.07282018661499
6.400687217712402
6.665197849273682
6.895564556121826
6.792383193969727
7.0028181076049805
7.181342124938965
7.303168296813965
7.3809661865234375
5.832124710083008
6.300385475158691
6.167037010192871
6.287851333618164
6.74119758605957
6.7041449546813965
6.550959587097168
7.288839817047119
6.333237171173096
6.518627643585205
6.4322381019592285
6.972153663635254
6.30070686340332
6.789859294891357
6.822925567626953
6.996828556060791
6.187283515930176
6.219828128814697
6.074594497680664
6.688063621520996
6.005649089813232
6.387383460998535
5.989373207092285
6.578222274780273
6.544706344604492
7.0331597328186035
7.234020709991455
6.9317851066589355
7.174811363220215
7.313197612762451
7.353670120239258
7.676968097686768
6.563826560974121
7.104828834533691
6.892906188964844
7.099985122680664
6.596956729888916
6.568661689758301
6.393800258636475
7.14951229095459
6.412378787994385
7.411449909210205
7.651101112365723
6.952850341796875
6.39548397064209
7.017551898956299
6.69021463394165
7.116405963897705
6.278721809387207
6.179599285125732
5.706888675689697
6.771252155303955
5.52219820022583
6.168735027313232
5.696115970611572
6.0957794189453125
6.449127197265625
6.4097065925598145
6.21486234664917
6.865913391113281
6.644323825836182
7.1051459312438965
6.976743221282959
7.148435115814209
7.167564392089844
6.899109840393066
6.977682113647461
7.913164138793945
5.787907123565674
6.293527603149414
6.235990524291992
6.365799427032471
5.88586950302124
6.3496198654174805
6.171193599700928
6.501058578491211
5.68734073638916
6.358819961547852
6.284572124481201
6.283960819244385
6.513533115386963
7.24755334854126
7.42213773727417
6.821725845336914
6.564640998840332
6.583832740783691
6.43455696105957
7.089491367340088
6.50374698638916
7.114561557769775
7.045201778411865
6.988816261291504
5.876357078552246
6.6243062019348145
6.299806594848633
6.485414505004883
6.681215286254883
6.611746311187744
6.503583908081055
7.203307151794434
7.714200496673584
7.811158180236816
7.922922611236572
8.10879898071289
6.069709777832031
6.657656669616699
6.373175144195557
6.663410663604736
6.430775165557861
6.809946060180664
6.572694778442383
6.876772880554199
5.765224933624268
6.807168006896973
7.001962661743164
6.240634441375732
6.556957721710205
6.710817337036133
6.551551818847656
7.057981491088867
5.707075595855713
6.20758581161499
5.706108093261719
6.214497089385986
5.759468078613281
6.500280857086182
6.1729583740234375
6.383217811584473
6.633288860321045
7.211430072784424
7.085014343261719
7.188333988189697
6.1160430908203125
6.453463077545166
6.178094863891602
6.519309043884277
6.5759406089782715
7.096096515655518
7.336599826812744
7.060811996459961
6.043361663818359
6.3163042068481445
6.360260963439941
6.604757785797119
5.2989654541015625
5.9871344566345215
5.547985553741455
5.825051784515381
5.650502681732178
5.913435935974121
5.654886245727539
6.1812591552734375
6.80328369140625
7.10042667388916
6.949472427368164
7.2776031494140625
5.244966506958008
5.927077293395996
5.460717678070068
5.811724662780762
6.391244888305664
6.59900426864624
6.63730001449585
6.926783084869385
6.438360691070557
6.895742893218994
6.689033508300781
6.933055400848389
5.670042991638184
6.542969703674316
6.483998775482178
6.185192584991455
6.503518104553223
7.121715068817139
7.075732231140137
7.011534214019775
6.598927974700928
6.708444118499756
6.623518466949463
7.132419109344482
6.062768936157227
6.6859564781188965
6.5215277671813965
6.580589294433594
6.278102397918701
6.925220489501953
6.8738579750061035
6.852612018585205
6.858066558837891
7.123850345611572
7.15484094619751
7.51780366897583
6.307506084442139
6.5618767738342285
6.527850151062012
6.734488487243652
6.83436393737793
7.258294105529785
7.113918781280518
7.340541362762451
5.779682636260986
6.374395847320557
5.9638824462890625
6.3202972412109375
7.227283954620361
7.30497932434082
7.62866735458374
7.52915620803833
6.612599849700928
6.939903259277344
6.779701232910156
7.093384742736816
6.2892303466796875
6.580732822418213
6.305841445922852
6.9345574378967285
6.547981262207031
7.118638038635254
6.970420837402344
7.077118873596191
6.27276086807251
6.287041664123535
6.113152027130127
6.737513542175293
6.370051860809326
6.419635772705078
6.162726402282715
6.808493614196777
6.2826080322265625
6.322315692901611
6.193966388702393
6.8692145347595215
6.35612154006958
7.013791084289551
7.151243686676025
6.601487636566162
6.129709243774414
6.466838836669922
6.3172173500061035
6.5978684425354
5.552988052368164
5.9154953956604
5.6186699867248535
6.159544944763184
6.606090068817139
6.48607873916626
6.193785667419434
7.2286224365234375
6.9404120445251465
6.740131855010986
6.561126232147217
7.318858623504639
6.741859436035156
7.130392551422119
6.913320541381836
7.22117805480957
7.0512237548828125
7.17405891418457
6.954092979431152
7.615743160247803
5.919405460357666
6.564864635467529
6.099257469177246
6.615927219390869
5.775290012359619
6.3805084228515625
6.2006516456604
6.332535743713379
6.7132415771484375
6.568273067474365
6.321022987365723
7.284504413604736
5.6446852684021
6.3812408447265625
5.94673490524292
6.215869426727295
5.5011887550354
6.169905185699463
6.033512115478516
6.172102928161621
6.546664714813232
6.933289527893066
6.890789985656738
6.80169153213501
7.197572708129883
7.153345584869385
7.24151611328125
7.672316551208496
6.353578567504883
6.946594715118408
6.618654727935791
7.075440406799316
5.396091938018799
5.860318660736084
5.7073211669921875
6.032163143157959
6.448205947875977
6.643013000488281
6.586181163787842
6.913309574127197
6.727753639221191
6.637598514556885
6.198741436004639
7.0719313621521
6.757693767547607
6.937494277954102
6.93166971206665
7.192053318023682
6.200963497161865
6.788926601409912
6.507781982421875
6.866769313812256
6.02715539932251
6.45881986618042
6.255693435668945
6.641321182250977
5.545639991760254
5.891129970550537
5.6042160987854
5.957638263702393
6.958422660827637
7.249589920043945
7.470508098602295
7.21161413192749
7.215699195861816
7.348193645477295
7.6695075035095215
7.588258743286133
6.2739362716674805
6.793009281158447
6.4557929039001465
6.769323825836182
6.384975433349609
6.9363579750061035
6.624382495880127
6.966519832611084
6.37065315246582
6.716971397399902
6.358980178833008
7.00560998916626
6.290104866027832
6.411882400512695
6.336318016052246
6.976981163024902
7.255098819732666
7.144711017608643
7.1311492919921875
7.546140193939209
6.5781145095825195
6.844805717468262
6.628277778625488
7.233802795410156
5.185728549957275
6.363494873046875
6.535036563873291
5.604847431182861
6.738287925720215
7.138865947723389
7.318029880523682
7.117879390716553
6.534792423248291
7.0592803955078125
6.638116836547852
7.236318111419678
6.752780437469482
7.245914936065674
7.46938943862915
7.198143005371094
6.331418991088867
6.690897464752197
6.516316890716553
6.79073429107666
6.300192832946777
6.871057510375977
7.378342628479004
6.945986270904541
5.588727951049805
6.163498878479004
5.673001289367676
6.169637203216553
6.634477615356445
6.577516078948975
6.419028282165527
7.040948390960693
6.443079471588135
6.814657688140869
6.660676956176758
6.952968120574951
6.364408016204834
6.621975421905518
6.793325901031494
6.5704803466796875
6.378889560699463
6.721809387207031
6.4225287437438965
7.10908317565918
6.665059566497803
7.220822811126709
7.088530540466309
7.220972537994385
6.034940242767334
6.361471652984619
6.10466194152832
6.908860206604004
6.4877800941467285
7.09158182144165
6.772825717926025
7.053742408752441
7.132679462432861
7.1850457191467285
7.207004070281982
7.476927280426025
6.5228142738342285
6.699986934661865
6.665885925292969
6.997603416442871
6.039337635040283
6.469250202178955
6.154882431030273
6.76573371887207
6.841511249542236
7.435601234436035
7.373964309692383
7.465784549713135
6.586954116821289
7.075559139251709
6.965106010437012
7.075384616851807
7.139822959899902
6.709204196929932
7.1051249504089355
7.564385414123535
7.160374164581299
7.44665002822876
7.502854347229004
7.770119667053223
5.960638523101807
6.6275787353515625
6.5323004722595215
6.423637390136719
6.52644681930542
7.308801651000977
7.812092304229736
7.214570999145508
6.510601043701172
6.496850490570068
6.292906284332275
6.9299163818359375
6.941072940826416
7.617998123168945
7.893272399902344
7.316689491271973
6.54801607131958
6.819247245788574
7.018270969390869
6.913522243499756
6.055123329162598
6.521181106567383
6.366599082946777
6.469221591949463
6.983224868774414
7.157442092895508
7.221968173980713
7.401440143585205
5.774798393249512
6.077484130859375
5.951520919799805
6.241825580596924
6.864235877990723
7.232374668121338
7.45620059967041
7.26987361907959
6.643591403961182
6.623931884765625
6.317770481109619
7.1777825355529785
6.897675514221191
6.89330530166626
6.806612968444824
7.556754112243652
6.34057092666626
6.680967807769775
6.632330417633057
6.8080902099609375
7.028814792633057
6.921999454498291
6.601507663726807
7.407510757446289
6.723653316497803
7.266932010650635
7.140720844268799
7.248587131500244
6.316519737243652
6.662393569946289
6.36855936050415
6.708285808563232
6.413297176361084
6.3424506187438965
6.079193115234375
6.983266353607178
6.257113456726074
6.758339881896973
7.0013108253479
6.813952922821045
5.958384037017822
6.770467281341553
6.346157550811768
6.576643943786621
6.73443603515625
7.297131061553955
7.251227378845215
7.346353530883789
6.001545429229736
6.536606311798096
6.221363544464111
6.664181709289551
6.554453372955322
6.605918884277344
6.742150783538818
7.021335601806641
6.167937278747559
6.410046100616455
6.192232131958008
6.59976863861084
5.331502914428711
6.091851234436035
5.642463684082031
5.860445499420166
6.734262466430664
6.881041526794434
6.749369144439697
7.185168743133545
6.778747081756592
7.1212897300720215
7.33992862701416
7.025701999664307
6.701124668121338
6.576972007751465
6.306875705718994
7.310672283172607
6.236327171325684
6.1792216300964355
5.876729488372803
6.812287330627441
6.741889476776123
7.066291809082031
7.148828983306885
7.07713508605957
6.668178558349609
6.8322858810424805
6.772217273712158
6.918455600738525
5.979781150817871
6.18460750579834
6.161295413970947
6.712657451629639
5.508242130279541
6.05765438079834
6.017452716827393
6.185810565948486
6.463423252105713
6.8128204345703125
6.45050573348999
7.117143630981445
6.628798484802246
6.554949760437012
6.358259677886963
7.157773494720459
6.934412956237793
6.983185768127441
6.7470879554748535
7.408328533172607
6.626227378845215
6.519484043121338
6.507754325866699
7.011444091796875
5.74742317199707
6.597979545593262
6.1475701332092285
6.323615074157715
5.377401351928711
6.504828929901123
6.90201997756958
5.991586685180664
6.163172245025635
6.884177207946777
6.425505638122559
6.868551254272461
7.49628210067749
7.605246543884277
7.6774773597717285
7.868180274963379
6.061288833618164
6.5339226722717285
6.394240379333496
6.706948280334473
5.728913307189941
6.345081329345703
6.241440773010254
6.28688383102417
6.43706750869751
6.92437219619751
7.143463134765625
6.823605060577393
6.336238384246826
6.571943759918213
6.564821720123291
6.988358020782471
6.374264717102051
6.946414947509766
6.690668106079102
6.882993698120117
5.988425254821777
5.968763828277588
6.161731243133545
6.602584362030029
6.9455060958862305
7.1358466148376465
7.0201239585876465
7.548394203186035
6.245422840118408
6.887454986572266
6.562332630157471
6.790213584899902
6.236356258392334
6.450798034667969
6.272261619567871
6.773628234863281
6.04999303817749
6.490718841552734
6.325598239898682
6.598776817321777
6.204469680786133
6.397879123687744
6.605557441711426
7.057436466217041
6.650781631469727
6.899148464202881
6.659834861755371
7.271999835968018
5.885307312011719
6.403087615966797
6.1799750328063965
6.261301517486572
6.591052055358887
6.8462395668029785
6.688375949859619
7.024302005767822
6.337591648101807
6.367758750915527
6.584804058074951
6.845310211181641
6.119006633758545
6.282403469085693
6.18451452255249
6.600161075592041
5.879033088684082
6.292321681976318
6.032869815826416
6.29227876663208
6.453358173370361
6.827353000640869
6.658027172088623
6.945531368255615
7.160084247589111
7.41887092590332
7.452271461486816
7.667685508728027
5.9474639892578125
6.537635803222656
6.359362602233887
6.432659149169922
6.599005222320557
7.042871475219727
7.1056132316589355
7.094306945800781
6.326569557189941
6.580375671386719
6.484000205993652
6.792760372161865
6.595422744750977
6.751030921936035
6.497504234313965
7.13699197769165
7.053898334503174
7.278054237365723
7.614439964294434
7.545546054840088
6.147461891174316
6.322258949279785
6.34037446975708
6.832393169403076
7.067045211791992
6.869654178619385
6.955915927886963
7.4818549156188965
7.826451778411865
7.489939212799072
8.031251907348633
8.379531860351562
6.306326389312744
6.780459880828857
6.993096351623535
6.799007415771484
6.453627586364746
6.963602066040039
6.626985549926758
7.210086345672607
5.515740394592285
6.410922527313232
5.958108901977539
6.019447326660156
5.801025867462158
5.768418788909912
5.739501476287842
6.438056945800781
6.806928634643555
7.22559118270874
7.102176189422607
7.343452453613281
6.814799785614014
7.135397434234619
6.95917272567749
7.260470867156982
6.405388832092285
6.792428493499756
6.791892051696777
6.65618371963501
6.437367916107178
6.622260093688965
6.446830749511719
6.7210235595703125
6.766396522521973
6.766835689544678
6.951174259185791
7.208563327789307
6.168729305267334
6.237112998962402
6.3040032386779785
6.681389331817627
7.1864166259765625
7.425936222076416
7.671824932098389
7.542598247528076
6.755392074584961
6.957470417022705
7.020765781402588
7.432707786560059
6.666581630706787
7.073214530944824
6.869024753570557
7.167268753051758
5.9609055519104
6.528387069702148
6.160986423492432
6.61470890045166
6.22418737411499
6.8409271240234375
6.436020851135254
6.909843444824219
6.166925430297852
6.72548770904541
6.712961673736572
6.800165176391602
6.547525882720947
6.664092063903809
6.5690131187438965
7.1316680908203125
5.962050437927246
6.46281099319458
6.274139404296875
6.7722625732421875
7.216185569763184
7.100688934326172
6.743862152099609
7.607176303863525
6.570279598236084
7.152663230895996
7.008696556091309
7.148425579071045
5.876105308532715
5.896267414093018
6.069060325622559
6.3153557777404785
6.983240604400635
7.2856011390686035
7.076996326446533
7.512412071228027
6.027620792388916
6.174838542938232
6.108402252197266
6.555675029754639
6.325671672821045
6.53291130065918
6.504037857055664
6.752898216247559
6.565496921539307
7.079484939575195
6.689206600189209
7.303569316864014
6.368985652923584
6.617737293243408
6.373295307159424
6.9527482986450195
6.042646408081055
6.0352325439453125
5.86038064956665
6.577410697937012
6.787415504455566
7.047457218170166
7.217092037200928
7.141735553741455
6.309919834136963
6.234011173248291
5.9209113121032715
6.882819175720215
7.063342571258545
7.271872043609619
7.507439613342285
7.412238121032715
6.112735748291016
6.514080047607422
6.459117889404297
6.725778579711914
6.413751602172852
6.804654598236084
6.628101348876953
7.010212421417236
7.326507568359375
7.643792152404785
7.823070049285889
7.5895843505859375
6.064688682556152
6.69110631942749
6.674719333648682
6.697615623474121
7.031149387359619
6.939604759216309
6.8695855140686035
7.495758056640625
6.807995796203613
6.892883777618408
7.101410388946533
7.131771564483643
6.124765872955322
6.435155868530273
6.259223937988281
6.589453220367432
6.8942437171936035
7.302648067474365
7.401237487792969
7.300352573394775
5.788107395172119
6.132107257843018
5.948298931121826
6.360043048858643
6.294914245605469
6.32211446762085
5.984365940093994
6.703688144683838
5.341485977172852
5.747762203216553
5.478447914123535
5.689352989196777
6.392265319824219
6.60923433303833
6.963101863861084
6.767480850219727
7.121901512145996
7.38170862197876
7.685914039611816
7.412294864654541
7.2200775146484375
7.21421480178833
6.8709845542907715
7.60953426361084
6.084965229034424
6.515414714813232
6.777566909790039
6.60153341293335
5.50793981552124
6.05092716217041
5.821938991546631
6.216244220733643
7.097635746002197
7.232985019683838
7.314058780670166
7.525858402252197
6.814173698425293
6.821394920349121
6.605380535125732
7.266238689422607
6.654854774475098
6.6797709465026855
6.369620323181152
7.187750339508057
6.189255237579346
6.52568244934082
6.399055480957031
6.596898078918457
6.418126583099365
6.385120868682861
6.682703971862793
7.01910924911499
6.04668664932251
5.841795921325684
5.9146881103515625
6.704219341278076
6.196671962738037
6.577224254608154
6.384004592895508
6.733519077301025
6.2071428298950195
6.584423065185547
6.418941974639893
6.593613624572754
6.268587589263916
6.342706680297852
6.561268329620361
6.7671685218811035
7.117766380310059
7.480448246002197
7.69949197769165
7.525807857513428
6.6151509284973145
7.24656867980957
7.276795387268066
7.16771936416626
6.406017780303955
6.726968765258789
6.947226524353027
6.706048011779785
5.822959899902344
5.908148288726807
5.621026039123535
6.3025803565979
6.23656702041626
6.556305885314941
6.299144268035889
6.9128241539001465
6.144985675811768
6.524113178253174
6.5308122634887695
6.399208068847656
6.270040512084961
6.88964319229126
6.801802635192871
6.832444667816162
6.858363628387451
6.963354587554932
6.708449840545654
7.36018705368042
5.7696380615234375
5.984309673309326
5.697803020477295
6.3466572761535645
6.927156448364258
7.135683059692383
7.3584442138671875
7.232059955596924
6.139688968658447
6.659891605377197
6.414464473724365
6.5851616859436035
5.959102153778076
6.343476295471191
6.131904125213623
6.423922061920166
6.341821670532227
6.690148830413818
6.5686140060424805
6.658527851104736
5.82327938079834
6.572570323944092
6.344933986663818
6.425028324127197
6.153615474700928
6.881952285766602
6.41063117980957
6.836060047149658
6.932253360748291
7.081034183502197
6.865452766418457
7.493819236755371
6.303677082061768
7.15341854095459
7.416403293609619
6.665058612823486
6.729854106903076
6.912516117095947
6.8170623779296875
7.178826332092285
6.967172145843506
6.957240581512451
6.623274326324463
7.46110725402832
6.486612796783447
6.348568439483643
6.246012210845947
7.34881591796875
6.5130791664123535
7.0701584815979
6.925454616546631
7.026230335235596
5.966065406799316
5.876646518707275
5.528065204620361
6.49190616607666
5.849338054656982
6.566559791564941
6.226176738739014
6.384637355804443
6.905036926269531
7.133078098297119
6.972403526306152
7.446558475494385
5.8171610832214355
6.668503761291504
6.979411602020264
6.207174777984619
5.665200233459473
6.285481929779053
5.8939127922058105
6.302399635314941
6.018879413604736
6.1226983070373535
5.860994815826416
6.493670463562012
5.674198150634766
6.305710792541504
6.09964656829834
6.178020000457764
6.454209327697754
6.847553253173828
6.846264362335205
7.05487060546875
6.117424488067627
6.651041507720947
6.251137733459473
6.8596391677856445
5.818574905395508
6.08109712600708
6.065993309020996
6.420984268188477
5.947342395782471
6.192034721374512
5.924228191375732
6.5768609046936035
6.507623672485352
6.929444313049316
6.738455772399902
7.05324125289917
6.124617099761963
6.260886192321777
6.177937984466553
6.500105381011963
6.649331092834473
7.219879150390625
7.085897445678711
7.196705341339111
6.605599880218506
6.525173664093018
6.282800674438477
7.172872066497803
5.80417537689209
6.4788289070129395
6.088892459869385
6.515026569366455
6.649960994720459
6.459385395050049
6.162436485290527
7.10374116897583
5.676573276519775
6.307703495025635
5.981668472290039
6.324132442474365
7.063185691833496
7.354772090911865
7.5277557373046875
7.303600788116455
6.620487689971924
6.811046600341797
6.834469795227051
7.0904412269592285
6.823916435241699
6.72399377822876
6.589347839355469
7.410331726074219
6.971931457519531
7.030513763427734
6.851999759674072
7.522833824157715
6.943302154541016
6.946727275848389
6.749414443969727
7.431171894073486
6.181487083435059
6.13706636428833
5.888556957244873
6.78764533996582
5.596707820892334
5.885855197906494
5.931112766265869
6.221015930175781
6.3693108558654785
6.849438667297363
6.688681602478027
6.963998317718506
6.50099515914917
6.8709893226623535
6.514570236206055
7.14860725402832
6.504918575286865
6.686593055725098
6.588950157165527
7.162474155426025
7.311501502990723
7.424924373626709
7.751337051391602
7.65410852432251
5.809037685394287
6.3008646965026855
6.061676025390625
6.263442039489746
7.201668739318848
7.447302341461182
7.698599815368652
7.55525541305542
7.23712158203125
7.409219741821289
7.44944953918457
7.783375263214111
6.304337501525879
6.689344882965088
6.610623836517334
6.8774285316467285
5.5397868156433105
6.362171649932861
5.9838433265686035
6.144071102142334
6.635178565979004
7.054844856262207
6.880068302154541
7.169984817504883
6.362585544586182
6.371189117431641
6.334445476531982
6.94634485244751
7.030601978302002
6.987864017486572
7.175249099731445
7.494040489196777
6.576333999633789
6.847243309020996
6.620421409606934
7.242549419403076
5.979484558105469
6.490750789642334
6.350379943847656
6.552728176116943
5.777232646942139
5.770195007324219
5.4154157638549805
6.287840366363525
6.279580116271973
6.193027973175049
5.889717102050781
6.809261322021484
7.44279146194458
7.0142693519592285
7.506869792938232
8.01513385772705
6.270339012145996
6.27913761138916
5.95989990234375
6.783136367797852
5.958061218261719
6.052426338195801
5.772032260894775
6.50540018081665
6.430595874786377
6.4103684425354
6.203420639038086
7.057097434997559
6.597541809082031
6.6315789222717285
6.43559455871582
7.07035493850708
6.939951419830322
7.090099811553955
7.100353717803955
7.411276817321777
6.8630194664001465
7.17171573638916
7.000368595123291
7.337155818939209
6.074066162109375
6.389088153839111
6.243852615356445
6.584399700164795
5.701776504516602
6.792899131774902
6.898975372314453
6.084425449371338
6.994446754455566
7.109555244445801
7.249446392059326
7.674957275390625
7.95731258392334
7.5760674476623535
8.038450241088867
8.408638954162598
5.748405933380127
6.177753448486328
5.947776794433594
6.1790032386779785
6.933949947357178
6.84757661819458
7.061343669891357
7.462378025054932
6.063168525695801
6.181034564971924
6.324010372161865
6.655046463012695
6.098068714141846
6.384158611297607
6.1606597900390625
6.587118625640869
6.198237895965576
6.7961602210998535
6.401162147521973
6.728804111480713
6.389900207519531
7.022119045257568
6.6703033447265625
7.071741580963135
6.93644905090332
7.31413459777832
7.33347749710083
7.205554485321045
6.1985883712768555
6.375361919403076
6.1606669425964355
6.558614730834961
5.706953525543213
6.50064754486084
6.040857791900635
6.327067852020264
5.7408318519592285
6.368271827697754
5.7669878005981445
6.292096138000488
5.058125019073486
5.92564582824707
5.358101844787598
5.659329414367676
6.128812313079834
6.324764251708984
6.057272434234619
6.650816917419434
5.865225315093994
6.274431228637695
6.117094993591309
6.482335567474365
6.9337897300720215
6.895077228546143
7.089597702026367
7.396444797515869
6.387770175933838
6.44163179397583
6.321943283081055
6.87934684753418
6.490480899810791
6.266199588775635
6.004940509796143
7.091528415679932
6.160272598266602
6.144835472106934
5.768227577209473
6.741589069366455
6.485105037689209
6.3674540519714355
6.2544732093811035
6.966359615325928
5.509500980377197
6.112863540649414
5.759857177734375
6.198551654815674
6.825098991394043
6.862492561340332
6.684140682220459
7.425448894500732
6.31262731552124
6.291601657867432
6.01338529586792
6.82181453704834
6.735300064086914
6.845940589904785
6.70097017288208
7.274714946746826
5.796998977661133
6.373798847198486
6.128928184509277
6.547121524810791
5.8420090675354
6.625710964202881
6.6149067878723145
6.395562171936035
6.192065715789795
6.289255619049072
6.09270715713501
6.62852668762207
6.388203144073486
6.725767612457275
6.373663425445557
7.062565326690674
6.793297290802002
7.138737201690674
6.937736988067627
7.347501277923584
6.079817295074463
6.730149745941162
6.344145774841309
6.824774265289307
6.974662780761719
7.469333171844482
7.5490570068359375
7.247139930725098
6.780664443969727
7.33182954788208
7.209455966949463
7.3208441734313965
5.484317302703857
6.633296489715576
6.829093933105469
5.93596076965332
7.125522136688232
7.506081581115723
7.743533611297607
7.550943851470947
7.04906702041626
7.197090148925781
7.22899055480957
7.547385215759277
6.451903820037842
6.941195964813232
7.141804218292236
6.908205509185791
6.581227779388428
6.958408832550049
6.950991153717041
7.024264812469482
7.46987247467041
7.461239337921143
7.464670181274414
7.976357460021973
5.629834175109863
6.22233247756958
5.955395221710205
6.27439022064209
6.766696453094482
7.538155555725098
7.8484787940979
7.148890018463135
7.080968379974365
7.36424446105957
7.623440265655518
7.33912992477417
6.077927589416504
6.292807579040527
6.118871212005615
6.699435234069824
7.324182510375977
7.359888553619385
7.478166580200195
7.85525369644165
7.244889259338379
7.21127986907959
7.157127380371094
7.575899600982666
7.045743465423584
7.210625648498535
7.05359411239624
7.496461868286133
6.116840839385986
6.380239963531494
6.101084232330322
6.583901882171631
5.893707275390625
6.32375955581665
6.082412242889404
6.40469217300415
6.668549537658691
6.7266845703125
6.642051696777344
7.00636625289917
7.39653205871582
7.130442142486572
6.881617069244385
7.745515823364258
6.60910177230835
7.131966590881348
7.382144451141357
7.066429138183594
7.342703819274902
7.563252925872803
7.881982803344727
7.671586990356445
6.8628363609313965
6.8033127784729
7.010914325714111
7.389426231384277
7.000116348266602
7.1583404541015625
7.176149368286133
7.486889362335205
6.361326694488525
6.2801995277404785
5.984988689422607
6.991718769073486
6.668485164642334
6.939924240112305
7.355251789093018
7.164488315582275
6.601301193237305
6.802556037902832
6.677345275878906
6.988987445831299
6.302480220794678
6.847921848297119
6.710773944854736
6.84043550491333
7.433849811553955
7.531979084014893
7.6205596923828125
7.897049903869629
6.15812349319458
6.663184642791748
6.786678314208984
6.793952941894531
6.041346073150635
6.411571025848389
6.480376720428467
6.6447954177856445
6.771727085113525
6.755866050720215
7.154776573181152
7.13041877746582
6.532320499420166
7.045923709869385
6.68070125579834
7.198586463928223
7.0504560470581055
7.008691787719727
7.22344446182251
7.519381999969482
6.902006149291992
7.0500946044921875
6.9717888832092285
7.5103888511657715
6.219088077545166
6.520698547363281
6.70188045501709
6.422087669372559
6.294498920440674
6.559854984283447
6.331477642059326
6.919096946716309
7.039620399475098
7.083986282348633
7.187858581542969
7.430346965789795
6.756571292877197
6.987437725067139
7.0123701095581055
7.320108413696289
6.346122741699219
6.832314491271973
6.44978666305542
7.056826591491699
5.811105728149414
6.36847448348999
6.459149360656738
6.21513032913208
5.452203750610352
6.180246829986572
5.757191181182861
6.042557716369629
6.571248531341553
6.876219272613525
6.672051429748535
7.11404275894165
6.407966136932373
6.721876621246338
6.708540439605713
6.637711524963379
6.1369242668151855
6.218170642852783
5.956110000610352
6.597894668579102
5.382030010223389
6.013347625732422
5.573030948638916
5.994561672210693
6.20400333404541
6.468449592590332
6.1935553550720215
6.815313816070557
5.299124717712402
6.029519081115723
5.6294403076171875
5.899080276489258
6.274074077606201
6.335094928741455
6.034529209136963
6.778579235076904
6.8059868812561035
6.9816460609436035
6.865124225616455
7.447371482849121
6.835610866546631
7.076023578643799
7.44402551651001
7.2811279296875
5.992647647857666
6.546473979949951
6.244291305541992
6.576772689819336
6.808104515075684
6.960132122039795
6.958171367645264
7.286834716796875
6.601472854614258
6.760412693023682
6.685047626495361
7.312108516693115
5.506678581237793
5.918476581573486
5.895255088806152
6.218135356903076
6.364142417907715
6.513673305511475
6.381800174713135
6.9941020011901855
5.849618434906006
6.532638072967529
6.128698825836182
6.511054039001465
5.925108432769775
6.672765731811523
6.579244613647461
6.419513702392578
6.219081401824951
6.198596477508545
5.69719123840332
6.65374755859375
6.589941024780273
6.868849754333496
7.080406665802002
6.97991418838501
6.163806438446045
6.741644382476807
6.432979106903076
6.885031700134277
5.911897659301758
6.313004493713379
6.618389129638672
6.442602157592773
6.77695894241333
6.917878150939941
6.7706804275512695
7.245663166046143
6.682258605957031
7.20613431930542
7.0081658363342285
7.2314629554748535
6.244185447692871
6.31540060043335
6.0079731941223145
6.62052583694458
6.52398681640625
7.063474655151367
6.9650702476501465
7.065917015075684
6.600008010864258
6.79330587387085
6.710142612457275
7.078096866607666
6.50501823425293
6.540324687957764
6.163963317871094
7.10692834854126
5.938684940338135
6.361861705780029
6.573103904724121
6.637292385101318
6.380094528198242
6.732329368591309
6.392093181610107
6.7686944007873535
6.415740489959717
7.006102561950684
6.589804172515869
7.05113410949707
6.897606372833252
7.220722675323486
7.008854866027832
7.433167457580566
6.720142841339111
7.24222993850708
7.495726108551025
7.1951584815979
5.990029335021973
6.601078510284424
6.253218650817871
6.601373672485352
6.931312561035156
7.327463150024414
7.424874305725098
7.344923496246338
5.9004435539245605
5.896503448486328
5.503283977508545
6.352597713470459
6.056367874145508
6.680156707763672
6.441649436950684
6.570231914520264
5.933358192443848
6.325557231903076
6.083454608917236
6.372230529785156
6.620147228240967
6.439662933349609
6.167898654937744
7.234020709991455
5.877770900726318
6.6473493576049805
6.305605411529541
6.498895168304443
5.459517478942871
6.223227500915527
5.752877235412598
5.972925662994385
7.276022911071777
7.29146671295166
7.320329666137695
8.025262832641602
6.1367621421813965
6.055192947387695
5.748867034912109
6.625906467437744
6.285521030426025
6.559329032897949
6.324926853179932
6.9227294921875
7.486445903778076
6.686441898345947
7.085347652435303
7.776294231414795
7.135412693023682
6.904380798339844
7.540274620056152
7.771604061126709
6.74498987197876
7.048969745635986
6.947685718536377
7.239931106567383
6.496152400970459
6.784542560577393
6.878118991851807
6.751944541931152
6.367260456085205
6.612666606903076
6.60495662689209
6.8847832679748535
7.173909664154053
7.255303382873535
7.606680870056152
7.644388198852539
7.115278720855713
6.983619213104248
6.856984615325928
7.46116828918457
5.758237361907959
6.167213439941406
6.0750603675842285
6.3413987159729
6.690080642700195
6.820250511169434
6.934545993804932
7.185255527496338
6.92071533203125
6.8185601234436035
6.706331253051758
7.347715854644775
5.562623977661133
6.026284694671631
5.986486911773682
6.1180596351623535
6.189476013183594
6.830036640167236
6.698503494262695
6.69144344329834
5.819371700286865
6.194444179534912
5.854085922241211
6.221405506134033
6.055391311645508
6.676960468292236
6.586398601531982
6.695647716522217
7.092720031738281
7.394937992095947
7.498518466949463
7.735915184020996
6.105623245239258
6.387587070465088
6.153921604156494
6.585184574127197
6.77245569229126
6.892461776733398
6.7732977867126465
7.148318767547607
5.954989910125732
6.478749752044678
6.227717876434326
6.435497760772705
7.715221881866455
7.383199214935303
7.839807510375977
8.173288345336914
6.1177978515625
6.664830684661865
6.880463600158691
6.626063346862793
6.340029239654541
6.868750095367432
6.751097202301025
6.8528313636779785
6.2648138999938965
6.213155269622803
5.819919109344482
6.741707801818848
6.781111240386963
7.310133457183838
7.524527072906494
7.21013069152832
5.802053451538086
6.860749244689941
7.090580463409424
6.222463130950928
5.86995792388916
6.2046661376953125
6.290563106536865
6.604211807250977
6.097147464752197
6.649052143096924
6.34172248840332
6.5766096115112305
6.004961013793945
6.232693672180176
6.0914812088012695
6.591119289398193
6.664239406585693
7.021629333496094
6.832600116729736
7.1513352394104
7.0327301025390625
7.048482418060303
6.88989782333374
7.595632076263428
5.979349136352539
6.452696800231934
6.205173969268799
6.717172622680664
6.87749719619751
6.750492095947266
6.439356327056885
7.397326946258545
5.972534656524658
5.952890872955322
5.5239691734313965
6.353363990783691
6.8533196449279785
6.711883068084717
6.500876426696777
7.19342565536499
6.449385643005371
6.3913116455078125
6.044901371002197
6.973186016082764
6.766635417938232
7.45603084564209
7.771223545074463
7.165230751037598
6.285374164581299
6.290785312652588
6.200996398925781
6.834528923034668
6.545481204986572
6.786928653717041
6.680286884307861
7.011110782623291
6.808413028717041
7.529164791107178
7.814488887786865
7.20640230178833
6.660552501678467
6.657763481140137
6.4338059425354
7.12837553024292
5.830052852630615
6.519018650054932
6.586793899536133
6.435961723327637
5.335851192474365
5.9441094398498535
5.554328918457031
5.872018337249756
6.206487655639648
6.717054843902588
6.902670860290527
6.586264610290527
7.223749160766602
7.544801712036133
7.5627121925354
7.789174556732178
6.501414775848389
6.944921970367432
6.657077312469482
7.180886268615723
6.178627967834473
6.586167812347412
6.3893046379089355
6.712738037109375
6.401099681854248
6.919589042663574
6.524613380432129
7.1226654052734375
6.056652545928955
6.627175331115723
6.297253131866455
6.823655128479004
7.0013604164123535
7.0072922706604
6.857265949249268
7.53617525100708
6.648924350738525
6.941954612731934
7.071203708648682
6.810783386230469
5.983592510223389
6.316326141357422
6.108034133911133
6.426044940948486
6.303500175476074
6.649195194244385
6.474942684173584
6.766382694244385
6.166358947753906
6.636120319366455
6.441727638244629
6.761106967926025
6.703494548797607
7.4389166831970215
7.695130348205566
7.0233354568481445
7.082605361938477
7.169337749481201
6.9692769050598145
7.62673282623291
7.146370887756348
7.53065824508667
7.639235019683838
7.549452781677246
7.222719192504883
7.309323787689209
7.331236839294434
7.533926486968994
6.456254482269287
7.091839790344238
7.032602787017822
6.956192970275879
6.260224342346191
6.550673007965088
6.496243953704834
6.839029788970947
6.409758567810059
6.3468499183654785
6.3723859786987305
7.042212009429932
6.317101955413818
6.279659271240234
6.069612503051758
6.825184345245361
6.127634525299072
5.976985931396484
6.122066974639893
6.646581172943115
6.300581455230713
6.672706604003906
6.487726211547852
6.601260662078857
6.16327428817749
6.680202484130859
6.474934101104736
6.627336025238037
6.9843668937683105
7.13767671585083
7.0100932121276855
7.473119258880615
7.324679851531982
6.976137161254883
7.497628211975098
7.949062824249268