6.90241813659668
7.8182477951049805
5.477343559265137
6.965812683105469
8.938133239746094
9.38167953491211
5.808844566345215
6.5095720291137695
5.060581207275391
5.783306121826172
4.883307456970215
5.536676406860352
6.055800914764404
7.20841121673584
4.980098247528076
5.760245323181152
6.991975784301758
7.474614143371582
7.040352821350098
7.42594575881958
4.783210277557373
6.086668968200684
4.683152675628662
4.737562656402588
6.919629096984863
7.439606189727783
4.465245246887207
5.757535934448242
6.809164524078369
6.562962055206299
6.2495222091674805
6.932153224945068
5.4680633544921875
5.745823860168457
7.301581382751465
6.724741458892822
5.417651653289795
6.093638896942139
4.42745304107666
5.771406173706055
6.5044145584106445
7.341068744659424
6.631680488586426
7.101778984069824
4.577693939208984
5.905654430389404
7.506960391998291
6.255709171295166
6.611893653869629
7.485020160675049
5.323434352874756
5.5454301834106445
6.2689104080200195
6.894629001617432
5.653212547302246
6.486928462982178
4.546064376831055
5.963054656982422
6.21419620513916
6.438574314117432
5.828633785247803
6.633579254150391
5.119685649871826
5.584448337554932
7.023762226104736
6.934725284576416
7.174403190612793
7.781966209411621
8.48149299621582
8.183747291564941
7.30531644821167
7.928606986999512
5.985962867736816
6.8367815017700195
8.816718101501465
9.15396499633789
6.1309661865234375
7.474002838134766
5.791831016540527
6.488332748413086
8.513964653015137
7.993350982666016
7.112762451171875
7.596458911895752
5.505236625671387
6.872491836547852
7.681596755981445
7.02479362487793
6.61977481842041
7.679320812225342
8.638298034667969
7.4310688972473145
6.9635162353515625
7.408019065856934
5.408143520355225
5.890522003173828
5.001735687255859
6.0458760261535645
6.503361701965332
7.270748138427734
4.236748218536377
5.751336097717285
7.576178550720215
7.200289249420166
6.713949203491211
7.547580242156982
7.161759376525879
6.518636703491211
6.304440021514893
7.278626441955566
7.878653526306152
6.728905200958252
6.388223648071289
7.203712463378906
8.00110912322998
8.131781578063965
6.350793838500977
7.532116413116455
7.5515522956848145
6.603254795074463
7.354147434234619
8.058563232421875
5.8542351722717285
6.988271713256836
6.691941261291504
6.844127655029297
6.587338447570801
7.500927448272705
5.936060905456543
6.4986772537231445
5.916024684906006
6.154550552368164
5.6043477058410645
6.0582356452941895
5.687884330749512
6.265388011932373
7.604848861694336
7.6623406410217285
5.807312965393066
6.212098598480225
4.8635454177856445
5.9039225578308105
6.820704936981201
7.646897792816162
6.875973224639893
7.456151962280273
7.190456390380859
7.62441349029541
6.181709289550781
6.37730598449707
6.838547706604004
7.219645977020264
6.087093353271484
7.166109561920166
7.017531394958496
6.820335388183594
6.327223777770996
6.804276466369629
5.832985877990723
6.518636703491211
7.245791912078857
7.750053405761719
5.793374061584473
6.282451629638672
6.342190265655518
6.572836875915527
6.262728691101074
6.9143147468566895
5.150359153747559
5.732623100280762
6.502486228942871
6.930916786193848
6.198233604431152
6.651381492614746
4.747842788696289
5.846365928649902
8.19884204864502
8.940078735351562
6.6294755935668945
7.339657783508301
5.2493720054626465
6.779052734375
7.066398620605469
7.164581298828125
7.111235618591309
7.615647792816162
6.72587776184082
6.744841575622559
7.382564067840576
8.110349655151367
7.693564414978027
8.075605392456055
7.037622451782227
8.26196002960205
5.357591152191162
6.03559684753418
7.945370674133301
6.494225978851318
6.863553047180176
7.409345626831055
6.6067657470703125
6.672870635986328
5.519086837768555
6.162008285522461
5.056410789489746
6.202733516693115
5.290411949157715
5.382889747619629
6.898534774780273
7.582451820373535
5.382787704467773
7.0642476081848145
6.821442604064941
7.359898567199707
6.7221879959106445
7.204793930053711
4.504595756530762
5.990542411804199
8.028325080871582
9.262474060058594
6.44221305847168
7.2259626388549805
4.9777512550354
5.633728504180908
5.586638450622559
6.195568084716797
6.808399677276611
7.192568302154541
5.26632022857666
5.99602746963501
7.131350040435791
7.19754695892334
6.819910526275635
7.235376358032227
5.053675174713135
5.817069053649902
6.974089622497559
7.266963958740234
7.522548198699951
6.821337699890137
6.958156585693359
7.289132595062256
5.0811967849731445
6.163631439208984
6.763100624084473
7.531588554382324
6.902738571166992
6.86700439453125
7.221733570098877
7.57877779006958
6.126429557800293
6.820335388183594
8.968613624572754
7.765100002288818
5.9073028564453125
6.005233287811279
5.808286666870117
6.054951190948486
7.039936065673828
5.9409708976745605
6.966026782989502
7.845953464508057
6.16185188293457
6.619810104370117
7.034274101257324
7.572896480560303
4.819180488586426
5.105767250061035
5.939032554626465
6.3886919021606445
5.442905902862549
6.237964630126953
8.483552932739258
7.960925102233887
7.360240936279297
6.8860907554626465
6.822566986083984
7.268557548522949
6.263808250427246
6.532813549041748
6.968903064727783
7.50607967376709
7.704738616943359
6.739349842071533
7.080653667449951
7.421670436859131
5.427187919616699
5.697580337524414
7.064359188079834
5.9409708976745605
5.667158603668213
6.316912651062012
4.816648483276367
6.056471824645996
7.957077503204346
7.914116382598877
8.891426086425781
7.911876678466797
5.978967666625977
6.9054179191589355
6.86246395111084
6.681600570678711
6.967496395111084
7.432373523712158
5.335700035095215
5.949221611022949
8.474952697753906
7.4653425216674805
7.407942295074463
7.5112457275390625
6.913545608520508
7.286815643310547
4.947393894195557
5.742737770080566
6.791766166687012
6.82958459854126
6.387947082519531
7.15303897857666
6.28761100769043
5.117924690246582
6.872638702392578
7.062667369842529
4.795358657836914
6.176214694976807
8.118342399597168
7.6322922706604
5.861733436584473
6.627124309539795
4.418721675872803
5.743034362792969
6.864589691162109
7.742920398712158
6.859540939331055
7.434747219085693
5.040517807006836
5.705175399780273
5.65850305557251
6.079349040985107
6.195981502532959
6.848992347717285
5.326685428619385
6.687777519226074
6.8021955490112305
7.369270324707031
7.0728960037231445
7.861069679260254
5.883237838745117
6.787014961242676
8.11362361907959
6.691684246063232
6.074638366699219
6.490161895751953
8.443815231323242
8.371092796325684
6.693329334259033
7.497674465179443
4.956355094909668
5.628171920776367
7.273219585418701
7.001673698425293
7.398610591888428
8.039908409118652
6.171086311340332
7.321449279785156
7.849869251251221
8.119791030883789
6.320233345031738
7.063468933105469
7.956601619720459
8.141955375671387
6.745781898498535
7.089364051818848
6.845785140991211
6.8135762214660645
5.936542987823486
6.2323431968688965
7.725878715515137
7.841002464294434
6.107465744018555
7.235764503479004
4.0594658851623535
5.796657562255859
6.136370658874512
6.544584274291992
6.880125045776367
7.503592491149902
5.372303009033203
5.951888561248779
6.701857566833496
6.41221284866333
5.309638023376465
5.86290168762207
4.321696758270264
5.988239765167236
7.77802848815918
7.9413580894470215
6.102044105529785
6.496669769287109
6.289568901062012
6.305582523345947
6.953895092010498
7.476412296295166
4.379624366760254
4.813327312469482
5.671403884887695
6.343708038330078
4.421560287475586
5.779845237731934
7.037865161895752
7.544273853302002
4.717734336853027
6.102931499481201
6.856149673461914
6.639352321624756
6.485152244567871
7.269099712371826
7.765616416931152
7.494423866271973
6.489306926727295
6.838627338409424
6.599257469177246
6.639505863189697
6.787430286407471
6.874800682067871
7.080072402954102
7.716733455657959
6.063636302947998
6.302692413330078
4.8484883308410645
5.950301170349121
7.607153415679932
6.835765838623047
6.190085411071777
7.054506301879883
5.002834320068359
6.71897554397583
8.044575691223145
7.742096900939941
6.264904975891113
7.441280841827393
6.371297836303711
6.237964630126953
5.36354923248291
5.908179759979248
6.8649139404296875
6.472746849060059
6.8260345458984375
7.499752998352051
5.673690319061279
6.299602508544922
6.889955520629883
7.236571311950684
7.147749900817871
7.254716396331787
7.216692924499512
7.826776027679443
7.674107551574707
8.51942253112793
5.3979268074035645
5.671875
5.163338661193848
6.137442588806152
4.990067005157471
5.374549865722656
6.976241588592529
7.525613784790039
6.688946723937988
6.868575096130371
7.034059524536133
7.615313529968262
6.538974761962891
7.323128700256348
6.11981201171875
6.613471508026123
5.156669616699219
5.784755706787109
8.50886344909668
8.367718696594238
6.649448871612549
7.829580307006836
8.043926239013672
7.823373794555664
6.558472633361816
7.446834087371826
5.091912269592285
5.775640964508057
6.0623369216918945
6.652681350708008
6.103593826293945
6.9592766761779785
7.601884365081787
7.127829074859619
6.843896865844727
8.077983856201172
5.145027160644531
6.846513271331787
8.078142166137695
6.691684246063232
6.852977752685547
7.412243366241455
6.798234939575195
7.419856071472168
4.775134086608887
6.099423885345459
8.0587739944458
6.631584644317627
5.611483573913574
6.31440544128418
6.911015510559082
7.294743537902832
5.31483268737793
6.097129821777344
6.014579772949219
6.535788536071777
6.816182613372803
7.28176736831665
4.357230186462402
5.873798370361328
8.35576057434082
6.761490345001221
6.246910572052002
7.032931804656982
4.343771457672119
5.763035774230957
5.369450569152832
6.552299499511719
7.875849723815918
7.9973015785217285
6.6499433517456055
7.49050760269165
5.924496650695801
6.930797576904297
7.769172668457031
8.361188888549805
6.748351097106934
7.44135856628418
4.12035608291626
5.869643688201904
5.901515483856201
5.845977783203125
6.529909610748291
6.746408939361572
5.682662010192871
6.18043851852417
7.007231712341309
7.076655387878418
6.5109100341796875
7.451954364776611
7.2433552742004395
7.296998023986816
5.693292617797852
6.376224040985107
7.304355621337891
7.0828728675842285
5.825438022613525
7.007360458374023
7.143834114074707
5.996495246887207
5.977334022521973
6.652839183807373
6.146024227142334
6.3718132972717285
7.134088516235352
8.053670883178711
8.302129745483398
7.690723419189453
6.284943580627441
7.039392471313477
6.944068908691406
6.096600532531738
6.719949722290039
7.180270195007324
7.815141201019287
8.183828353881836
6.335926055908203
6.741024017333984
5.113955497741699
5.9309186935424805
7.979596138000488
8.596745491027832
6.183887481689453
6.665063858032227
5.607425212860107
7.17183780670166
9.150408744812012
8.205581665039062
6.8130879402160645
7.379406929016113
5.952077865600586
6.600122451782227
5.53619909286499
6.264854431152344
7.905862331390381
7.884779930114746
6.513108253479004
7.33129358291626
6.137678146362305
6.687883377075195
7.6916046142578125
7.0815558433532715
6.072168350219727
6.539937496185303
6.972899913787842
6.555776596069336
6.169028282165527
6.855832099914551
5.755898952484131
6.457278728485107
6.524574279785156
7.419926643371582
6.30362606048584
6.529782772064209
7.102514743804932
7.558954238891602
7.0084028244018555
6.710669994354248
6.295282363891602
7.1349005699157715
6.150250434875488
6.711280345916748
6.691555023193359
7.026061534881592
7.0531697273254395
7.62388801574707
5.979094982147217
6.20378303527832
6.7143731117248535
7.28589391708374
7.412166595458984
7.813126564025879
5.871628761291504
6.841287612915039
8.025486946105957
7.451865196228027
5.4278764724731445
6.28767204284668
7.984393119812012
8.014453887939453
5.8482184410095215
6.464794158935547
5.326019763946533
6.003666400909424
8.153793334960938
8.51126766204834
6.75572395324707
7.322695732116699
5.610350608825684
5.707639694213867
6.433588027954102
5.297451972961426
5.449106693267822
5.827198028564453
5.2714524269104
5.861262798309326
6.699489593505859
7.480672359466553
5.818802356719971
6.563350677490234
6.05351448059082
6.778452396392822
5.707134246826172
5.807512283325195
5.49410343170166
6.137325286865234
7.585390567779541
8.50663948059082
5.895498275756836
6.0658369064331055
6.847906589508057
7.538822174072266
6.288248062133789
7.458990097045898
8.063031196594238
6.761490345001221
6.58699369430542
6.754669666290283
6.9659247398376465
7.387694358825684
4.450505256652832
5.713346004486084
6.204870223999023
5.886636734008789
6.79536771774292
7.176712989807129
4.723711013793945
5.105767250061035
5.276226997375488
5.824135780334473
7.504266738891602
7.432031154632568
5.727889537811279
6.45798397064209
6.7995076179504395
5.456752300262451
6.674149513244629
7.3997721672058105
6.991194248199463
7.830348968505859
6.024145126342773
6.053042411804199
5.841941833496094
5.962738990783691
6.357325553894043
7.543719291687012
9.68793773651123
8.781221389770508
6.420220851898193
6.719486236572266
8.440903663635254
9.463567733764648
6.110273361206055
7.149700164794922
5.396336555480957
6.125255107879639
5.638125419616699
6.832368850708008
6.609316349029541
6.60725736618042
4.929651260375977
5.68694543838501
6.9498114585876465
6.681873321533203
6.292665481567383
6.833508491516113
7.820633411407471
7.305665016174316
7.134120941162109
7.286877155303955
8.641403198242188
8.959683418273926
6.285647392272949
7.190712928771973
7.222098350524902
6.687187194824219
6.419615745544434
6.966116905212402
7.4936604499816895
8.234210968017578
6.9749531745910645
7.4072675704956055
6.008708953857422
6.299407958984375
6.336680889129639
5.979522705078125
5.857460021972656
6.56404972076416
6.905264377593994
7.254937171936035
6.522659778594971
7.417806625366211
7.890774726867676
8.38358211517334
6.801469326019287
7.517124176025391
7.2730631828308105
7.663429260253906
6.311856746673584
7.05555534362793
8.4934663772583
7.084134578704834
6.316178321838379
6.869879722595215
5.417941093444824
5.987524032592773
8.32924747467041
7.842949390411377
6.832091808319092
7.425891399383545
6.40213680267334
6.336537837982178
5.917601108551025
6.5607452392578125
6.948843479156494
5.854055404663086
6.690702438354492
7.646393775939941
5.410752773284912
6.8665690422058105
7.57730770111084
7.5572404861450195
7.280491352081299
7.482332229614258
7.102670669555664
6.748874187469482
7.105990886688232
7.878363132476807
5.280727863311768
6.639915466308594
8.410292625427246
6.889636993408203
5.9258856773376465
6.607971668243408
7.746341705322266
7.124483585357666
6.888088703155518
7.18833065032959
7.9172234535217285
7.479915618896484
7.185876369476318
7.667667388916016
6.1265153884887695
6.451052665710449
6.903440475463867
7.6382341384887695
6.634922027587891
6.766758441925049
6.298933029174805
6.728359222412109
7.577148914337158
6.638655662536621
5.981874465942383
6.463033676147461
7.038256645202637
6.2542219161987305
7.301621913909912
8.012410163879395
8.08018970489502
8.157450675964355
6.44616174697876
7.2001237869262695
7.364315986633301
6.709240913391113
7.278741836547852
8.130799293518066
6.481538772583008
6.703845977783203
6.585517883300781
7.570564270019531
5.782329559326172
6.584688186645508
7.096324920654297
7.866182804107666
6.000298500061035
7.159794807434082
8.557707786560059
7.008489608764648
6.803661823272705
7.201641082763672
7.501057147979736
6.621015548706055
6.7363739013671875
7.215532302856445
8.033835411071777
8.283950805664062
6.974681854248047
7.81252384185791
8.384611129760742
8.921952247619629
6.645020484924316
6.827458381652832
7.175113677978516
8.182912826538086
7.255059242248535
7.827475070953369
7.7060627937316895
8.105517387390137
6.7372727394104
7.311471939086914
6.257264137268066
6.843733787536621
7.573783874511719
7.396397590637207
6.709929943084717
7.256038665771484
7.767090797424316
8.368101119995117
7.062039375305176
7.721459865570068
7.41475248336792
8.168558120727539
7.301358222961426
8.128440856933594
6.102034568786621
6.238973617553711
6.665378570556641
5.923375129699707
6.681066989898682
7.629321098327637
5.920567512512207
6.987584590911865
7.199140548706055
8.09988784790039
7.324587821960449
7.5112457275390625
6.489620208740234
6.866702079772949
6.696990489959717
6.748419761657715
7.12984561920166
7.551833629608154
8.542688369750977
8.771933555603027
6.9442057609558105
7.393589019775391
7.889355182647705
7.616343021392822
5.918250560760498
6.4431352615356445
7.501346588134766
7.226301193237305
6.145462989807129
6.764608383178711
7.588469505310059
6.933405876159668
4.998817443847656
5.790104866027832
7.519773483276367
7.711808681488037
6.2437543869018555
7.075179576873779
7.415175437927246
7.044539451599121
7.287578582763672
7.807195663452148
8.647984504699707
8.191878318786621
6.17814826965332
7.098004341125488
6.840936183929443
7.412625312805176
5.022679328918457
5.977306365966797
5.620440483093262
6.5974578857421875
4.33743143081665
5.697319984436035
7.126599311828613
7.175475120544434
7.10861873626709
7.627458572387695
7.498166561126709
7.057268142700195
6.313940048217773
7.5043416023254395
8.046529769897461
7.468911647796631
5.806550979614258
6.4847917556762695
8.150253295898438
7.262911796569824
5.896503448486328
6.364784240722656
4.586272239685059
5.064352512359619
6.6649065017700195
7.164926052093506
6.950690269470215
7.281921863555908
6.9357075691223145
7.327858924865723
5.356986045837402
5.63077449798584
6.850215911865234
7.713300704956055
7.222448825836182
7.509164333343506
7.270183563232422
8.182912826538086
6.849504470825195
7.662126541137695
7.072574615478516
7.609468460083008
5.507235527038574
5.6527814865112305
7.044248104095459
8.008282661437988
6.539970397949219
6.6085405349731445
6.812154293060303
7.794734001159668
8.816672325134277
7.976266860961914
6.825115203857422
7.471386909484863
7.350081443786621
7.7382378578186035
5.917788505554199
6.887874603271484
6.93720006942749
7.167410373687744
6.830687999725342
7.231834888458252
7.459874153137207
7.480485439300537
6.288013458251953
7.395079612731934
7.3005547523498535
7.559460639953613
5.590611457824707
6.452629089355469
4.971061706542969
6.029529571533203
6.033705711364746
6.1064863204956055
7.209824562072754
7.232175827026367
7.865952491760254
6.739349842071533
6.118408203125
6.893639087677002
8.094794273376465
7.52694845199585
5.893624782562256
6.591613292694092
8.697758674621582
8.781920433044434
6.625307083129883
7.082944869995117
6.384505271911621
6.603728294372559
6.161867141723633
6.396363258361816
6.17982816696167
6.575581073760986
8.190380096435547
7.584384918212891
6.273915767669678
7.070121765136719
7.29686975479126
7.2491655349731445
7.039079666137695
7.730020046234131
4.770813941955566
5.918173789978027
6.810778617858887
6.981135368347168
7.1271185874938965
7.606418132781982
6.040440082550049
6.4426422119140625
6.427802562713623
7.195467948913574
7.047106742858887
6.564360618591309
5.404879570007324
6.054903984069824
6.457924842834473
6.9394025802612305
7.265652656555176
7.774872303009033
8.762110710144043
8.56191635131836
6.891557216644287
7.351036548614502
8.354454040527344
8.399286270141602
5.752101898193359
5.920651912689209
6.467996120452881
7.215890884399414
8.645088195800781
7.756032943725586
7.060436248779297
7.94438362121582
4.489341735839844
6.177620887756348
5.5679707527160645
6.4460768699646
6.959990978240967
6.464603424072266
6.6501336097717285
7.642697334289551
5.434523582458496
6.097525119781494
6.734742164611816
7.473296165466309
7.656442165374756
8.218952178955078
6.318286895751953
7.197476387023926
5.841649055480957
6.193326473236084
6.791238307952881
7.7293853759765625
7.563627243041992
6.869042873382568
6.009975910186768
6.882115364074707
7.128417015075684
7.743669509887695
8.526235580444336
6.9134297370910645
7.265016555786133
7.896096229553223
7.632961750030518
7.1701765060424805
5.3057355880737305
5.848030090332031
4.948988914489746
5.371305465698242
6.169445037841797
6.852591514587402
6.958212852478027
5.966670513153076
5.564335823059082
6.450031280517578
7.104004383087158
7.54337739944458
6.200332164764404
5.887284278869629
7.03071403503418
7.342676162719727
8.016281127929688
7.451865196228027
7.084108829498291
7.878776550292969
8.27242660522461
7.72152042388916
5.808591842651367
6.30495548248291
6.2524309158325195
6.73661470413208
6.515832901000977
7.145721912384033
7.462032794952393
7.523970127105713
6.332052230834961
6.8630595207214355
9.17261028289795
7.301495552062988
6.662778377532959
7.432986259460449
7.91830587387085
7.711808681488037
5.354584217071533
5.6696343421936035
4.259599685668945
5.029269218444824
7.26276969909668
7.266249179840088
8.522997856140137
8.83252239227295
6.200825214385986
6.815522193908691
6.382272243499756
5.864394187927246
6.184845924377441
6.770062446594238
7.068872451782227
5.88182258605957
6.389443397521973
7.624726295471191
5.89417028427124
6.156027793884277
6.374479293823242
7.620867729187012
9.26700496673584
9.680337905883789
6.958052635192871
7.826669692993164
5.538450717926025
6.116253852844238
6.103886604309082
5.692272663116455
6.771529674530029
5.627061367034912
7.028388023376465
7.949355125427246
6.777110576629639
7.303714752197266
6.332985877990723
7.236339569091797
6.497486114501953
6.145859241485596
7.0437493324279785
7.331414222717285
8.075868606567383
7.290584087371826
7.246118545532227
8.044624328613281
5.216701507568359
5.588088512420654
5.4718828201293945
6.294919013977051
5.126213073730469
5.187777519226074
6.736822128295898
7.169666290283203
7.307303428649902
7.405309677124023
6.616508483886719
7.3163604736328125
7.015170097351074
6.521082878112793
6.53800106048584
7.324527263641357
7.374095916748047
7.947086334228516
6.105653762817383
6.42765998840332
6.105151176452637
6.750265121459961
5.442604064941406
5.800498008728027
6.6070556640625
7.407115936279297
9.15571403503418
9.220010757446289
6.877584934234619
7.236861705780029
5.371595859527588
6.152973175048828
5.921113967895508
6.725563049316406
7.495882987976074
7.468911647796631
6.327627658843994
7.219154357910156
5.155261516571045
5.792303562164307
6.52726411819458
7.61060905456543
7.4512810707092285
8.253412246704102
6.3964152336120605
7.188729286193848
7.718662738800049
7.680170059204102
7.103792190551758
7.607412815093994
7.352307319641113
7.2126665115356445
5.865436553955078
6.375702381134033
7.502712249755859
7.687241554260254
6.987358093261719
7.471246719360352
5.807595252990723
6.3436994552612305
6.601527214050293
7.101618766784668
4.685657501220703
6.108144760131836
7.279430389404297
7.460606575012207
7.443687438964844
5.969149112701416
5.871581077575684
6.319310665130615
7.472736358642578
7.339995384216309
5.764797210693359
6.544882297515869
5.418566703796387
5.535526752471924
6.3741631507873535
6.765700340270996
6.759274959564209
7.691051006317139
7.6264824867248535
7.904590606689453
6.085846424102783
6.814511775970459
6.389258861541748
5.926183700561523
6.985069274902344
7.670258522033691
4.808076858520508
6.0953474044799805
8.072888374328613
7.752445220947266
6.856177806854248
7.594651699066162
8.371910095214844
7.614823341369629
7.096255779266357
7.565371036529541
6.750626564025879
6.689349174499512
6.902634620666504
7.213905334472656
7.559396266937256
6.255709171295166
5.516101360321045
6.328078746795654
5.854678630828857
6.409883499145508
6.489500999450684
7.543572902679443
7.3055596351623535
6.572654724121094
6.742602348327637
7.587257385253906
7.134077548980713
7.124483585357666
6.3873748779296875
7.187457084655762
7.133615493774414
7.297788143157959
6.7915496826171875
7.1789445877075195
7.5791335105896
8.253913879394531
6.815189361572266
7.435415744781494
7.928722381591797
8.129687309265137
6.804051399230957
7.083390712738037
6.336686611175537
6.327713966369629
7.13253927230835
7.984157085418701
9.664411544799805
9.940244674682617
5.806644439697266
6.474005222320557
6.242018222808838
5.247896671295166
5.78955078125
6.320659637451172
6.399395942687988
6.754395484924316
5.806117057800293
6.064626216888428
5.699909687042236
6.564235210418701
6.013973236083984
6.064898490905762
6.064449787139893
7.008504867553711
8.134456634521484
7.489514350891113
8.122160911560059
8.179479598999023
5.738082408905029
6.284256935119629
7.638561725616455
6.707459926605225
7.261557579040527
7.955345153808594
8.498758316040039
8.445612907409668
6.569572448730469
7.470627784729004
7.2042155265808105
7.591853141784668
8.48951244354248
7.484507083892822
8.7493314743042
7.318605899810791
7.132167816162109
7.790623664855957
8.634201049804688
8.609375
6.3684587478637695
6.877546310424805
7.283842086791992
7.466055870056152
8.998892784118652
7.421270370483398
5.730135917663574
6.467327117919922
7.817139625549316
7.696349143981934
6.935227394104004
7.398550987243652
6.029455661773682
6.6331048011779785
7.009777545928955
7.322696685791016
7.982835292816162
8.177433013916016
7.3564043045043945
7.884924411773682
6.690128326416016
7.033538341522217
5.677614212036133
6.338054656982422
6.436395645141602
6.703738212585449
8.814836502075195
8.995491027832031
6.405676364898682
7.210395336151123
6.633279800415039
6.880329132080078
7.351720809936523
7.919003009796143
6.641876220703125
7.213408470153809
7.1843061447143555
7.756039142608643
7.271387577056885
6.849111080169678
6.627789497375488
7.266600608825684
5.47735071182251
6.3914289474487305
7.198360443115234
7.888837814331055
6.1064887046813965
6.273860931396484
4.5843424797058105
4.98328161239624
8.675046920776367
8.432449340820312
6.7321624755859375
7.1405253410339355
7.124253749847412
7.220668792724609
6.569040775299072
6.072332859039307
6.713253021240234
7.177757263183594
5.5829339027404785
6.014359474182129
7.330862998962402
7.841841220855713
8.501583099365234
8.759803771972656
6.089360237121582
6.591686725616455
6.181571006774902
6.766025543212891
5.526008605957031
5.713047027587891
6.6537065505981445
6.976396083831787
7.146414756774902
7.280661582946777
6.988384246826172
7.8018341064453125
7.760621070861816
7.779303073883057
5.740646839141846
6.145516872406006
4.91599702835083
5.2179718017578125
6.96837854385376
7.138969898223877
4.719162464141846
5.11353063583374
6.082345008850098
6.825841903686523
7.1801042556762695
6.66566801071167
5.985970973968506
6.165523052215576
5.533992767333984
6.282449722290039
7.1133341789245605
7.893975257873535
7.5475053787231445
6.327871322631836
6.81313419342041
7.214354515075684
4.610445022583008
6.035566329956055
8.75234603881836
7.601227283477783
6.757230758666992
7.680643558502197
7.204516410827637
7.767301559448242
5.677292346954346
6.371127605438232
6.966055870056152
6.821337699890137
6.991983413696289
7.454747676849365
7.930880069732666
6.728269577026367
5.692026615142822
6.1158857345581055
6.611865043640137
7.527248382568359
4.86238431930542
5.592471599578857
8.126631736755371
6.739349842071533
6.253578186035156
7.372138500213623
6.952153205871582
7.303714752197266
6.3840179443359375
6.847433090209961
7.720963954925537
7.4395599365234375
6.28030252456665
6.953779220581055
8.711090087890625
8.419173240661621
6.408361911773682
7.127953052520752
7.0054121017456055
6.968443870544434
5.140851020812988
6.007391929626465
5.272213935852051
6.02687931060791
7.300657272338867
7.587061882019043
7.8335394859313965
7.8024797439575195
7.364967346191406
7.8351898193359375
8.464664459228516
8.379314422607422
6.9145612716674805
7.316226959228516
7.679152488708496
8.348505973815918
6.498743057250977
7.503521919250488
6.76144552230835
7.693459987640381
7.234711647033691
7.715262413024902
7.772953033447266
8.173375129699707
6.307133674621582
7.09720516204834
6.492237091064453
6.396363258361816
6.2880659103393555
7.034111022949219
6.799685955047607
7.365036964416504
7.37127161026001
7.211525917053223
6.28019905090332
7.045016765594482
7.110864639282227
7.564996719360352
7.152994632720947
6.999177932739258
6.29415225982666
7.177059173583984
8.021540641784668
7.414419651031494
5.6140899658203125
6.757055759429932
4.596564292907715
5.044924259185791
8.160760879516602
8.120288848876953
5.351278305053711
5.520659446716309
6.503056049346924
7.326601028442383
6.246211051940918
6.46533727645874
6.887816429138184
7.517001152038574
7.564601421356201
7.321449279785156
6.598421096801758
7.4447126388549805
7.349499702453613
6.75876522064209
6.6843719482421875
7.051130771636963
6.902121543884277
6.821337699890137
6.1623382568359375
6.789310455322266
5.643464088439941
5.722183704376221
5.760351181030273
6.389315605163574
8.046720504760742
7.175731658935547
6.138618469238281
6.498860836029053
8.471319198608398
6.618249416351318
6.809937477111816
7.267592430114746
7.090292930603027
6.68397855758667
6.793460369110107
7.148482322692871
7.627643585205078
6.359194278717041
6.649964809417725
7.518169403076172
6.430928707122803
6.68659782409668
6.524871826171875
6.070045471191406
4.6588263511657715
4.766075611114502
5.931519508361816
6.613626480102539
6.0898284912109375
5.932908058166504
6.328159332275391
6.440288543701172
6.793540000915527
7.2226409912109375
5.897380828857422
6.175562858581543
5.965928077697754
6.486210823059082
7.0787177085876465
7.304003715515137
6.906495094299316
6.736981391906738
6.7748613357543945
7.435089111328125
7.1142730712890625
7.267251968383789
5.265061378479004
6.193028926849365
7.2631449699401855
7.343709945678711
7.462360382080078
8.279309272766113
6.91108512878418
7.6185197830200195
7.702600955963135
7.672855377197266
6.221158027648926
7.410870552062988
5.690652370452881
5.886088848114014
7.910072326660156
6.934499740600586
7.213318824768066
6.891361713409424
5.909578323364258
5.804271697998047
6.312921524047852
7.266532897949219
5.627964973449707
5.814218521118164
5.2562456130981445
5.659486770629883
6.455888748168945
6.956333160400391
5.853747844696045
6.274011611938477
7.714491844177246
6.896910190582275
5.580883979797363
6.959125995635986
7.370347499847412
7.7969255447387695
6.398138046264648
5.906968593597412
7.774613380432129
7.177018642425537
6.967911720275879
7.476010322570801
6.142815589904785
7.102508544921875
7.681309700012207
6.5339155197143555
7.694148063659668
6.930797576904297
6.567258834838867
6.071811199188232
6.783514022827148
7.546341419219971
6.51873254776001
5.627061367034912
6.270865440368652
6.327850341796875
7.438623428344727
6.815661430358887
5.168084621429443
5.705143928527832
4.44673490524292
4.875805854797363
6.761812210083008
7.183121681213379
6.282857894897461
6.692538261413574
8.096341133117676
7.419753074645996
6.850216388702393
7.4889817237854
7.237011432647705
8.019227981567383
8.803389549255371
7.749267578125
5.990647792816162
6.785717964172363
6.574471473693848
6.6745100021362305
6.5108323097229
7.08304500579834
7.0442094802856445
7.711007118225098
7.9763970375061035
7.80565071105957
6.113275051116943
7.3120198249816895
7.639920234680176
7.87513542175293
6.147906303405762
6.537266731262207
5.85111665725708
6.270381450653076
5.431862831115723
6.361001968383789
5.32791805267334
5.187777519226074
6.902904987335205
7.310342311859131
5.778190612792969
5.930923938751221
6.410380840301514
7.111682891845703
6.7083845138549805
6.611382484436035
6.956355094909668
7.678598403930664
6.709074974060059
7.089541435241699
4.8098859786987305
6.128609657287598
6.697296142578125
7.141634941101074
6.679062843322754
7.3499298095703125
6.937603950500488
7.076655387878418
5.183681964874268
5.805927276611328
7.125182151794434
7.816453456878662
7.208860874176025
7.860367774963379
6.61892032623291
6.474543571472168
7.914407730102539
7.132248401641846
6.279445648193359
6.599856853485107
7.914036750793457
6.554866313934326
7.386501312255859
7.033392906188965
7.238039016723633
7.269432544708252
6.999919414520264
6.542569637298584
6.793253421783447
7.166304588317871
7.794907093048096
8.259733200073242
5.55210018157959
6.327384948730469
8.015593528747559
6.2401018142700195
5.163373947143555
6.114020824432373
7.458322525024414
6.716116905212402
6.407440662384033
7.391840934753418
7.156036376953125
7.769241809844971
7.354062557220459
6.977357864379883
5.285185813903809
6.133450031280518
8.759573936462402
7.682950019836426
6.3733320236206055
6.59116268157959
6.15315580368042
6.284068584442139
6.212299346923828
6.957883834838867
6.812894821166992
7.695069313049316
7.0625996589660645
7.231509685516357
5.719886779785156
6.481348037719727
6.922293663024902
7.9457831382751465
6.604752540588379
7.143435955047607
7.021611213684082
7.057268142700195
7.025982856750488
7.313681602478027
6.155014991760254
6.936544895172119
6.173755645751953
7.323512077331543
5.306541919708252
5.520468711853027
6.842639923095703
7.310677528381348
7.615068435668945
7.827620029449463
6.369525909423828
7.10788106918335
6.439280986785889
5.818438529968262
6.7353196144104
7.156580448150635
6.234131813049316
5.887284278869629
7.160524845123291
5.966670513153076
7.101201057434082
7.936397552490234
7.993442058563232
7.482728004455566
6.406797409057617
5.9309186935424805
7.8235039710998535
6.728905200958252
6.374971389770508
7.170427322387695
9.21112060546875
7.730621814727783
6.936405181884766
7.754035472869873
7.410598278045654
7.736189365386963
7.315777778625488
7.891561985015869
8.438092231750488
9.156758308410645
6.530375003814697
7.435075283050537
7.7471795082092285
7.986026763916016
6.29765510559082
7.151732444763184
7.03888463973999
7.244903087615967
6.390933990478516
7.079505443572998
6.747729778289795
7.5459208488464355
8.350772857666016
8.045051574707031
5.864142417907715
6.622541427612305
6.5470452308654785
5.456752300262451
6.251891613006592
7.442041397094727
4.844943046569824
5.337557792663574
7.043944358825684
7.859440803527832
7.022694110870361
6.825164794921875
7.826473236083984
8.172953605651855
6.173880577087402
6.451925277709961
6.764390468597412
6.586667060852051
6.005816459655762
6.8634796142578125
7.328863620758057
7.743202209472656
7.096541881561279
7.349003314971924
7.23375940322876
6.183623790740967
7.4491119384765625
8.073287963867188
6.540838241577148
6.603455543518066
6.781124114990234
7.366248607635498
7.255247592926025
6.528683185577393
6.129949569702148
6.867203712463379
6.756111145019531
7.518007755279541
6.1700005531311035
6.8046441078186035
6.015193462371826
6.407968521118164
6.607549667358398
7.293272972106934
8.597112655639648
8.654218673706055
7.232579231262207
7.710994243621826
4.649351119995117
5.374737739562988
7.005376815795898
6.383281707763672
7.0749359130859375
7.465912818908691
4.357879638671875
4.872526168823242
7.092131614685059
7.680531024932861
6.916322708129883
7.712567329406738
5.9629130363464355
5.9285993576049805
5.375040531158447
6.473671913146973
6.579734802246094
7.337528228759766
8.43024730682373
7.932173728942871
6.936553955078125
7.722793102264404
8.285147666931152
8.02839469909668
5.572714328765869
6.436837196350098
6.053953170776367
6.648810386657715
5.711336135864258
6.226814270019531
6.676382064819336
6.277933597564697
6.706871032714844
7.664361953735352
6.033145904541016
6.406732082366943
6.839159965515137
7.282135009765625
7.815904140472412
8.290200233459473
9.342755317687988
7.439264297485352
5.604182720184326
6.065289497375488
7.722917556762695
8.005887031555176
6.915937423706055
7.400699615478516
6.525521278381348
6.295133590698242
6.587588310241699
7.134955406188965
6.939578533172607
6.511651992797852
6.430513381958008
7.1542887687683105
6.111377716064453
6.850542068481445
6.590887069702148
6.029529571533203
6.949738025665283
6.564360618591309
6.203734874725342
6.7328290939331055
5.93073844909668
5.927407264709473
6.6457929611206055
7.571364402770996
8.098226547241211
8.261133193969727
4.8857550621032715
5.6627197265625
7.232847690582275
7.655951976776123
7.191075325012207
7.7539472579956055
7.855701923370361
7.231509685516357
6.452223777770996
6.896549701690674
6.729198455810547
6.797330856323242
7.90869140625
7.459121227264404
5.495304584503174
5.834599018096924
6.2506632804870605
6.613862037658691
5.841194152832031
6.2826642990112305
6.636776924133301
7.452695846557617
6.6203484535217285
7.416296005249023
4.231767654418945
5.01896333694458
6.784061908721924
6.687187194824219
6.810821056365967
7.344491481781006
6.908931732177734
7.350353240966797
8.247198104858398
7.934694290161133
6.26410436630249
7.504367828369141
7.883803367614746
7.908545017242432
7.2923173904418945
7.1734299659729
6.636190414428711
7.038573265075684
6.07486629486084
7.5298542976379395
7.508479595184326
7.231509685516357
6.185020923614502
5.117924690246582
7.181521415710449
7.949171543121338
7.39906120300293
7.162233352661133
6.489473342895508
6.976680278778076
7.1583333015441895
6.861276626586914
5.165647983551025
5.7272186279296875
5.606656551361084
5.659954071044922
6.873806476593018
7.4250569343566895
7.294759273529053
7.3758544921875
6.362428665161133
6.70579719543457
7.412840843200684
7.072768211364746
6.960314750671387
7.281394958496094
8.436009407043457
8.643190383911133
6.382813930511475
6.8381571769714355
7.014047145843506
5.776011943817139
6.359166145324707
6.415182113647461
9.259818077087402
8.959683418273926
5.353029727935791
5.942801475524902
6.5121965408325195
7.507575988769531
9.373584747314453
8.190410614013672
7.297689437866211
6.9055376052856445
6.51508903503418
6.83970832824707
8.23428726196289
6.9134297370910645
7.0464959144592285
7.1425018310546875
7.010980129241943
6.933405876159668
6.121767997741699
6.737667083740234
7.405014514923096
6.413613796234131
5.527641296386719
6.113665580749512
6.710264205932617
6.770418643951416
6.9457221031188965
7.5043792724609375
7.896993637084961
7.594570636749268
7.312679767608643
7.869082450866699
8.197057723999023
8.157450675964355
6.960846900939941
7.254755020141602
8.721796989440918
7.757975101470947
7.256152153015137
6.354944229125977
5.618548393249512
6.348082542419434
7.944840431213379
7.23629903793335
6.995019912719727
7.808229446411133
6.664027690887451
7.071160316467285
5.68472146987915
6.0539164543151855
6.534710884094238
5.769883155822754
6.585277557373047
7.759413242340088
6.012128829956055
6.65782356262207
7.042745590209961
7.565803527832031
6.88888692855835
7.278866767883301
5.807692050933838
5.885709285736084
7.159005641937256
6.773936748504639
6.87913703918457
7.6024274826049805
7.848818302154541
7.996363162994385
4.480123043060303
4.8116583824157715
5.560461521148682
6.18362283706665
6.2978339195251465
6.007442951202393
6.934784412384033
7.728386402130127
6.04958438873291
6.1815924644470215
6.699370861053467
6.661017417907715
5.0844221115112305
4.974565505981445
6.954486846923828
7.488101959228516
6.477397918701172
6.67018985748291
6.468592166900635
7.498595237731934
6.655877113342285
6.825164794921875
6.445258140563965
7.178151607513428
7.218844413757324
7.232687473297119
6.021507740020752
7.260825157165527
6.458314895629883
5.297451972961426
5.683137893676758
6.869295120239258
6.382918357849121
7.199814796447754
7.652924060821533
7.579948425292969
7.110507011413574
6.963353157043457
6.977396011352539
6.624462127685547
6.963909149169922
7.4295783042907715
6.7111053466796875
7.017192363739014
5.931215286254883
6.550081729888916
5.527357578277588
6.678842544555664
4.915617942810059
5.094897270202637
6.426628112792969
6.585593223571777
6.868873596191406
7.443905830383301
6.560805797576904
7.190300464630127
6.474788665771484
6.89016580581665
5.630373001098633
6.196646690368652
7.277458190917969
7.873467445373535
6.099820137023926
6.288991928100586
6.5730180740356445
6.581899642944336
6.551297187805176
7.107412338256836
7.849656105041504
7.372838973999023
6.920735836029053
7.589931488037109
7.395418643951416
6.324350357055664
6.367934226989746
6.7592291831970215
6.219692707061768
6.285609245300293
7.449528694152832
6.687187194824219
5.428967475891113
6.192193508148193
6.693410873413086
5.297451972961426
6.967478275299072
7.794041633605957
8.3056058883667
8.342761993408203
6.69458532333374
7.64777946472168
7.297301292419434
6.619726657867432
5.674942970275879
6.175379753112793
6.877532005310059
7.526071548461914
5.941931247711182
6.199958324432373
7.938876628875732
7.711808681488037
6.695937156677246
7.5218505859375
6.108806610107422
6.442526817321777
6.273465156555176
7.328981876373291
4.9977264404296875
5.312062740325928
6.191368579864502
6.623643398284912
7.025784492492676
7.417212963104248
7.523754596710205
8.099695205688477
6.1485185623168945
6.720437526702881
7.076203346252441
7.5875630378723145
6.139897346496582
7.005143642425537
7.246131420135498
7.023459434509277
6.843170166015625
7.289758205413818
6.856276035308838
7.7130208015441895
8.603497505187988
8.838484764099121
7.055751323699951
7.579183101654053
7.3873186111450195
7.484072208404541
7.241728782653809
7.4468889236450195
5.995771884918213
6.61641263961792
7.310816287994385
7.940945148468018
8.144693374633789
8.861930847167969
7.28636360168457
7.9174580574035645
6.654494285583496
6.808754920959473
6.505671501159668
7.667811870574951
8.119230270385742
7.318957328796387
6.0386247634887695
6.777400970458984
6.411098003387451
6.941941738128662
6.582705497741699
6.349740505218506
5.794958114624023
6.272562503814697
6.095434188842773
6.650091171264648
5.258547782897949
5.5736083984375
6.660857200622559
6.791247844696045
5.539769172668457
5.778749942779541
7.689110279083252
6.869042873382568
7.1933393478393555
7.437503814697266
5.672735691070557
6.704884052276611
7.26010799407959
7.532990455627441
6.1671600341796875
7.0882568359375
7.378735065460205
7.461943626403809
6.987152099609375
7.345235824584961
7.475371360778809
7.917736530303955
6.6142778396606445
7.4299635887146
6.3246002197265625
5.952601909637451
5.748504638671875
6.458157539367676
4.185678482055664
5.008320331573486
6.543562412261963
7.214550018310547
6.167824745178223
6.321524620056152
6.430787086486816
7.224186420440674
6.221136569976807
6.946446895599365
6.024206638336182
6.710793495178223
5.284846305847168
6.290265083312988
7.90034294128418
7.372838973999023
5.377429008483887
6.369836807250977
7.194972991943359
7.744565010070801
6.0408525466918945
5.573006629943848
4.981908798217773
5.628901481628418
6.342684268951416
6.531672954559326
5.872541427612305
6.558577060699463
7.25154972076416
8.140632629394531
8.757349967956543
9.102445602416992
5.62485408782959
6.264596939086914
5.775356292724609
5.563779354095459
6.256047248840332
7.19634485244751
6.7475972175598145
6.38563346862793
6.86055850982666
7.8300957679748535
6.421489715576172
7.262565612792969
9.25342082977295
9.15396499633789
6.742555618286133
7.649674415588379
7.472139835357666
8.290369987487793
6.892149448394775
7.663251876831055
9.547037124633789
7.504398345947266
7.244503974914551
7.94676399230957
6.342987537384033
7.12035608291626
6.715481758117676
6.883362770080566
6.375643730163574
7.1960954666137695
8.24267578125
6.9134297370910645
6.376871585845947
7.216583251953125
8.526729583740234
8.419173240661621
6.737057209014893
7.636600494384766
8.38245964050293
8.40861701965332
6.967062950134277
7.377064228057861
6.881587505340576
6.209212303161621
8.367599487304688
9.18338680267334
6.354947566986084
7.209228038787842
6.669791221618652
5.456752300262451
6.346802234649658
7.216063499450684
5.619779586791992
6.086026668548584
6.743408203125
7.341567039489746
5.548513889312744
5.780808448791504
6.372825622558594
7.134141445159912
6.647128582000732
5.504127025604248
7.0989670753479
7.555718898773193
7.048345565795898
7.391719818115234
7.048280715942383
7.149116516113281
7.547379016876221
8.940078735351562
6.297074317932129
7.385908126831055
7.120793342590332
7.765476226806641
7.7242512702941895
7.5801191329956055
5.475512981414795
4.985055923461914
6.881937026977539
7.653403282165527
7.474349021911621
7.482728004455566
5.54194450378418
6.008321762084961
6.629885673522949
6.349740505218506
6.238927841186523
6.901088237762451
7.411961078643799
8.03014087677002
8.678011894226074
9.102445602416992
6.467719078063965
7.222902297973633
4.68713903427124
5.499964237213135
6.951655864715576
7.0402960777282715
6.592604160308838
5.981300354003906
7.081892013549805
7.70881462097168
7.988659858703613
7.996363162994385
7.601747512817383
6.821337699890137
6.798632621765137
7.590594291687012
7.0167388916015625
7.389318466186523
8.724743843078613
8.97060489654541
8.113801956176758
8.419173240661621
5.945859909057617
6.909700393676758
6.066998481750488
6.74864387512207
6.97296667098999
7.517742156982422
7.572780609130859
6.869042873382568
5.574711322784424
6.156932830810547
5.911525726318359
5.927407264709473
5.41458797454834
5.732065677642822
5.992616653442383
6.2528181076049805
8.191119194030762
7.5645432472229
7.532724380493164
7.372838973999023
7.622295379638672
8.26998519897461
5.882199764251709
6.46396017074585
7.011544704437256
6.029212474822998
6.642037868499756
7.115987777709961
8.21588134765625
7.6322922706604
8.172212600708008
8.546125411987305
8.092841148376465
8.128376960754395
8.55445384979248
8.308647155761719
6.946269512176514
7.740119457244873
7.419304847717285
7.951454162597656
6.944380760192871
7.736773490905762
7.208600044250488
7.8908257484436035
7.038161277770996
7.05270528793335
8.498202323913574
8.767916679382324
7.339615821838379
7.6170125007629395
7.068868637084961
7.572046279907227
5.859977722167969
6.6183929443359375
7.177938461303711
6.9548797607421875
6.222717761993408
6.295022010803223
5.961081027984619
6.810154914855957
5.737799167633057
6.45702600479126
6.704667091369629
7.149866104125977
4.772201061248779
5.174347877502441
6.829232215881348
7.621293067932129
8.98071575164795
7.718593597412109
5.833954811096191
6.4045023918151855
7.0342912673950195
7.103111743927002
6.520804405212402
7.256436347961426
6.900387763977051
7.180035591125488
7.305661201477051
7.699841499328613
6.354401588439941
7.140458106994629
5.706860542297363
6.352155685424805
6.896153450012207
7.425375938415527
5.359492778778076
6.146888256072998
6.222461223602295
6.250609874725342
6.962790012359619
7.443011283874512
6.148384094238281
6.582469940185547
7.120709419250488
7.524961948394775
6.263570785522461
7.19671630859375
7.259932518005371
7.646897792816162
7.214617729187012
6.827509880065918
6.853545665740967
7.723149299621582
8.171470642089844
7.677652835845947
6.759701728820801
7.419367790222168
4.457479953765869
4.823096752166748
8.322054862976074
8.921952247619629
6.505194664001465
7.338552474975586
7.178197860717773
6.621339321136475
6.414456367492676
7.244189739227295
6.609994888305664
5.499908924102783
6.508085250854492
6.463366508483887
7.116202354431152
6.800589561462402
7.25647497177124
7.795841693878174
6.031097412109375
6.68516206741333
7.4478068351745605
7.558035373687744
6.169586181640625
6.285283088684082
6.602952003479004
6.995129585266113
7.504899978637695
6.356606483459473
8.004022598266602
7.808384895324707
6.782054424285889
7.2350568771362305
5.845006942749023
5.977726459503174
5.862412452697754
6.827718734741211
5.452264308929443
5.082259178161621
7.246791362762451
7.87861442565918
6.759467601776123
6.736981391906738
7.703667640686035
7.074217796325684
6.944653511047363
7.472617149353027
6.437870025634766
7.243401527404785
7.139143943786621
7.121983528137207
6.994319915771484
7.698950290679932
9.16875171661377
7.504398345947266
6.178500652313232
6.491204261779785
6.041591644287109
6.480157375335693
7.8883771896362305
7.103418827056885
6.150395393371582
6.824216842651367
6.955112457275391
7.301258563995361
5.10362434387207
5.9363603591918945
7.450102806091309
6.681873321533203
7.414331912994385
7.5087971687316895
7.034565448760986
6.17059850692749
6.379792213439941
6.295133590698242
6.628300666809082
7.394493579864502
7.9860358238220215
7.468911647796631
6.911989212036133
7.796313762664795
6.641690254211426
6.671914100646973
6.093682289123535
6.608114242553711
6.974062919616699
7.546141624450684
7.621331214904785
7.081051826477051
6.813190460205078
7.267002105712891
5.853766441345215
5.514153957366943
7.050414562225342
7.591368675231934
6.455305099487305
6.86336088180542
6.248574256896973
7.093017578125
6.038307189941406
5.742737770080566
5.502939224243164
6.056318283081055
5.809690475463867
5.638100624084473
6.978239059448242
7.898196697235107
8.495055198669434
8.921952247619629
7.294985771179199
5.854055404663086
5.5738420486450195
6.486310005187988
6.490091800689697
6.575465202331543
6.488221645355225
6.539304733276367
5.755847930908203
5.671977519989014
7.3941192626953125
7.328043460845947
5.50560188293457
6.023920059204102
6.624368667602539
7.029064655303955
7.061173439025879
7.560742378234863
6.167812347412109
6.696796894073486
5.179815769195557
5.765322685241699
7.632198333740234
6.446122169494629
5.416451454162598
5.821222305297852
6.536855220794678
7.353372573852539
6.915475368499756
6.719577312469482
7.2486371994018555
7.860367774963379
6.310105800628662
6.998638153076172
6.207479953765869
6.224175453186035
7.733701229095459
7.928951263427734
6.573881149291992
7.702170372009277
7.8349504470825195
8.232538223266602
6.180159568786621
6.285614967346191
8.362621307373047
8.183828353881836
5.398448944091797
6.299322128295898
6.765893459320068
6.406877517700195
5.951936721801758
6.583087921142578
7.169491767883301
7.4646735191345215
7.600454330444336
7.124483585357666
6.860467910766602
7.273310661315918
6.531898498535156
7.632671356201172
6.672473907470703
7.221889019012451
7.224363327026367
7.134207248687744
6.557850360870361
7.43692684173584
6.734125137329102
6.922934532165527
5.420649528503418
6.047513008117676
6.563348293304443
7.41191291809082
6.6698784828186035
6.754669666290283
6.950587749481201
7.886539459228516
9.117305755615234
7.504398345947266
8.068358421325684
6.9658098220825195
6.293794631958008
7.099983215332031
7.041463851928711
7.557494163513184
6.247800827026367
7.454998970031738
6.2855424880981445
7.388474464416504
7.966034412384033
8.173267364501953
6.9683837890625
7.254937171936035
6.369941234588623
6.97037410736084
6.463420867919922
6.960986614227295
7.362678050994873
7.7477521896362305
7.431917190551758
6.324350357055664
5.956367492675781
7.1955885887146
7.947225570678711
8.145759582519531
7.641361236572266
7.993350982666016
5.954198837280273
6.296055793762207
7.824106216430664
7.6129045486450195
7.133419990539551
6.5624775886535645
6.963915824890137
7.871335029602051
5.826249122619629
6.236195087432861
6.99066162109375
7.4330830574035645
7.525277137756348
6.183623790740967
6.97415828704834
7.598319053649902
7.431275367736816
7.605486869812012
7.035810470581055
7.744565010070801
5.230306625366211
5.860906600952148
6.2014923095703125
7.4462666511535645
6.547121524810791
6.67018985748291
8.648971557617188
7.858122825622559
5.698620796203613
6.442726135253906
7.5771164894104
7.9117751121521
6.497408390045166
6.738368988037109
5.69717264175415
5.7734456062316895
5.824965476989746
6.377345561981201
5.998023986816406
6.5849289894104
6.85211706161499
6.96713924407959
6.818386077880859
7.458581924438477
8.113778114318848
7.701023101806641
6.7171196937561035
7.5203094482421875
6.025293350219727
6.903355598449707
7.105070114135742
5.854055404663086
6.400148391723633
7.04594612121582
5.673398017883301
6.45889139175415
6.445393085479736
6.7600555419921875
6.90020751953125
7.229170799255371
8.00617504119873
7.8024797439575195
5.650049686431885
6.354160308837891
6.539315223693848
5.536565780639648
6.545221328735352
6.601580619812012
7.149935722351074
7.1077494621276855
6.221027374267578
7.026594638824463
6.175497055053711
6.4584150314331055
7.15524959564209
7.818681240081787
9.439854621887207
9.372386932373047
5.956592559814453
6.6020355224609375
6.065646171569824
6.6040191650390625
7.220161437988281
7.752721786499023
8.386465072631836
8.8051176071167
6.851840972900391
7.213163375854492
5.1034955978393555
5.288752555847168
6.291786193847656
6.767979145050049
7.4589314460754395
6.982522964477539
5.120400428771973
5.334782600402832
7.130695343017578
7.710515975952148
6.013815879821777
5.953221321105957
7.777827262878418
8.216371536254883
6.318659782409668
7.021798133850098
7.309404373168945
7.778313636779785
6.6366987228393555
7.349626064300537
6.713278293609619
7.197620868682861
7.666371822357178
7.202426433563232
5.598873615264893
6.460102081298828
7.875637054443359
8.65379524230957
5.62249755859375
6.256950378417969
6.549807548522949
6.502755165100098
4.79620885848999
5.7108259201049805
6.199907302856445
7.377810478210449
5.0581488609313965
5.928471565246582
7.320347309112549
7.760233402252197
6.812932968139648
6.751249313354492
6.987229347229004
7.705710411071777
6.4914655685424805
6.531002998352051
7.756405353546143
8.05112361907959
7.28571891784668
7.799125671386719
6.771887302398682
7.358957290649414
8.079719543457031
7.064867973327637
6.8646650314331055
7.276373863220215
6.932581901550293
6.933405876159668
7.811985492706299
6.631584644317627
5.948405742645264
6.286215782165527
6.868250846862793
7.58203125
8.682052612304688
9.02764892578125
6.7508440017700195
7.428518772125244
5.807445526123047
6.128631114959717
6.2955780029296875
7.152072429656982
6.904697418212891
7.540031433105469
5.557635307312012
5.41970157623291
6.247942924499512
7.058955192565918
7.833237171173096
6.592548847198486
6.446437835693359
7.216188430786133
7.626399993896484
8.060436248779297
7.059421539306641
7.232056140899658
7.341434478759766
7.160671710968018
6.495250701904297
7.0081281661987305
7.376769065856934
8.044010162353516
7.496276378631592
7.138763427734375
6.823554515838623
7.274848461151123
7.169307708740234
7.673367023468018
6.31563663482666
7.074283123016357
4.95481538772583
5.273866176605225
6.867762565612793
7.313465118408203
5.453269004821777
6.462896347045898
8.572283744812012
7.236290454864502
5.740821838378906
6.229118347167969
6.550938129425049
5.512158393859863
5.041627883911133
5.59376859664917
8.228117942810059
7.064867973327637
7.46393346786499
6.60460090637207
6.8405256271362305
7.818340301513672
6.198968410491943
6.18043851852417
6.416186332702637
6.680420398712158
7.8481879234313965
7.328043460845947
6.138159275054932
6.718775749206543
6.7716288566589355
6.619726657867432
7.062199592590332
7.739655494689941
5.283952713012695
5.859662055969238
6.485568523406982
7.160160064697266
7.585541248321533
6.147064685821533
7.409700393676758
8.037799835205078
6.529206275939941
7.140285491943359
6.466258525848389
7.309879779815674
6.016031265258789
6.454326629638672
7.012910842895508
7.1398210525512695
7.179540157318115
7.2802557945251465
6.208749771118164
5.384712219238281
6.011974334716797
6.706711292266846
8.753583908081055
7.800508975982666
7.031168460845947
7.0195393562316895
5.469183921813965
5.8387579917907715
7.3216328620910645
7.818981170654297
6.188800811767578
6.84375
6.97899866104126
7.530130386352539
7.108164310455322
7.477638244628906
5.891026496887207
6.422356128692627
7.998093128204346
8.22940731048584
6.14829158782959
7.340546607971191
7.598695755004883
7.269558906555176
6.8175859451293945
7.1928324699401855
4.996204853057861
5.717474937438965
5.538715362548828
6.153886795043945
7.455942630767822
6.946700096130371
6.866366863250732
7.164076805114746
5.272162437438965
5.843369960784912
6.915850639343262
6.714022636413574
5.097002983093262
6.088872909545898
6.805716037750244
7.15662956237793
6.815053939819336
7.495183944702148
7.978419303894043
6.805523872375488
7.992432117462158
8.182170867919922
6.911567211151123
7.668430328369141
5.239538669586182
5.957533359527588
5.882357597351074
6.016493797302246
8.227068901062012
6.728269577026367
7.13070011138916
7.761915683746338
7.083206653594971
7.468010902404785
5.452301025390625
5.918059349060059
6.970569133758545
5.760245323181152
6.997305870056152
7.585354804992676
6.723374843597412
6.221982955932617
6.9255170822143555
7.36531925201416
6.933257102966309
6.871756553649902
6.899231910705566
7.728448867797852
7.7212300300598145
7.144330024719238
6.577310562133789
7.057859420776367
7.050216197967529
7.93771505355835
6.475037574768066
7.06549596786499
8.559428215026855
7.301495552062988
6.496053695678711
7.219085693359375
7.010998249053955
7.733998775482178
8.458063125610352
7.253130912780762
7.996887683868408
7.558990001678467
6.546856880187988
7.052284240722656
7.847593307495117
7.6630473136901855
7.035583972930908
6.7157158851623535
6.383329391479492
7.289483070373535
5.892495155334473
6.559680938720703
6.779759407043457
7.383240699768066
6.844046115875244
5.9017839431762695
7.366157054901123
7.3914079666137695
8.079340934753418
7.893517971038818
6.270364761352539
6.889421463012695
5.67136812210083
6.243337631225586
5.259908676147461
6.078804016113281
6.894143104553223
7.277312278747559
5.411539554595947
6.071615695953369
5.496973037719727
5.694212913513184
6.457894325256348
7.105978012084961
7.261263370513916
8.105213165283203
5.616116523742676
5.787319183349609
5.938706398010254
6.760885238647461
8.003664016723633
8.259893417358398
5.1046929359436035
6.178404808044434
7.975493431091309
6.2401018142700195
6.806110382080078
7.013559818267822
7.809063911437988
6.2494940757751465
6.126428127288818
6.911291122436523
8.070791244506836
7.090968132019043
7.999836444854736
8.997627258300781
7.010446548461914
7.87619686126709
7.094152927398682
7.594757080078125
6.332001209259033
6.384122848510742
6.085899353027344
6.615736484527588
7.348294734954834
7.920823574066162
8.1615571975708
8.419173240661621
6.6143083572387695
7.070597171783447
4.5163984298706055
4.765076160430908
7.2388200759887695
7.852461814880371
8.11519718170166
7.8401994705200195
6.250058174133301
7.128257751464844
8.192692756652832
8.25715160369873
6.421684265136719
6.52570104598999
7.255229949951172
7.462860584259033
7.027011871337891
7.58497953414917
7.697027683258057
7.551488876342773
5.688536643981934
6.636041641235352
6.915156841278076
7.070221900939941
7.362797737121582
7.833222389221191
6.565766334533691
6.915856838226318
6.504715442657471
5.627061367034912
6.425806045532227
7.540060520172119
6.586215496063232
7.158594608306885
7.718489646911621
7.328043460845947
6.447453022003174
7.452388763427734
7.496089935302734
6.998566150665283
4.949495315551758
5.971575736999512
5.656881809234619
5.924447059631348
5.308323860168457
5.884471893310547
5.073448657989502
6.185133457183838
5.939266204833984
6.580852508544922
7.498433589935303
7.968160629272461
6.4208269119262695
7.152135848999023
6.931500434875488
7.1686482429504395
5.8340606689453125
6.046223163604736
6.399637222290039
6.928443431854248
7.188413619995117
7.965147495269775
6.741291522979736
5.512158393859863
5.807239532470703
6.697617530822754
7.366466522216797
7.9342451095581055
6.87570333480835
7.45417594909668
6.637571811676025
7.336191654205322
7.055824279785156
6.731030464172363
5.432870864868164
6.112059116363525
5.578390121459961
6.492969512939453
6.233741283416748
6.88022518157959
6.844307899475098
6.346205234527588
7.219301223754883
7.747962951660156
9.257612228393555
9.133453369140625
7.786484241485596
7.097869873046875
6.887115001678467
7.314671993255615
6.401816368103027
5.247896671295166
5.025284767150879
5.5759172439575195
6.049310684204102
6.072332859039307
6.156571388244629
7.578834056854248
7.195034503936768
7.661552906036377
6.865495681762695
7.6692681312561035
7.200167655944824
7.282252311706543
6.687199592590332
7.225011825561523
6.668483257293701
6.766758441925049
5.944218635559082
6.730556964874268
6.852350234985352
6.880105018615723
6.156311988830566
6.23375940322876
6.0745744705200195
6.611053466796875
7.579138278961182
7.2361345291137695
6.418545722961426
7.1981611251831055
8.270666122436523
8.64903450012207
6.475960731506348
5.536565780639648
7.070338726043701
7.635452747344971
9.167278289794922
9.746357917785645
6.86350679397583
7.549829006195068
7.845302104949951
7.334506988525391
5.317397117614746
6.165903091430664
5.282426834106445
5.982270240783691
7.231512546539307
7.773716926574707
8.102065086364746
7.52694845199585
6.784321308135986
7.730700969696045
7.36627197265625
6.955717086791992
6.793153762817383
7.152717590332031
7.634555816650391
6.779550075531006
6.876593589782715
7.618073463439941
6.8613996505737305
7.858404159545898
6.103456974029541
6.976961135864258
7.366879463195801
7.931690216064453
6.973302841186523
7.410099506378174
5.527504920959473
6.3955512046813965
8.747876167297363
8.64786434173584
6.413936614990234
6.660007476806641
6.300398826599121
6.921772003173828
6.4970574378967285
6.975827693939209
6.824306488037109
7.775916576385498
8.362871170043945
6.91825008392334
7.074951171875
7.6836700439453125
6.4407758712768555
6.784592628479004
7.1069207191467285
7.449646472930908
7.087631702423096
6.029212474822998
7.064474105834961
7.922510147094727
6.717757225036621
6.844127655029297
6.228105068206787
6.692099571228027
6.159852504730225
6.554052352905273
6.379162311553955
7.113582611083984
5.955658912658691
6.014359474182129
7.214486598968506
6.687187194824219
6.427614212036133
6.859248638153076
6.628537178039551
7.180417060852051
6.9060258865356445
7.127408027648926
6.389654636383057
6.704899787902832
6.48097562789917
6.752162456512451
6.6402201652526855
7.421871185302734
8.579309463500977
7.064867973327637
7.246933937072754
7.1909332275390625
6.212820053100586
7.237371444702148
6.302549839019775
6.664800643920898
6.700680732727051
7.215363502502441
6.9995808601379395
7.612710952758789
7.167233467102051
6.571389198303223
6.173414707183838
7.273303985595703
7.629244804382324
8.371866226196289
5.788578987121582
6.197426795959473
7.2085466384887695
7.888139724731445
5.154189109802246
6.44906759262085
7.329006195068359
5.969149112701416
6.305548667907715
6.072332859039307
6.8212409019470215
7.179047584533691
6.155505180358887
5.247896671295166
6.795311450958252
7.2049760818481445
7.613903522491455
8.202808380126953
6.915774345397949
7.798616886138916
9.027382850646973
7.877231597900391
8.7350492477417
7.835443496704102
7.613572597503662
6.354944229125977
5.243410110473633
5.908243179321289
5.373236656188965
5.264118194580078
6.4792070388793945
7.438675880432129
6.923160552978516
6.5810041427612305
6.8382110595703125
7.292652130126953
7.123923301696777
7.355362415313721
6.146966934204102
7.360697269439697
8.464427947998047
7.085606098175049
7.082463264465332
6.899441719055176
5.036142349243164
5.832520484924316
7.541171073913574
7.108247756958008
6.5604753494262695
7.421474933624268
5.402338027954102
5.6490159034729
7.236375331878662
7.792305946350098
5.96251916885376
6.299223899841309
6.188053607940674
6.285609245300293
5.865091800689697
6.7915873527526855
5.624601364135742
6.091433048248291
6.893868446350098
7.44066047668457
6.0679121017456055
7.083316326141357
6.533871650695801
6.0352396965026855
6.120141983032227
7.117157936096191
6.131053447723389
5.117924690246582
5.6709723472595215
6.588444709777832
5.437976837158203
6.057560443878174
6.850454330444336
6.434070587158203
5.858855247497559
7.024080276489258
5.902467727661133
6.600302696228027
6.025374412536621
6.625492095947266
7.1009297370910645
7.759909152984619
6.074642181396484
6.83537483215332
8.223551750183105
8.504936218261719
6.846644878387451
7.667876720428467
6.3475022315979
7.020745277404785
6.5086164474487305
6.728665351867676
4.773726463317871
4.80976676940918
6.3489251136779785
6.959588050842285
7.2189412117004395
7.658351898193359
6.340537071228027
7.281807899475098
5.301584243774414
6.250271797180176
5.761593818664551
5.678621292114258
6.378255844116211
7.014881610870361
7.343850612640381
8.120887756347656
8.45041275024414
8.386249542236328
8.205610275268555
8.77892780303955
6.784241676330566
5.584448337554932
6.871488094329834
7.7072649002075195
8.64791488647461
8.40861701965332
7.376293659210205
8.182912826538086
6.593258380889893
7.142093658447266
7.145350456237793
7.406262397766113
6.086773872375488
6.628250598907471
7.6997270584106445
7.863794326782227
7.063533782958984
7.149728775024414
8.384679794311523
7.578848838806152
6.4946608543396
6.266593933105469
5.295844078063965
5.75634765625
7.771325588226318
7.6170125007629395
6.509683609008789
7.43586540222168
7.440537452697754
7.047290802001953
5.7700276374816895
7.092381000518799
5.01569128036499
5.309355735778809
6.798897743225098
7.6270670890808105
8.402484893798828
8.872668266296387
6.708945274353027
7.254937171936035
6.5077972412109375
7.15291690826416
7.085809230804443
7.763351917266846
6.462342262268066
7.149665355682373
6.111632347106934
6.608292579650879
7.627502918243408
8.18301010131836
6.475146770477295
7.598155975341797
8.04633617401123
6.884380340576172
7.48118782043457
7.067201137542725
8.23458480834961
8.50696086883545
6.763144016265869
7.171047210693359
7.496302127838135
8.174223899841309
6.275812149047852
6.3349385261535645
6.375391483306885
6.958765983581543
4.579258918762207
5.230859756469727
6.688669204711914
7.3817267417907715
7.252834320068359
7.878547668457031
5.579597473144531
6.836402893066406
7.335864067077637
8.097492218017578
6.050631046295166
6.366391181945801
5.781278610229492
6.333759307861328
6.721310138702393
7.205019950866699
7.256616592407227
8.11623764038086
8.008820533752441
8.505560874938965
6.910374641418457
7.473454475402832
8.14648723602295
8.076068878173828
7.846931457519531
8.481061935424805
8.29108715057373
8.349051475524902
6.146109580993652
6.658603668212891
6.227841377258301
7.281448841094971
5.336726665496826
5.707509517669678
5.5963897705078125
6.72177267074585
5.928154945373535
5.69341516494751
6.831500053405762
7.31329345703125
7.997941017150879
6.618249416351318
6.883298397064209
7.071160316467285
6.578493118286133
7.4829511642456055
6.476229667663574
6.6377644538879395
6.699007034301758
7.587950706481934
6.461347579956055
6.87973690032959
7.178518295288086
7.713571548461914
5.781492233276367
6.347616195678711
7.064281463623047
7.257544040679932
6.111776351928711
6.460391044616699
6.54200553894043
6.810946464538574
6.716342926025391
7.072391033172607
6.4687089920043945
7.3919572830200195
5.58282995223999
6.140855312347412
7.276312351226807
7.776674747467041
7.540700912475586
7.294506072998047
7.7315497398376465
8.151515007019043
6.741415977478027
7.67642879486084
8.850887298583984
8.173375129699707
6.7170491218566895
7.35611629486084
7.850034713745117
6.809323310852051
6.192714691162109
6.74329948425293
6.393438339233398
7.226431369781494
8.434057235717773
8.633111953735352
6.372221946716309
7.041323184967041
6.3671793937683105
6.199546813964844
7.415164947509766
7.644049644470215
6.702854633331299
7.083612442016602
7.4082841873168945
6.901323318481445
7.062234401702881
7.718697547912598
5.718954563140869
6.0832390785217285
7.047262668609619
7.692488193511963
7.525251388549805
7.701023101806641
8.360739707946777
7.5358662605285645
8.162907600402832
8.465388298034668
5.628462314605713
5.960249423980713
6.249924182891846
6.460188388824463
8.472785949707031
9.678070068359375
5.241428375244141
6.519697189331055
6.17905330657959
6.8996124267578125
7.251827239990234
7.728193283081055
4.473861217498779
4.845039367675781
5.785326957702637
6.2243852615356445
8.59107780456543
8.08564281463623
6.2454376220703125
6.9724321365356445
8.48877239227295
8.367195129394531
6.796730041503906
7.4958953857421875
8.25139045715332
7.084134578704834
6.541308403015137
7.123710632324219
7.338474750518799
6.284704208374023
5.917459487915039
6.854795455932617
7.153310775756836
7.770468711853027
7.7053985595703125
7.210943222045898
6.385298728942871
7.009975433349609
6.260656356811523
6.632540702819824
6.706121921539307
7.181481838226318
7.967072010040283
6.761490345001221
7.221227169036865
6.070079326629639
6.106175422668457
6.544929504394531
8.526935577392578
7.647805690765381
5.7801313400268555
6.589946746826172
6.823143482208252
7.359059810638428
5.956109046936035
6.384544372558594
6.734306335449219
6.341500282287598
7.342913627624512
7.939238548278809
7.570244789123535
8.081769943237305
7.277573585510254
7.8216328620910645
6.402553558349609
6.694108963012695
5.829309940338135
5.870347499847412
7.34539270401001
7.3787126541137695
6.9591498374938965
7.815280914306641
7.222530841827393
7.348618984222412
6.662725448608398
7.264863967895508
6.827076435089111
6.774216651916504
7.196783065795898
7.761843681335449
7.206993103027344
8.020365715026855
5.673772811889648
6.807089805603027
5.338685035705566
5.881462097167969
6.505502223968506
7.3936872482299805
7.359606742858887
6.029212474822998
7.033268928527832
7.614769458770752
7.1266937255859375
7.331697940826416
5.966241836547852
6.889843463897705
6.474930763244629
7.384949207305908
7.000095367431641
7.690764427185059
5.946652889251709
6.544317722320557
6.897975921630859
6.733306407928467
6.717902183532715
7.057034492492676
7.387182712554932
7.3936872482299805
8.438430786132812
8.856067657470703
6.073677062988281
6.328708171844482
6.551434516906738
7.870479583740234
6.7427191734313965
6.28856086730957
5.744796276092529
6.0379533767700195
5.193650245666504
5.638534069061279
5.889186859130859
6.939736366271973
5.770586013793945
6.252725601196289
7.143729209899902
5.649563789367676
6.42654275894165
7.482999801635742
9.50214672088623
8.52143669128418
5.865466117858887
6.693092346191406
6.313263893127441
7.037501335144043
6.840568542480469
7.213739395141602
7.074038982391357
7.58174991607666
6.582113265991211
7.325193881988525
5.061153888702393
5.668125629425049
6.03685188293457
6.6230669021606445
6.006872177124023
6.605503082275391
6.090775966644287
6.163557529449463
7.264243125915527
6.318520545959473
5.715153694152832
6.080914497375488
6.122424125671387
6.634736061096191
6.057568073272705
6.834584712982178
6.990261554718018
7.056252479553223
7.603066921234131
7.23845911026001
6.937671184539795
7.34153413772583
8.26957893371582
7.826724052429199
5.706528186798096
6.384151458740234
6.710056304931641
6.463366508483887
4.789588928222656
6.035215377807617
6.300384521484375
7.239837646484375
8.09010124206543
7.825943470001221
6.697169303894043
6.930303573608398
6.975663661956787
7.40364408493042
5.882732391357422
5.949246406555176
6.261482238769531
6.851031303405762
8.222786903381348
7.097869873046875
7.281985759735107
6.7621378898620605
6.396865367889404
6.958185195922852
6.987058639526367
7.45241641998291
7.445730209350586
7.205763816833496
6.131065845489502
7.2081217765808105
5.649064064025879
5.69746208190918
7.173896789550781
7.647552490234375
9.284605026245117
7.767331600189209
6.716750144958496
7.091617584228516
6.952072620391846
7.39858865737915
6.774285793304443
7.225605487823486
6.899169445037842
7.256736755371094
6.126445293426514
6.961714267730713
5.654774188995361
6.416067600250244
6.612871170043945
7.513067245483398
5.537625312805176
5.717401504516602
6.270325183868408
6.3040289878845215
5.917627334594727
7.06287956237793
6.904872894287109
6.529782772064209
6.332149505615234
7.0611677169799805
6.569866180419922
7.355587005615234
6.412435054779053
6.999890327453613
4.6247358322143555
5.272144317626953
7.043531894683838
7.462680816650391
5.171483993530273
6.008155345916748
5.759640693664551
7.006213665008545
7.54682731628418
7.108247756958008
8.02342414855957
8.463139533996582
7.557394981384277
7.647121429443359
6.848161697387695
7.470882415771484
5.793909549713135
6.5393900871276855
5.694309711456299
6.011794090270996
8.25257682800293
8.413084983825684
6.795907974243164
7.360006332397461
7.0608391761779785
7.740149974822998
7.032777786254883
7.490472316741943
6.628667831420898
6.115142822265625
7.67499303817749
7.860811710357666
6.739933013916016
7.305795192718506
8.195942878723145
8.742162704467773
6.321771621704102
6.737725257873535
6.807195663452148
7.39858865737915
5.682154655456543
6.154508590698242
6.581017971038818
6.81373929977417
6.767648696899414
7.475958347320557
9.070361137390137
7.504398345947266
6.961071968078613
7.53058385848999
6.818788528442383
6.163557529449463
6.24300479888916
7.465094089508057
6.063654899597168
6.501173496246338
7.017631530761719
7.959317207336426
5.624749183654785
6.205255508422852
7.4555559158325195
7.625613689422607
6.834150314331055
6.957231044769287
7.090000152587891
7.979998588562012
7.4769368171691895
7.559460639953613
6.847438812255859
7.828976631164551
6.895676612854004
7.344979286193848
7.299290657043457
7.209016799926758
6.7548508644104
7.17931604385376
5.913511276245117
6.676861763000488
7.445568084716797
7.197783470153809
7.069638252258301
7.411332607269287
6.9382734298706055
7.674417495727539
6.791833877563477
7.481936454772949
6.316910743713379
6.938564300537109
7.442296981811523
7.97824764251709
7.1989336013793945
7.391358375549316
5.414639472961426
5.504673480987549
7.084303379058838
7.617124557495117
5.470375061035156
5.687665939331055
7.181097984313965
7.636825084686279
7.457213401794434
8.098845481872559
7.192752838134766
7.628263473510742