7.451638221740723
7.805520057678223
5.504240989685059
7.931180477142334
5.6649017333984375
6.675637245178223
5.039724826812744
5.348385334014893
7.418447017669678
7.4841742515563965
6.905297756195068
7.702109336853027
5.649247646331787
6.52094841003418
6.280827522277832
6.797615051269531
7.285975933074951
7.524864196777344
6.93716287612915
7.842755317687988
5.848222255706787
6.615100383758545
6.7158942222595215
7.1891069412231445
7.5943284034729
7.7208709716796875
6.318379878997803
7.290504455566406
6.784514904022217
7.389251708984375
5.71781063079834
6.709883213043213
6.633285045623779
6.816329479217529
6.190840721130371
7.053939342498779
5.312357425689697
5.789087772369385
6.3551177978515625
6.7149338722229
7.194694519042969
7.285165309906006
6.530653476715088
6.829113960266113
6.760077953338623
7.1920671463012695
6.4146928787231445
7.126609802246094
5.58495569229126
6.517919540405273
6.546974182128906
7.262524604797363
6.106576442718506
6.4615478515625
6.463365077972412
6.945652008056641
4.761902809143066
5.460781574249268
6.524971961975098
6.983847141265869
7.772124767303467
8.090178489685059
6.709639072418213
7.447373390197754
6.393604278564453
7.033398628234863
6.700814723968506
6.994852542877197
6.856081485748291
7.33735466003418
7.002978801727295
7.247990131378174
5.442256927490234
6.516661167144775
7.344237804412842
7.566040992736816
6.734648704528809
7.490287780761719
6.627472877502441
7.535994529724121
5.197319984436035
6.5115814208984375
6.272862434387207
7.396795749664307
6.875227928161621
7.362985134124756
6.549304485321045
7.323239803314209
5.521711826324463
6.47851037979126
6.603343963623047
7.164456367492676
7.539681434631348
7.547762393951416
6.403852939605713
7.185113430023193
7.423262119293213
7.7123260498046875
6.700711250305176
6.958484172821045
7.812539100646973
7.7206339836120605
6.575450897216797
7.916049003601074
6.417247772216797
6.80027437210083
6.322940826416016
7.097548484802246
7.30324125289917
7.616738319396973
6.448169231414795
7.563803195953369
5.6420793533325195
6.595296382904053
6.112127304077148
6.798028469085693
6.112890720367432
7.170627117156982
5.73450231552124
6.742771148681641
7.58154296875
7.860434055328369
5.438621997833252
7.391456604003906
6.808602809906006
7.377554416656494
5.570271015167236
6.087457180023193
8.493062973022461
8.09154224395752
7.1521782875061035
7.801513195037842
6.998301982879639
7.112927436828613
7.24685525894165
7.926841735839844
8.591730117797852
8.863578796386719
7.275527477264404
7.9076128005981445
7.020347595214844
7.976853847503662
6.864513397216797
7.34615421295166
5.328151702880859
6.461907863616943
6.287965297698975
6.711949348449707
5.805299282073975
6.340274333953857
6.1613383293151855
6.9066667556762695
8.732937812805176
8.75959300994873
6.101715087890625
8.084425926208496
7.242372989654541
7.7471232414245605
6.41774845123291
6.801409721374512
7.208897590637207
7.320112705230713
6.380895614624023
6.73341703414917
6.130458831787109
6.726797580718994
6.387807369232178
7.062795162200928
7.381814479827881
7.952132701873779
5.758326053619385
7.136826515197754
5.784395694732666
6.6539201736450195
5.5992045402526855
6.522693634033203
6.723842620849609
7.3889994621276855
5.540857791900635
7.346132755279541
5.3283257484436035
6.452579975128174
5.8544487953186035
6.557824611663818
6.5373077392578125
6.842861175537109
5.829183101654053
6.395221710205078
5.4730000495910645
6.318615436553955
5.972626209259033
6.47885274887085
7.108232021331787
7.289976596832275
6.2147536277771
7.009220123291016
5.321063995361328
6.161250114440918
5.729739665985107
6.548533916473389
7.651196479797363
7.9753265380859375
6.068398475646973
7.599685192108154
5.89134407043457
6.692653656005859
5.510422706604004
6.2531352043151855
7.212191104888916
7.681304931640625
6.252610683441162
7.649682521820068
5.354344844818115
6.401060581207275
6.156496524810791
6.9429473876953125
6.571563720703125
7.474441051483154
6.608519077301025
7.299022197723389
6.979576110839844
7.6337432861328125
5.588660717010498
7.686069488525391
5.494544982910156
6.586921215057373
5.71428108215332
6.666186809539795
8.421481132507324
8.1693754196167
7.062652587890625
7.787362575531006
6.697650909423828
6.931439399719238
6.8772783279418945
7.306288242340088
7.668515205383301
7.855513095855713
6.445012092590332
7.079230785369873
5.8760504722595215
6.427768230438232
6.371618747711182
6.983108043670654
7.550232887268066
7.776648044586182
5.939650058746338
7.990105628967285
5.698127746582031
6.67218017578125
6.017216205596924
6.6570329666137695
5.124250411987305
6.068692207336426
5.886635780334473
6.799411296844482
5.861560344696045
6.300893306732178
6.227470397949219
6.607945442199707
6.525363445281982
7.042697429656982
6.87591552734375
7.431905746459961
6.917050361633301
7.797269821166992
5.175311088562012
6.473873138427734
6.806993007659912
7.419808864593506
7.724238872528076
7.601502895355225
5.585574150085449
7.626426696777344
6.028238773345947
6.302138328552246
5.347222328186035
5.863836288452148
7.220698833465576
7.370011806488037
7.122290134429932
6.768921852111816
6.348159313201904
7.056554317474365
6.696783542633057
7.257554531097412
8.38460922241211
8.533249855041504
7.2820658683776855
8.201969146728516
6.5412492752075195
7.576930522918701
7.423154354095459
7.695079326629639
6.144847869873047
6.606675624847412
6.309350490570068
7.000546455383301
7.5872015953063965
7.6636810302734375
5.579916477203369
7.172656536102295
5.857135772705078
6.479373931884766
5.970512390136719
5.946671962738037
6.615612030029297
6.852616786956787
5.660165309906006
6.391232967376709
5.446802616119385
6.259609222412109
5.523776531219482
6.331093788146973
7.667732238769531
7.713635444641113
5.901621341705322
7.280529022216797
5.9957275390625
6.907544136047363
6.129103183746338
6.525260925292969
7.866006374359131
7.915627479553223
6.554759502410889
7.5908522605896
7.647042751312256
8.131736755371094
6.719066143035889
7.18917989730835
6.1432366371154785
6.888309478759766
5.6847243309021
6.541781425476074
8.046358108520508
8.308308601379395
6.7110795974731445
8.077031135559082
6.28443717956543
7.293704986572266
6.331393718719482
6.8916335105896
7.562887668609619
8.064497947692871
5.168813228607178
7.911402225494385
5.618635177612305
6.864070415496826
5.54807710647583
6.209031581878662
7.708045482635498
7.657895565032959
7.185662746429443
7.8202738761901855
6.1453375816345215
6.558122158050537
6.996986389160156
7.364747524261475
6.767547607421875
7.432128429412842
5.321160793304443
7.528719425201416
5.072918891906738
6.378873348236084
4.854260444641113
5.480749130249023
7.220930576324463
7.2577805519104
6.558636665344238
6.812856197357178
6.929795742034912
7.1212477684021
5.9645609855651855
6.754325866699219
7.350276947021484
7.638169288635254
6.245095252990723
8.045886039733887
5.85237979888916
6.770334720611572
6.4517502784729
6.558718681335449
7.553826332092285
7.693800449371338
6.435202121734619
7.124081611633301
6.671940803527832
7.083140850067139
6.676822185516357
7.1236891746521
7.870378017425537
8.341490745544434
6.283802509307861
7.769478797912598
6.478581428527832
7.2879204750061035
5.744940280914307
6.15511417388916
8.731086730957031
8.410286903381348
7.136003017425537
7.778080940246582
7.206775188446045
7.53670072555542
7.106938362121582
7.3147501945495605
6.73641300201416
7.095579624176025
5.222964763641357
6.600783824920654
5.632275581359863
6.460891246795654
5.494851112365723
5.887938976287842
7.026700496673584
7.224322319030762
6.385272979736328
7.371497631072998
5.358375072479248
6.303492546081543
6.389402866363525
6.898692607879639
5.341599941253662
6.157081604003906
5.876299858093262
6.663548469543457
6.96527624130249
7.2794952392578125
5.044588088989258
6.899142742156982
5.18423318862915
6.01644229888916
5.346472263336182
5.874327182769775
6.518253326416016
6.884605407714844
6.517747402191162
7.292609691619873
5.053502082824707
6.009552001953125
6.396679401397705
7.14480447769165
7.28424072265625
7.490312099456787
5.99501371383667
7.005414009094238
5.608270645141602
6.460282802581787
6.253053188323975
6.797088146209717
7.710349082946777
7.764063835144043
6.473793029785156
7.610341548919678
5.99746036529541
6.8527655601501465
6.740562438964844
6.9587836265563965
7.5698065757751465
7.6909098625183105
6.9258012771606445
7.473426818847656
5.832784175872803
6.478316783905029
7.14324951171875
7.497034549713135
5.791995525360107
6.532836437225342
6.768956184387207
7.028325080871582
8.326746940612793
8.04443645477295
6.880110263824463
8.217048645019531
6.380975723266602
6.840714931488037
6.487593173980713
6.847874641418457
6.478604793548584
7.447373390197754
6.320700168609619
6.753147602081299
7.761937618255615
8.013812065124512
6.314332008361816
7.452070713043213
6.271835803985596
6.736846446990967
6.503077983856201
6.951603889465332
5.311124324798584
6.363160610198975
4.760987281799316
5.485249996185303
7.397200107574463
7.4970831871032715
6.28402853012085
6.976355075836182
6.945553779602051
7.478297710418701
6.409289836883545
7.0151190757751465
7.967291355133057
8.137208938598633
6.919125556945801
7.591279029846191
7.537628173828125
7.911664009094238
6.484961032867432
7.240830898284912
7.520933628082275
8.143694877624512
5.9525017738342285
7.299266338348389
5.918652534484863
6.7474212646484375
5.745456695556641
6.673927307128906
4.8582282066345215
6.063645362854004
5.064113140106201
6.0753326416015625
6.415524959564209
6.982032299041748
4.755577564239502
6.053813934326172
5.979621887207031
7.124081611633301
5.534327507019043
5.99276876449585
7.123775005340576
7.453388214111328
5.764525890350342
6.861636638641357
6.654710292816162
6.978102207183838
5.692244052886963
7.033909797668457
8.268946647644043
8.316007614135742
7.946580410003662
8.144923210144043
8.286429405212402
8.433992385864258
7.571208953857422
7.5837907791137695
6.901147365570068
7.238750457763672
6.212040424346924
6.890720367431641
5.70391321182251
6.499617099761963
6.098937034606934
6.6034746170043945
7.2237467765808105
7.489592552185059
5.709243297576904
7.275381088256836
5.69489049911499
6.62176513671875
5.344297409057617
5.723057746887207
8.329794883728027
8.106219291687012
7.052424907684326
7.816383361816406
6.664498329162598
6.865391731262207
7.085719585418701
7.783674716949463
5.225515365600586
6.110687255859375
5.623091697692871
6.239291667938232
4.975259304046631
5.955674648284912
6.109593391418457
6.492579936981201
7.971657752990723
8.050681114196777
6.951428413391113
7.425135135650635
7.631066799163818
7.815680027008057
6.966106414794922
7.362417697906494
7.326015472412109
7.574482440948486
5.707910060882568
7.763895511627197
5.428136825561523
6.449281215667725
5.473039627075195
6.348158359527588
6.20486307144165
6.81432580947876
6.344820499420166
7.146298885345459
4.678147315979004
5.827897548675537
6.237513065338135
7.072099208831787
6.288499355316162
6.549782752990723
5.851867198944092
6.907497406005859
4.7401018142700195
5.543155670166016
5.714833736419678
6.385298252105713
8.151665687561035
8.426138877868652
7.30713415145874
8.234087944030762
6.514430999755859
7.27584981918335
6.891849040985107
7.359157562255859
5.34747838973999
7.299266338348389
4.890716552734375
5.354793548583984
6.9576334953308105
7.271836280822754
6.323753356933594
7.7764177322387695
5.662736415863037
6.413082122802734
5.909380912780762
6.520415782928467
6.3344597816467285
6.918914794921875
5.60786771774292
7.250888347625732
4.990970611572266
6.014493465423584
5.144880771636963
5.952615261077881
6.61821985244751
7.050755023956299
5.137635231018066
6.18703556060791
7.390295505523682
8.02276611328125
5.625443458557129
8.172703742980957
5.286269664764404
6.566530704498291
5.213862895965576
6.342458724975586
7.794322490692139
8.298014640808105
6.517270088195801
8.058137893676758
6.445534706115723
7.328373908996582
6.333355903625488
7.44561243057251
7.658542156219482
7.889994144439697
6.028531551361084
7.383083343505859
6.26216459274292
6.973951816558838
5.561177730560303
5.624361515045166
7.24270486831665
7.277386665344238
5.6162285804748535
7.2265191078186035
5.692363739013672
6.551806926727295
5.491686820983887
6.388590335845947
6.909881591796875
6.983212471008301
5.348644256591797
6.620761394500732
5.697530269622803
6.277217864990234
5.236253261566162
5.958793640136719
6.155184745788574
7.447373390197754
6.029742240905762
6.332207679748535
7.730656623840332
8.345879554748535
5.7562408447265625
7.716166973114014
6.254918575286865
7.294955730438232
5.267714977264404
5.682854652404785
7.007880210876465
7.42511510848999
5.780771732330322
7.575479984283447
5.352583408355713
6.450577735900879
5.254551887512207
6.287357807159424
8.68164348602295
8.542698860168457
7.256880283355713
7.630005836486816
6.963894844055176
7.3022141456604
6.843457221984863
7.064878940582275
8.077679634094238
8.283632278442383
7.451751708984375
7.863479137420654
8.48537826538086
8.225520133972168
7.278751373291016
8.410985946655273
6.815351963043213
7.132279872894287
6.846632480621338
6.944934368133545
7.5435791015625
7.7861528396606445
6.621673583984375
7.268803596496582
6.9076433181762695
7.549617290496826
5.965844631195068
6.880953311920166
6.810507297515869
7.25946044921875
6.549167633056641
7.5583415031433105
5.484273433685303
6.350702285766602
6.321760177612305
7.657336711883545
6.918528079986572
7.625657558441162
6.503295421600342
7.6550164222717285
5.449062347412109
6.687206268310547
6.415736675262451
7.227958679199219
8.212912559509277
8.229705810546875
7.004249572753906
7.6849212646484375
7.968815803527832
8.242895126342773
7.179332256317139
7.392617225646973
7.1970109939575195
7.364043712615967
6.486299991607666
7.0689311027526855
6.156093120574951
6.776516914367676
6.402057647705078
7.234162330627441
6.417454719543457
6.902348518371582
6.466353893280029
7.42498779296875
5.1537885665893555
6.163379669189453
6.232411861419678
7.576667308807373
6.128453254699707
6.978892803192139
6.216675281524658
6.870309352874756
8.20400333404541
8.32276439666748
7.059953212738037
7.931884765625
7.886072635650635
8.158029556274414
7.0612053871154785
7.500190734863281
6.030460357666016
6.7959160804748535
6.240249156951904
6.843507289886475
7.578805446624756
7.658398628234863
5.979691505432129
7.1417694091796875
6.109264373779297
6.8805131912231445
5.555212497711182
5.60192346572876
5.170169353485107
5.854538440704346
5.403575420379639
6.554131507873535
6.4525275230407715
7.101145267486572
5.978116512298584
7.493788719177246
4.921926975250244
6.270763874053955
5.472378253936768
6.338596343994141
5.707369327545166
6.620143890380859
6.0150370597839355
6.255860328674316
6.858960151672363
7.225414276123047
6.646998882293701
7.061732769012451
7.762139797210693
7.7629265785217285
7.230235576629639
7.4938554763793945
7.049859523773193
7.095869541168213
5.681609630584717
6.169493198394775
5.593328475952148
6.749597072601318
6.4871826171875
7.797269821166992
6.244418621063232
7.747406005859375
7.216725826263428
7.418924808502197
5.729527950286865
7.596405029296875
5.416194915771484
6.256834506988525
5.94305419921875
6.253701210021973
7.864785671234131
7.895872592926025
6.5523858070373535
7.486820220947266
7.269139289855957
7.80537748336792
6.133702754974365
6.742002964019775
8.531123161315918
8.479530334472656
6.958566188812256
7.664502143859863
6.907459259033203
7.244572639465332
6.867570400238037
7.269541263580322
7.8558807373046875
8.026239395141602
7.076155185699463
7.560986518859863
7.483429908752441
7.894730567932129
7.096099853515625
7.351264953613281
5.494312286376953
6.168384075164795
6.146770477294922
6.544032573699951
5.620934963226318
6.071977138519287
5.657818794250488
6.554959297180176
6.854003429412842
7.285580635070801
5.676130294799805
6.395326137542725
7.165407657623291
7.083756446838379
5.75691556930542
6.701581001281738
6.149804592132568
6.516534328460693
5.663549900054932
5.900568962097168
6.93558931350708
7.473438739776611
6.952845096588135
7.7949137687683105
5.376471042633057
6.6939849853515625
6.765345096588135
7.364593029022217
6.810851573944092
7.093808174133301
6.053410053253174
7.016563415527344
5.368936061859131
6.276852607727051
5.9637579917907715
6.472291469573975
7.799849033355713
8.090968132019043
7.042215824127197
7.604152202606201
6.490174770355225
6.997392177581787
7.130275726318359
7.422129154205322
5.777891635894775
6.721864223480225
5.6103949546813965
6.716105937957764
7.5183424949646
8.003776550292969
6.512022495269775
7.175678253173828
5.974273681640625
6.678536891937256
6.143858909606934
6.989924907684326
6.146623611450195
6.537051677703857
6.54421329498291
6.634316921234131
4.918057918548584
5.611145496368408
6.099856376647949
6.803208827972412
7.560121059417725
8.064692497253418
6.302289009094238
7.194263458251953
5.852129936218262
6.726502895355225
5.602327823638916
6.684246063232422
5.539982795715332
6.422987461090088
5.22764778137207
6.363691329956055
8.021388053894043
8.038629531860352
6.222270965576172
7.7829461097717285
6.257604122161865
7.127849102020264
6.32644510269165
6.5648932456970215
7.890132427215576
7.749922275543213
6.108344554901123
7.139540195465088
6.689846992492676
7.333543300628662
6.4261908531188965
6.614429473876953
8.094489097595215
8.047106742858887
6.957240581512451
7.402881145477295
6.299472332000732
7.047224521636963
7.085495948791504
7.43764066696167
7.55702543258667
7.774094581604004
5.2388200759887695
7.020763397216797
5.8553619384765625
6.3840508460998535
4.7805705070495605
5.475065231323242
7.074446201324463
7.560300350189209
6.268624305725098
7.312022686004639
5.474721431732178
6.437252998352051
6.231565475463867
6.621242523193359
6.87641716003418
7.29530143737793
5.866906642913818
7.095351219177246
5.524176120758057
6.494147777557373
5.902437686920166
6.416050434112549
7.354567050933838
7.561590671539307
6.20699405670166
7.080585479736328
5.492576599121094
6.455770015716553
5.765906810760498
6.7786455154418945
7.3620924949646
7.645633220672607
6.926080226898193
7.893148899078369
6.0414719581604
6.745707035064697
7.098814487457275
7.471823215484619
6.487428188323975
7.034490585327148
6.796261787414551
7.459012508392334
4.7798309326171875
6.00033712387085
6.767335414886475
7.291485786437988
6.577277660369873
7.12841796875
5.963817596435547
7.635585784912109
5.175999641418457
6.21785831451416
5.4745869636535645
5.603098392486572
7.707396030426025
7.804215908050537
5.948792934417725
7.641613006591797
5.9584269523620605
6.857125759124756
5.647167205810547
5.8944830894470215
6.517875671386719
7.459012508392334
6.461513042449951
7.088212490081787
7.520799160003662
7.575493812561035
6.568168640136719
6.9530181884765625
6.500596046447754
7.0709428787231445
6.51934289932251
6.747963905334473
6.32309627532959
6.63140344619751
5.550093173980713
6.909287929534912
4.904435634613037
5.757714748382568
5.759828090667725
6.498700141906738
8.10986614227295
8.01661205291748
7.15065336227417
7.286798000335693
7.026458740234375
7.741985321044922
7.354655742645264
7.454317569732666
7.034517765045166
7.603829383850098
7.665869235992432
8.030035972595215
7.518157958984375
7.922355651855469
6.729222297668457
7.35219144821167
6.937094211578369
7.535580635070801
6.095746040344238
6.71579122543335
8.950482368469238
8.493460655212402
6.46166467666626
8.30803394317627
7.197415351867676
7.513352870941162
6.1552886962890625
6.368063449859619
5.391879558563232
6.4686713218688965
7.862772464752197
8.383610725402832
7.023318767547607
8.240114212036133
6.101251602172852
7.143582344055176
6.986061096191406
7.324167728424072
5.854304313659668
7.275381088256836
5.469073295593262
5.945873260498047
7.492805480957031
8.066569328308105
6.622554302215576
8.290122032165527
5.51963472366333
6.802805423736572
6.174856662750244
7.338571071624756
8.769766807556152
8.610410690307617
6.876710414886475
7.64394474029541
7.259350776672363
7.637080669403076
7.043338298797607
7.2542338371276855
5.719264030456543
6.508204936981201
5.415008068084717
6.161390781402588
6.022115230560303
6.713201999664307
6.097820281982422
6.597635746002197
5.3348236083984375
6.324039459228516
6.8820695877075195
7.031816005706787
6.632208347320557
6.502570629119873
5.8780131340026855
6.597371578216553
6.895347595214844
7.1807146072387695
6.859948635101318
7.192224979400635
6.377787113189697
7.729910373687744
5.678628921508789
6.497557163238525
6.048115253448486
7.061095714569092
7.780447006225586
7.829791069030762
6.919254302978516
7.91103458404541
6.309347629547119
6.823555946350098
6.909369945526123
7.360171794891357
5.983570575714111
7.9076128005981445
6.237066745758057
6.700695037841797
7.284816741943359
7.6280717849731445
6.373060703277588
7.716443061828613
6.007868766784668
6.800751686096191
6.667250156402588
7.221890449523926
5.78632926940918
6.709144115447998
6.93747091293335
7.323948860168457
7.970836162567139
7.851787090301514
7.421481609344482
7.356059551239014
6.766114234924316
7.458105564117432
6.991735935211182
7.563024997711182
7.860466957092285
7.9572978019714355
6.815255641937256
7.734253883361816
6.388966083526611
7.087133407592773
6.557770729064941
7.345134735107422
6.785041332244873
7.124081611633301
6.853856563568115
7.137399196624756
5.514264106750488
6.1573166847229
5.893441677093506
6.493367671966553
7.868330478668213
7.780977725982666
6.136819362640381
7.1783342361450195
6.143603801727295
6.69111967086792
5.877469539642334
6.557858467102051
6.4517669677734375
6.959026336669922
5.387961387634277
6.316617488861084
5.979213714599609
6.358345031738281
6.210931301116943
6.6571807861328125
4.403219699859619
5.433600902557373
5.8885416984558105
6.781613349914551
6.825459003448486
7.287962913513184
6.359891891479492
7.411792755126953
5.28839635848999
6.268123626708984
6.18438720703125
7.478137493133545
7.199052333831787
7.796620845794678
6.511759281158447
7.791988372802734
5.312652111053467
6.5236663818359375
6.627935886383057
7.0658488273620605
6.492398738861084
7.299285411834717
6.938595771789551
7.703833103179932
7.583745002746582
7.530891418457031
6.061984062194824
6.989428997039795
6.648468971252441
7.063401699066162
5.59807825088501
6.049108028411865
7.346123695373535
7.6247992515563965
5.608497619628906
7.1991400718688965
6.668499946594238
7.132078647613525
5.189470291137695
5.576075553894043
7.354539394378662
7.501198768615723
6.203935146331787
7.273165225982666
5.481773376464844
6.1825714111328125
6.092581748962402
6.427001953125
7.377177715301514
7.741624355316162
5.921604156494141
7.806129455566406
5.343692779541016
6.434910774230957
5.64334774017334
6.449378967285156
7.813527584075928
7.9884352684021
6.6740312576293945
7.8110198974609375
6.05916166305542
6.889987468719482
6.6857147216796875
7.120208263397217
5.842079162597656
7.797269821166992
5.548301696777344
6.863821029663086
5.8947367668151855
6.437695503234863
6.009862422943115
6.378119945526123
7.239203929901123
7.498809337615967
5.9441375732421875
6.9177751541137695
6.0903215408325195
6.978532314300537
5.432790279388428
6.39785099029541
7.804294109344482
7.779809474945068
6.780632972717285
7.453122138977051
5.922282695770264
6.6986894607543945
6.313175678253174
7.148091793060303
6.020259857177734
6.656480312347412
5.7417168617248535
6.984719276428223
4.502378463745117
5.671164512634277
5.1815619468688965
5.876270771026611
6.766384124755859
7.0109076499938965
5.361976146697998
6.4842143058776855
5.247417449951172
6.295297145843506
7.124448299407959
7.303591728210449
6.620962619781494
7.60247278213501
5.326938629150391
6.139235973358154
6.6381072998046875
7.250064849853516
7.509461879730225
8.312664031982422
6.4607439041137695
8.343345642089844
5.706628322601318
6.902255535125732
6.008449077606201
6.888744354248047
7.5123820304870605
7.636213779449463
6.016685485839844
6.884077548980713
5.740521430969238
6.33868932723999
5.972743511199951
6.545608043670654
7.217406749725342
7.726245880126953
5.799991130828857
7.850648403167725
5.423887729644775
6.393261909484863
5.871335506439209
6.522078037261963
6.943946838378906
7.139390468597412
6.321975231170654
6.882503032684326
5.160462856292725
6.013566017150879
6.468814849853516
7.023085117340088
7.677113056182861
7.680391788482666
7.4056243896484375
7.912412643432617
6.305783748626709
6.800323486328125
7.031749248504639
7.259646892547607
5.258248329162598
6.052022457122803
6.559603214263916
7.08278226852417
6.272558212280273
7.427340030670166
5.24139928817749
5.900420665740967
5.941304683685303
6.419484615325928
7.594249248504639
7.839089393615723
6.462161540985107
7.222527980804443
6.234081268310547
6.995568752288818
6.391885280609131
7.0178093910217285
5.596821308135986
6.829113960266113
5.1368842124938965
5.9861602783203125
7.348329067230225
7.756680488586426
5.552463054656982
7.237585544586182
6.777037143707275
7.525134563446045
5.088347434997559
5.397767066955566
5.210246562957764
6.1191840171813965
5.872870922088623
6.265254974365234
7.0921630859375
7.088428497314453
5.93674373626709
6.795669078826904
6.12102746963501
6.730391979217529
6.1119256019592285
6.789988994598389
7.626613616943359
7.694771766662598
6.853684902191162
7.253173828125
6.366567134857178
7.122076511383057
6.783413887023926
7.167602062225342
6.156702041625977
6.620277404785156
5.8404860496521
6.166830539703369
6.966815948486328
7.543239593505859
5.902135372161865
7.46777868270874
5.473053932189941
6.587442874908447
6.09233283996582
6.873149871826172
8.014457702636719
7.9747185707092285
6.886567115783691
7.565939426422119
6.060108661651611
6.851654052734375
6.615275859832764
7.225747108459473
5.306909084320068
6.321820259094238
8.432184219360352
8.684619903564453
6.485703945159912
8.309910774230957
6.646859645843506
7.667487621307373
6.256632328033447
6.986296653747559
8.137704849243164
8.298697471618652
7.144667148590088
8.415522575378418
6.297370433807373
7.390908241271973
6.540475368499756
7.143496036529541
7.596018314361572
7.555037498474121
6.758049011230469
7.837756156921387
6.077149868011475
6.445949554443359
6.782481670379639
7.655654430389404
8.038017272949219
7.9735331535339355
6.013006687164307
7.635992527008057
6.265803813934326
7.047722816467285
7.902049541473389
7.807435512542725
6.119051456451416
7.538532257080078
7.5484514236450195
7.780464172363281
6.085935115814209
6.440824031829834
6.2991228103637695
6.994268894195557
6.294703960418701
7.34602689743042
4.664672374725342
5.784999847412109
6.073855400085449
6.666038513183594
8.546961784362793
8.443077087402344
7.0797600746154785
7.7422990798950195
7.08770751953125
7.406155586242676
6.951902866363525
7.444772243499756
7.527095317840576
7.904487609863281
6.254764080047607
7.387191295623779
5.708211421966553
6.527016639709473
6.302186489105225
7.4283952713012695
6.4739203453063965
6.748665809631348
5.505292892456055
6.849914073944092
5.008164882659912
5.862444877624512
5.110954761505127
6.035025119781494
6.667157173156738
7.1118364334106445
5.694952011108398
6.592544078826904
5.5677008628845215
6.428476810455322
5.58413028717041
7.021971225738525
7.304623126983643
7.830150604248047
6.751523017883301
7.569766044616699
5.744801998138428
6.9360880851745605
6.7999162673950195
7.662779331207275
7.163659572601318
7.383510112762451
6.665566921234131
6.931397914886475
5.823817253112793
6.525032043457031
6.05434513092041
6.720486640930176
7.122220516204834
7.472902774810791
5.998351097106934
7.082765102386475
5.956277370452881
6.5804901123046875
6.243038654327393
6.834569454193115
6.8568878173828125
6.979592800140381
5.703042507171631
6.5423431396484375
5.690736293792725
6.288634777069092
5.517946720123291
6.019565582275391
6.847392559051514
6.948921203613281
6.385435581207275
6.542888641357422
5.750824928283691
6.592570781707764
6.407487392425537
6.989306926727295
6.372326374053955
7.1167755126953125
6.066623210906982
7.273752689361572
4.9916253089904785
6.184932708740234
6.147469997406006
6.798062324523926
6.83941650390625
7.309866428375244
6.935253143310547
7.670205116271973
5.4486846923828125
6.427337169647217
6.303502082824707
7.038220405578613
5.222362041473389
7.806129455566406
4.850196838378906
5.622824192047119
5.852776527404785
7.253173828125
5.493203639984131
6.102402687072754
5.9988250732421875
6.633625030517578
5.6733856201171875
6.732496738433838
8.399301528930664
8.614191055297852
7.0194268226623535
7.528717041015625
6.5416765213012695
7.384102821350098
6.396798610687256
6.990594387054443
5.731975555419922
6.31331205368042
5.921119213104248
6.164448261260986
5.306376934051514
7.649682521820068
4.870480537414551
5.4871063232421875
6.932090759277344
7.168876647949219
5.917964935302734
6.825551509857178
5.234407901763916
6.05551290512085
5.510827541351318
6.352180004119873
7.878852844238281
8.258273124694824
5.887693881988525
7.485122203826904
7.355896949768066
7.711468696594238
5.630890846252441
6.807862758636475
6.194952011108398
6.466349124908447
6.321069240570068
6.944882869720459
4.705397129058838
5.749630928039551
6.5068888664245605
6.978548526763916
8.473258972167969
8.222880363464355
6.566676616668701
7.037364482879639
8.154512405395508
8.505477905273438
7.160420894622803
7.911984920501709
6.59060001373291
7.42174768447876
6.704361915588379
7.50601053237915
5.333361625671387
6.028262615203857
5.279003620147705
6.029171466827393
7.343827724456787
7.504312038421631
6.72756814956665
6.994335174560547
6.15428352355957
6.961238384246826
6.163764953613281
6.912505626678467
5.0664849281311035
5.8223490715026855
5.435145378112793
6.602852821350098
7.513333320617676
7.894712924957275
5.450453281402588
6.479902744293213
7.339330673217773
7.927156925201416
6.9101080894470215
7.6108012199401855
5.834951400756836
7.063297271728516
6.641949653625488
7.482977390289307
6.995396137237549
7.508656024932861
6.064339637756348
7.620797634124756
5.287614345550537
6.5641045570373535
5.420224666595459
6.269437313079834
6.9854655265808105
7.507632255554199
7.036741733551025
7.285313129425049
5.512429237365723
6.631704330444336
6.959420204162598
7.7140793800354
7.521256923675537
7.981250762939453
7.076729774475098
7.567273139953613
6.380927085876465
7.178703308105469
7.325985908508301
7.757803440093994
6.423366546630859
7.014111518859863
5.488973617553711
7.521562099456787
5.260089874267578
6.144502639770508
5.699779987335205
6.253335475921631
5.9048004150390625
6.622592449188232
6.3898844718933105
7.029467582702637
6.823251247406006
7.45977783203125
4.942887306213379
6.044172763824463
6.883975982666016
7.12490701675415
6.165920257568359
6.632078647613525
6.4042792320251465
6.717137813568115
4.793849945068359
5.669598579406738
6.383510112762451
7.211123943328857
7.959903717041016
8.283738136291504
5.8434157371521
8.304642677307129
6.263487339019775
7.228868007659912
5.289844512939453
6.124207973480225
7.387444972991943
7.796990871429443
6.6120219230651855
7.985328674316406
5.796032905578613
6.559168338775635
6.146018028259277
6.810208320617676
5.838446140289307
6.218560695648193
5.892054080963135
6.8522629737854
6.027673244476318
6.6720757484436035
6.108663558959961
7.088323593139648
4.460318088531494
5.62523889541626
5.640801906585693
6.411132335662842
4.930478572845459
6.015994548797607
5.005619049072266
5.963961124420166
7.956472873687744
8.023350715637207
7.7067437171936035
8.076277732849121
6.691333293914795
7.207070827484131
7.601367473602295
7.625833034515381
6.3073883056640625
7.486820220947266
6.201869964599609
7.1148247718811035
5.365976810455322
7.763895511627197
5.0088653564453125
5.979042053222656
8.096884727478027
8.162355422973633
6.117046356201172
7.595580577850342
6.292796611785889
7.114133358001709
5.960113525390625
7.0101237297058105
5.605791091918945
6.125260353088379
7.321651458740234
7.4307169914245605
6.523067474365234
7.704639434814453
5.700952053070068
6.314669132232666
6.427470684051514
7.192834377288818
6.510772705078125
7.088076114654541
6.351550579071045
7.316189765930176
5.128818035125732
5.945626735687256
6.136346340179443
7.075501918792725
6.491175174713135
7.291297912597656
5.95436954498291
7.097964763641357
7.47814416885376
7.362683296203613
6.247648239135742
7.567233562469482
5.613439083099365
5.979200839996338
6.184787273406982
6.516125679016113
7.145993232727051
7.364013671875
6.274135112762451
6.807191371917725
6.511086463928223
7.0714006423950195
6.077422618865967
7.082790374755859
7.519813537597656
8.126668930053711
5.7914252281188965
8.146734237670898
5.809607982635498
6.847358703613281
5.654371738433838
6.2836222648620605
6.909248352050781
7.238956451416016
5.244358539581299
6.976327419281006
5.696923732757568
6.5023393630981445
5.418938636779785
5.9423322677612305
7.462177753448486
7.454127311706543
6.665213108062744
7.684257507324219
6.086010456085205
6.529673099517822
6.7767229080200195
7.388230323791504
6.8082475662231445
7.427340030670166
6.303448677062988
7.2312912940979
7.1734819412231445
7.2594523429870605
6.228487968444824
6.5991411209106445
6.231469631195068
7.003917217254639
6.243384838104248
6.6821513175964355
6.615468978881836
7.08944845199585
5.596790313720703
7.499382019042969
4.97215461730957
6.201907157897949
5.204050540924072
5.960169792175293
6.062423229217529
6.899142742156982
6.04622220993042
6.710674285888672
6.9019904136657715
7.31451416015625
5.8294291496276855
7.536205291748047
5.531421661376953
6.484525203704834
5.6860175132751465
6.152839660644531
6.754574775695801
7.3556647300720215
5.385252475738525
6.529411315917969
6.529094696044922
6.8575334548950195
6.253411769866943
6.41659688949585
5.493469715118408
6.268436908721924
5.644688606262207
6.493009090423584
7.178582668304443
7.269967555999756
5.58954381942749
7.002296447753906
6.954580783843994
7.320813179016113
5.154687404632568
5.269219875335693
7.267909526824951
7.71129846572876
6.471450328826904
7.814903259277344
6.108914852142334
6.724212646484375
6.420764446258545
6.526820659637451
6.871379375457764
7.178224086761475
5.810717582702637
6.646259307861328
6.370664119720459
6.86060905456543
5.2437872886657715
7.067075252532959
4.807622909545898
5.816348075866699
4.81695032119751
5.747811794281006
5.60455846786499
7.0689311027526855
5.04073429107666
5.6241326332092285
7.244355201721191
7.5685625076293945
5.667704105377197
7.073724269866943
6.119245529174805
6.952169895172119
5.194671154022217
5.966930389404297
5.930388927459717
7.136826515197754
6.008083343505859
6.699212074279785
5.343817710876465
6.560737133026123
5.64507532119751
6.476377964019775
5.69952917098999
7.425135135650635
5.266984462738037
6.2462310791015625
5.986495494842529
7.172656536102295
5.525516510009766
6.082326889038086
7.177760601043701
7.678086757659912
5.770802021026611
7.492663860321045
5.540581703186035
6.587825298309326
5.235794544219971
5.506643772125244
7.522152900695801
7.57614278793335
6.5178375244140625
6.912672519683838
6.412369728088379
7.205602169036865
6.613328456878662
6.872927188873291
7.6481032371521
7.905976295471191
6.207126617431641
6.924557685852051
8.394704818725586
8.464353561401367
5.938052654266357
7.408931255340576
6.052490234375
6.983404636383057
8.185286521911621
8.38013744354248
5.8056206703186035
7.3932785987854
6.396234512329102
7.25103759765625
5.993420600891113
6.820476055145264
6.962855815887451
7.635585784912109
7.0494232177734375
7.275271892547607
5.498342990875244
7.563803195953369
5.803931713104248
6.533107280731201
6.4553656578063965
6.655219554901123
4.889092445373535
5.85540246963501
6.911363124847412
7.508110046386719
6.797521591186523
7.241408348083496
7.057933330535889
7.20541524887085
5.856942176818848
6.872161388397217
5.987240791320801
6.882637023925781
5.5931830406188965
6.5455641746521
5.979236602783203
6.4282989501953125
6.340039253234863
6.5946502685546875
4.528470039367676
5.463446140289307
5.68316650390625
6.603741645812988
6.293426513671875
6.875812530517578
6.257081508636475
6.924940586090088
7.409546852111816
7.652461528778076
5.307514667510986
7.172666072845459
6.763041973114014
7.134241580963135
4.9746246337890625
5.710445404052734
7.46838903427124
7.537729740142822
5.806008815765381
6.440503120422363
5.771533966064453
7.0689311027526855
5.160916805267334
5.725335597991943
7.377937316894531
7.499077796936035
6.203344345092773
7.690440654754639
6.100329399108887
6.6212663650512695
5.892770290374756
6.371700763702393
7.662423610687256
8.210926055908203
5.729642391204834
7.445508003234863
6.236781120300293
7.09081506729126
5.740321636199951
7.020486354827881
7.396273136138916
7.473654270172119
5.791895389556885
6.231938362121582
7.0672197341918945
7.4450273513793945
6.360718250274658
7.246652126312256
5.61658239364624
6.696979522705078
6.453641414642334
7.039319038391113
6.456552982330322
6.888894081115723
6.337287425994873
7.022672176361084
5.03165864944458
6.025730133056641
5.944998264312744
6.639552593231201
7.738565921783447
7.875748634338379
5.708189487457275
7.059726715087891
6.283294677734375
6.672847270965576
6.097692966461182
6.222511291503906
7.486766338348389
7.555002689361572
5.492758274078369
6.241509437561035
7.8561906814575195
8.27904987335205
6.761788368225098
7.97091817855835
6.146175861358643
7.265571117401123
6.4757585525512695
7.214280605316162
6.4444403648376465
7.172656536102295
6.155919075012207
6.674214839935303
7.969723701477051
8.299696922302246
5.454035758972168
7.439486026763916
6.674012660980225
7.3476152420043945
5.11710786819458
5.591493129730225
7.772149085998535
8.167247772216797
6.1543288230896
6.9014201164245605
5.246157646179199
6.311498165130615
5.44745397567749
6.166734218597412
5.472674369812012
5.893983364105225
5.992255210876465
6.35101318359375
7.923917293548584
8.304168701171875
6.208302974700928
8.24758529663086
6.052358150482178
7.119183540344238
5.895116329193115
6.943630218505859
6.561228275299072
7.127540111541748
5.444294452667236
7.201774597167969
5.1045331954956055
6.22827672958374
5.064657211303711
5.492276668548584
7.137387752532959
7.527946472167969
5.940674781799316
7.706809997558594
5.270143985748291
6.181970119476318
6.438450813293457
6.804496765136719
6.336561679840088
7.4072585105896
4.904416561126709
5.574084281921387
5.8495378494262695
6.33568000793457
7.396312236785889
7.771031379699707
6.0304131507873535
7.202634334564209
6.870964050292969
7.4961161613464355
5.921391487121582
7.116858959197998
6.527871131896973
7.191010475158691
6.482127666473389
7.201774597167969
6.233758449554443
7.170392036437988
7.300994873046875
7.614221096038818
6.04834508895874
7.745947360992432
5.97772216796875
6.782233715057373
5.570155620574951
6.315700531005859
6.437078952789307
7.45977783203125
5.879286289215088
6.403641700744629
7.380959987640381
7.555948734283447
6.766720771789551
7.799966335296631
5.914899826049805
6.670640468597412
6.754557132720947
7.2056403160095215
7.126922130584717
7.720821380615234
6.1761040687561035
7.563291072845459
5.731577396392822
6.940861225128174
6.096067428588867
6.8965582847595215
7.323533058166504
7.325584411621094
5.977743148803711
6.916356563568115
6.2237043380737305
6.719336032867432
5.638743877410889
6.174201488494873
7.602718353271484
8.054739952087402
5.924299716949463
7.4937968254089355
5.8011794090271
6.584514141082764
5.565622806549072
6.237698078155518
6.590257167816162
7.620797634124756
6.017743110656738
6.830758571624756
7.851254463195801
8.024918556213379
7.203254699707031
7.307383060455322
6.9358811378479
7.671757698059082
6.992061614990234
7.9837188720703125
5.4782586097717285
6.490757942199707
5.610637187957764
6.558963298797607
6.866191864013672
7.271947383880615
5.723668098449707
6.505492687225342
7.151363372802734
7.7949137687683105
6.646035671234131
7.492740154266357
6.3991007804870605
7.137824535369873
6.357312202453613
7.193702220916748
4.884308815002441
6.105860710144043
6.473977565765381
6.993953704833984
6.5961809158325195
7.702109336853027
6.490515232086182
6.886437892913818
7.118359565734863
7.616741180419922
5.626425266265869
6.49812650680542
7.220303535461426
7.563884735107422
5.2070112228393555
7.641265392303467
5.217394828796387
6.410221099853516
5.425623416900635
5.951521396636963
7.907721042633057
8.298842430114746
6.8821868896484375
7.545828342437744
6.715109348297119
7.422506809234619
6.451282024383545
6.880704402923584
5.920783519744873
7.016563415527344
6.1131157875061035
6.343690395355225
5.865603446960449
6.643489360809326
5.642362594604492
6.027425289154053
7.00991153717041
7.3770904541015625
5.251105785369873
7.4966583251953125
5.249290466308594
6.236429691314697
5.176656246185303
6.0173773765563965
6.514556407928467
8.343223571777344
6.06118631362915
6.677404403686523
7.215879917144775
7.511267185211182
5.929476737976074
6.615586757659912
7.798277378082275
7.770913124084473
6.086507797241211
7.3169097900390625
6.11552095413208
6.749019145965576
5.715691566467285
5.819178581237793
5.332391262054443
6.087285995483398
5.957337856292725
6.41395902633667
6.2913923263549805
6.861119270324707
6.574349880218506
7.369699001312256
4.867654800415039
5.850332736968994
6.527230739593506
7.277091979980469
6.998810768127441
7.639871120452881
6.195157527923584
7.665391445159912
5.374187469482422
6.651063442230225
6.0604567527771
7.252142429351807
6.683662414550781
6.967293739318848
5.707845211029053
6.937619209289551
5.230162143707275
6.129532337188721
6.243041515350342
7.7422990798950195
5.787298202514648
6.299739837646484
6.2291412353515625
6.992008209228516
5.46189022064209
5.989860534667969
6.423760414123535
7.016909122467041
6.610673427581787
7.354367733001709
4.9420390129089355
6.101564884185791
5.958040237426758
6.803649425506592
6.234847545623779
6.776616096496582
5.673048973083496
5.729720592498779
5.957571029663086
6.536330699920654
5.293440818786621
6.217536449432373
6.016481876373291
7.0636796951293945
5.789201259613037
6.6309051513671875
5.417047023773193
6.240683555603027
8.103376388549805
8.523734092712402
6.532008647918701
8.312224388122559
6.298888683319092
7.409294128417969
6.563746929168701
7.111111640930176
7.760537624359131
7.839453220367432
6.487739086151123
7.023724555969238
5.172035217285156
6.10360860824585
7.08770751953125
7.543159008026123
5.294443130493164
6.349925518035889
5.687870025634766
6.461717128753662
7.1656494140625
7.555638313293457
6.161559581756592
7.6232147216796875
5.402935981750488
6.2362895011901855
5.696500301361084
6.34389066696167
5.894811630249023
7.850648403167725
5.6744866371154785
6.301642894744873
6.978400707244873
7.223336696624756
6.239548683166504
6.8818278312683105
5.7598981857299805
6.403489112854004
5.547456741333008
6.6119585037231445
5.0658860206604
5.873092174530029
5.337587356567383
7.528719425201416
5.518246173858643
6.567788124084473
5.322868347167969
7.022672176361084
5.708623886108398
6.072323322296143
7.446113586425781
7.50475549697876
6.587457180023193
6.837674140930176
5.758763313293457
6.160775661468506
6.060331344604492
6.5235595703125
7.257068157196045
7.650856018066406
6.145233631134033
7.416642665863037
5.401618957519531
6.176050186157227
5.837075710296631
6.562716007232666
8.456944465637207
8.281990051269531
7.0297441482543945
7.4606523513793945
6.798225402832031
7.1688127517700195
6.640799045562744
7.189661502838135
5.397119998931885
7.445508003234863
5.4131293296813965
6.229051113128662
7.232337474822998
7.7829461097717285
7.114067077636719
7.578564643859863
5.510142803192139
6.293188571929932
8.20019817352295
8.351831436157227
7.197795391082764
8.122870445251465
6.4563822746276855
7.2290849685668945
6.753454685211182
7.297732830047607
6.361204147338867
7.113245964050293
5.543773651123047
7.3209147453308105
5.103553771972656
6.255923271179199
5.889042377471924
6.148587703704834
6.658667087554932
7.5908522605896
6.615945339202881
7.448950290679932
6.317730903625488
7.031324863433838
6.180971622467041
6.627349853515625
6.2240777015686035
6.792904853820801
4.844828128814697
5.732717037200928
6.403497219085693
7.017526149749756
5.962527275085449
6.945652008056641
5.517776012420654
6.108755588531494
7.693291664123535
7.711325168609619
6.0114264488220215
7.527072429656982
7.228569984436035
7.731590270996094
6.0367021560668945
6.819296360015869
5.621738910675049
7.850648403167725
5.451624870300293
6.1024909019470215
8.22440242767334
7.976284980773926
6.584405422210693
6.732347011566162
5.152720928192139
6.882503032684326
5.1146955490112305
6.085792064666748
6.365549564361572
6.59644079208374
5.301311016082764
6.984096527099609
4.6953301429748535
5.64899206161499
4.944460868835449
5.744054317474365
8.0346040725708
7.946363925933838
6.264472484588623
7.669488430023193
7.612823486328125
8.071375846862793
6.460637092590332
7.131174564361572
8.590062141418457
8.338417053222656
6.930102348327637
7.938121318817139
7.4975504875183105
7.526229381561279
6.497239112854004
6.389339447021484
7.208770275115967
7.366206645965576
5.301207542419434
7.0397629737854
5.397896766662598
6.023342132568359
5.597811698913574
5.726377010345459
7.357419490814209
7.471523761749268
6.266035556793213
7.518846035003662
5.709484100341797
6.510646820068359
6.4526801109313965
6.75170373916626
6.052924633026123
6.801909923553467
8.005110740661621
8.037711143493652
5.8716535568237305
8.019999504089355
6.4139909744262695
7.069333076477051
5.492554664611816
6.04451847076416
5.129397869110107
6.303427219390869
5.172351837158203
5.534002780914307
7.259881496429443
7.734086513519287
5.781360626220703
7.628406047821045
6.004870891571045
6.68984842300415
5.250073432922363
5.354689121246338
6.953586578369141
6.912672519683838
6.583673000335693
7.098402500152588
5.913005352020264
6.8105902671813965
6.107074737548828
6.838901519775391
5.880267143249512
7.565939426422119
5.3530144691467285
5.898008346557617
5.11759614944458
6.100665092468262
5.188785076141357
6.002248764038086
6.900806427001953
7.041188716888428
5.3667449951171875
6.720588684082031
5.793764591217041
6.554420471191406
4.97140645980835
5.833568572998047
5.296403408050537
6.395221710205078
4.915461540222168
5.491360187530518
6.054811000823975
6.768921852111816
5.701859951019287
5.952663898468018
5.923232555389404
7.640641212463379
5.737772464752197
6.491912841796875
7.995176792144775
7.850244998931885
6.893107891082764
7.641597747802734
6.260220527648926
6.579677581787109
6.5053534507751465
6.813337802886963
8.437541961669922
8.45106029510498
6.7588210105896
7.583249092102051
7.66519021987915
7.951822757720947
6.7335076332092285
7.558972358703613
6.405771732330322
6.984112739562988
6.967074871063232
7.326664924621582
8.60877513885498
8.202744483947754
6.884772777557373
8.304647445678711
6.523001194000244
7.018756866455078
6.821515083312988
6.988179683685303
7.344801425933838
7.563084602355957
5.599565029144287
6.443550109863281
6.5012359619140625
7.402881145477295
6.456628322601318
7.47230863571167
6.065579414367676
6.720588684082031
5.955790042877197
7.353169918060303
6.699261665344238
7.545828342437744
6.869259834289551
7.136204719543457
5.957854747772217
6.7426371574401855
7.0234375
7.5908522605896
6.538706302642822
6.992534160614014
7.497998237609863
8.157708168029785
6.419860363006592
8.165678977966309
5.923435211181641
7.019476413726807
6.462292671203613
6.967320442199707
7.010321140289307
8.24758529663086
6.955865383148193
7.427186489105225
6.1924004554748535
7.6849212646484375
5.799787998199463
6.45884370803833
7.022666931152344
7.241751194000244
5.31663703918457
6.78151273727417
5.846207141876221
6.465428352355957
4.930468559265137
5.502195358276367
7.773745059967041
8.280852317810059
6.962486267089844
8.066859245300293
6.222934246063232
7.221748352050781
7.008229732513428
7.206881999969482
6.878909587860107
7.136631011962891
6.337146759033203
6.501950740814209
5.852204322814941
6.700860023498535
6.39646577835083
7.136454105377197
6.584217071533203
7.220470428466797
4.815252304077148
7.4027557373046875
4.954880714416504
6.116891384124756
4.480251312255859
5.3199286460876465
8.555377006530762
8.619104385375977
7.560494899749756
8.064753532409668
7.076167583465576
7.680690765380859
7.3550920486450195
7.418867588043213
6.673095226287842
6.812856197357178
6.26407527923584
7.129722595214844
6.428999423980713
7.065378665924072
5.862802028656006
7.426653861999512
4.671443939208984
5.979764461517334
5.220420837402344
6.2125163078308105
8.422811508178711
8.815004348754883
6.758243560791016
7.7888336181640625
7.819583892822266
8.087363243103027
6.638507843017578
7.117450714111328
8.64073657989502
8.252582550048828
6.609528541564941
8.188611030578613
6.541101932525635
6.958636283874512
6.871890068054199
7.4822998046875
5.87962007522583
7.921935081481934
5.4663825035095215
6.637735843658447
5.348134994506836
5.822294235229492
8.25269889831543
8.349865913391113
6.713500499725342
7.505761623382568
7.053525447845459
7.773468017578125
7.092925548553467
7.5371246337890625
5.708145618438721
6.9197235107421875
6.969648838043213
7.47101354598999
5.90623140335083
7.538532257080078
6.272552013397217
6.500794887542725
5.28176736831665
6.720588684082031
5.527092933654785
6.03533935546875
6.432851791381836
7.734253883361816
5.9605560302734375
6.562995910644531
7.69399881362915
8.210326194763184
6.217060089111328
7.320349216461182
6.279765605926514
7.234743595123291
6.374772548675537
6.993588924407959
6.338672161102295
6.726539611816406
6.21142578125
6.5690765380859375
5.565089225769043
6.789641857147217
4.862946510314941
5.624090671539307
5.09639310836792
5.876667022705078
7.419894695281982
7.83779764175415
5.747825622558594
7.078024387359619
5.808184623718262
6.6446099281311035
5.567500591278076
6.351834774017334
7.502779483795166
7.800164222717285
5.334275722503662
7.916013240814209
5.533870220184326
6.7779741287231445
5.585927486419678
6.053915500640869
5.158632755279541
6.206149101257324
6.400981903076172
6.714502811431885
6.406485080718994
7.690440654754639
6.678534030914307
7.06033182144165
5.433792591094971
6.206245422363281
5.554751396179199
6.288862228393555
7.36287260055542
7.82266092300415
5.266442775726318
6.561233043670654
7.907911777496338
8.140326499938965
5.465372562408447
7.49395751953125
6.255248546600342
6.942602634429932
5.065473556518555
5.835170745849609
7.069610118865967
7.369490146636963
6.1826491355896
7.055685520172119
5.209343910217285
6.1492109298706055
5.6192450523376465
6.563913822174072
7.118943214416504
7.58650541305542
6.22902250289917
7.359123229980469
5.846581935882568
6.627992153167725
6.069165229797363
6.5380539894104
5.8959641456604
7.082765102386475
5.4311041831970215
5.665111541748047
5.5567827224731445
6.366658687591553
5.685011863708496
6.4483137130737305
6.164270877838135
7.42498779296875
5.888554096221924
6.630300521850586
6.8623223304748535
6.958984375
5.850188732147217
6.458732604980469
5.962181091308594
7.136826515197754
5.924851894378662
6.747168064117432
6.420813083648682
7.567233562469482
6.2458815574646
6.78316593170166
6.0401692390441895
6.689769268035889
4.878715515136719
5.853866100311279
7.544576168060303
7.904128551483154
5.715100288391113
6.795987606048584
6.854156017303467
7.255470275878906
7.287209510803223
7.725384712219238
5.81818962097168
7.635585784912109
6.057971954345703
6.158773422241211
5.454123020172119
7.175678253173828
5.033108711242676
5.3153252601623535
6.701376914978027
7.069028377532959
5.759098052978516
7.426653861999512
5.142563819885254
5.7083845138549805
7.930966377258301
8.100153923034668
6.928555965423584
7.310824871063232
6.495385646820068
6.90621280670166
6.569461345672607
6.910794734954834
7.303468227386475
7.437675476074219
5.581317901611328
6.9149088859558105
5.693278789520264
6.431720733642578
5.267857074737549
5.647573947906494
7.275357246398926
7.538983345031738
5.945931911468506
7.690178871154785
5.639801025390625
6.502873420715332
5.862875461578369
6.930152893066406
5.812258243560791
7.459012508392334
6.009590148925781
6.8506388664245605
6.5144362449646
7.168703556060791
6.688208103179932
6.945228099822998
7.709407329559326
7.846846103668213
6.230320453643799
7.20819091796875
6.178768157958984
6.629853248596191
6.042970180511475
6.246567249298096
5.863307952880859
6.292296409606934
5.21782112121582
5.759958744049072
7.316400051116943
7.569343090057373
6.3349151611328125
7.452098846435547
5.810415267944336
6.720242500305176
6.109622478485107
7.161911964416504
7.289489269256592
7.618075847625732
6.424504280090332
7.039006233215332
6.749162197113037
7.049088954925537
6.258754730224609
6.894359588623047
6.368293285369873
7.641265392303467
5.978673458099365
7.019172191619873
7.946732521057129
8.4356050491333
6.541267395019531
7.974954128265381
6.183101177215576
7.160636901855469
6.537853240966797
7.45186185836792
6.185613632202148
7.538532257080078
5.815487384796143
6.472570419311523
6.252636909484863
7.359123229980469
6.336018085479736
6.908586025238037
7.903752326965332
8.173007011413574
6.274534225463867
7.12062406539917
7.441287517547607
7.955570220947266
5.714327335357666
7.92236328125
5.914519786834717
6.909913539886475
5.293180465698242
5.44169282913208
6.144244194030762
6.359861850738525
5.467460632324219
6.774059295654297
4.592415809631348
5.423372745513916
5.451767921447754
6.87056303024292
7.402690887451172
7.60637903213501
5.850148677825928
7.725295066833496
5.673567295074463
6.59735107421875
6.237184047698975
7.051580905914307
7.513347625732422
7.664376258850098
6.047460079193115
7.8425421714782715
5.830456256866455
6.6127448081970215
5.484883785247803
6.579949378967285
5.836150646209717
7.806129455566406
5.252402305603027
6.089521884918213
5.900431156158447
7.641613006591797
5.486405849456787
6.214362621307373
6.975990295410156
7.146777629852295
6.539744853973389
7.533313274383545
5.464550495147705
5.885628700256348
6.561856746673584
6.944520473480225
8.391362190246582
8.67761516571045
6.763940334320068
7.691407680511475
7.247596263885498
7.744698524475098
5.946456432342529
6.9385085105896
7.624229431152344
8.025543212890625
6.421670436859131
7.3887038230896
6.1085333824157715
6.968599796295166
5.865417003631592
6.7132887840271
6.217260837554932
6.726202487945557
4.7690534591674805
5.804904460906982
5.149511814117432
7.022672176361084
4.841734409332275
5.439079284667969
7.154091835021973
7.300705909729004
6.796088695526123
7.365898132324219
5.853697299957275
6.364905834197998
6.842489719390869
6.956663608551025
6.7020487785339355
7.427340030670166
6.1018171310424805
6.822171688079834
7.449803352355957
8.070612907409668
5.833098888397217
7.276866912841797
5.9266276359558105
6.719466686248779
5.693075656890869
6.4607977867126465
6.954443454742432
7.4976630210876465
6.714471340179443
7.144347667694092
6.864712715148926
6.891236782073975
6.056800842285156
6.476541996002197
5.912723541259766
6.495648384094238
5.97115421295166
6.298074245452881
5.586202144622803
6.656266689300537
5.676427364349365
6.666290283203125
7.706182479858398
7.853240966796875
6.212803363800049
6.95519495010376
6.881711483001709
7.394069671630859
6.920321941375732
7.301207542419434
5.404961585998535
6.5860748291015625
6.919474124908447
7.546792507171631
7.168347358703613
7.309840679168701
5.530479431152344
6.639615058898926
6.199929237365723
6.978599548339844
5.178887367248535
5.779453277587891
5.705076694488525
6.415101528167725
6.553890228271484
7.0982279777526855
6.675004482269287
7.320349216461182
6.4343438148498535
7.197972774505615
7.2125139236450195
7.284287452697754
6.064503192901611
7.016575813293457
6.828881740570068
7.384688854217529
5.9332594871521
6.445343017578125
7.695793151855469
7.837329387664795
5.475686550140381
7.547601222991943
7.2719316482543945
7.853401184082031
5.812652587890625
6.3168559074401855
8.35045051574707
8.304339408874512
6.729750156402588
7.519050121307373
6.550380706787109
7.295538902282715
6.178465366363525
7.359585285186768
4.994525909423828
6.201809406280518
6.227919578552246
6.9301581382751465
8.091837882995605
8.188517570495605
6.576030731201172
7.386284828186035
6.527866363525391
7.164178371429443
6.205306529998779
6.6504411697387695
6.03148078918457
7.039006233215332
5.806127071380615
6.432698726654053
7.690634250640869
8.00428581237793
5.69193172454834
7.353137493133545
6.309546947479248
7.055284023284912
5.24702787399292
5.861930847167969
5.44072961807251
6.075551986694336
7.35506010055542
7.898157596588135
6.1172356605529785
6.9582061767578125
6.855438232421875
7.4275689125061035
5.62290096282959
6.518290042877197
6.097313404083252
7.246652126312256
5.9111223220825195
6.780487060546875
7.488842010498047
7.798162937164307
5.5456366539001465
7.7195611000061035
5.835142612457275
6.6307549476623535
5.151910781860352
5.695736885070801
5.6254167556762695
6.358961582183838
5.718062877655029
6.1991777420043945
6.526113033294678
7.154248237609863
5.764634132385254
6.067875385284424
6.575110912322998
6.901359558105469
5.506596565246582
7.471748352050781
4.9458537101745605
5.61752462387085
5.374508857727051
6.1623969078063965
7.068051338195801
7.528148651123047
6.108368873596191
7.212348937988281
5.436953067779541
6.527244567871094
6.104653835296631
6.897563457489014
6.438851356506348
7.536205291748047
6.278255462646484
7.232421875
5.724925518035889
6.734562873840332
5.2217020988464355
6.0393195152282715
5.092578411102295
5.73799991607666
5.568767547607422
6.575736999511719
6.186861991882324
6.795974254608154
4.737290382385254
5.843450546264648
6.408677577972412
7.527072429656982
6.103076934814453
7.120707035064697
7.361428737640381
7.462815284729004
6.078895092010498
6.780677795410156
7.716493129730225
8.131803512573242
6.708480358123779
7.703053951263428
6.401838779449463
7.226354122161865
6.752765655517578
7.156708717346191
5.442523956298828
6.357543468475342
5.544179916381836
6.774544715881348
6.982043743133545
7.095351219177246
7.311408996582031
7.5352044105529785
5.994448184967041
6.496748447418213
6.7910895347595215
8.24758529663086
6.695199489593506
7.318540096282959
5.531632900238037
6.344571590423584
5.859532356262207
7.391456604003906
5.918007850646973
6.825985908508301
6.8080949783325195
7.2001261711120605
6.445845127105713
7.128182888031006
5.467252731323242
6.3242597579956055
6.550195217132568
6.9280548095703125
4.896000862121582
6.038134574890137
4.8409271240234375
5.7333292961120605
6.455967426300049
8.019999504089355
6.238023281097412
6.776587963104248
5.448423385620117
7.706809997558594
4.993102550506592
5.2902512550354
7.404674053192139
7.547833442687988
5.924072265625
7.773705959320068
5.52125883102417
6.621359348297119
5.829280853271484
7.099974155426025
6.056520938873291
6.703683376312256
7.851654052734375
8.137362480163574
6.878292083740234
7.905480861663818
6.142641067504883
6.983731746673584
6.405006408691406
6.778419494628906
5.884237289428711
7.453122138977051
5.382769584655762
6.386777877807617
6.493892192840576
6.720588684082031
5.941717624664307
6.603068828582764
6.441229343414307
7.797269821166992
6.134806156158447
7.0611572265625
5.894618511199951
6.917279243469238
5.541555881500244
7.047921657562256
5.180612087249756
5.677379608154297
8.14448070526123
8.165082931518555
7.081259727478027
7.5285964012146
7.2126665115356445
7.776908874511719
6.683010578155518
7.037314414978027
6.116340637207031
6.472626686096191
6.856357097625732
7.703053951263428
6.956250190734863
7.300910949707031
6.4441680908203125
7.320349216461182
6.6051025390625
7.278147220611572
7.825684547424316
7.832383155822754
6.2119317054748535
7.3864054679870605
5.974058628082275
6.715829372406006
6.075170993804932
7.330312252044678
7.692941188812256
8.053074836730957
6.626675128936768
7.655946254730225
6.230156898498535
7.268174171447754
6.428521156311035
6.891783714294434
6.699483394622803
8.165678977966309
6.2075419425964355
7.098612308502197
7.219491481781006
7.482658386230469
6.105800628662109
7.086921215057373
5.214025020599365
6.263692855834961
6.018542766571045
6.841394901275635
7.3416361808776855
7.841365337371826
6.247680187225342
7.091140270233154
6.76238489151001
7.345279693603516
6.8913726806640625
7.537386894226074
5.3211774826049805
6.463840961456299
6.400672435760498
7.1338043212890625
6.048008918762207
6.794742584228516
6.3197760581970215
6.5218048095703125
4.818263530731201
5.532356262207031
6.204246520996094
7.056657314300537
6.27402400970459
7.773705959320068
6.3808817863464355
6.767446994781494
5.158565521240234
5.907588958740234
7.570636749267578
7.939382076263428
5.834187030792236
6.745450019836426
8.083453178405762
7.920463562011719
6.238624572753906
7.693113803863525
6.472972393035889
6.744566440582275
5.865865707397461
6.515235424041748
8.919779777526855
8.796675682067871
6.803633213043213
8.016316413879395
7.6329193115234375
7.954187870025635
7.084942817687988
7.383113384246826
8.621161460876465
8.310050010681152
7.233313083648682
7.8455491065979
7.346558570861816
7.432064056396484
7.252420902252197
7.427513122558594
6.571902751922607
7.628406047821045
6.027616024017334
6.576638221740723
6.61110258102417
7.268803596496582
6.062034606933594
7.087839603424072
7.298387050628662
7.444161415100098
6.028849124908447
7.707937240600586
5.688172817230225
6.526602268218994
5.556922912597656
6.1318583488464355
6.91378927230835
7.1811981201171875
6.535792827606201
7.409275531768799
5.466805934906006
6.3232245445251465
6.542023658752441
6.876715183258057
6.471937656402588
7.3169097900390625
6.523777008056641
7.08027982711792
6.728261470794678
7.636460781097412
6.611059665679932
6.956065654754639
6.5746965408325195
6.914610385894775
6.971360683441162
6.822419166564941
5.285985946655273
5.995999813079834
7.231494426727295
7.491713047027588
7.379055023193359
7.545584678649902
6.058746337890625
7.88306999206543
5.5756964683532715
6.585597038269043
5.640738010406494
6.343528747558594
5.947371482849121
6.314332008361816
7.093786716461182
7.383665561676025
6.157071113586426
6.530453681945801
6.362308025360107
7.092026710510254
6.770816326141357
7.173758029937744
5.866463661193848
7.627199649810791
4.999575138092041
5.819108009338379
5.61511754989624
6.212345123291016
5.764480113983154
6.551364898681641
6.92341947555542
7.7422990798950195
7.0492143630981445
7.358567714691162
6.61318302154541
7.176093578338623
6.547346591949463
7.607603073120117
5.112522125244141
6.20274019241333
6.458992958068848
7.07940149307251
6.253377914428711
6.769480228424072
5.10356330871582
7.040779113769531
4.688880920410156
5.692443370819092
5.380273342132568
5.9953227043151855
5.6392011642456055
7.8425421714782715
5.731473445892334
6.486841678619385
6.729527950286865
7.635585784912109
6.157434463500977
6.570895671844482
5.691688537597656
7.547601222991943
5.619748592376709
6.3637213706970215
5.798011302947998
6.552445411682129
7.666052341461182
7.630415439605713
5.475893497467041
7.073724269866943
5.754079818725586
6.270772933959961
7.67244291305542
7.7073516845703125
6.39316987991333
7.166088104248047
7.607124328613281
7.554581642150879
5.619669437408447
7.810447692871094
5.953002452850342
6.225122451782227
5.201313018798828
5.597230434417725
6.382253646850586
6.99728536605835
5.5425896644592285
7.389837265014648
4.875446319580078
5.902744293212891
5.198092937469482
5.9553937911987305
7.615119457244873
7.734253883361816
7.591282844543457
7.82698917388916
6.354184150695801
7.990105628967285
6.206225395202637
6.632899761199951
6.376523971557617
6.9398040771484375
4.900595664978027
5.9008283615112305
6.990361213684082
7.289511203765869
6.135885238647461
6.722935676574707
6.554757595062256
6.9696502685546875
6.0960235595703125
6.917344570159912
5.980371952056885
7.053939342498779
5.934457302093506
6.3308258056640625
7.595315456390381
7.7132391929626465
6.441215515136719
7.273900508880615
7.174322605133057
7.61727237701416
6.147630214691162
6.845043182373047
7.053073406219482
7.2265496253967285
6.638401031494141
6.791256904602051
5.817246913909912
6.7234015464782715
6.662320613861084
7.4309916496276855
7.522238254547119
7.940423011779785
5.664159297943115
8.198752403259277
5.81464958190918
6.964092254638672
5.149720668792725
6.016816139221191
6.5597968101501465
6.989823818206787
6.266384124755859
7.213233947753906
5.250567436218262
6.1933441162109375
6.4374542236328125
6.5269670486450195
7.92700719833374
8.201805114746094
6.089359760284424
7.975192546844482
6.0772705078125
7.148066997528076
7.44473123550415
8.116591453552246
6.084629535675049
8.38297176361084
5.7707037925720215
6.772879123687744
5.399800777435303
6.16358757019043
7.487632751464844
7.778560161590576
6.655606269836426
7.137005805969238
6.3112711906433105
7.17329740524292
6.54595947265625
6.938202857971191
5.954115867614746
6.6571807861328125
5.544899940490723
6.398822784423828
7.473341464996338
7.532284736633301
5.978785037994385
7.381168365478516
5.503925323486328
5.719134330749512
6.414103984832764
7.518846035003662
6.334157466888428
6.5101470947265625
5.893627166748047
7.095351219177246
6.2099175453186035
6.816382884979248
7.600290775299072
7.678244113922119
6.658422946929932
7.126328945159912
6.1314377784729
6.448940277099609
6.692967414855957
7.052280426025391
6.079445838928223
7.280529022216797
5.566429138183594
6.358428955078125
7.365060329437256
7.896289825439453
6.863614082336426
8.159846305847168
6.966004371643066
7.380562782287598
6.973860740661621
7.331076622009277
6.364400386810303
7.39154577255249
5.348730564117432
6.370474338531494
5.9932074546813965
6.79695463180542
8.583235740661621
8.872851371765137
6.8390212059021
8.188273429870605
7.192771911621094
7.741430759429932
6.997581481933594
7.108019828796387
5.691643238067627
6.412315368652344
5.933236122131348
6.562603950500488
5.76220178604126
7.627199649810791
5.281750202178955
5.794677257537842
6.147152900695801
7.49395751953125
6.112948894500732
7.07964563369751
6.940925598144531
7.412967681884766
5.6933274269104
6.564550876617432
7.845353603363037
7.8053741455078125
6.5277099609375
7.373627662658691
6.110474586486816
6.842692852020264
6.474781036376953
7.070037841796875
7.504002094268799
7.593789577484131
7.144050598144531
7.783051490783691
5.995945453643799
6.656022548675537
7.161899089813232
7.619353771209717
7.0986247062683105
7.445371150970459
6.369337558746338
6.889255046844482
6.567727088928223
7.051128387451172
6.387991428375244
7.0682549476623535
7.729985237121582
7.8863115310668945
7.267667293548584
7.838053226470947
7.6610107421875
7.523356914520264
5.683781147003174
7.256387233734131
5.806460380554199
6.43353271484375
5.904711723327637
5.956817150115967
6.533168315887451
7.010497570037842
5.742887020111084
7.264370918273926
5.266040325164795
5.901533126831055
5.286622524261475
5.830240726470947
7.701745510101318
7.642318248748779
6.238089084625244
6.8409624099731445
5.507789134979248
7.626426696777344
5.2138166427612305
5.624781131744385
5.758079528808594
6.445956707000732
7.058961391448975
7.452728271484375
5.432464599609375
7.0475029945373535
5.6990814208984375
6.675852298736572
5.497739791870117
6.136116981506348
6.728271484375
7.320349216461182
6.345645904541016
6.955941677093506
7.507386684417725
7.5333709716796875
5.579328536987305
6.979042053222656
6.430258274078369
7.090854644775391
5.1358442306518555
5.908594608306885
5.3695220947265625
6.351685523986816
7.7237653732299805
8.017860412597656
7.593505382537842
7.68134069442749
6.32537841796875
7.1429314613342285
7.4591383934021
7.5671305656433105
6.527865886688232
7.5123419761657715
6.386266231536865
7.004217624664307
6.570315361022949
7.2152018547058105
5.790693759918213
7.527287006378174
5.097494602203369
6.351304531097412
5.9942545890808105
6.778203010559082
7.5395121574401855
7.897309303283691
6.134909152984619
7.23245096206665
6.208539962768555
6.8353400230407715
5.959840297698975
6.320526123046875
7.5425639152526855
7.598721504211426
5.852474212646484
7.463812351226807
7.125924587249756
7.443863868713379
5.775422096252441
6.082417964935303
6.738711357116699
7.020822048187256
5.055089950561523
5.926677703857422
7.245588779449463
7.586143493652344
5.358556270599365
6.21926736831665
5.791816711425781
7.6232147216796875
5.635113716125488
6.17025089263916
7.530265808105469
7.935611724853516
6.076487064361572
7.0713090896606445
7.0012526512146
7.17886209487915
7.743508815765381
7.69466495513916
6.846260070800781
7.678955078125
6.334272861480713
6.740357875823975
6.907513618469238
7.099246501922607
6.59325647354126
7.527072429656982
6.222318172454834
6.689141750335693
8.9427490234375
8.86193561553955
7.7611083984375
8.047802925109863
6.307057857513428
7.3864054679870605
6.125964641571045
6.821933269500732
5.08172607421875
6.161282539367676
5.977773189544678
7.152352809906006
6.820743560791016
7.518705368041992
6.307808876037598
7.2628607749938965
5.511455535888672
6.6160407066345215
6.103880405426025
6.59621524810791
4.947464942932129
6.4842143058776855
4.602744102478027
5.500613212585449
7.205155849456787
7.1229400634765625
5.672379016876221
6.622889995574951
5.7050042152404785
6.063852787017822
6.4460978507995605
7.2099456787109375
6.167741298675537
6.727427959442139
9.00146770477295
8.656512260437012
7.28092098236084
8.405450820922852
7.310051918029785
7.588829040527344
7.05673885345459
7.42350435256958
6.399875640869141
7.290504455566406
6.385135173797607
7.475628852844238
7.106298923492432
7.137203216552734
6.750406742095947
6.710348606109619
6.118502140045166
6.85830545425415
7.018474102020264
7.483654975891113
6.199769496917725
6.671763896942139
6.229468822479248
6.8443803787231445
8.66845417022705
8.268832206726074
6.6410112380981445
8.492728233337402
6.8395256996154785
7.329127788543701
6.762021541595459
7.283888339996338
5.53279447555542
7.806129455566406
5.311346054077148
6.141294002532959
5.326057434082031
6.416835784912109
7.362266540527344
7.816750526428223
5.848311901092529
6.827557563781738
5.179065704345703
7.1972808837890625
4.80965518951416
5.580328464508057
4.996038913726807
5.7528486251831055
6.948757171630859
7.816383361816406
6.963550567626953
7.551139831542969
5.746368408203125
7.379140377044678
5.747165679931641
6.330724716186523
5.361366271972656
7.323239803314209
5.045658111572266
5.577022552490234
6.526355743408203
6.978682518005371
5.387156009674072
7.006433963775635
4.968820571899414
6.0424675941467285
4.975701332092285
5.579132080078125
7.142242431640625
7.324339866638184
6.8856658935546875
7.635484218597412
5.477117538452148
6.481286525726318
6.54489278793335
6.761512756347656
7.241035461425781
7.616926670074463
5.567065715789795
6.536019325256348
6.565356731414795
7.665391445159912
6.792953014373779
7.550550937652588
5.032352447509766
6.139642238616943
8.034720420837402
7.954061985015869
6.314425468444824
7.7167253494262695
6.312331199645996
6.638493537902832
5.842562675476074
5.924273490905762
7.671436309814453
7.7673187255859375
6.528621196746826
7.258452892303467
6.620788097381592
7.280054569244385
6.604315280914307
7.170073986053467
7.104753017425537
7.328629970550537
6.0011444091796875
7.553486347198486
5.670423984527588
6.384258270263672
5.738900661468506
6.711371421813965
7.331813812255859
7.36993408203125
6.653219699859619
6.834600925445557
6.526214599609375
7.0108842849731445
7.200441837310791
7.317122936248779
5.48798942565918
7.140357971191406
5.327159881591797
6.046065807342529
5.6271257400512695
6.3681159019470215
6.929570198059082
7.333543300628662
5.263300895690918
7.2656402587890625
5.567282199859619
5.796587944030762
7.721498012542725
8.15262508392334
6.885810852050781
8.00352668762207
6.152212619781494
7.143880367279053
6.508031368255615
7.310097694396973
5.77146577835083
7.528719425201416
5.540914535522461
6.474787712097168
5.704566478729248
6.824994087219238
6.155078411102295
7.299266338348389
6.203348159790039
6.5850749015808105
6.884427547454834
7.729910373687744
6.866921901702881
7.403615474700928
6.380608558654785
6.7257537841796875
6.21589994430542
7.078900337219238
4.906360149383545
5.676263332366943
5.937559127807617
7.416642665863037
5.708255290985107
6.829469203948975
6.287062168121338
7.2628607749938965
5.732614517211914
5.818360805511475
5.911303520202637
6.744726657867432
5.67326545715332
6.502981662750244
7.555858612060547
7.653071880340576
6.6107988357543945
7.099727630615234
6.420689582824707
7.280880928039551
6.357539653778076
7.1533708572387695
5.331020832061768
5.540964603424072
8.055651664733887
8.198172569274902
6.392932891845703
7.842814922332764
5.892818450927734
6.04670524597168
5.006679534912109
7.201774597167969
4.681984901428223
5.461416721343994
5.733756065368652
6.764748573303223
6.635040283203125
6.550666332244873
5.961806774139404
6.689292907714844
6.021148681640625
6.884077548980713
5.556481838226318
6.232625484466553