6.928546905517578
6.676514625549316
5.981524467468262
6.289489269256592
8.18786907196045
8.03804874420166
7.722667217254639
8.614840507507324
9.003337860107422
8.17253303527832
8.755172729492188
8.564544677734375
5.759088039398193
5.939610481262207
7.684821605682373
8.410991668701172
8.630987167358398
8.892562866210938
6.606448173522949
6.643412113189697
7.522149085998535
7.9978485107421875
6.510445594787598
6.802079200744629
6.876333236694336
6.801620960235596
7.73394775390625
7.992617607116699
8.588541030883789
8.345830917358398
8.117011070251465
8.413358688354492
6.9161553382873535
6.883057117462158
7.681891441345215
8.675516128540039
8.546224594116211
8.491314888000488
6.929949760437012
7.2952985763549805
7.5707573890686035
7.175625801086426
6.894988059997559
7.29245138168335
7.491721153259277
8.066338539123535
8.687532424926758
8.266905784606934
5.819249153137207
6.1387200355529785
6.492918491363525
6.92169189453125
8.83971118927002
8.32812786102295
7.083475112915039
6.959047794342041
7.978895664215088
8.090179443359375
8.841757774353027
8.697154998779297
7.8142242431640625
7.793985843658447
8.539731979370117
8.621466636657715
6.742625713348389
7.014141082763672
7.084129333496094
7.370792865753174
8.082038879394531
8.521132469177246
8.811110496520996
8.544463157653809
8.129386901855469
7.7585859298706055
8.049412727355957
8.113396644592285
7.5576043128967285
7.674386501312256
7.282664775848389
7.4449310302734375
8.451939582824707
8.149080276489258
6.9978742599487305
6.987613677978516
6.564344882965088
7.110899448394775
6.485523223876953
6.8900322914123535
8.222479820251465
8.074386596679688
8.694539070129395
7.970765590667725
7.810044765472412
8.545286178588867
6.86610221862793
6.974051475524902
6.811923503875732
7.412079811096191
7.013298988342285
7.358100414276123
7.468539714813232
7.811939239501953
7.11236572265625
7.5562005043029785
7.4529900550842285
7.202568531036377
7.058827877044678
7.334268093109131
5.384918689727783
5.486197471618652
5.91947078704834
6.275872230529785
8.383198738098145
7.833942413330078
5.908764362335205
6.256929397583008
5.782916069030762
6.471886157989502
8.513477325439453
8.66172981262207
8.512657165527344
8.539176940917969
6.362828254699707
6.964261054992676
9.287555694580078
9.129961967468262
6.2425432205200195
6.485857009887695
6.059532642364502
6.034448146820068
8.064483642578125
8.273317337036133
7.8403000831604
8.091470718383789
7.277327537536621
7.190695762634277
6.527745723724365
6.684047222137451
7.546639442443848
7.791715621948242
7.55151891708374
7.459636688232422
6.529486656188965
6.597256660461426
7.810242652893066
8.423273086547852
9.087723731994629
8.53020191192627
7.365620136260986
7.654016971588135
7.534678936004639
8.027141571044922
7.555080413818359
7.983011245727539
8.005605697631836
8.16914176940918
8.49084758758545
7.904180526733398
7.6923956871032715
7.889317035675049
8.193000793457031
7.9434967041015625
8.358129501342773
8.22569465637207
6.9547624588012695
7.515650272369385
6.951938629150391
6.752121448516846
8.623298645019531
7.7726898193359375
7.638988494873047
7.9413347244262695
8.615205764770508
8.371259689331055
8.642679214477539
8.179133415222168
5.763330936431885
5.808045864105225
6.47747802734375
6.878968238830566
7.66439151763916
8.258171081542969
7.040509223937988
7.557732582092285
7.751306056976318
8.001852989196777
8.2824068069458
8.806658744812012
9.075599670410156
8.348532676696777
8.373905181884766
8.601806640625
6.817965984344482
6.84462833404541
7.236386775970459
7.274565696716309
7.582775115966797
8.248340606689453
8.055567741394043
8.352802276611328
7.080831527709961
6.96066427230835
5.9015398025512695
6.475944995880127
8.050081253051758
8.211033821105957
7.357858180999756
7.693813323974609
7.150874137878418
7.368937969207764
7.982394218444824
8.29241943359375
5.676351547241211
5.923243045806885
6.3813676834106445
6.841392993927002
6.2935967445373535
6.269265651702881
8.719305038452148
8.630783081054688
8.95697021484375
8.453018188476562
6.2317094802856445
7.111043930053711
8.719594955444336
8.374483108520508
5.682054042816162
5.559910774230957
7.245702743530273
7.548675537109375
7.756904602050781
7.966595649719238
8.295037269592285
7.518676280975342
7.10725212097168
7.666790962219238
7.715245723724365
7.488177299499512
7.500461101531982
8.228362083435059
8.61535358428955
8.233290672302246
6.992269039154053
7.415837287902832
6.3379225730896
6.277470588684082
6.651169776916504
6.830499172210693
8.158158302307129
7.841494083404541
6.4928765296936035
6.717703342437744
8.104330062866211
9.043353080749512
8.447809219360352
8.37878131866455
6.878708839416504
7.0577392578125
9.078045845031738
8.549718856811523
8.432072639465332
8.690118789672852
8.857333183288574
8.306375503540039
7.160012722015381
8.209163665771484
6.113243579864502
5.915503978729248
9.351887702941895
8.5518217086792
8.214489936828613
8.029126167297363
7.745615005493164
7.57254695892334
6.990387439727783
7.022866725921631
6.8544182777404785
6.870655059814453
7.33246374130249
7.377799034118652
6.992458343505859
7.233813285827637
7.273029327392578
7.547090530395508
8.838252067565918
8.489572525024414
7.923360824584961
8.01200008392334
8.495437622070312
8.28454875946045
7.9836578369140625
7.850737571716309
8.298001289367676
8.232157707214355
6.323906898498535
7.081701278686523
7.324021339416504
8.38233757019043
8.60665225982666
8.200722694396973
7.462789058685303
8.072900772094727
7.68009614944458
7.750754356384277
5.889684677124023
6.075812339782715
6.963603973388672
7.2602410316467285
7.061005115509033
7.607336044311523
8.535665512084961
8.681100845336914
6.6206159591674805
6.435049057006836
8.477306365966797
8.539813995361328
7.0146942138671875
7.079061031341553
7.881976127624512
7.835326194763184
8.283431053161621
8.330263137817383
7.497413158416748
7.691176414489746
6.495943069458008
6.458192348480225
7.2908101081848145
7.614717960357666
7.48122501373291
7.545180797576904
8.16782283782959
8.436211585998535
7.207561016082764
7.260354995727539
7.581082344055176
7.9574294090271
7.333611965179443
8.391677856445312
8.162610054016113
8.247093200683594
7.702320098876953
7.747772216796875
8.791923522949219
8.422906875610352
8.117403030395508
7.99273157119751
7.817243576049805
7.99800968170166
7.419209957122803
7.620800495147705
6.167126178741455
6.6381916999816895
7.392609596252441
7.388209342956543
6.02918004989624
6.322698593139648
9.291666030883789
9.104560852050781
8.542842864990234
7.936655521392822
9.015236854553223
8.464757919311523
8.15239143371582
8.453508377075195
6.344991683959961
6.918301582336426
8.828182220458984
8.32275104522705
6.62912654876709
6.588415145874023
6.616074562072754
6.704951763153076
6.622251510620117
6.950881004333496
7.083078861236572
7.088212013244629
7.0107879638671875
7.512913227081299
5.923125267028809
5.696977138519287
8.639120101928711
8.443853378295898
6.910839080810547
7.295934677124023
6.913642406463623
7.266178607940674
7.42740535736084
7.531257152557373
8.545509338378906
8.148391723632812
6.626928329467773
6.630147933959961
7.078096866607666
7.317950248718262
8.323923110961914
7.988327980041504
7.401943206787109
7.69343376159668
7.7491068840026855
8.027188301086426
8.284555435180664
8.193796157836914
7.007811546325684
6.651533126831055
8.820586204528809
8.29942512512207
7.8770599365234375
7.991355895996094
6.830589771270752
6.610769271850586
8.023280143737793
7.935368061065674
7.017477035522461
7.356075286865234
7.847811698913574
8.40330982208252
7.80282735824585
8.169597625732422
6.91220760345459
6.916568756103516
6.654390335083008
7.283105373382568
8.056796073913574
7.972105979919434
6.516315937042236
6.738437175750732
7.020113468170166
6.7867512702941895
7.522487640380859
8.492263793945312
5.305521488189697
5.643702983856201
6.975590229034424
7.214739799499512
7.197916507720947
7.526931285858154
8.451952934265137
7.87214469909668
7.169708251953125
7.422313690185547
5.925101280212402
6.132181644439697
6.473755836486816
7.041021347045898
7.173184871673584
7.219161510467529
6.013895511627197
6.303182125091553
8.755162239074707
8.146087646484375
8.233098030090332
8.136245727539062
7.519780158996582
7.347766876220703
8.551480293273926
8.24505615234375
8.6488037109375
8.33810043334961
7.816348552703857
7.645078182220459
7.167228698730469
7.5600996017456055
6.701139450073242
7.3404765129089355
7.811211585998535
8.003460884094238
8.717576026916504
8.855897903442383
6.985354423522949
7.532435417175293
7.826666831970215
8.364673614501953
8.888130187988281
8.93063735961914
5.770889759063721
6.114453315734863
7.9555463790893555
8.189763069152832
7.378872871398926
7.4854583740234375
5.875441551208496
5.8682169914245605
6.809814453125
7.499319076538086
6.9327006340026855
7.26922607421875
6.7248148918151855
6.716639041900635
7.470694541931152
7.674540042877197
9.009469985961914
8.81247615814209
8.636887550354004
8.729747772216797
8.135455131530762
8.597661018371582
7.449117660522461
7.614326477050781
6.9677653312683105
7.3149027824401855
7.333169460296631
7.663956642150879
8.193349838256836
7.617795467376709
7.291875839233398
8.061175346374512
7.689202785491943
8.032145500183105
8.154678344726562
8.561595916748047
7.366603851318359
7.560258865356445
8.487967491149902
8.431828498840332
7.245480060577393
6.852159023284912
7.58167028427124
7.774775981903076
6.639616966247559
7.155933856964111
7.39539909362793
7.577541351318359
8.748443603515625
8.268136978149414
7.136048793792725
7.181271076202393
8.42841625213623
8.459503173828125
7.472030162811279
7.810009956359863
6.076793193817139
6.67282772064209
8.911027908325195
8.791300773620605
7.1929545402526855
7.363458156585693
8.58060073852539
8.638587951660156
7.532607555389404
7.607723712921143
7.964074611663818
7.935046195983887
8.537615776062012
9.589662551879883
7.727752685546875
7.570645809173584
6.240394115447998
6.26539421081543
6.929640769958496
7.258152484893799
7.832427978515625
7.636379241943359
7.154692649841309
7.469074726104736
8.778046607971191
8.132722854614258
8.129778861999512
8.281452178955078
7.8453192710876465
7.898673057556152
9.084826469421387
8.909867286682129
6.843563556671143
7.160161018371582
7.003724098205566
7.446827411651611
7.828541278839111
7.948428153991699
8.238072395324707
8.163128852844238
5.953596115112305
6.1790032386779785
9.107824325561523
8.511038780212402
7.017963886260986
6.73898458480835
7.179611682891846
6.980501651763916
8.88366413116455
8.25993824005127
7.757683277130127
8.36199951171875
6.4812703132629395
6.725235462188721
5.812705039978027
5.854918479919434
8.648584365844727
8.658812522888184
6.251786231994629
6.121282577514648
8.161703109741211
8.804716110229492
7.674053192138672
7.516300678253174
5.810144901275635
6.239526271820068
8.693758010864258
8.440832138061523
6.804121494293213
6.792595386505127
7.622748851776123
7.656744003295898
7.091286659240723
7.548685550689697
6.890950679779053
7.240322589874268
6.958324432373047
7.43247652053833
8.276422500610352
8.035783767700195
7.18499231338501
7.249040126800537
5.708802700042725
6.028242111206055
8.333456039428711
8.190966606140137
7.015697479248047
7.168396949768066
7.812580108642578
7.902398109436035
6.025972843170166
6.020009517669678
6.849628448486328
6.853365898132324
5.355017185211182
6.012082576751709
8.15538501739502
8.638744354248047
7.994287967681885
8.578857421875
6.5713982582092285
6.687462329864502
7.0168232917785645
7.580566883087158
6.6214399337768555
7.511974334716797
8.007869720458984
7.790099143981934
8.025630950927734
8.220671653747559
7.068203449249268
7.647984981536865
7.095008850097656
7.924385070800781
8.615877151489258
8.699911117553711
6.802938461303711
6.8841023445129395
6.126714706420898
6.004937648773193
8.817543983459473
8.438865661621094
6.709139823913574
6.937942981719971
9.061655044555664
8.408781051635742
7.135283470153809
7.479715824127197
7.912779808044434
8.192192077636719
8.423876762390137
8.323436737060547
6.8929009437561035
7.4165143966674805
7.8976969718933105
8.026122093200684
8.162254333496094
7.810051918029785
5.9267449378967285
6.020110607147217
5.47606897354126
5.888606548309326
6.499763011932373
7.080902576446533
6.563543319702148
6.816851615905762
8.931638717651367
8.436370849609375
8.258636474609375
8.564803123474121
8.621935844421387
8.690017700195312
7.901120185852051
7.5347900390625
6.588346481323242
7.21262264251709
8.701265335083008
8.127593994140625
6.8792548179626465
7.6149115562438965
9.232070922851562
9.069518089294434
6.410207748413086
6.5575337409973145
7.678471565246582
8.726851463317871
8.086445808410645
8.20205307006836
5.928311824798584
6.277716636657715
8.711084365844727
8.364116668701172
6.281253337860107
6.116528511047363
6.916660308837891
6.938838958740234
6.886942386627197
6.824184894561768
7.936382293701172
7.992035388946533
6.98986291885376
7.414583683013916
7.771884918212891
8.643644332885742
7.194422245025635
7.516622066497803
7.441686630249023
7.659998416900635
7.206773281097412
7.550455570220947
6.760040760040283
7.516829490661621
7.286936283111572
7.472237586975098
7.602117538452148
7.753569602966309
7.369986534118652
7.670907497406006
6.797616958618164
7.926392078399658
7.217889785766602
7.191988945007324
9.107267379760742
8.913603782653809
8.81331729888916
8.82813835144043
8.59313678741455
8.33111572265625
8.159749984741211
8.229952812194824
5.40557336807251
5.58213996887207
7.237363815307617
7.44831657409668
8.003114700317383
8.836740493774414
6.962421894073486
7.416033744812012
6.7091779708862305
7.131126403808594
8.23017406463623
8.43741226196289
9.06341552734375
8.827028274536133
6.766941547393799
6.9182024002075195
8.597064971923828
9.46893310546875
6.032778263092041
6.418594837188721
6.5073981285095215
7.125548362731934
6.951446533203125
7.228450298309326
8.008566856384277
8.381278991699219
7.530430316925049
7.7689385414123535
7.0808892250061035
7.048799991607666
7.405513286590576
7.2766571044921875
9.134481430053711
9.352433204650879
7.039951801300049
6.946735382080078
8.75529956817627
8.178979873657227
7.25634765625
7.338412761688232
7.954740524291992
8.079303741455078
8.144371032714844
8.421232223510742
5.581599235534668
5.646847724914551
6.913201332092285
6.7306413650512695
7.4439897537231445
7.622714519500732
8.68222427368164
8.780169486999512
7.050126075744629
7.237166404724121
6.83101749420166
6.872157096862793
7.0646653175354
6.812384605407715
6.271963119506836
6.809492588043213
6.766485214233398
6.743020534515381
9.034245491027832
8.55794620513916
8.38647174835205
7.952526569366455
9.266313552856445
8.463360786437988
7.828997611999512
8.113727569580078
7.528636932373047
7.833254814147949
7.323159217834473
7.288487434387207
8.414630889892578
7.947028636932373
7.336703300476074
7.64255428314209
6.833233833312988
6.655955791473389
7.877821922302246
8.139175415039062
7.044003486633301
7.580853462219238
7.885097503662109
8.204699516296387
7.092082977294922
6.804478168487549
6.216630458831787
6.1132893562316895
9.115423202514648
8.7765531539917
7.286655426025391
7.76508903503418
8.74030590057373
8.527544975280762
6.661736965179443
6.410543441772461
7.9948577880859375
7.74230432510376
9.040743827819824
8.455231666564941
6.966820240020752
7.49171257019043
7.878885746002197
7.88608980178833
7.458594799041748
7.669628620147705
7.477927207946777
7.687795639038086
8.47640609741211
8.218406677246094
8.090621948242188
8.046095848083496
9.24613094329834
9.83270263671875
6.868854522705078
7.3162384033203125
8.096776008605957
8.468992233276367
7.410361289978027
7.536203861236572
7.64320182800293
8.094842910766602
7.686550140380859
7.80987024307251
5.663122177124023
6.277518272399902
8.452548027038574
8.727446556091309
7.086721420288086
6.981779098510742
7.0510969161987305
7.387773036956787
8.300271987915039
7.826263427734375
7.085749626159668
7.137702941894531
8.613775253295898
7.9783034324646
8.221593856811523
8.35958480834961
6.094667911529541
6.302487373352051
6.300272464752197
6.549132347106934
6.8111724853515625
7.12819242477417
6.806931018829346
7.325585842132568
8.304130554199219
8.391631126403809
8.445805549621582
8.281373023986816
8.792352676391602
8.348633766174316
7.68031644821167
7.987550258636475
6.320910930633545
6.434854984283447
6.49154806137085
6.5699357986450195
6.257429122924805
6.346856594085693
6.2602972984313965
6.204678535461426
8.871895790100098
8.126446723937988
7.785191059112549
8.04720401763916
8.656808853149414
8.454498291015625
8.420896530151367
8.053382873535156
7.886824607849121
8.218887329101562
7.739812850952148
7.861217498779297
8.22989273071289
8.723435401916504
8.334059715270996
8.135557174682617
7.862898826599121
8.290043830871582
8.602660179138184
8.487018585205078
8.437376022338867
8.602635383605957
8.212518692016602
7.76779842376709
6.68291711807251
6.824589729309082
7.571328639984131
7.7648820877075195
6.227200508117676
6.333001613616943
8.242758750915527
8.544841766357422
7.749332427978516
7.6427106857299805
7.045932769775391
7.58395528793335
6.145223617553711
6.353722095489502
7.323577404022217
7.369017601013184
8.437713623046875
8.567120552062988
8.608110427856445
8.917804718017578
7.481489181518555
7.481637001037598
7.060583114624023
7.219754219055176
7.258081912994385
7.504059791564941
8.011350631713867
8.259028434753418
6.174459457397461
6.2187700271606445
6.987626552581787
7.153291702270508
8.135591506958008
8.901998519897461
7.6669535636901855
7.8581695556640625
7.800839900970459
8.381685256958008
8.346813201904297
7.727031707763672
7.4793548583984375
7.6712212562561035
7.732320785522461
7.924253463745117
7.725772857666016
8.05178451538086
7.295525074005127
8.108158111572266
6.983160972595215
7.026696681976318
8.41047191619873
8.004827499389648
5.89692497253418
5.896793842315674
6.314374923706055
6.980267524719238
6.195180416107178
6.827799320220947
8.124046325683594
8.003300666809082
9.02773666381836
8.893733024597168
6.672712326049805
7.318046569824219
7.416018486022949
7.739574432373047
8.455865859985352
9.11953353881836
8.895607948303223
8.278060913085938
5.872830390930176
5.854628562927246
8.771629333496094
8.710996627807617
8.365861892700195
8.008893966674805
5.288008689880371
5.714541912078857
8.825843811035156
8.701148986816406
6.490284442901611
6.820061683654785
7.490549564361572
7.8531317710876465
7.915409564971924
7.788702011108398
7.410167217254639
8.023061752319336
6.830369472503662
6.9416680335998535
6.058518886566162
5.959850788116455
8.861713409423828
8.943235397338867
8.760622024536133
8.662052154541016
6.727612495422363
6.77851676940918
8.700691223144531
8.927422523498535
7.26886510848999
7.995287895202637
8.093207359313965
8.241034507751465
7.087957382202148
7.573644638061523
6.40406608581543
6.497624397277832
7.917142391204834
8.724836349487305
5.637624740600586
5.781717777252197
8.46364974975586
8.553210258483887
7.243631362915039
7.192415714263916
6.729687213897705
7.179991722106934
7.246272087097168
7.4686431884765625
8.923994064331055
8.74793815612793
8.380871772766113
9.138833999633789
6.042575359344482
5.760594367980957
6.265810489654541
6.230895042419434
7.661993026733398
8.170883178710938
6.847394943237305
7.195601940155029
7.35322380065918
7.590208053588867
7.195947170257568
7.616988182067871
6.085036277770996
6.440805912017822
7.815487861633301
8.134840965270996
8.36069393157959
8.611370086669922
7.299691200256348
7.488730430603027
6.142072677612305
6.245249271392822
7.603024959564209
7.811150074005127
7.3729567527771
7.784750938415527
7.727056503295898
7.78549337387085
8.321844100952148
8.508160591125488
7.130917549133301
7.216085433959961
7.048562049865723
7.249475002288818
7.61469030380249
7.555295467376709
6.930582046508789
7.13224983215332
7.146915435791016
7.322760581970215
8.446846008300781
8.623323440551758
6.873135566711426
7.689475059509277
7.0602874755859375
7.442464351654053
8.78005599975586
8.329232215881348
9.431199073791504
9.085515022277832
5.68163537979126
5.749815464019775
7.051321983337402
7.4636969566345215
6.922807216644287
7.3073320388793945
7.919388771057129
7.6296491622924805
6.541956424713135
6.748169422149658
7.104736328125
7.2066240310668945
6.604554653167725
7.61981725692749
8.29636001586914
8.662144660949707
8.087027549743652
8.478423118591309
9.183599472045898
9.176252365112305
7.625979423522949
7.524089813232422
6.97756814956665
7.242844104766846
7.084357738494873
7.687794208526611
8.759003639221191
8.685248374938965
6.564488410949707
6.556900501251221
7.493047714233398
7.56823205947876
5.726286888122559
6.030941963195801
9.06043815612793
8.9720458984375
7.344401836395264
7.271932125091553
8.515588760375977
8.608800888061523
8.102432250976562
8.007696151733398
7.635192394256592
8.169424057006836
6.643939971923828
6.838508129119873
8.930113792419434
8.246496200561523
6.913915634155273
7.386558532714844
8.970438003540039
9.332843780517578
5.933541297912598
6.174809455871582
7.642360687255859
7.78546667098999
7.810569763183594
7.869952201843262
9.203834533691406
8.466315269470215
7.6947455406188965
8.131513595581055
7.080615043640137
7.644686222076416
6.775307655334473
7.3680901527404785
6.628068447113037
6.913365840911865
7.643364906311035
8.01330280303955
6.894528388977051
6.677220821380615
8.43996810913086
8.561213493347168
7.4372406005859375
7.542675495147705
7.595726013183594
7.775651931762695
7.363596439361572
7.720883846282959
7.181116580963135
7.088001251220703
7.801813125610352
7.635222911834717
6.487852096557617
6.751018047332764
7.0926833152771
7.019880294799805
8.207998275756836
7.931324005126953
8.0664701461792
7.976439476013184
9.067021369934082
8.317517280578613
6.8164544105529785
6.721453666687012
7.289107799530029
7.5702104568481445
8.738850593566895
8.646196365356445
7.04827356338501
7.359160900115967
7.663877010345459
7.783987998962402
7.841195583343506
7.67535924911499
6.567561626434326
7.216790676116943
6.94760799407959
7.433257102966309
7.202422142028809
7.858234882354736
6.963057518005371
7.106837272644043
8.837882995605469
8.886837005615234
7.461736679077148
7.382063865661621
7.2755126953125
7.661980628967285
7.752388954162598
7.770057201385498
6.1625752449035645
6.429855823516846
7.407973766326904
7.5874247550964355
8.582257270812988
7.940765380859375
6.378494739532471
6.406405925750732
7.564412593841553
7.581491470336914
8.11594009399414
7.892287254333496
6.356748580932617
6.569581508636475
7.140669822692871
7.5556960105896
7.0805511474609375
7.304689407348633
8.140201568603516
7.9972076416015625
6.962702751159668
6.880313873291016
5.994461536407471
6.392309188842773
6.617856502532959
7.269433975219727
6.009762763977051
6.026952266693115
7.442287445068359
7.690511226654053
7.327507972717285
7.376705169677734
8.581318855285645
8.078298568725586
7.5603742599487305
7.7989068031311035
6.911820888519287
7.33756685256958
7.171348571777344
7.5220746994018555
7.394730567932129
7.157332420349121
7.413150787353516
7.328560829162598
7.931371688842773
7.988399982452393
6.654901027679443
6.714874744415283
7.620255947113037
7.508008003234863
6.718646049499512
7.920901298522949
6.555517196655273
7.570376396179199
6.938857078552246
6.990098476409912
8.579556465148926
8.342201232910156
7.324469566345215
7.786510467529297
6.984130382537842
7.265125751495361
8.619110107421875
8.305259704589844
6.63557767868042
6.919617176055908
7.802224636077881
7.7362494468688965
7.958235740661621
8.365304946899414
5.723741054534912
5.711960315704346
9.08017635345459
9.14551830291748
7.405690670013428
7.698933124542236
8.370824813842773
8.172069549560547
8.431146621704102
8.368815422058105
8.880385398864746
8.35173511505127
6.604485511779785
7.2313313484191895
8.317914962768555
8.69084644317627
6.716288089752197
6.589377403259277
6.231851100921631
6.325121879577637
6.658928871154785
6.8342814445495605
7.400747299194336
7.446230888366699
7.16605281829834
6.84828519821167
7.010642051696777
6.734335422515869
7.580916404724121
7.655562877655029
5.828412055969238
6.008799076080322
6.136702537536621
6.431885719299316
8.16971206665039
8.75644302368164
6.981740951538086
7.17011022567749
7.678948402404785
8.092100143432617
6.847569465637207
7.044812202453613
6.953804016113281
7.2209391593933105
8.303339004516602
8.398771286010742
7.413362979888916
7.8390631675720215
6.937080383300781
7.340884208679199
5.846212387084961
5.887315273284912
8.620262145996094
8.371373176574707
8.894115447998047
9.142141342163086
6.882636070251465
7.038014888763428
7.671750068664551
8.057024002075195
8.655145645141602
7.785746097564697
8.056039810180664
8.05116081237793
6.6909499168396
6.6609416007995605
7.782594203948975
7.829615116119385
6.1797685623168945
6.357869625091553
5.700260639190674
6.250298023223877
7.132524013519287
7.328861236572266
8.808853149414062
8.676162719726562
6.177173137664795
6.364087104797363
6.227447032928467
6.1697773933410645
8.536859512329102
8.751785278320312
7.770323753356934
7.741084098815918
8.341851234436035
8.261469841003418
9.117218017578125
9.009571075439453
5.873013496398926
5.62482213973999
6.363752365112305
6.440005779266357
8.34041690826416
8.53337287902832
9.318842887878418
8.860365867614746
7.248229503631592
7.324470520019531
7.339289665222168
7.553095817565918
8.01229476928711
8.171370506286621
6.636242866516113
7.183998107910156
7.759885787963867
7.929608345031738
5.681933879852295
5.84011697769165
7.13966178894043
7.262650012969971
7.217772483825684
6.9694390296936035
8.068806648254395
8.239653587341309
7.609587669372559
7.639941215515137
8.283988952636719
8.111760139465332
7.4667253494262695
7.710318565368652
6.755422115325928
7.118368148803711
7.302849769592285
7.558107852935791
6.715459823608398
7.1579718589782715
8.21707534790039
9.091816902160645
7.243607997894287
7.363531112670898
8.133783340454102
8.342717170715332
9.06290054321289
8.9495210647583
8.82951545715332
8.326547622680664
6.985040187835693
6.9773759841918945
7.111472129821777
7.2078142166137695
8.62035846710205
8.197587966918945
8.13383674621582
8.444993019104004
7.7438554763793945
8.215998649597168
8.670968055725098
8.206648826599121
8.886087417602539
8.551559448242188
6.503571033477783
7.348194599151611
5.8622331619262695
6.1460280418396
6.732449531555176
6.527914047241211
7.64914083480835
7.960158348083496
7.931597709655762
7.616570472717285
8.99976634979248
8.240913391113281
7.93295431137085
8.287151336669922
6.665584564208984
7.637729167938232
8.10225772857666
8.671133995056152
7.109763145446777
7.591520309448242
6.702788352966309
6.624514102935791
8.137425422668457
8.162062644958496
5.834073066711426
6.22950553894043
7.845489501953125
8.153375625610352
9.262979507446289
9.30445384979248
6.989041805267334
7.056954860687256
5.981181621551514
6.1623735427856445
6.770376205444336
7.079691410064697
7.173819541931152
7.430537700653076
6.873413562774658
6.768458366394043
6.640637397766113
6.370327472686768
6.120993614196777
6.342719078063965
7.649494171142578
8.486355781555176
7.215010643005371
7.314085483551025
6.108144760131836
6.208257675170898
7.965409278869629
7.945542812347412
5.454282760620117
5.840490341186523
7.148861408233643
7.556299686431885
7.627230644226074
7.7879862785339355
8.78593635559082
8.36919116973877
8.530328750610352
8.286651611328125
8.032626152038574
8.006826400756836
6.986575126647949
7.293430805206299
8.280860900878906
8.239598274230957
8.624688148498535
8.285500526428223
6.621286869049072
6.944291591644287
6.231192588806152
6.3389105796813965
6.711363792419434
6.970656394958496
7.600532531738281
7.748913764953613
8.066143035888672
8.085139274597168
7.725939750671387
8.436327934265137
8.957794189453125
8.398361206054688
6.813673973083496
7.1713409423828125
6.536931991577148
6.653715133666992
7.300047874450684
7.600318431854248
7.876450538635254
7.840840816497803
7.3871941566467285
7.772040367126465
6.905671119689941
6.787900447845459
8.235342025756836
8.429858207702637
6.960558891296387
7.089145183563232
5.53435754776001
5.816443920135498
7.105472564697266
7.281908988952637
6.600368022918701
6.5491108894348145
7.4698944091796875
7.692986011505127
9.313155174255371
8.463630676269531
6.614348888397217
6.565382957458496
6.622970104217529
6.788664817810059
6.4975905418396
6.689416885375977
6.953233242034912
7.569651126861572
6.68410062789917
7.166330337524414
8.73571491241455
8.402268409729004
7.505692958831787
7.597713947296143
5.931632041931152
6.265534400939941
7.360049247741699
7.6047282218933105
9.376131057739258
8.60149097442627
7.0679030418396
7.213780403137207
7.15077018737793
7.513062953948975
6.800960540771484
7.061466217041016
8.559996604919434
8.164998054504395
7.054789066314697
7.410492420196533
5.845913887023926
6.111357688903809
6.876728057861328
7.434792995452881
7.03508996963501
6.943043231964111
7.3639397621154785
8.290342330932617
8.609797477722168
8.41841983795166
7.543247222900391
8.290849685668945
6.2543416023254395
6.41140079498291
7.255110740661621
7.323906421661377
7.287158012390137
7.410246849060059
6.072757244110107
6.204065799713135
7.422412872314453
7.931669235229492
6.074791431427002
6.194758892059326
5.858064651489258
6.143784999847412
8.67419719696045
8.781085968017578
8.129791259765625
8.212950706481934
7.962146282196045
7.7751569747924805
6.1958794593811035
6.21504020690918
6.898399829864502
6.945528030395508
6.251554489135742
6.402102470397949
7.591974258422852
8.047411918640137
7.6166300773620605
8.175590515136719
6.145035743713379
5.935160160064697
7.757311820983887
7.86158561706543
6.943880558013916
6.8777055740356445
7.0299248695373535
7.539541244506836
7.106451034545898
7.364617824554443
7.000580787658691
7.908126354217529
6.412874221801758
7.3591108322143555
6.3269362449646
6.506133079528809
7.732907295227051
7.941946029663086
8.404034614562988
8.464665412902832
7.251546859741211
7.6278510093688965
8.136054992675781
8.44849681854248
5.626147747039795
5.734517574310303
6.946663856506348
7.172374725341797
8.413545608520508
8.367271423339844
6.835965156555176
6.858321189880371
7.3621954917907715
7.693143367767334
6.526045322418213
7.169956684112549
5.985990524291992
6.184228897094727
7.8254876136779785
8.43087100982666
9.17449951171875
8.42922592163086
6.013195991516113
5.9447407722473145
8.360318183898926
9.356857299804688
6.180424690246582
6.219187259674072
6.425332546234131
6.284445762634277
7.374948501586914
7.605703830718994
8.223855972290039
8.157880783081055
8.390572547912598
8.010146141052246
8.179903030395508
7.936196804046631
7.812903881072998
7.873134613037109
7.263471603393555
7.654494762420654
8.731722831726074
9.054119110107422
6.115606307983398
6.3763322830200195
6.780063152313232
6.52939510345459
7.309231281280518
7.58905553817749
7.855367660522461
7.931158065795898
7.185475826263428
7.461623191833496
8.260429382324219
8.42032241821289
9.056808471679688
9.173980712890625
8.071922302246094
8.024049758911133
7.7396674156188965
8.627423286437988
7.028284549713135
7.039440155029297
8.850984573364258
8.190216064453125
9.039409637451172
9.205116271972656
7.329573631286621
7.540367126464844
7.457627773284912
8.28117847442627
8.4578857421875
8.029474258422852
8.720274925231934
8.818510055541992
6.8094329833984375
7.286184310913086
9.020352363586426
8.375083923339844
6.831284999847412
6.626285076141357
6.874614715576172
6.586116313934326
6.602036952972412
7.17046594619751
7.318877220153809
7.495935916900635
7.012044429779053
7.449149131774902
7.009400367736816
7.481943607330322
9.095399856567383
8.986749649047852
8.254134178161621
8.248497009277344
8.069767951965332
7.785617828369141
8.311552047729492
7.904021739959717
7.709775447845459
8.141280174255371
8.466207504272461
8.584246635437012
7.245380878448486
7.503499984741211
8.360859870910645
8.751238822937012
8.561690330505371
8.316166877746582
9.00441837310791
8.629895210266113
8.755188941955566
8.834029197692871
7.324062824249268
7.674676418304443
6.392739772796631
7.270610809326172
7.156235218048096
7.015310764312744
9.48273754119873
9.157873153686523
7.5027899742126465
7.90507173538208
7.60053014755249
7.54110050201416
8.158090591430664
8.513648986816406
5.287173271179199
5.803562641143799
8.187501907348633
7.9528913497924805
7.300583839416504
7.407176494598389
6.449420928955078
7.1483354568481445
7.675455093383789
7.427692413330078
6.4742631912231445
6.507309436798096
5.692294597625732
5.634129524230957
7.519644737243652
7.62728214263916
7.66812801361084
8.094487190246582
7.069080352783203
6.908544540405273
5.718155860900879
6.314845561981201
6.305165767669678
6.5609941482543945
7.382261276245117
7.6485915184021
7.621425628662109
7.97220516204834
7.588076591491699
8.464725494384766
8.443695068359375
8.370736122131348
8.922128677368164
9.013811111450195
8.132177352905273
8.588462829589844
6.472078800201416
7.111118316650391
7.846347808837891
8.045085906982422
7.057199954986572
7.038111209869385
6.965198993682861
7.602775573730469
7.548390865325928
8.244861602783203
7.679499626159668
8.017024993896484
6.118189334869385
6.328381538391113
7.350798606872559
7.4515581130981445
6.695016384124756
7.13960075378418
7.695840358734131
7.919120788574219
8.337140083312988
7.809856414794922
8.3450927734375
7.731778621673584
7.948421478271484
8.232734680175781
9.137234687805176
8.351635932922363
7.9356231689453125
8.0497407913208
7.158607482910156
7.494182586669922
8.22789478302002
8.480544090270996
8.780900001525879
8.236772537231445
5.562413215637207
5.629769802093506
6.8740234375
7.220249652862549
7.878572940826416
8.119632720947266
8.74801254272461
9.205293655395508
8.226972579956055
8.382742881774902
7.484516143798828
7.846916675567627
6.7030558586120605
6.511144638061523
8.133609771728516
8.106428146362305
8.132588386535645
7.928365707397461
5.805964946746826
6.314656734466553
8.680246353149414
8.27452564239502
5.587206840515137
5.700294017791748
7.782055377960205
7.792122840881348
7.1002092361450195
7.158636093139648
6.819300651550293
6.6723809242248535
6.755110740661621
6.537042140960693
7.789764404296875
7.819675445556641
9.21841049194336
9.286121368408203
8.61268424987793
8.10185718536377
8.311455726623535
8.225603103637695
7.933499336242676
7.968968868255615
8.625547409057617
8.845381736755371
7.241602420806885
7.463724613189697
6.799936771392822
6.915344715118408
6.756661415100098
7.299312114715576
7.23045539855957
7.658516883850098
8.455127716064453
9.1852445602417
8.100959777832031
8.343725204467773
5.636477470397949
5.699034214019775
7.467173099517822
7.083761215209961
7.332570552825928
7.252450466156006
7.939650535583496
8.344075202941895
7.280766010284424
7.387890338897705
7.596612453460693
7.64185094833374
5.150642395019531
5.383947372436523
8.622121810913086
8.361676216125488
5.640264511108398
5.911881923675537
7.186336517333984
7.603250980377197
7.600179195404053
7.821349143981934
7.799245834350586
7.971973896026611
7.605208396911621
8.06147575378418
7.947044372558594
8.134485244750977
6.441290378570557
6.358685493469238
5.792502403259277
6.040245532989502
6.921773910522461
7.647336006164551
7.589818954467773
8.643548965454102
7.995264053344727
8.118582725524902
8.506072998046875
8.347750663757324
8.427504539489746
8.303258895874023
7.85797643661499
8.806327819824219
8.549600601196289
7.72468376159668
7.759002685546875
8.3084135055542
8.495271682739258
8.988839149475098
6.829075813293457
7.129397392272949
6.837258338928223
7.078666687011719
8.949365615844727
8.682873725891113
9.135169982910156
8.896183013916016
6.599794864654541
6.408297061920166
6.251428127288818
6.369994163513184
6.3155388832092285
6.351535320281982
9.069360733032227
8.946174621582031
6.936700344085693
7.403325080871582
6.832996368408203
7.343587875366211
6.02291202545166
6.052944660186768
7.030341625213623
6.980134010314941
9.407916069030762
9.260455131530762
6.499715805053711
6.734398365020752
7.372596263885498
7.600067138671875
7.311715602874756
7.926342487335205
6.339198112487793
6.917380332946777
7.440794944763184
7.534572124481201
8.2839937210083
8.096396446228027
7.104231834411621
7.420207500457764
9.449942588806152
9.363971710205078
7.34832239151001
7.5720391273498535
9.057644844055176
8.494134902954102
7.326632499694824
7.826388359069824
7.504037380218506
7.62073278427124
6.784730434417725
7.127021789550781
6.097934246063232
5.982188701629639
7.2337446212768555
7.588968753814697
8.160207748413086
7.807803153991699
8.507364273071289
7.953527450561523
8.467369079589844
8.360084533691406
8.455278396606445
8.467458724975586
7.535327434539795
7.522982597351074
7.134266376495361
7.840496063232422
7.846066474914551
8.302035331726074
7.033407211303711
6.93044376373291
7.201155662536621
7.353719234466553
7.975698471069336
7.916382312774658
7.384986877441406
7.511074066162109
9.219709396362305
9.074554443359375
6.555123805999756
6.835023403167725
7.664968013763428
7.625425338745117
6.510611534118652
6.551015377044678
9.262823104858398
8.949873924255371
7.575108528137207
8.034451484680176
8.551676750183105
8.528526306152344
8.476259231567383
9.123705863952637
8.550680160522461
8.914708137512207
7.679559230804443
7.719886302947998
8.093506813049316
7.985256195068359
9.20977783203125
9.32380485534668
8.57086181640625
8.23289966583252
6.610413551330566
6.640110492706299
5.658335208892822
5.959481716156006
6.918365001678467
6.946559906005859
7.088606357574463
7.698615074157715
8.153435707092285
8.714851379394531
8.731433868408203
9.698237419128418
5.988966464996338
6.348615646362305
8.112533569335938
7.84903621673584
6.439639568328857
6.497372150421143
6.506364345550537
6.6379523277282715
7.237107276916504
7.660516738891602
5.582034587860107
5.60257625579834
7.308297634124756
7.174413204193115
7.273340702056885
7.694238185882568
8.627348899841309
8.089428901672363
9.144922256469727
9.071950912475586
6.725696086883545
6.457788944244385
8.245177268981934
8.129939079284668
7.7308349609375
8.050763130187988
7.928493499755859
8.08692455291748
7.030910491943359
7.687887191772461
6.94760274887085
7.506060600280762
7.410372734069824
7.7179274559021
8.447223663330078
8.437238693237305
6.996068000793457
7.074823379516602
7.718304634094238
7.711775779724121
6.597252368927002
7.115365028381348
9.23710823059082
9.078633308410645
8.139120101928711
8.354574203491211
6.879021167755127
6.768790245056152
5.891232013702393
6.253532886505127
9.016797065734863
8.411847114562988
6.630338668823242
7.0529279708862305
7.319190502166748
7.79000997543335
9.071002006530762
9.01296329498291
7.833313941955566
8.064885139465332
8.413169860839844
8.571843147277832
7.186646938323975
7.327175140380859
7.015800476074219
7.32756233215332
8.78495979309082
8.478337287902832
7.984049320220947
8.085323333740234
6.996109962463379
7.060544490814209
8.418844223022461
9.112170219421387
7.9592437744140625
8.151166915893555
6.012271404266357
6.078798770904541
6.603151798248291
6.610669136047363
9.147788047790527
8.739919662475586
6.10578727722168
6.4998579025268555
8.096046447753906
8.413675308227539
7.798889636993408
8.354997634887695
8.62757396697998
8.856338500976562
6.6891021728515625
6.826746940612793
8.274179458618164
8.269972801208496
7.010801315307617
7.752503871917725
8.480184555053711
9.129671096801758
8.16518497467041
8.279548645019531
6.538464546203613
6.452669143676758
6.705539226531982
6.764224529266357
8.323143005371094
8.479117393493652
8.87755012512207
9.09347915649414
7.843924522399902
8.331128120422363
9.062705039978027
9.330050468444824
6.731688499450684
7.081652641296387
7.0361785888671875
7.262225151062012
7.224724769592285
7.318380355834961
7.412785530090332
8.507704734802246
9.108575820922852
8.37829875946045
5.68427848815918
5.9790730476379395
5.758376598358154
5.9087815284729
7.080198287963867
7.4660258293151855
7.72876501083374
8.287030220031738
6.278715133666992
6.3554887771606445
7.458163261413574
7.754703998565674
8.885368347167969
8.37054443359375
8.603812217712402
8.667170524597168
8.400076866149902
8.436599731445312
8.622784614562988
8.328271865844727
7.1927900314331055
7.226851463317871
8.107175827026367
7.891442775726318
5.740411281585693
6.340944766998291
6.227712154388428
6.434549331665039
7.16339111328125
7.046606063842773
8.15837574005127
8.046454429626465
7.15151834487915
7.576641082763672
7.163092613220215
7.529021263122559
6.979223728179932
7.013073444366455
7.336016654968262
7.50897741317749
9.17058277130127
9.041885375976562
8.879239082336426
8.931833267211914
6.694046974182129
7.243803977966309
7.3082356452941895
7.777008056640625
7.0735368728637695
6.713689804077148
7.4181928634643555
7.672813892364502
6.827438831329346
6.949786186218262
7.667032241821289
7.768481731414795
6.448753833770752
6.371316432952881
6.932171821594238
6.93170166015625
5.94520902633667
6.111473560333252
6.351113796234131
6.9576239585876465
6.5112528800964355
6.832032680511475
6.1829423904418945
6.837968349456787
8.199283599853516
8.507853507995605
8.663980484008789
8.225116729736328
8.62216854095459
7.784842491149902
7.012635707855225
6.96424674987793
8.272331237792969
8.046746253967285
7.1404218673706055
7.878992557525635
5.770010471343994
6.033426284790039
6.640386581420898
6.878745079040527
7.447803020477295
7.414481163024902
5.730368614196777
6.190934181213379
7.5246100425720215
7.608853340148926
8.241462707519531
8.704925537109375
7.209293842315674
7.655368804931641
7.690562725067139
8.092126846313477
7.491211891174316
7.567437171936035
6.756979942321777
7.163962364196777
9.513846397399902
8.678075790405273
6.8994951248168945
6.774313449859619
8.199369430541992
8.426261901855469
7.789307117462158
8.177728652954102
6.0028886795043945
6.627152919769287
8.25695514678955
8.474733352661133
8.346905708312988
8.045608520507812
7.938563346862793
7.645249366760254
7.133114814758301
7.577554225921631
7.404123783111572
7.762646675109863
7.212810516357422
7.6643781661987305
8.770010948181152
8.20348834991455
9.009931564331055
8.753240585327148
8.41473388671875
8.276618003845215
9.246254920959473
8.611798286437988
5.959961414337158
6.131296634674072
7.5194244384765625
8.35519027709961
6.622347831726074
7.2821736335754395
6.992532253265381
7.345555782318115
7.880461692810059
7.9286932945251465
7.965760707855225
8.298315048217773
7.927736282348633
8.167067527770996
6.810075283050537
7.269563674926758
6.62462043762207
6.762199401855469
7.112035751342773
8.027139663696289
6.131791591644287
6.283491611480713
6.487401962280273
6.285063743591309
6.1117730140686035
6.386171817779541
6.730199337005615
6.945751190185547
8.669179916381836
8.057395935058594
7.247471809387207
7.015232086181641
7.152590274810791
7.669968605041504
8.223175048828125
8.069313049316406
5.957549095153809
6.019348621368408
8.602676391601562
8.638184547424316
7.240901947021484
7.637540817260742
7.056390762329102
7.36875057220459
6.462325096130371
6.487820625305176
8.613941192626953
8.224828720092773
6.070165634155273
6.197936534881592
6.602694034576416
6.483317852020264
8.159892082214355
8.112483978271484
7.6721014976501465
7.702561855316162
7.533019065856934
7.570078372955322
6.7289557456970215
7.364797592163086
8.798227310180664
8.198652267456055
7.708637237548828
8.127952575683594
6.7223076820373535
6.722933292388916
6.048219203948975
6.231703281402588
5.89401388168335
6.142531871795654
7.104946136474609
7.364095211029053
8.63846206665039
8.693528175354004
7.024860382080078
6.861746788024902
6.952223777770996
7.172975063323975
6.901157855987549
7.503180503845215
7.65665864944458
7.879175662994385
6.600183010101318
6.691483020782471
8.366385459899902
7.900463104248047
8.086421966552734
7.915947914123535
7.418939113616943
7.641804218292236
6.662567138671875
6.8333964347839355
7.80706787109375
8.214200019836426
8.495269775390625
7.934814453125
6.593142509460449
6.744022846221924
6.2417707443237305
6.412221908569336
8.792645454406738
8.239396095275879
8.302457809448242
8.273860931396484
8.002931594848633
8.713733673095703
7.736651420593262
7.733791351318359
6.596521854400635
6.753610134124756
5.615755081176758
5.60766077041626
7.609022617340088
8.155583381652832
7.017534255981445
7.419734001159668
6.011397361755371
5.84091329574585
7.1511549949646
7.2851152420043945
5.8112993240356445
5.994692325592041
6.103063583374023
6.334833145141602
7.539412498474121
7.658086776733398
6.543483257293701
7.598117351531982
7.080657958984375
7.1301727294921875
8.23216724395752
8.203509330749512
7.401325702667236
8.022032737731934
6.604731559753418
6.466873645782471
7.185325622558594
7.547875881195068
7.317333221435547
7.519261837005615
6.289370059967041
6.382249355316162
6.658509731292725
6.782079696655273
7.5644965171813965
7.665850639343262
8.237573623657227
8.44423770904541
7.946310997009277
8.291508674621582
8.640993118286133
8.529080390930176
8.683138847351074
8.117697715759277
8.655765533447266
9.338589668273926
7.43153190612793
7.725514888763428
5.482264041900635
6.049545764923096
7.291454315185547
7.749032497406006
7.045372009277344
7.443430423736572
7.6916913986206055
7.867191314697266
8.357120513916016
8.100224494934082
6.750990867614746
7.309081077575684
8.510890007019043
8.351753234863281
7.282634735107422
7.790264129638672
6.2577805519104
6.984180450439453
6.420644283294678
7.024533748626709
6.583024501800537
6.367841720581055
7.554177284240723
7.917837142944336
7.3801798820495605
7.314055442810059
6.906303405761719
7.226085186004639
5.961146831512451
6.130030155181885
8.225860595703125
8.002782821655273
5.806247234344482
6.01721715927124
8.169168472290039
8.144092559814453
6.307177543640137
6.435143947601318
5.902237415313721
6.285490989685059
6.870676517486572
7.087145805358887
5.698890209197998
5.783079147338867
8.557144165039062
8.480537414550781
6.496845245361328
6.411080360412598
7.007497787475586
7.664244174957275
8.059197425842285
7.9184393882751465
5.995132923126221
6.310300827026367
6.936736106872559
6.62135648727417
8.179916381835938
8.187581062316895
6.98894739151001
6.650170803070068
7.499049186706543
7.55454158782959
7.153848648071289
7.404515266418457
8.272661209106445
8.513057708740234
5.905664920806885
6.024397850036621
8.628243446350098
8.39212417602539
7.804122447967529
7.755320072174072
6.426000595092773
6.44826078414917
7.494124412536621
7.627048969268799
7.563493728637695
7.5987091064453125
6.349155902862549
6.495168685913086
9.090385437011719
8.436537742614746
7.4954376220703125
7.794084072113037
7.7650556564331055
7.902841567993164
7.5536346435546875
8.380645751953125
6.481293678283691
7.056313514709473
6.167027473449707
6.187331199645996
8.517751693725586
9.312483787536621
5.9222283363342285
5.980386257171631
7.169576168060303
7.436124801635742
6.673295497894287
6.535519123077393
8.709973335266113
8.208500862121582
6.660313129425049
6.673748970031738
6.333870887756348
6.130963325500488
8.598698616027832
8.459599494934082
7.053713321685791
7.469235897064209
7.375831604003906
7.676529884338379
7.240973472595215
7.664284706115723
6.962369441986084
7.040102958679199
8.754040718078613
8.26978874206543
6.073207378387451
6.626746654510498
6.823275566101074
7.3137006759643555
6.599755764007568
6.481842517852783
7.172169208526611
7.588796615600586
6.071527004241943
6.511816024780273
7.223846435546875
7.342061519622803
8.31576156616211
8.033214569091797
7.697312831878662
8.602477073669434
6.49790096282959
6.509576797485352
8.463521957397461
8.184391021728516
6.042731285095215
6.023966312408447
7.07022762298584
7.049272537231445
8.826203346252441
8.605751991271973
7.036673545837402
7.465174198150635
9.09468936920166
9.207698822021484
6.813701152801514
6.736416816711426
6.725491523742676
6.982469081878662
6.830920696258545
6.802968978881836
6.923405170440674
6.866579055786133
6.6079535484313965
6.581022262573242
6.92535400390625
6.956815242767334
6.945095062255859
7.67645263671875
8.119138717651367
8.092430114746094
8.18330192565918
8.103399276733398
8.436925888061523
8.33681583404541
9.06661319732666
8.59594440460205
8.480719566345215
8.281161308288574
6.76987361907959
6.718846321105957
8.03860855102539
8.500476837158203
6.6551127433776855
6.911952972412109
7.45786714553833
7.547634124755859
8.238029479980469
8.217787742614746
6.10567569732666
6.192876815795898
7.104717254638672
7.819247245788574
8.120391845703125
8.134407997131348
7.610736846923828
7.694914817810059
7.661513328552246
8.398813247680664
5.888066291809082
6.105350017547607
6.80014705657959
7.207874298095703
8.210986137390137
8.161664962768555
7.795835018157959
7.797495365142822
8.515558242797852
8.715828895568848
8.044342041015625
8.74355697631836
7.249301910400391
7.303847312927246
8.195444107055664
8.24290657043457
8.597166061401367
8.756452560424805
7.650458812713623
7.959136962890625
7.573543548583984
7.921879768371582
7.652741432189941
7.828263759613037
7.215462684631348
7.490752220153809
6.695748805999756
6.684976577758789
5.680418968200684
6.017678737640381
6.8990864753723145
6.834219932556152
6.54919958114624
7.075340270996094
7.036093711853027
6.9553303718566895
7.464713096618652
7.754823684692383
8.182291984558105
8.555766105651855
7.041780948638916
7.194144248962402
7.516659259796143
7.821630954742432
6.9710564613342285
6.781895637512207
6.148324966430664
6.381938457489014
8.02625560760498
8.000322341918945
7.546558380126953
7.687954425811768
7.343624591827393
7.823359489440918
7.044533729553223
7.40949010848999
7.0820159912109375
7.47977876663208
6.928849220275879
6.836058616638184
9.09434700012207
8.348527908325195
8.284353256225586
8.048423767089844
7.565425872802734
7.807307243347168
7.830216884613037
7.842648506164551
6.771969318389893
7.118198871612549
8.841127395629883
8.48295783996582
6.186270713806152
6.302292346954346
8.269760131835938
8.185693740844727
7.226000785827637
7.107100963592529
6.961546897888184
6.757413864135742
8.682116508483887
8.43718433380127
8.83554744720459
8.456101417541504
7.5704569816589355
8.148690223693848
7.0411224365234375
7.555930137634277
5.46984338760376
5.248784065246582
6.508849143981934
6.518731594085693
8.556768417358398
8.176583290100098
7.712700843811035
7.731504440307617
6.891040802001953
7.182582855224609
6.794347286224365
7.149137496948242
8.601305961608887
8.513022422790527
7.075923919677734
6.834150314331055
6.26582670211792
6.466973781585693
6.983179569244385
7.345980644226074
7.275001049041748
7.568198204040527
7.629377365112305
7.566282272338867
6.232458591461182
6.151036739349365
5.946274757385254
6.250338077545166
8.256621360778809
7.779354095458984
8.202272415161133
7.90048360824585
8.665682792663574
8.665203094482422
7.136902332305908
7.689596176147461
7.736828327178955
7.925380706787109
7.808032035827637
7.86685848236084
7.98624324798584
7.906383514404297
6.503081798553467
6.907894134521484
7.187129974365234
7.087613105773926
8.547054290771484
9.216863632202148
6.396305084228516
7.443134307861328
8.940635681152344
8.261723518371582
6.968874454498291
7.6422810554504395
7.482497692108154
7.608859062194824
6.521029472351074
6.892543792724609
6.992237091064453
6.871153831481934
8.411500930786133
8.728853225708008
5.943221092224121
5.727267742156982
7.048910140991211
7.1724958419799805
6.679988384246826
6.624780654907227
5.762246608734131
6.030955791473389
6.10605001449585
6.167196273803711
7.764912128448486
7.867094993591309
7.79817008972168
7.862560749053955
6.46635627746582
6.4020304679870605
8.349297523498535
8.524144172668457
7.13491153717041
7.550910472869873
8.330527305603027
8.665105819702148
7.911009788513184
8.163423538208008
6.37373685836792
6.381162643432617
8.640116691589355
8.19442367553711
7.300227165222168
7.536808967590332
7.682181358337402
7.891051769256592
9.263700485229492
9.829493522644043
5.84080696105957
6.139413356781006
7.311301231384277
7.701329231262207
7.908659934997559
8.146347045898438
6.923891067504883
7.161736965179443
7.95297908782959
8.04505729675293
6.502123832702637
7.052620887756348
5.379430770874023
5.705639362335205
8.785318374633789
9.114371299743652
7.171179294586182
7.414582252502441
7.248836994171143
7.796895980834961
6.785270690917969
6.963427543640137
7.427422523498535
7.675021171569824
9.113142013549805
9.083853721618652
5.527857780456543
6.2959160804748535
8.70568561553955
8.433382987976074
7.0442986488342285
7.432579517364502
8.653266906738281
8.287298202514648
8.643843650817871
8.496743202209473
8.916753768920898
8.214826583862305
8.94134521484375
8.524038314819336
8.22195816040039
8.208297729492188
8.26342487335205
8.526514053344727
8.883516311645508
8.616077423095703
9.083858489990234
9.0061674118042
9.071721076965332
8.77653694152832
5.96029806137085
5.992640972137451
6.06733512878418
6.346903324127197
7.485682487487793
7.646897315979004
8.756708145141602
8.667449951171875
8.428169250488281
8.068994522094727
7.328588485717773
7.676533222198486
6.198317527770996
6.512462139129639
8.51640510559082
8.118752479553223
8.483922958374023
8.550660133361816
7.144189834594727
7.497643947601318
7.709820747375488
7.833873748779297
7.808074474334717
7.76161003112793
6.904150485992432
7.408121585845947
7.3635687828063965
7.80278205871582
7.664852142333984
7.725526332855225
8.363116264343262
7.965023517608643
7.3972249031066895
7.694918632507324
6.5163960456848145
6.441622257232666
6.8797688484191895
6.729199409484863
6.994399070739746
7.203708648681641
7.779458045959473
8.364882469177246
6.794607162475586
7.459774971008301
7.646687030792236
7.924283504486084
8.081244468688965
8.198482513427734
6.878696441650391
7.168717861175537
7.611207485198975
7.829041957855225
9.37232494354248
9.110916137695312
7.522905349731445
7.560054302215576
6.1233625411987305
6.550028324127197
7.500673770904541
7.720259666442871
7.673539161682129
8.461681365966797
6.02382230758667
6.11287784576416
9.050777435302734
8.920150756835938
7.556455135345459
7.835169792175293
9.094329833984375
8.994705200195312
9.194052696228027
9.354000091552734
6.617860794067383
6.507262706756592
8.738073348999023
7.811639308929443
7.183419704437256
7.535070896148682
8.285379409790039
7.780536651611328
7.2331390380859375
7.593575477600098
6.995664119720459
7.280719757080078
8.552404403686523
9.588417053222656
7.463029384613037
7.834771633148193
8.493695259094238
8.041833877563477
6.798027038574219
7.622304916381836
6.530392646789551
7.749159812927246
6.865734100341797
7.233728408813477
7.462213516235352
7.898951053619385
8.983072280883789
9.005653381347656
7.066763877868652
7.548150539398193
6.657939434051514
6.677548885345459
7.948891639709473
7.977097511291504
7.022774696350098
7.009189605712891
6.955859184265137
7.378058910369873
6.556475639343262
6.579530239105225
7.871891021728516
8.271246910095215
7.2697296142578125
7.69418478012085
7.558544158935547
8.23544692993164
7.101532936096191
7.3831610679626465
6.905320644378662
6.722350120544434
7.5605878829956055
7.81466817855835
7.383068084716797
7.536580562591553
7.914310455322266
8.012678146362305
8.35076904296875
8.163671493530273
6.9501543045043945
6.749557018280029
8.18117904663086
8.229260444641113
6.8063764572143555
6.918207168579102
7.779718399047852
7.875715255737305
7.593614101409912
7.77225399017334
7.651985168457031
8.266657829284668
5.869290351867676
6.479797840118408
6.980056285858154
7.124417781829834
7.106067657470703
7.356162071228027
6.736612319946289
7.1247148513793945
7.002117156982422
6.888192653656006
7.496463775634766
7.924236297607422
6.411746025085449
6.653249740600586
8.841438293457031
8.598115921020508
6.325162887573242
6.562282085418701
8.745464324951172
8.706497192382812
8.221521377563477
8.27891731262207
7.449538230895996
7.789585113525391
6.404999256134033
6.572627544403076
7.582564830780029
7.827992916107178
9.15772819519043
9.086324691772461
7.798788070678711
7.983592987060547
6.610372066497803
6.624757289886475
7.810877323150635
8.15783405303955
8.95323657989502
8.6133394241333
7.740294456481934
7.688506126403809
7.716071605682373
7.997974395751953
8.39777946472168
8.423994064331055
5.74472713470459
6.018057823181152
6.322105884552002
6.434481143951416
8.708061218261719
7.796730995178223
7.479030609130859
7.550574779510498
8.421643257141113
8.173853874206543
7.193480491638184
7.461554527282715
7.031894683837891
7.88533878326416
7.375831127166748
7.645298004150391
6.301295757293701
6.206366539001465
7.961093902587891
7.774781703948975
7.600444793701172
7.651613712310791
6.828912258148193
7.293567180633545
8.834827423095703
8.916166305541992
8.421660423278809
8.358733177185059
6.783724308013916
6.91473913192749
8.842277526855469
8.367865562438965
6.668447494506836
6.908382415771484
6.227804660797119
6.350581645965576
6.924161434173584
7.411966800689697
9.04617691040039
8.953112602233887
8.225749969482422
9.045599937438965
6.808614730834961
7.157800197601318
7.244887828826904
7.591719627380371
9.384077072143555
8.961638450622559
7.101581573486328
6.953937530517578
7.63947057723999
7.6978607177734375
8.904128074645996
8.477337837219238
7.479208469390869
7.719789028167725
6.174703598022461
6.419341564178467
7.621891498565674
7.713263988494873
6.128336429595947
6.3860063552856445
7.441459655761719
7.367713928222656
7.973593711853027
7.733519554138184
6.696547508239746
7.45197057723999
5.544747829437256
5.829945087432861
7.121061325073242
7.174662113189697
5.945620059967041
5.9697957038879395
7.428386688232422
7.901882171630859
7.661524772644043
7.794723033905029
7.007904529571533
7.589946746826172
6.4579973220825195
6.716978073120117
7.391366481781006
7.576391696929932
7.99094295501709
7.928954124450684
7.4477691650390625
7.581267356872559
6.804823875427246
7.062963008880615
7.7521071434021
7.684424877166748
8.289223670959473
8.191854476928711
6.772620677947998
7.485644340515137
8.384965896606445
8.576189041137695
7.20624303817749
7.542928218841553
5.933556079864502
6.544300556182861
6.105187892913818
5.907210350036621
6.393189907073975
6.366106033325195
7.884981632232666
8.020781517028809
6.97946834564209
7.614782333374023
8.622831344604492
8.060506820678711
8.270126342773438
8.622627258300781
6.804892063140869
7.367613792419434
7.280965805053711
7.495727062225342
6.775671482086182
6.645208835601807
7.725081443786621
8.313604354858398
8.609193801879883
8.434053421020508
8.39909553527832
8.105754852294922
6.8491644859313965
6.836116790771484
7.682317733764648
7.713008403778076
8.25523567199707
8.822155952453613
7.609226703643799
7.70299768447876
7.293435573577881
7.32750129699707
7.0511908531188965
7.155412197113037
6.412711143493652
6.400810718536377
8.240584373474121
8.354438781738281
8.214286804199219
8.179779052734375
6.611136436462402
6.547646999359131
7.844200611114502
8.378186225891113
7.350185394287109
8.203472137451172
6.345381259918213
6.456506252288818
8.10283088684082
8.533613204956055
7.838149547576904
7.439971923828125
6.736410617828369
6.792543888092041
6.003698348999023
6.02094841003418
8.328911781311035
8.14546012878418
8.845077514648438
8.857934951782227
8.6698637008667
8.77975082397461
9.087925910949707
8.287467956542969
5.943329334259033
6.710282802581787
9.345285415649414
9.171907424926758
5.77565336227417
5.989770412445068
6.913551330566406
7.111987590789795
7.181284427642822
7.59140682220459
8.083053588867188
8.193830490112305
7.4485955238342285
7.4156036376953125
8.769060134887695
8.271646499633789
6.326181888580322
6.314202785491943
7.425116539001465
7.806312084197998
8.615785598754883
8.25972843170166
8.169886589050293
8.511383056640625
8.301347732543945
8.244062423706055
7.246574401855469
7.56355619430542
8.788856506347656
8.942134857177734
7.563559532165527
8.186483383178711
6.2969160079956055
6.458110332489014
8.263764381408691
7.985482215881348
6.565781593322754
6.640484809875488
6.303351879119873
6.493882656097412
7.360169887542725
8.30452823638916
8.244075775146484
7.848814964294434
8.440007209777832
7.8909010887146
6.970067977905273
6.923902988433838
5.897449016571045
6.030789375305176
6.957095146179199
7.3486857414245605
8.434835433959961
7.977814674377441
7.219688415527344
6.786158084869385
8.02147102355957
8.204509735107422
5.650174617767334
5.941037178039551
7.237086772918701
7.431041717529297
6.2539286613464355
6.50895881652832
6.902981281280518
7.492942810058594
8.342784881591797
8.864855766296387
9.098419189453125
9.224742889404297
8.180980682373047
7.933745384216309
7.516141891479492
7.751742362976074
6.377309799194336
6.629700183868408
7.697227954864502
7.855908393859863
7.074312210083008
7.427022457122803
7.775351524353027
7.562567710876465
7.012746334075928
7.1703619956970215
8.59544849395752
8.243003845214844
8.903255462646484
8.394830703735352
6.931828498840332
6.70708703994751
6.343549728393555
6.435064315795898
5.741631031036377
5.908004283905029
8.90438175201416
8.944841384887695
7.901224613189697
7.784948348999023
6.659035682678223
6.434386253356934
7.8122053146362305
7.904287338256836
7.835291385650635
7.8692803382873535
6.216150760650635
6.501321315765381
6.022965908050537
6.022226333618164
7.096150875091553
7.37444543838501
6.658134937286377
6.67221212387085
7.351039886474609
7.615307331085205
6.171121120452881
6.157853603363037
6.647470951080322
7.142635345458984
8.961027145385742
8.546112060546875
7.003917694091797
7.3246893882751465
8.479909896850586
7.869905948638916
7.450292110443115
7.782893180847168
7.7781877517700195
8.03536605834961
7.937293529510498
7.32366418838501
8.47411823272705
8.696805000305176
7.104686737060547
7.572579383850098
7.718844890594482
7.989631652832031
7.867403984069824
7.887082576751709
8.438633918762207
8.102081298828125
8.96916675567627
8.24809741973877
6.438431739807129
6.410747051239014
8.476495742797852
9.079301834106445
6.605806827545166
6.936046600341797
8.190469741821289
8.362232208251953
7.808213233947754
7.902795314788818
7.977291584014893
8.576118469238281
5.427541732788086
6.174914360046387
7.947132110595703
8.403585433959961
7.555655479431152
7.646700859069824
6.972907543182373
7.449254989624023
6.455804347991943
6.468771934509277
8.399911880493164
8.175860404968262
6.54395866394043
6.490716457366943
8.53671932220459
8.303618431091309
9.152420043945312
8.775195121765137
8.517936706542969
8.361648559570312
6.28737211227417
6.478845596313477
8.1067533493042
7.755489349365234
8.637138366699219
7.7757887840271
7.637157440185547
7.653136253356934
7.292617321014404
7.681333541870117
6.684065818786621
7.6213531494140625
7.5853071212768555
7.669425964355469
8.97412395477295
9.238504409790039
7.706628799438477
7.778907775878906
8.525288581848145
8.328704833984375
8.988700866699219
8.466861724853516
6.444339752197266
7.26165771484375
7.12654972076416
7.796324729919434
9.353796005249023
9.076172828674316
5.804784297943115
6.193478107452393
6.892701625823975
6.608648300170898
6.044732093811035
6.191360950469971
7.205204963684082
7.693964004516602
7.443107604980469
7.4908552169799805
7.356184005737305
7.515656471252441
8.09129810333252
8.888154983520508
7.061896324157715
7.598757266998291
8.569282531738281
8.110105514526367
6.4360527992248535
7.415912628173828
6.239360332489014
6.821891784667969
7.646974086761475
7.380697250366211
6.96113395690918
7.590332508087158
7.701712608337402
8.02515697479248
7.58038854598999
7.721288681030273
7.215054988861084
7.678892612457275
6.423407554626465
6.5434489250183105
8.457046508789062
8.252029418945312
6.812560081481934
6.740095615386963
8.526951789855957
8.013400077819824
7.263080596923828
7.3728156089782715
6.527735233306885
7.230490684509277
7.639023303985596
8.00636100769043
6.415904521942139
6.60530948638916
7.820293426513672
7.9384002685546875
8.068743705749512
8.272451400756836
6.411278247833252
6.667239665985107
7.5331878662109375
8.021061897277832
6.804259300231934
6.691298484802246
7.603220462799072
8.364282608032227
6.614410877227783
6.8491530418396
6.623363971710205
6.539862632751465
8.534392356872559
7.926527976989746
6.293060779571533
6.379512310028076
6.900216579437256
6.951383590698242
8.789863586425781
8.202285766601562
9.081157684326172
9.033453941345215
7.800668716430664
8.039859771728516
6.641870498657227
7.5339813232421875
8.093828201293945
8.465996742248535
8.346774101257324
7.983795166015625
6.999876976013184
7.358940124511719
7.07643985748291
7.506291389465332
6.886659145355225
7.110407829284668
9.448409080505371
8.658272743225098
8.303237915039062
8.691466331481934
6.93283224105835
6.836076736450195
8.82258415222168
8.73129940032959
6.29340934753418
6.790920257568359
8.60749626159668
8.272408485412598
7.062177658081055
7.333652496337891
7.613501071929932
7.957543849945068
7.964488983154297
8.449446678161621
6.956745147705078
6.79033899307251
8.7035493850708
8.646774291992188
7.2625555992126465
7.500309944152832
7.860440731048584
8.137286186218262
9.035873413085938
9.113273620605469
7.983575344085693
8.278103828430176
8.036190032958984
7.961966514587402
6.902286529541016
6.700184345245361
7.658132553100586
7.568650722503662
7.596024513244629
7.573209285736084
7.095462322235107
7.267129898071289
6.853648662567139
6.906494617462158
7.712527751922607
8.324142456054688
8.530381202697754
8.241714477539062
8.841157913208008
8.747803688049316
7.600511074066162
7.719727516174316
6.847344398498535
6.918273448944092
8.653202056884766
8.63407039642334
8.158125877380371
8.520483016967773
7.74526834487915
7.965198516845703
5.717050075531006
5.78859281539917
7.5288004875183105
7.816500663757324
7.264718055725098
7.44263219833374
7.430901050567627
7.9363603591918945
8.325124740600586
8.77724838256836
7.287242889404297
7.949767112731934
6.397433757781982
6.535595417022705
5.71854305267334
5.8083882331848145
7.750530242919922
7.81740665435791
6.360998153686523
6.163020610809326
6.553059101104736
7.541033744812012
8.285812377929688
8.456852912902832
6.857833385467529
7.727141380310059
8.142062187194824
8.396002769470215
6.539526462554932
6.687371730804443
7.843379974365234
7.960725784301758
6.847678184509277
6.888471603393555
8.009297370910645
8.502527236938477
5.89328145980835
6.209784507751465
7.501335144042969
7.959378719329834
8.381036758422852
7.952413558959961
7.114263534545898
7.583883285522461
8.511393547058105
8.558334350585938
5.929184436798096
5.991173267364502
6.727769374847412
7.068496227264404
8.251258850097656
7.879540920257568
8.125070571899414
7.998033046722412
8.588953018188477
8.049214363098145
6.918961524963379
7.5098772048950195
7.963401794433594
7.7490339279174805
7.557102203369141
7.930628299713135
8.780035972595215
8.347304344177246
8.230705261230469
8.3794527053833
7.846385955810547
8.427088737487793
7.829455375671387
8.049497604370117
6.361761569976807
6.194348335266113
8.013458251953125
8.250097274780273
7.041569709777832
7.245955944061279
8.085358619689941
8.277091026306152
8.818719863891602
8.652420043945312
6.225083827972412
6.411187648773193
8.156612396240234
8.378463745117188
7.799952507019043
7.64383602142334
8.423421859741211
7.878098964691162
9.153515815734863
8.716859817504883
7.979366302490234
8.00729751586914
5.775038719177246
5.999320030212402
7.473696231842041
7.626249313354492
7.518277645111084
7.858865261077881
8.100831031799316
8.177358627319336
8.390891075134277
8.167889595031738
6.671994209289551
7.353692054748535
8.217352867126465
7.937792778015137
6.720541954040527
7.37271785736084
7.173360824584961
7.483623504638672
8.469712257385254
8.20706844329834
7.526698589324951
7.472220420837402
8.53603458404541
8.430882453918457
7.087831974029541
7.611093997955322
7.787822723388672
7.807389259338379
8.858467102050781
8.848714828491211
8.59738540649414
8.264503479003906
6.366979598999023
6.571727275848389
7.443817138671875
7.611675262451172
8.31987190246582
7.894622802734375
7.5643110275268555
7.966221332550049
7.504836559295654
7.673625946044922
7.190649032592773
7.434793949127197
6.598398685455322
6.634594440460205
6.914101600646973
7.228952884674072
6.9806647300720215
7.327883243560791
7.674306392669678
7.92920446395874
7.454208850860596
7.708232879638672
6.459321975708008
6.530269145965576
7.301101207733154
8.212801933288574
8.696743965148926
8.179098129272461
6.765533447265625
7.229907989501953
6.956092357635498
7.221085548400879
9.091691970825195
8.504841804504395
7.181395530700684
7.538110256195068
6.19109582901001
6.3099446296691895
5.523855209350586
5.895655155181885
7.105503082275391
7.256672382354736
6.671938896179199
7.285906791687012
8.317423820495605
8.528892517089844
8.1738862991333
8.03133773803711
7.5223846435546875
7.82050085067749
5.902451038360596
6.223910808563232
6.584604740142822
6.591577529907227
8.472134590148926
7.874883651733398
5.850429058074951
5.781373023986816
6.727794170379639
7.125977039337158
7.502800941467285
7.8083038330078125
6.988338947296143
7.409825801849365
7.695285797119141
8.110319137573242
7.718469619750977
7.642657279968262
7.240317344665527
7.8824591636657715
6.9772162437438965
7.101304531097412
8.776824951171875
8.731087684631348
7.305714130401611
7.666957855224609
6.910011291503906
7.674801349639893
6.36974573135376
6.27156400680542
8.948965072631836
8.631035804748535
8.698443412780762
8.204163551330566
6.140469551086426
6.045189380645752
8.502245903015137
8.04455280303955
6.515000820159912
7.138445854187012
8.047657012939453
8.243066787719727
8.351095199584961
8.409284591674805
8.225099563598633
8.098982810974121
8.049104690551758
8.049684524536133
8.223458290100098
8.035872459411621
8.84483528137207
9.085447311401367
6.845900535583496
6.774775981903076
7.579719066619873
7.831127166748047
6.8763532638549805
7.251708030700684
8.378702163696289
8.347479820251465
8.007468223571777
7.857475280761719
6.384764671325684
6.2225422859191895
7.711788177490234
7.816985130310059
7.370126247406006
7.798971176147461
7.882715702056885
8.09581470489502
7.967023849487305
8.241368293762207
9.38589859008789
9.046037673950195
7.6628265380859375
7.937213897705078
7.097975730895996
7.692608833312988
7.638112545013428
8.052579879760742
6.092626094818115
6.271264553070068
7.472245693206787
7.521240234375
7.752944469451904
8.207448959350586
7.5630388259887695
7.386989593505859
8.779034614562988
8.29049301147461
7.7403669357299805
7.863704681396484
6.5133185386657715
6.3604021072387695
8.222874641418457
7.935519218444824
7.454822540283203
7.927145957946777
8.514993667602539
8.197293281555176
6.077463626861572
6.04227352142334
9.032580375671387
8.285449981689453
6.952695369720459
7.002333641052246
6.965414047241211
7.287331581115723
7.595541954040527
7.77631139755249
8.084199905395508
8.211430549621582
8.165382385253906
8.443887710571289
7.4208526611328125
7.7369303703308105
9.094991683959961
8.958849906921387
8.917139053344727
8.754952430725098
8.067156791687012
7.8483500480651855
8.66611385345459
8.256340980529785
9.008756637573242
9.024792671203613
7.4870219230651855
7.804803848266602
6.018929958343506
6.153056621551514
7.6145453453063965
8.683303833007812
6.268861293792725
6.919991970062256
7.468244552612305
7.655077934265137
6.339633464813232
6.549758434295654
6.049188613891602
6.253697395324707
8.850879669189453
9.057791709899902
7.932214260101318
7.829934120178223
8.72060775756836
8.744847297668457
8.829607009887695
8.964168548583984
8.025039672851562
7.790015697479248
7.641956329345703
8.130619049072266
6.72736120223999
6.987046241760254
6.916891098022461
7.435756683349609
8.979202270507812
8.47189712524414
7.5942182540893555
7.65909481048584
7.494871139526367
7.804182052612305
7.692234039306641
7.507221221923828
7.163068771362305
7.209036827087402
6.877101898193359
7.14243221282959
6.505969047546387
6.4173150062561035
6.978389739990234
7.997851371765137
7.199707508087158
7.810542106628418
6.66979455947876
6.518971920013428
8.004990577697754
8.334007263183594
6.862873554229736
7.306920051574707
7.526952266693115
8.076233863830566
7.265351295471191
6.880524635314941
8.81871509552002
8.356866836547852
8.35548210144043
8.31544303894043
6.718735694885254
7.27194356918335
5.720391750335693
5.828782081604004
6.923814296722412
6.954765319824219
6.905491828918457
6.957179069519043
7.930778503417969
7.686676025390625
7.3487348556518555
7.8148512840271
6.62125825881958
6.980018138885498
7.265471458435059
7.57720422744751
7.092813968658447
7.157928466796875
7.536026954650879
7.411660671234131
7.559670448303223
7.909490585327148
7.095158576965332
7.222479343414307
7.303433895111084
7.371137619018555
7.074347019195557
6.909223556518555
8.815962791442871
8.190985679626465