6.652915954589844
8.13371753692627
6.274075031280518
7.302398204803467
7.711793422698975
7.639991760253906
7.190958499908447
7.1783766746521
7.448649883270264
7.965463161468506
5.965723991394043
6.367565631866455
6.498098373413086
7.381606101989746
6.751636505126953
7.533782482147217
6.395628452301025
7.144915580749512
6.1025261878967285
6.820815086364746
6.6068925857543945
8.000418663024902
6.279863357543945
7.469861030578613
7.220771312713623
7.224183559417725
6.622696876525879
6.669602870941162
7.413022518157959
7.654508113861084
5.7288360595703125
6.958113670349121
7.2569475173950195
8.473871231079102
6.392963886260986
7.174389839172363
6.794824123382568
6.686805725097656
6.640374660491943
6.8170294761657715
7.902534484863281
8.331583023071289
6.794833660125732
7.241092205047607
6.8907999992370605
8.574820518493652
6.8411545753479
7.5165581703186035
6.343239784240723
7.303128719329834
6.650975227355957
7.461109161376953
5.6123528480529785
6.402906894683838
5.623715400695801
5.880361557006836
6.541487216949463
6.889954566955566
5.826206684112549
6.62416934967041
6.995199203491211
7.657047748565674
5.609106063842773
6.338965892791748
7.469266414642334
7.473005771636963
6.55446195602417
6.781769752502441
7.537506103515625
8.185351371765137
6.619822025299072
7.25411319732666
6.289076328277588
7.649421691894531
6.454957485198975
7.542346000671387
7.3748779296875
7.939521789550781
6.985189914703369
7.47755765914917
5.620408535003662
7.26727294921875
5.96437406539917
6.702450752258301
7.356015205383301
7.708003997802734
7.478282928466797
7.241092205047607
5.335783004760742
6.294777870178223
5.445882320404053
6.508488178253174
7.136992931365967
7.082024574279785
6.504533290863037
6.734791278839111
7.091578960418701
7.681960582733154
6.995234966278076
7.150170803070068
7.404518127441406
7.305266857147217
6.28046178817749
6.7449049949646
6.45266056060791
7.183741092681885
6.36854362487793
7.342643737792969
7.098060607910156
7.876922607421875
6.3512420654296875
6.912925720214844
7.5292558670043945
7.432979106903076
7.389683723449707
7.465606212615967
7.584264278411865
7.984260082244873
6.250650882720947
6.85582971572876
7.128917694091797
7.923205852508545
5.885594844818115
6.942391872406006
7.504639625549316
7.992154598236084
5.719466686248779
6.876677513122559
6.994741916656494
6.853241920471191
6.431732177734375
6.810170650482178
5.810415267944336
7.1535773277282715
6.154130458831787
8.031713485717773
7.051717281341553
7.489589691162109
5.910808086395264
7.0985941886901855
7.199520111083984
7.584206581115723
6.44692850112915
6.756978511810303
7.23828125
8.447816848754883
6.518826484680176
7.799263954162598
7.207703590393066
7.600442409515381
6.945404052734375
7.280949592590332
6.687646389007568
7.655618190765381
6.374711036682129
7.119554042816162
6.842450141906738
7.460841655731201
7.555297374725342
7.687793254852295
7.551707744598389
7.882816314697266
7.293248653411865
7.485651969909668
6.392394542694092
6.492629528045654
6.296703338623047
7.171970844268799
6.151271820068359
6.984050750732422
6.309429168701172
7.3249101638793945
6.772233486175537
6.9828619956970215
7.107733249664307
7.167460918426514
6.404257297515869
6.4268083572387695
5.992369174957275
6.492628574371338
5.658703327178955
6.636898040771484
8.258352279663086
8.592689514160156
7.154359340667725
7.595518589019775
6.914833068847656
8.72120189666748
6.5655694007873535
8.196017265319824
6.589895725250244
7.804698467254639
6.333041667938232
6.982402324676514
7.3003339767456055
7.74801778793335
6.327989101409912
7.10607385635376
7.664713382720947
7.8187103271484375
6.8134284019470215
6.838146209716797
6.486427307128906
7.118202209472656
6.565285682678223
7.540458679199219
6.349793434143066
8.046771049499512
6.2117509841918945
7.6274237632751465
6.0759453773498535
6.749541282653809
6.515392303466797
7.240653991699219
5.902244567871094
6.284829139709473
5.470597743988037
6.056507587432861
6.28019380569458
7.820727825164795
6.3665690422058105
7.532095432281494
5.755133152008057
7.418282985687256
5.98494815826416
7.468062400817871
7.8962082862854
8.130583763122559
6.635493755340576
7.2388763427734375
6.0322065353393555
6.975508689880371
5.947673797607422
6.462812423706055
7.148993968963623
7.827467918395996
6.487727165222168
7.3124847412109375
7.038959503173828
7.683324337005615
6.132962226867676
6.70742654800415
6.225410461425781
7.661456108093262
6.630568504333496
7.250464916229248
8.528624534606934
8.744115829467773
7.471289157867432
7.684725284576416
7.979793548583984
8.673195838928223
6.083038330078125
7.100350856781006
6.343348026275635
7.114501476287842
6.475408554077148
7.226458549499512
7.803436279296875
8.278633117675781
6.583583354949951
7.800236701965332
7.086461067199707
7.388672828674316
5.9202423095703125
6.68651819229126
7.21697473526001
7.900956630706787
6.670213222503662
7.516787052154541
7.40557861328125
7.9918951988220215
6.890758514404297
7.487200736999512
7.0485405921936035
8.147856712341309
6.665114879608154
7.667569637298584
6.363766193389893
7.246041774749756
5.55592155456543
6.591152191162109
7.030399322509766
7.933494567871094
6.540611267089844
6.775692939758301
8.493403434753418
8.691466331481934
7.5392279624938965
7.511833190917969
6.546886444091797
7.650071620941162
5.620446681976318
6.836616039276123
7.418102264404297
7.88863468170166
6.485289096832275
7.228142738342285
6.636226654052734
7.602908134460449
6.020521640777588
6.737678050994873
6.744968414306641
7.181074142456055
6.102906703948975
6.444460391998291
6.945765018463135
7.673650741577148
6.911128044128418
7.415979862213135
7.443195819854736
7.586546897888184
6.199726581573486
6.522108554840088
6.9399261474609375
6.804236888885498
6.094554901123047
6.3339152336120605
6.813554286956787
8.065314292907715
6.025905132293701
7.154457092285156
5.872169017791748
7.17310905456543
6.056891918182373
6.571971893310547
7.7352142333984375
7.552271366119385
6.950222492218018
6.967523097991943
7.257911205291748
7.662484169006348
6.902708053588867
7.478871822357178
6.2500224113464355
6.556840419769287
6.076095104217529
6.504579067230225
7.395377159118652
7.387827396392822
6.2453155517578125
6.166863441467285
7.324371337890625
7.6360955238342285
6.911372661590576
7.653347015380859
5.845405101776123
7.115396976470947
6.4279937744140625
7.655234336853027
5.8011088371276855
6.586131572723389
5.984001636505127
6.627058506011963
6.480356693267822
7.5571818351745605
5.830798149108887
7.1463541984558105
7.475650310516357
9.177488327026367
6.923623561859131
8.012847900390625
6.492330074310303
7.215270042419434
7.0740275382995605
7.6042962074279785
7.886101722717285
8.165082931518555
6.331758975982666
6.8734049797058105
6.718301296234131
7.600870609283447
6.13469934463501
6.974652290344238
7.1305832862854
8.129875183105469
6.558467388153076
7.154103755950928
7.834234714508057
8.369945526123047
6.40492582321167
7.131360054016113
7.0162672996521
7.534747123718262
6.846981048583984
7.333483695983887
6.339844703674316
7.389865875244141
6.4460906982421875
7.410939693450928
7.811620235443115
7.862504482269287
6.4986891746521
6.791006565093994
6.230932235717773
7.852771282196045
6.255936145782471
7.5632171630859375
6.314985752105713
7.111025333404541
5.614721775054932
6.233163356781006
8.176241874694824
8.318586349487305
7.184229373931885
7.265350341796875
6.939849376678467
7.895507335662842
6.197073459625244
6.809248924255371
6.446336269378662
7.529124736785889
6.196008205413818
7.065939426422119
6.567401885986328
8.266356468200684
6.733407020568848
7.893556118011475
6.893319129943848
7.260008811950684
7.045821189880371
7.523894786834717
7.244162082672119
7.5941362380981445
6.022886753082275
6.675487041473389
6.832935333251953
8.461956977844238
6.151251316070557
7.648835182189941
7.790828227996826
8.039331436157227
6.106229305267334
6.57452392578125
6.408482074737549
7.661670684814453
5.839164733886719
7.127688407897949
6.658456325531006
7.1952056884765625
5.760969638824463
6.562843322753906
6.756457805633545
7.73263692855835
6.422187805175781
7.216262340545654
6.8732147216796875
7.214187145233154
6.855653285980225
7.31866455078125
6.77097749710083
7.188872337341309
6.203619480133057
6.491930961608887
7.480711936950684
7.430854797363281
6.363145351409912
6.528741359710693
7.850025177001953
8.097658157348633
5.6196513175964355
5.79123067855835
8.000143051147461
7.782814979553223
7.106963157653809
7.221636772155762
8.56070613861084
8.444972038269043
7.035583019256592
7.447383403778076
7.22652006149292
7.182460784912109
6.511995792388916
7.001232147216797
5.486282825469971
6.931234359741211
5.758301734924316
6.701539516448975
7.159830570220947
8.090300559997559
6.666850566864014
7.577679634094238
7.774308681488037
7.673927307128906
6.782657146453857
6.663642406463623
7.480557441711426
8.835761070251465
6.100178241729736
7.818722724914551
7.293369293212891
8.383635520935059
5.807722568511963
7.130523681640625
7.583761215209961
7.532723903656006
6.273397445678711
6.78594446182251
6.415238857269287
6.848706245422363
6.23230504989624
6.679889678955078
6.871494293212891
7.542018413543701
5.828197479248047
6.562544345855713
6.466854095458984
8.170997619628906
6.061472415924072
6.4096832275390625
7.329747676849365
8.580340385437012
6.010311126708984
7.3124680519104
6.121707916259766
6.140257358551025
5.816528797149658
6.441590309143066
7.072535037994385
7.656217575073242
6.095911502838135
6.87947940826416
7.290722846984863
7.4818010330200195
5.878726482391357
6.242499351501465
6.786137580871582
7.533510684967041
6.759425640106201
7.614694118499756
7.229886054992676
8.239815711975098
6.875591278076172
7.560940742492676
6.022479057312012
6.406339168548584
6.538249969482422
6.8547539710998535
5.842986583709717
6.978697299957275
5.99373722076416
7.052740573883057
7.337771892547607
8.035534858703613
6.705624580383301
7.244945526123047
6.1299662590026855
7.898040771484375
6.065297603607178
7.369748115539551
7.665515899658203
7.805821418762207
6.776240825653076
6.6403021812438965
7.025905132293701
7.975621223449707
6.927735328674316
7.358983039855957
6.725991725921631
7.740198612213135
6.24354362487793
7.133091926574707
7.243531703948975
7.174688339233398
6.348020076751709
6.9163126945495605
6.676677227020264
8.389801025390625
6.721783638000488
7.778000831604004
8.16468334197998
8.7271089553833
6.474671840667725
7.212464332580566
6.9420671463012695
7.596716403961182
6.026360988616943
6.7765069007873535
6.947302341461182
7.951996803283691
6.6249213218688965
7.470164775848389
7.371387481689453
7.773326873779297
6.875374794006348
7.457001686096191
5.949377059936523
6.869288444519043
6.491390705108643
7.336892127990723
7.770844459533691
7.576388835906982
6.764578342437744
6.817535400390625
6.5907745361328125
7.273475646972656
6.698947429656982
6.924448490142822
6.901383399963379
8.27582836151123
6.509948253631592
7.435438632965088
7.639491558074951
7.865484714508057
6.170711040496826
6.701712131500244
6.8428874015808105
8.095541954040527
6.4279656410217285
7.796268463134766
7.505375862121582
8.903773307800293
6.0118889808654785
7.729259014129639
6.626492023468018
7.153740882873535
5.457608699798584
5.752950668334961
7.885138034820557
8.303559303283691
6.63140344619751
7.01852560043335
6.353183746337891
6.806230068206787
5.711666107177734
6.355443477630615
7.789699077606201
7.836645603179932
7.614266872406006
7.789572238922119
6.534773349761963
7.662866115570068
6.724782466888428
7.671372890472412
7.5828537940979
7.4495062828063965
7.193233013153076
7.236329555511475
6.333347320556641
7.670614719390869
5.8174214363098145
7.0309576988220215
6.676208019256592
7.5909342765808105
6.356968402862549
7.0254130363464355
7.4163994789123535
7.639937400817871
5.926560878753662
6.140655517578125
6.932228088378906
6.975284099578857
6.1853790283203125
6.520617961883545
6.27438497543335
7.557713985443115
5.93965482711792
7.210646152496338
6.851912975311279
7.480091571807861
6.3026251792907715
6.943275451660156
6.793249607086182
8.12109661102295
6.409921169281006
7.512946605682373
6.369126796722412
6.599573612213135
5.971839427947998
6.465549468994141
6.6992998123168945
8.136911392211914
6.892510414123535
7.623281002044678
7.270572185516357
8.228558540344238
6.043857097625732
7.2641777992248535
7.708345890045166
8.225397109985352
6.32186222076416
6.892043113708496
7.188992977142334
7.757718086242676
5.997328758239746
6.930779933929443
6.669398784637451
7.657998561859131
6.668797492980957
7.308518409729004
7.4926958084106445
8.511896133422852
6.603687286376953
7.44589376449585
6.952802658081055
7.4006171226501465
5.9354424476623535
6.46818208694458
6.532877445220947
7.019390106201172
7.095362663269043
7.57562780380249
6.583890914916992
7.157734394073486
5.764672756195068
6.681642055511475
7.03364372253418
7.911681175231934
5.74869966506958
6.658383846282959
6.1175103187561035
7.177178382873535
6.554940223693848
7.294528961181641
7.505588054656982
8.501569747924805
6.1670451164245605
6.746162414550781
6.919201850891113
7.709554195404053
6.280722618103027
7.023950099945068
5.942718505859375
7.891249179840088
6.230504035949707
6.993411540985107
6.618837833404541
8.188606262207031
6.364990234375
7.2987871170043945
7.80447244644165
8.129720687866211
7.172459602355957
7.6609392166137695
5.69228458404541
6.205617904663086
5.72348165512085
6.233457088470459
8.47695541381836
8.614385604858398
6.694042205810547
7.0829386711120605
7.16042423248291
7.982918739318848
7.2932658195495605
8.0398588180542
7.247844219207764
7.222692012786865
6.228679180145264
6.755322456359863
6.2619147300720215
7.296893119812012
5.743127346038818
6.757425785064697
7.4251298904418945
7.694282054901123
6.3192291259765625
6.915666103363037
7.016733646392822
7.329409599304199
5.523770809173584
5.8334808349609375
6.716597080230713
7.947925090789795
6.437473297119141
7.60046911239624
6.18946647644043
7.857481479644775
6.392682075500488
7.434810638427734
6.966724395751953
7.7042436599731445
6.3801398277282715
7.213141918182373
6.894561290740967
7.655153751373291
6.511792182922363
7.193347454071045
6.557636260986328
7.453787326812744
6.889169216156006
7.780252933502197
6.88848352432251
7.416971683502197
7.480579376220703
7.637475490570068
7.325832366943359
7.710946083068848
7.098469257354736
7.766627311706543
5.628789901733398
6.437627792358398
7.07977294921875
7.7333664894104
6.388151168823242
7.179004192352295
7.080265522003174
7.375824928283691
6.997610092163086
7.586204528808594
7.10509729385376
8.048998832702637
6.436965465545654
7.4550089836120605
7.84516716003418
7.810338497161865
7.205516815185547
7.218962669372559
6.124838829040527
7.546041965484619
6.497270107269287
7.4796342849731445
6.929175853729248
7.258570194244385
6.160167694091797
6.697139739990234
6.411250114440918
8.054652214050293
6.282835483551025
6.613417625427246
7.167008876800537
8.557442665100098
6.32661771774292
7.635508060455322
7.37244176864624
8.022768020629883
5.894026279449463
6.977658748626709
6.857059001922607
7.826778411865234
6.0297441482543945
7.0310959815979
7.314356327056885
8.262300491333008
6.69534158706665
7.5395684242248535
6.788291931152344
6.94998025894165
6.593907356262207
6.630799770355225
7.040720462799072
7.324147701263428
7.426387786865234
7.295342922210693
7.57836389541626
7.749058246612549
6.50939416885376
6.64058780670166
7.308831214904785
7.537181377410889
7.430523872375488
7.503837585449219
8.306059837341309
8.594710350036621
5.756875514984131
6.467759609222412
5.802577972412109
7.443696022033691
6.370949745178223
7.5621657371521
7.776656627655029
7.70681619644165
6.7105865478515625
6.337843418121338
6.685683250427246
7.0055389404296875
5.715989112854004
6.387317657470703
8.103055953979492
8.127395629882812
6.7156243324279785
7.395781993865967
6.560653209686279
6.894528865814209
5.983607292175293
6.425773620605469
7.07196569442749
6.854172706604004
7.1368303298950195
7.204873561859131
7.008535385131836
7.218511581420898
5.897414684295654
6.2232489585876465
6.731525897979736
7.308666706085205
6.235398769378662
6.6595869064331055
7.8033318519592285
8.235031127929688
5.786143779754639
6.551971435546875
6.920482158660889
7.632081031799316
5.869869232177734
6.446057319641113
6.106301784515381
6.63384485244751
5.848737716674805
6.633127689361572
7.811473369598389
7.798623561859131
7.335897922515869
7.564428806304932
8.479028701782227
8.342945098876953
7.531234264373779
7.584172248840332
6.703441619873047
6.985867023468018
6.759618759155273
7.401374816894531
6.4605937004089355
7.707860469818115
5.825350284576416
7.211545467376709
7.478589057922363
8.251546859741211
6.696017742156982
7.9097795486450195
6.861927032470703
8.232932090759277
6.030068397521973
7.25438928604126
7.03305196762085
7.336174964904785
6.94567346572876
7.1989312171936035
6.838715553283691
7.610145092010498
6.518211364746094
7.423379421234131
6.658782482147217
8.332625389099121
6.253673076629639
7.481273651123047
6.700413703918457
6.986889839172363
6.023631572723389
6.877296447753906
6.705188751220703
6.945211410522461
6.2084221839904785
6.995861053466797
7.831003665924072
7.68966007232666
7.256439208984375
7.226497650146484
6.497609615325928
6.654647350311279
6.12833833694458
6.308788776397705
6.618624210357666
7.061509132385254
6.30515193939209
6.799296855926514
6.352224349975586
6.171647071838379
5.904196262359619
5.8333845138549805
6.947328090667725
7.073946952819824
6.288534164428711
6.401795864105225
7.3922119140625
7.572951316833496
5.362104892730713
5.954411029815674
6.499943733215332
7.837294101715088
6.515232086181641
7.5574631690979
7.805478096008301
8.403948783874512
6.609716892242432
7.496923923492432
6.4063239097595215
7.282855033874512
6.153997898101807
6.884406566619873
7.113638877868652
7.00255823135376
6.146717071533203
6.05865478515625
7.756890773773193
8.544783592224121
6.805139064788818
7.855177402496338
7.426848411560059
7.466538906097412
6.507771015167236
6.936332702636719
6.465072154998779
7.523307800292969
6.305665016174316
6.966832160949707
6.667079925537109
7.980715751647949
6.254475116729736
7.49971866607666
7.174798011779785
7.437098026275635
6.016554355621338
6.445082187652588
7.522214412689209
7.828861236572266
5.8702216148376465
6.317155361175537
7.125888824462891
7.781443119049072
6.110287189483643
6.464965343475342
6.502048969268799
6.5892486572265625
6.4621405601501465
6.578057289123535
5.700463771820068
6.90443229675293
6.15237283706665
7.366535186767578
7.9560699462890625
7.813011169433594
7.241410255432129
7.218560695648193
6.849220275878906
8.002052307128906
6.1451311111450195
7.335986614227295
6.462602138519287
7.3272199630737305
5.796672821044922
6.66675329208374
6.23706579208374
7.7303009033203125
6.176928520202637
7.332543849945068
7.673177242279053
8.089818000793457
6.522599220275879
7.423556804656982
6.215787887573242
6.858607769012451
5.786969184875488
6.584921360015869
7.552041053771973
7.518458843231201
6.87061071395874
7.087723731994629
7.136688232421875
8.357047080993652
7.215682506561279
8.415422439575195
6.923689365386963
7.859199523925781
6.052365303039551
6.711761474609375
6.906230926513672
8.490100860595703
6.338080883026123
7.09528112411499
7.746135234832764
7.847128391265869
6.878669261932373
7.131099224090576
7.200046062469482
7.504745006561279
5.841089725494385
6.56917142868042
7.24176025390625
7.474082946777344
7.2615790367126465
7.6693878173828125
6.960762023925781
8.427947998046875
6.446569919586182
7.398242473602295
5.442718505859375
6.386878490447998
5.8313889503479
6.8202223777771
6.627134799957275
7.685703277587891
6.126139163970947
7.090237617492676
7.124975204467773
6.921936988830566
6.578861713409424
6.482086181640625
6.741836071014404
7.148948669433594
5.9919586181640625
6.58950662612915
6.5684919357299805
7.215064525604248
6.690463066101074
7.347654342651367
5.760328769683838
6.320149898529053
5.592311382293701
6.2712249755859375
7.5387091636657715
8.046669006347656
6.629239082336426
6.9731059074401855
8.099690437316895
8.583479881286621
6.167963981628418
7.14874267578125
7.149380683898926
8.544937133789062
6.082834720611572
7.375709533691406
5.5586113929748535
6.270214080810547
6.05123233795166
7.100258827209473
7.191318511962891
8.120346069335938
5.961259365081787
7.033102512359619
6.6356658935546875
6.573803424835205
5.844640731811523
5.880012035369873
6.570930004119873
7.081719875335693
6.055216312408447
6.557491302490234
6.442816257476807
7.742230415344238
7.284934997558594
8.221835136413574
6.851490497589111
7.66289758682251
6.222744464874268
7.012801170349121
7.039441108703613
7.489358425140381
7.048526763916016
6.935723781585693
6.903136253356934
6.734874725341797
6.414844989776611
6.403847694396973
8.647607803344727
8.510123252868652
6.7393622398376465
6.585511684417725
6.984555244445801
7.974967956542969
6.557278633117676
7.423484802246094
6.158280849456787
6.949643611907959
5.6314697265625
6.778888702392578
6.840949535369873
6.754891872406006
6.296287536621094
6.379599094390869
7.146961212158203
8.284753799438477
5.754209995269775
6.868661403656006
6.187381267547607
7.6859307289123535
6.019014835357666
7.16347074508667
7.097653388977051
8.780927658081055
6.809683322906494
7.596966743469238
6.766753196716309
7.3792948722839355
6.079214572906494
7.019118309020996
7.989668369293213
8.228713035583496
5.789620399475098
6.374292850494385
7.214023590087891
7.473026752471924
6.873140811920166
7.353176116943359
6.557243347167969
7.025477886199951
5.837948322296143
6.3321685791015625
7.088807582855225
8.657904624938965
6.401156902313232
7.6051154136657715
6.47543478012085
7.3307037353515625
5.9246134757995605
6.937248229980469
6.162320613861084
7.1689958572387695
6.438686370849609
7.375807285308838
7.421283721923828
7.771017551422119
6.303221225738525
6.674421787261963
7.084487438201904
8.4784517288208
6.260178565979004
7.356967449188232
7.419703006744385
7.670351505279541
6.972836494445801
7.311702728271484
6.872801303863525
7.594110012054443
6.645059108734131
7.460544109344482
7.3324103355407715
7.184011459350586
6.029427528381348
6.193119049072266
7.301123142242432
7.99196195602417
7.651092529296875
7.980154514312744
7.2605485916137695
8.128371238708496
6.567391872406006
7.459217071533203
6.634462833404541
6.872984886169434
5.462850570678711
6.079502105712891
7.391320705413818
7.791913032531738
6.347681522369385
6.591015815734863
7.173065185546875
7.432005882263184
6.537230014801025
7.069472789764404
7.578238010406494
8.879878044128418
7.235664367675781
8.249762535095215
8.167832374572754
8.496432304382324
6.642346382141113
7.2174072265625
6.127024173736572
7.5596771240234375
6.5229692459106445
7.4679999351501465
7.035227298736572
8.682333946228027
6.458721160888672
7.403592109680176
8.617901802062988
8.908526420593262
7.382129192352295
7.809140205383301
6.274001598358154
7.494739532470703
5.994367599487305
7.1015238761901855
7.033304691314697
7.34240198135376
7.1831207275390625
7.549920082092285
7.497673034667969
8.452753067016602
6.742330074310303
7.740228176116943
6.986311435699463
7.292571544647217
6.3705902099609375
6.808253765106201
6.221826076507568
7.576833724975586
6.060741424560547
7.280553817749023
7.2921857833862305
7.483823776245117
6.725513935089111
7.007630825042725
7.560481071472168
7.679114818572998
6.422062397003174
6.5198822021484375
6.7740983963012695
7.832894325256348
6.081932067871094
6.92193603515625
7.592207431793213
7.605529308319092
6.328526973724365
6.596657752990723
6.444829940795898
6.800821781158447
6.136683464050293
6.57758903503418
6.810502052307129
7.534908294677734
6.736331462860107
7.477475643157959
6.8468194007873535
7.296426296234131
6.3447184562683105
7.3446502685546875
6.261019229888916
6.736081123352051
6.5221686363220215
7.003157615661621
6.4115753173828125
6.90047550201416
7.380136966705322
8.028526306152344
5.983989238739014
7.030549049377441
7.733134746551514
9.223044395446777
6.92788028717041
7.741062164306641
6.807031154632568
8.003844261169434
6.305105686187744
7.286736965179443
7.998437404632568
8.359016418457031
6.880082607269287
7.082130432128906
8.182060241699219
8.291728019714355
7.359612941741943
7.854846477508545
7.539048671722412
8.055904388427734
6.4772047996521
7.076033592224121
6.5755133628845215
6.945285797119141
6.2761664390563965
6.869762420654297
6.288981914520264
7.6290435791015625
6.104287147521973
6.808933258056641
7.426859378814697
7.242587566375732
6.3693108558654785
6.437629222869873
6.701008319854736
7.108579158782959
6.336110591888428
6.762694358825684
6.786931991577148
7.140224456787109
6.391976356506348
6.785722255706787
7.199756622314453
7.812577724456787
5.904290676116943
6.567652225494385
6.666629314422607
7.640247344970703
6.665499210357666
7.579789638519287
8.113767623901367
8.110526084899902
6.792184352874756
7.0616984367370605
6.4752020835876465
7.423628330230713
6.608142375946045
7.404736518859863
6.647445201873779
6.8967814445495605
6.015056610107422
6.520376205444336
6.785015106201172
6.811061382293701
6.890178203582764
7.348765850067139
6.805750370025635
7.371423244476318
5.751428127288818
6.0769572257995605
6.886918544769287
7.918083190917969
6.211560249328613
7.263631343841553
6.444740295410156
7.475071430206299
5.934942722320557
7.516473293304443
5.973763942718506
7.560890197753906
6.2562360763549805
7.355389595031738
6.377777099609375
7.082164764404297
6.307135105133057
7.284694194793701
6.876659393310547
7.6697492599487305
5.582934856414795
6.270885467529297
6.926039218902588
7.31622314453125
6.2895331382751465
6.715695858001709
8.193648338317871
8.574946403503418
6.866095066070557
7.47755765914917
6.894489765167236
7.583163261413574
6.688131332397461
7.268013954162598
6.976914882659912
7.155716896057129
6.781947612762451
6.938317775726318
7.280128479003906
7.665584087371826
6.136262893676758
6.692630290985107
5.836037635803223
6.265464782714844
5.778769016265869
6.225446701049805
7.018255710601807
8.281399726867676
6.517749309539795
7.430878639221191
6.835137367248535
7.136022567749023
6.1197075843811035
6.5895233154296875
7.752360820770264
7.603908061981201
6.950787544250488
7.496255397796631
7.347161769866943
7.485929012298584
6.2643961906433105
6.649519920349121
7.249288082122803
7.740483283996582
6.319543361663818
7.229313850402832
6.6104607582092285
7.972654819488525
6.171936988830566
7.225978851318359
5.563464641571045
6.841571807861328
5.786599159240723
7.040016174316406
7.172773838043213
8.34496784210205
6.092235088348389
7.066689491271973
6.920684337615967
7.5007829666137695
6.0798187255859375
6.918019771575928
6.8748979568481445
7.148547649383545
6.260095119476318
6.791666507720947
6.554937362670898
7.348116874694824
6.303150653839111
7.089873313903809
7.726475238800049
7.6284661293029785
6.211863040924072
6.257578372955322
6.793220043182373
7.082763671875
6.666509628295898
6.796295166015625
7.264408111572266
8.539116859436035
6.138394355773926
7.256129741668701
7.195439338684082
7.60054349899292
6.746453285217285
7.130550384521484
7.838283061981201
8.198515892028809
6.296329021453857
7.373294353485107
6.285087585449219
6.300327301025391
6.416479587554932
6.4436469078063965
6.747725009918213
7.512593746185303
5.875215530395508
6.526608943939209
8.165940284729004
8.83509349822998
6.9909186363220215
7.774136543273926
6.850045680999756
7.754146099090576
6.421722412109375
7.462595462799072
7.54259729385376
8.498580932617188
6.619997501373291
7.646308898925781
7.147083282470703
8.477263450622559
6.075486660003662
7.511595249176025
7.056355953216553
7.304142475128174
6.69972038269043
7.024883270263672
6.307735443115234
7.592507362365723
5.79265022277832
7.24114465713501
6.106200695037842
6.847680568695068
7.055828094482422
7.328259468078613
7.093430519104004
7.24649715423584
6.292191505432129
6.62619686126709
7.179580211639404
7.595129013061523
6.763134956359863
7.737966060638428
6.823548793792725
7.573677062988281
6.869954586029053
7.506672382354736
6.224698543548584
6.0412750244140625
7.33300256729126
7.611745834350586
6.6898322105407715
7.071294784545898
6.980193138122559
7.261592864990234
5.609818935394287
6.038398265838623
7.709869384765625
8.662409782409668
6.213840961456299
7.113974094390869
6.525383949279785
6.778482913970947
5.651899814605713
6.9260172843933105
6.989902973175049
8.22027587890625
5.863101005554199
7.151448726654053
6.618290424346924
7.053790092468262
5.9029669761657715
6.681238651275635
6.941548824310303
7.974006175994873
6.715853214263916
7.462258338928223
7.389588356018066
8.484077453613281
6.697142124176025
7.843905925750732
6.2437944412231445
8.114851951599121
6.5649542808532715
7.881791591644287
5.716263294219971
6.8639349937438965
5.931194305419922
7.1040472984313965
6.599126815795898
7.34611177444458
5.706520080566406
6.5597028732299805
6.385568141937256
7.8032989501953125
5.802138805389404
6.566397190093994
7.296562194824219
7.3653717041015625
6.4282426834106445
6.799230098724365
7.950024604797363
8.42800235748291
7.481701850891113
7.89447021484375
6.63067626953125
8.088210105895996
6.636305332183838
7.551646709442139
6.00665283203125
6.53480339050293
6.191880702972412
6.777604579925537
7.292236328125
8.413966178894043
6.493297576904297
7.223532199859619
7.309576511383057
7.717523097991943
6.714918613433838
7.5219621658325195
7.303106307983398
7.238333702087402
6.753333568572998
6.709695339202881
7.236854553222656
7.523700714111328
6.012946605682373
6.571092128753662
6.896633148193359
7.106238842010498
7.41353702545166
7.339414119720459
7.217095851898193
8.287535667419434
6.5502028465271
7.967352390289307
6.552366733551025
7.171329021453857
6.566478252410889
6.865713596343994
7.639781475067139
8.701886177062988
6.965673923492432
7.789361476898193
7.711760520935059
7.878841400146484
6.68560266494751
6.781419277191162
6.980557918548584
7.4076972007751465
7.1755523681640625
7.817225933074951
5.82705545425415
7.043011665344238
5.86902379989624
7.187104225158691
5.395310878753662
6.573646068572998
6.045559883117676
6.796383857727051
6.436277866363525
6.991119384765625
7.417090892791748
7.788074970245361
6.962370872497559
7.447031497955322
6.9430251121521
7.980252742767334
7.566849708557129
7.7804131507873535
5.81125545501709
6.6063151359558105
6.608079433441162
6.807864189147949
5.331793308258057
6.72114372253418
7.098977565765381
7.5847673416137695
6.667227268218994
7.714999675750732
6.858625411987305
7.261824607849121
6.107453346252441
6.746174335479736
5.68333625793457
6.116868495941162
5.904994964599609
6.622042655944824
7.780581951141357
7.893975257873535
6.669480800628662
7.234375
8.1665678024292
8.531476020812988
5.80519437789917
6.260038375854492
6.858348369598389
8.184062004089355
6.913485527038574
6.81702184677124
5.900789737701416
6.1137542724609375
7.871175289154053
8.360932350158691
6.004188537597656
6.9881272315979
6.388814926147461
7.046462059020996
5.9914679527282715
6.6146674156188965
7.159757137298584
6.9634904861450195
6.764407634735107
6.918281555175781
7.231300354003906
7.546699523925781
5.977761745452881
6.517018795013428
6.965002536773682
8.7755765914917
6.389665126800537
8.104450225830078
6.838802814483643
6.695491790771484
6.628422737121582
7.606330871582031
6.460635662078857
7.48775053024292
6.471707820892334
7.249173641204834
7.137231349945068
7.711885929107666
6.017348766326904
7.0370073318481445
6.887856483459473
7.8833136558532715
6.86016845703125
7.537611484527588
6.411999702453613
7.219144344329834
6.1145172119140625
6.817962169647217
7.400575160980225
8.233217239379883
6.6310648918151855
7.444746017456055
6.745800018310547
6.963967323303223
6.043005466461182
6.5597028732299805
7.681331634521484
7.659245014190674
7.125150680541992
7.113940238952637
7.161832332611084
7.800631999969482
6.834901332855225
7.808289527893066
7.679986000061035
8.236372947692871
7.242265224456787
8.189408302307129
6.333855628967285
6.729121208190918
6.188042640686035
7.434727191925049
6.0585246086120605
7.336850643157959
6.688647747039795
7.573085784912109
6.505086421966553
7.118279933929443
7.408935070037842
7.665491580963135
6.087782382965088
6.378016471862793
7.555185794830322
8.017122268676758
6.6158905029296875
7.242011547088623
6.9735026359558105
7.956573486328125
5.978109836578369
6.815545082092285
6.305173397064209
6.629611492156982
6.990414619445801
7.031352519989014
7.07009744644165
7.982865333557129
6.282016754150391
7.1817474365234375
7.829622745513916
7.796933650970459
7.31945276260376
7.441111087799072
7.000614166259766
6.829989910125732
6.2896504402160645
6.439270973205566
6.881718635559082
8.627685546875
6.344442367553711
7.356222629547119
6.907508850097656
7.3433732986450195
6.383502960205078
6.9405741691589355
6.975156307220459
7.892765522003174
6.782817363739014
7.658768653869629
6.935766696929932
7.740228176116943
7.573497295379639
7.495021343231201
6.558233737945557
6.61801290512085
6.563971519470215
7.2710280418396
6.334306240081787
7.132739067077637
5.812849044799805
6.2557806968688965
5.615227699279785
6.134073734283447
7.431386470794678
7.461307048797607
6.711987495422363
7.356342315673828
8.143904685974121
8.040484428405762
6.629479885101318
7.167302131652832
6.79733419418335
7.487231731414795
5.649669647216797
6.339993476867676
7.519265174865723
8.030653953552246
6.326174259185791
6.6403021812438965
6.660071849822998
6.89346981048584
5.7596001625061035
6.249225616455078
5.966062545776367
7.334742069244385
6.424749374389648
7.384160995483398
7.626918792724609
7.510261058807373
6.037630558013916
6.1999945640563965
7.029590129852295
8.163712501525879
7.3415069580078125
8.375198364257812
6.041257381439209
6.47777795791626
6.372512340545654
6.8307013511657715
6.563720703125
6.7747344970703125
5.734487056732178
6.236422538757324
6.562346458435059
6.977981090545654
6.369136810302734
6.882828712463379
7.44856595993042
8.020903587341309
5.932476043701172
6.813175201416016
7.4688615798950195
8.216811180114746
6.852024078369141
7.807260990142822
7.352598667144775
8.621681213378906
6.370419502258301
7.22883939743042
6.7220940589904785
7.179900646209717
5.952848434448242
6.803009033203125
7.704562664031982
8.071139335632324
6.803479194641113
7.213496685028076
6.82504415512085
7.075629234313965
6.511467933654785
6.862085819244385
6.580506801605225
7.131824970245361
6.962130546569824
7.348307132720947
6.58935022354126
8.001729965209961
6.45166015625
7.715456962585449
6.199552059173584
6.440255165100098
5.589814186096191
6.1659255027771
5.7961626052856445
6.6490302085876465
6.4488043785095215
7.086307525634766
7.618972301483154
9.007716178894043
6.59161376953125
7.789470672607422
7.422874450683594
7.704341411590576
5.875107765197754
6.664363861083984
6.602237224578857
7.467587471008301
6.140755653381348
6.70501184463501
6.802364349365234
7.550418376922607
6.644969940185547
7.388754367828369
6.540518283843994
7.532511234283447
6.153529167175293
7.084423065185547
5.951481342315674
7.097845077514648
5.844698905944824
7.2448225021362305
6.442460536956787
7.2129807472229
5.900021553039551
6.5344743728637695
6.608745574951172
7.695225715637207
6.385578155517578
7.416290283203125
8.23566722869873
8.32343578338623
7.216172218322754
6.976529121398926
6.757688045501709
7.02999210357666
6.544434547424316
6.736030578613281
6.5187087059021
7.401357650756836
6.3083319664001465
6.8079962730407715
5.8910112380981445
7.177160739898682
6.389970302581787
7.66547155380249
6.888864040374756
7.354668617248535
6.018970966339111
6.547723293304443
6.734663963317871
7.207873344421387
5.404797554016113
6.362669467926025
6.797756195068359
7.328936576843262
7.168700695037842
7.626359462738037
7.049045085906982
8.698931694030762
7.158858776092529
8.124768257141113
6.267518043518066
7.453373908996582
6.835207939147949
7.176287651062012
5.81085205078125
6.354452133178711
5.649595737457275
6.256378173828125
6.296481609344482
7.247776985168457
5.835008144378662
7.058742046356201
7.312236785888672
7.799543857574463
6.592810153961182
7.0230231285095215
6.3326568603515625
7.184879779815674
5.791625499725342
7.239283561706543
5.673861026763916
7.0439066886901855
6.393396854400635
6.622812747955322
6.200955867767334
6.227006435394287
6.988986968994141
7.225491046905518
6.146246433258057
6.550271034240723
6.1601738929748535
7.609822750091553
5.9659881591796875
7.4467573165893555
6.950676918029785
7.350727081298828
6.7438883781433105
7.080048561096191
5.870213985443115
7.595870018005371
5.6891303062438965
7.173532962799072
5.6868577003479
6.924068450927734
5.949613094329834
7.344974994659424
6.867210388183594
8.100967407226562
6.161168098449707
7.070191860198975
7.259693622589111
8.427011489868164
6.279494762420654
7.0586724281311035
6.922540187835693
7.434327602386475
5.752866268157959
6.360505104064941
6.250715255737305
7.307795524597168
5.975960731506348
7.036937713623047
7.890620708465576
8.330328941345215
6.413279056549072
6.7131805419921875
6.93422269821167
7.540536403656006
6.020034313201904
6.650238990783691
6.740818977355957
7.553051948547363
6.093466758728027
6.89009428024292
6.395602226257324
6.91455078125
5.975261211395264
6.47210693359375
6.7933878898620605
8.26282024383545
8.4684476852417
8.69783878326416
7.038519382476807
7.2043137550354
7.230997562408447
7.062902450561523
5.868462562561035
6.082324028015137
7.771381378173828
7.879508972167969
7.435733318328857
7.837700843811035
6.381739616394043
7.362560272216797
6.6105804443359375
7.198220252990723
6.486997604370117
6.99288272857666
5.4114203453063965
5.9859747886657715
6.142897129058838
7.3043389320373535
6.439390182495117
7.6867194175720215
5.317874908447266
6.805760860443115
6.499855995178223
7.560214042663574
6.403664588928223
7.141274452209473
6.904987335205078
7.517822265625
6.541165351867676
7.3643693923950195
6.563812255859375
7.214518070220947
5.884822845458984
6.824387550354004
7.485910892486572
7.678323268890381
8.068172454833984
8.549304008483887
6.814937114715576
8.203124046325684
6.632279872894287
7.213062286376953
5.491954803466797
6.224567890167236
7.103153705596924
7.695319175720215
5.880697250366211
6.902257442474365
7.304990291595459
8.410778999328613
6.437156677246094
7.192715644836426
6.611978054046631
7.071468353271484
6.8324785232543945
7.927609443664551
6.493095397949219
7.244884490966797
7.176028728485107
7.577636241912842
5.975064277648926
6.743663311004639
6.437986850738525
6.8548150062561035
5.665388584136963
6.195632457733154
6.150008678436279
7.2641425132751465
6.164318084716797
7.010220527648926
6.8614091873168945
7.678840637207031
6.593150615692139
7.6862711906433105
7.072381496429443
7.5800371170043945
6.157063007354736
7.0985941886901855
6.787542343139648
7.570744037628174
5.829329013824463
6.517937660217285
6.432871341705322
6.932320594787598
6.6077728271484375
6.7934088706970215
7.242781639099121
7.485537052154541
6.620951175689697
7.483891010284424
6.774056434631348
7.73424768447876
6.988549709320068
7.81464147567749
6.202940464019775
6.781822204589844
5.349248886108398
6.709235668182373
6.0141215324401855
6.927314281463623
7.135720252990723
7.675304412841797
6.32618522644043
7.31514310836792
6.539642333984375
7.829682350158691
5.629659175872803
7.114190578460693
7.429080963134766
7.509617328643799
6.643374443054199
6.993993282318115
7.583889961242676
8.965466499328613
6.247409343719482
7.574215888977051
7.919274806976318
8.015400886535645
7.201531887054443
7.598915100097656
7.627281188964844
7.675164699554443
7.4812541007995605
7.685986518859863
6.9926605224609375
7.538818359375
6.034848690032959
6.715276718139648
6.67669677734375
7.164125919342041
6.680884838104248
7.055124759674072
8.213021278381348
8.071925163269043
7.670806407928467
7.648265838623047
6.6956281661987305
7.60805606842041
5.83404541015625
6.737700939178467
6.367763519287109
6.813438415527344
6.016932487487793
6.307886600494385
6.42910099029541
6.8467864990234375
6.105793476104736
6.343723297119141
7.218968868255615
8.36499309539795
6.081000804901123
7.113796234130859
5.862679958343506
6.511760234832764
5.645151615142822
6.6063151359558105
5.1745476722717285
7.202495098114014
6.213494777679443
7.620002746582031
6.517185688018799
6.624508380889893
6.179917812347412
6.572090148925781
7.197180271148682
7.356072902679443
7.337751865386963
7.328912258148193
6.643243312835693
7.938930034637451
6.944461822509766
7.868007659912109
7.185723781585693
7.705303192138672
8.059305191040039
8.453609466552734
6.754390716552734
7.408595085144043
6.030044078826904
6.574346542358398
7.403132915496826
7.3090972900390625
7.138576507568359
7.1694769859313965
7.09255838394165
7.744584560394287
6.824775695800781
7.766446590423584
6.736660957336426
7.273085117340088
6.401228427886963
6.877499580383301
7.328902244567871
7.893011093139648
5.760655879974365
6.609311580657959
8.064867973327637
8.05704402923584
6.791164398193359
6.782293796539307
6.704155921936035
7.575504779815674
6.565986156463623
7.298380374908447
6.727107048034668
7.51399040222168
5.823016166687012
6.913845062255859
7.4676103591918945
7.8516998291015625
5.950431823730469
6.4221343994140625
6.916773319244385
7.586961269378662
5.676177024841309
6.965733051300049
6.492486476898193
6.971177577972412
6.0882134437561035
6.696692943572998
6.323183536529541
7.102375030517578
6.626803398132324
6.680460453033447
6.723479270935059
8.150710105895996
6.127935409545898
7.250874996185303
6.650937557220459
6.83295202255249
6.295884609222412
6.498542308807373
6.667078495025635
8.018630027770996
7.156197547912598
7.496343612670898
5.732930660247803
6.469044208526611
5.911274433135986
7.005823612213135
6.923484802246094
7.0333170890808105
6.482563018798828
6.510548114776611
7.092733860015869
7.9254913330078125
6.983043193817139
7.476101875305176
7.453564643859863
8.484150886535645
5.966132640838623
6.686716556549072
6.558139801025391
8.074525833129883
6.08502721786499
6.408558368682861
6.2691497802734375
6.945643424987793
6.228823661804199
6.678274154663086
6.592469215393066
7.630669593811035
6.158538341522217
7.186875820159912
7.217001438140869
8.4551362991333
6.376142978668213
7.375358581542969
7.0927348136901855
7.680542945861816
6.62416410446167
6.817843914031982
7.7423930168151855
7.809356689453125
7.3480143547058105
7.473511695861816
6.236548900604248
7.173969745635986
6.089694023132324
6.856873989105225
5.829123020172119
6.565430641174316
5.5068206787109375
6.366466999053955
7.330316066741943
7.855016231536865
8.349149703979492
8.609771728515625
6.8442840576171875
8.273712158203125
7.2405266761779785
7.9606475830078125
6.508893966674805
7.6163330078125
5.850789546966553
7.057369232177734
6.93557071685791
7.080306053161621
6.43161153793335
6.778423309326172
6.093360900878906
7.061967372894287
6.128889560699463
6.360707759857178
6.347111225128174
7.271056175231934
5.626124858856201
6.6390299797058105
7.103392124176025
7.700843811035156
7.093397617340088
7.565644264221191
6.777123928070068
7.142890453338623
5.9829583168029785
6.628640651702881
6.350006103515625
6.226992130279541
6.650927543640137
6.881933212280273
6.744536876678467
7.306163311004639
6.03695011138916
6.992812633514404
6.711933612823486
7.177426815032959
5.802324295043945
6.271276473999023
6.392221927642822
7.508586883544922
5.825898170471191
6.39831018447876
7.493139266967773
7.77731466293335
7.063793659210205
7.222379207611084
7.850798606872559
8.045021057128906
6.3987579345703125
6.638195037841797
6.9142045974731445
7.328108310699463
5.981926918029785
7.174420356750488
7.440589904785156
7.860042095184326
6.8464274406433105
7.591413974761963
6.740664005279541
7.4713897705078125
6.682652473449707
7.270738124847412
7.072288513183594
7.518975734710693
6.227128505706787
7.363797664642334
7.039680004119873
7.526645183563232
6.350870609283447
6.820237159729004
6.001977443695068
8.154437065124512
6.1206865310668945
7.340188503265381
5.789196968078613
6.838694095611572
5.485284805297852
6.636866092681885
6.155296325683594
7.154042720794678
6.181458950042725
6.950160980224609
6.148457050323486
7.193975448608398
6.029283046722412
7.030916690826416
6.713900089263916
7.559668064117432
6.865370273590088
7.663640022277832
6.55741548538208
7.2829999923706055
6.229737758636475
6.931621551513672
6.792447566986084
7.8805084228515625
6.582637310028076
7.647561550140381
6.901701927185059
7.49798583984375
5.995565414428711
6.894274711608887
6.244785308837891
6.753163814544678
6.816679000854492
7.014498710632324
6.788209438323975
7.309112548828125
6.778129577636719
7.476602077484131
7.499011039733887
7.665494441986084
6.145118713378906
6.577535629272461
8.18447494506836
8.3961763381958
7.804053783416748
7.605666160583496
6.408163547515869
7.356909275054932
8.009665489196777
7.984438419342041
6.724917888641357
7.19459867477417
6.772939682006836
7.766852855682373
5.905698776245117
6.224955081939697
7.984253883361816
8.204069137573242
6.228133678436279
6.617745876312256
6.9992475509643555
7.006856918334961
6.011714935302734
5.8334808349609375
7.578531742095947
7.4578375816345215
6.704315185546875
6.587606430053711
7.119328022003174
7.683372497558594
6.7286834716796875
7.295342922210693
6.242149829864502
6.520215034484863
6.435072422027588
6.8882598876953125
6.9864091873168945
8.542387962341309
6.292337894439697
7.918239116668701
6.2885918617248535
6.603247165679932
7.637635231018066
7.487381935119629
6.599767208099365
7.140800476074219
7.713418006896973
7.646096706390381
6.610561370849609
7.540775299072266
6.139003753662109
7.110908508300781
6.982021331787109
7.233275413513184
6.2481842041015625
6.640223026275635
7.571658611297607
8.125493049621582
6.134661674499512
7.034329414367676
7.660035610198975
9.023489952087402
6.252243995666504
7.3401994705200195
6.525765419006348
7.202118873596191
6.143311977386475
6.805937767028809
7.64602518081665
8.083847045898438
7.508242130279541
7.914079189300537
7.80213737487793
8.064064025878906
6.839443683624268
7.196441650390625
6.975262641906738
7.3913254737854
5.371705532073975
5.79123067855835
7.416180610656738
7.6936235427856445
6.375235557556152
6.925294399261475
7.1466240882873535
6.952642917633057
7.004142761230469
7.240421295166016
6.6637187004089355
7.007360458374023
6.381771087646484
6.83468770980835
7.999444007873535
8.51377010345459
5.8042097091674805
6.542250156402588
7.792786598205566
7.639059066772461
7.252974510192871
7.378745079040527
7.179736137390137
7.036223888397217
7.417542934417725
7.168148040771484
6.772876739501953
8.564444541931152
6.822963714599609
8.2286376953125
7.902454376220703
7.8272705078125
7.298169136047363
7.242187023162842
5.822611331939697
6.982588768005371
5.96040153503418
7.384679794311523
7.052145481109619
7.537774562835693
6.3865227699279785
7.283624172210693
7.026363372802734
7.330355644226074
6.3809943199157715
6.9661173820495605
6.051231384277344
6.943770408630371
6.790997505187988
7.421372890472412
5.883243083953857
6.615113258361816
6.242246627807617
6.953235626220703
6.21279239654541
7.010335922241211
7.876315593719482
8.693704605102539
6.815268039703369
7.849055767059326
6.773997783660889
7.240198612213135
6.0609588623046875
6.495941162109375
7.679439067840576
8.222548484802246
6.75386381149292
7.61836576461792
6.800279140472412
7.464513778686523
5.296666622161865
5.9440836906433105
7.973124980926514
8.324623107910156
6.049325942993164
6.586370944976807
6.4106574058532715
6.652389049530029
6.776619911193848
6.986568450927734
6.048966884613037
7.44422721862793
6.438831329345703
6.933513164520264
6.73538875579834
7.346208095550537
6.4141364097595215
7.176365375518799
6.372456073760986
6.6787638664245605
6.655115604400635
7.03942346572876
6.946720600128174
7.5221686363220215
5.841202735900879
6.549193382263184
7.440347194671631
7.973303318023682
7.399974346160889
8.065093994140625
6.264747142791748
6.867348670959473
5.611806869506836
6.741077899932861
7.07034158706665
7.855130195617676
6.1167521476745605
6.582039833068848
7.160241603851318
8.629298210144043
7.174559116363525
8.148064613342285
7.384829521179199
7.336118221282959
6.259365081787109
6.589591979980469
6.599244594573975
7.092864036560059
6.023717403411865
6.3122382164001465
6.446938514709473
7.5324249267578125
6.089115619659424
7.48266077041626
8.119536399841309
8.79502010345459
6.269535064697266
6.878533840179443
7.0875091552734375
7.572505474090576
5.792389869689941
6.235371112823486
5.8514485359191895
7.332794189453125
7.6248779296875
8.0203857421875
7.045472621917725
7.439373016357422
6.198751926422119
7.605424404144287
6.540574073791504
7.046894550323486
7.437196254730225
8.273333549499512
6.325711250305176
7.6863017082214355
5.852427005767822
7.6831865310668945
7.4796037673950195
8.042680740356445
7.635356426239014
8.188272476196289
6.5848283767700195
7.558747291564941
7.358607769012451
7.788781642913818
5.591821193695068
6.217825412750244
5.924143314361572
6.733206748962402
6.1573100090026855
6.9027018547058105
6.5780510902404785
6.773388385772705
5.849706649780273
5.9607768058776855
6.262998580932617
6.554958343505859
6.3928046226501465
6.653164386749268
6.379675388336182
7.3901190757751465
5.8737335205078125
6.909298896789551
7.203280448913574
7.46500301361084
6.365627765655518
6.626017093658447
7.397735595703125
8.55739688873291
6.4026780128479
7.38081693649292
6.6755852699279785
7.9763503074646
6.002943515777588
7.365148544311523
6.928106784820557
8.105450630187988
6.269046783447266
7.243995666503906
6.451924800872803
7.2810378074646
6.4197998046875
7.335601806640625
6.435189723968506
6.765371322631836
5.574588775634766
6.163045883178711
6.985223293304443
7.334476947784424
5.898884296417236
6.3830084800720215
6.628730773925781
8.03707504272461
6.274989128112793
7.56891393661499
7.298527717590332
7.0636444091796875
6.906027317047119
6.973479747772217
7.243804931640625
8.2102689743042
7.1942315101623535
8.045378684997559
7.913230895996094
8.260457038879395
6.287588596343994
6.796234130859375
8.283231735229492
8.488088607788086
7.026116371154785
6.979039669036865
7.034909725189209
7.840912818908691
6.816870212554932
7.747901439666748
6.236867904663086
6.871287822723389
6.731170654296875
7.211068153381348
5.538222789764404
6.553916931152344
6.208194732666016
6.92514181137085
8.189723014831543
8.36799430847168
6.273482799530029
6.886078834533691
6.949219703674316
7.697918891906738
6.665884494781494
7.530141353607178
6.560489177703857
7.711058139801025
6.796304225921631
7.012764930725098
6.387905597686768
6.6801371574401855
6.042500972747803
7.561061859130859
5.608312129974365
6.985568046569824
7.3129401206970215
8.43665599822998
6.522058963775635
7.560911655426025
7.076348781585693
8.303435325622559
6.6153459548950195
7.101864814758301
5.893721103668213
7.093914031982422
5.557832717895508
6.406176567077637
7.020113945007324
7.982378959655762
5.6055755615234375
6.406176567077637
7.647200107574463
8.947630882263184
6.228663444519043
7.39220666885376
6.769580364227295
8.548121452331543
6.359643459320068
6.74658203125
5.7801032066345215
6.6579508781433105
5.720648765563965
6.5724897384643555
7.2548041343688965
7.740008354187012
6.820879936218262
7.370289325714111
6.460526943206787
7.891756534576416
7.313820838928223
7.565334320068359
6.9517693519592285
7.3527984619140625
6.874684810638428
6.7932257652282715
6.23644495010376
6.5684309005737305
7.215062141418457
7.990603923797607
6.6676025390625
7.655818462371826
6.36486291885376
6.9651618003845215
6.609557628631592
7.034329414367676
6.247927188873291
7.048940181732178
7.273518085479736
7.1722731590271
6.262989044189453
6.24822473526001
6.5357279777526855
6.475808620452881
6.17348575592041
6.247603893280029
7.5866379737854
9.028376579284668
6.3404541015625
7.503718852996826
7.556800365447998
7.962512493133545
7.018421173095703
7.5848388671875
6.775752544403076
7.991156101226807
6.548009395599365
7.831035614013672
6.954660892486572
8.556764602661133
6.1474199295043945
7.649450778961182
6.8110504150390625
7.319021224975586
5.8148603439331055
6.271014213562012
5.9788665771484375
6.897217750549316
6.181131839752197
6.9710540771484375
6.303686618804932
7.085456371307373
6.195495128631592
7.029994964599609
7.260054111480713
8.396014213562012
6.248128414154053
7.381797790527344
7.721802711486816
8.17895793914795
6.5938897132873535
7.283401012420654
6.854447841644287
7.8608598709106445
6.187720775604248
6.8870530128479
7.913743495941162
8.257125854492188
6.782257080078125
7.325366497039795
8.076384544372559
7.956099033355713
6.351016521453857
6.208723545074463
6.479870319366455
7.474372386932373
7.469988822937012
7.860795497894287
6.472018241882324
6.8817267417907715
6.786376953125
7.487438201904297
5.770932674407959
6.820042610168457
6.33056640625
7.028144359588623
6.212700843811035
6.669602870941162
6.922950744628906
7.125124454498291
6.451464653015137
6.4225311279296875
7.102658271789551
8.674140930175781
6.423203945159912
7.2774553298950195
6.340149879455566
7.701751708984375
6.325752258300781
7.327200412750244
6.145089626312256
6.696051120758057
6.720108985900879
7.113495826721191
7.271348476409912
8.101692199707031
6.18332052230835
6.750749111175537
5.817420482635498
7.488503932952881
5.720485210418701
7.112036228179932
7.713836669921875
7.734112739562988
7.404905796051025
7.680091857910156
6.3888373374938965
7.400240898132324
5.933746337890625
6.761723041534424
6.617845058441162
7.179007053375244
6.296375274658203
7.1769537925720215
6.837986946105957
8.514331817626953
6.32431173324585
7.216461181640625
6.183250427246094
7.603046417236328
6.496110439300537
7.092095375061035
6.615421772003174
7.3275065422058105
5.7674665451049805
6.565252304077148
6.1881537437438965
7.149878978729248
5.122581481933594
6.522071838378906
6.555078983306885
8.11166763305664
6.402114391326904
7.218625068664551
6.81859827041626
7.475103378295898
6.00673770904541
6.706974506378174
6.134413242340088
7.454611778259277
6.209601879119873
7.3792948722839355
7.672338962554932
7.713685512542725
6.878123760223389
7.067563056945801
6.094367504119873
6.482962131500244
6.2994465827941895
6.320704936981201
6.870971202850342
7.011063575744629
6.445680141448975
6.4821929931640625
7.428923606872559
7.425785064697266
5.991691589355469
6.277385711669922
6.137448787689209
6.887506008148193
6.140055179595947
6.977226257324219
6.6754865646362305
6.926177024841309
5.683101654052734
6.208487033843994
7.9315385818481445
7.677289009094238
6.642553806304932
6.895988464355469
7.177143096923828
8.756613731384277
6.496513366699219
7.290219306945801
7.717333793640137
7.6233038902282715
6.721821308135986
6.684484481811523
6.8124613761901855
7.1203107833862305
5.17064094543457
5.97546911239624
7.365362167358398
8.579666137695312
6.102418422698975
7.217153549194336
7.238858699798584
7.400916576385498
5.746365070343018
6.298775672912598
6.7919769287109375
8.370661735534668
6.459731578826904
7.620658874511719
6.785648345947266
7.055868148803711
6.286582946777344
6.392768859863281
7.10137414932251
8.55140209197998
6.056326866149902
7.492651462554932
7.1797685623168945
7.944165229797363
6.2095842361450195
6.874466896057129
6.253916263580322
7.144044399261475
6.91396427154541
7.507414817810059
6.700596332550049
7.143729209899902
5.913379669189453
6.457508563995361
7.068742275238037
7.1780686378479
6.11587381362915
6.380598545074463
7.051384925842285
8.241896629333496
6.571885585784912
7.5931925773620605
6.814639568328857
8.224007606506348
6.2314934730529785
7.275249004364014
7.318305969238281
8.22730541229248
6.674873352050781
7.359019756317139
6.706017971038818
7.587924480438232
6.641665458679199
7.825733184814453
5.573141098022461
7.075018882751465
6.8762526512146
7.330875873565674
6.465557098388672
6.9735107421875
7.658738613128662
8.572009086608887
6.5052361488342285
7.329908847808838
6.62544059753418
6.884688854217529
5.953623294830322
6.101206302642822
5.279558181762695
6.806776523590088
5.80264949798584
7.010887145996094
5.340385913848877
6.257574081420898
5.998304843902588
6.724959850311279
6.751999855041504
7.352797985076904
5.791714668273926
6.682034492492676
6.621853828430176
8.447173118591309
6.658865451812744
7.959072113037109
6.997467041015625
7.305296421051025
6.095565319061279
6.9719414710998535
6.364195346832275
8.113512992858887
6.932585716247559
8.17059326171875
7.953216552734375
8.12153148651123
6.653895854949951
6.492153167724609
6.779154300689697
7.127147674560547
6.575469970703125
6.794390678405762
6.939403057098389
8.297446250915527
6.1593828201293945
7.3871917724609375
6.67773962020874
7.599018573760986
6.44733190536499
6.289661884307861
6.587498188018799
7.117307186126709
6.0411505699157715
7.110223293304443
7.124878883361816
8.182234764099121
6.330847263336182
7.10060453414917
7.001043319702148
7.531589984893799
6.305139064788818
6.996488094329834
7.667642116546631
7.754128932952881
7.201531887054443
7.4720964431762695
6.353967189788818
6.961821556091309
6.070684909820557
6.9006218910217285
5.763248443603516
6.465177536010742
5.8780951499938965
6.195391654968262
7.184723854064941
8.528349876403809
8.017264366149902
8.416808128356934
6.826551914215088
7.140336513519287
7.234649658203125
8.064261436462402
6.395127296447754
7.311702728271484
6.658271789550781
7.568119049072266
6.858098030090332
7.532044887542725
7.1485137939453125
8.328307151794434
6.249017238616943
7.08472204208374
5.808957576751709
6.2972540855407715
5.792000770568848
6.349559783935547
6.326880931854248
6.789913654327393
6.546496391296387
7.083829402923584
6.708188533782959
7.264634609222412
6.729467391967773
7.62305212020874
5.757606506347656
6.192708969116211
7.630623817443848
7.777116298675537
6.226132392883301
6.26135778427124
5.9359307289123535
6.530026435852051
5.976889133453369
7.615397930145264
7.2716264724731445
7.657397747039795
5.895750045776367
6.501609802246094
7.13317346572876
7.255653381347656
5.855915546417236
6.6324687004089355
7.328045845031738
8.73786449432373
6.41359806060791
7.707164764404297
8.11503791809082
8.66806697845459
6.267575740814209
6.912845611572266
6.995782375335693
7.834515571594238
6.832679748535156
7.054934024810791
6.804603099822998
7.612551212310791
6.313558578491211
7.423118591308594
6.892297267913818
7.1900482177734375
5.944800853729248
6.679297924041748
7.298277378082275
7.76492166519165
6.171996593475342
6.7789177894592285
8.0506010055542
8.707633018493652
6.361091136932373
7.18047571182251
7.220399379730225
8.56896686553955
7.073860168457031
7.723424434661865
6.305245876312256
7.258370399475098
6.9850287437438965
6.878692626953125
7.001443386077881
7.005766868591309
7.756955146789551
8.838765144348145
6.087785243988037
7.113871097564697
6.108052730560303
6.8457183837890625
5.658493995666504
6.635406494140625
6.964623928070068
8.576077461242676
7.390027046203613
8.161639213562012
8.124136924743652
8.631682395935059
6.263216972351074
6.765316963195801
7.815220832824707
8.138453483581543
6.806746006011963
7.357106685638428
6.446488380432129
7.443517208099365
7.478564739227295
7.744791507720947
6.3971662521362305
6.984841346740723
6.836898326873779
7.3460612297058105
6.2274932861328125
6.710792064666748
6.7504072189331055
7.091888427734375
6.197850704193115
6.340291976928711
7.07506799697876
7.984632968902588
6.469107151031494
7.348114967346191
6.016033172607422
6.9017863273620605
6.2872633934021
6.974741458892822
6.481212615966797
7.052113056182861
5.632165431976318
6.603616237640381
6.74881649017334
7.028849124908447
6.162497043609619
6.500894069671631
7.65993070602417
7.91269063949585
7.166748046875
7.562251567840576
7.28634786605835
7.838268756866455
6.1623053550720215
6.7303266525268555
6.473455905914307
7.3386359214782715
6.036801815032959
6.7621169090271
6.915125370025635
8.391253471374512
5.8551435470581055
7.220729351043701
6.558635234832764
8.118727684020996
6.635781288146973
7.3668212890625
6.443749904632568
7.504229545593262
6.11936616897583
7.015224933624268
6.935423374176025
8.137157440185547
5.902853488922119
7.2701897621154785
7.72274923324585
7.5963263511657715
5.72396183013916
5.89060640335083
6.653564453125
8.441452980041504
6.426825046539307
8.215025901794434
6.648626327514648
7.059771537780762
5.900091171264648
6.752841949462891
5.967507362365723
6.5860209465026855
7.600111961364746
7.483170509338379
6.253678321838379
6.442389965057373
7.122401714324951
7.890413761138916
6.346243381500244
7.262913703918457
7.050710201263428
7.382693767547607
7.041903972625732
7.1807379722595215
8.331474304199219
8.50214672088623
7.297143459320068
7.253678321838379
7.555004119873047
7.919816493988037
7.106944561004639
7.756477355957031
6.5374908447265625
7.44606876373291
6.712094783782959
7.333231449127197
8.473761558532715
8.408172607421875
7.147576332092285
7.239943981170654
6.625044345855713
8.309735298156738
5.884334087371826
7.041984558105469
6.847352504730225
7.907675266265869
5.768423080444336
7.103454113006592
7.692391872406006
8.677066802978516
5.93557596206665
7.057260990142822
6.279844760894775
7.238438129425049
6.821591854095459
7.344512939453125
5.541510105133057
6.082324028015137
6.7832932472229
8.141454696655273
6.373291015625
7.7265143394470215
6.4654083251953125
6.958148002624512
5.696601867675781
6.323830604553223
6.178421974182129
6.932173728942871
6.17751932144165
6.789134979248047
8.124637603759766
8.758816719055176
6.5415825843811035
7.634864807128906
6.294068813323975
6.85473108291626
5.90876579284668
6.768843650817871
6.267445087432861
7.598830699920654
5.8533806800842285
7.2074198722839355
6.934810161590576
7.20514440536499
7.133113861083984
7.1831841468811035
7.475741863250732
7.716731548309326
6.586025238037109
7.132617473602295
7.196692943572998
7.4712677001953125
7.28844690322876
7.649163722991943
6.708647727966309
7.604076385498047
6.471459865570068
7.134437084197998
5.558096885681152
6.494250297546387
7.585494041442871
7.95074462890625
6.336818695068359
6.785722255706787
6.678564071655273
7.561893463134766
5.647632598876953
6.898324489593506
6.356220245361328
7.029299736022949
7.0414557456970215
7.502809047698975
5.9271063804626465
6.599251747131348
6.25643253326416
6.81820011138916
5.610893249511719
7.231064796447754
5.81757116317749
7.068563938140869
7.426110744476318
7.834768772125244
6.838616847991943
7.202314853668213
6.579087257385254
7.439050197601318
6.681270599365234
7.5547776222229
6.160573959350586
6.55402946472168
5.9616570472717285
6.718036651611328
7.052649021148682
8.127989768981934
6.123832702636719
7.161297798156738
7.0509796142578125
7.2915496826171875
6.6116180419921875
7.0347514152526855
5.9759697914123535
6.942605495452881
6.404867649078369
6.3161444664001465
7.679317474365234
7.79250431060791
6.564080238342285
7.261858940124512
6.422730922698975
7.287361145019531
6.122469902038574
6.74666690826416
6.8341898918151855
7.061473846435547
6.362273216247559
6.592541694641113
7.695329189300537
7.836944580078125
6.586215972900391
6.851520538330078
6.147695064544678
7.307656288146973
5.252981185913086
6.53546142578125
5.886890888214111
7.168283939361572
7.228171348571777
7.842318534851074
5.773594856262207
6.498540878295898
7.442443370819092
7.334725856781006
6.271975994110107
6.311437129974365
6.702535152435303
7.682104110717773
6.023649215698242
6.707481384277344
7.101823329925537
7.613830089569092
6.888559818267822
6.975749492645264
6.818042755126953
8.132216453552246
6.519879341125488
7.494754314422607
6.816948890686035
7.231626033782959
6.293440341949463
6.95074462890625
6.074176788330078
7.35915470123291
6.297468662261963
7.262846946716309
6.579621315002441
7.396962642669678
5.946898937225342
7.023374080657959
6.534351825714111
7.592171669006348
6.681739330291748
7.344964027404785
7.822593688964844
8.842042922973633
5.841891288757324
7.078871250152588
6.2639617919921875
7.434902191162109
6.362644672393799
7.357499122619629
6.086130619049072
7.0231428146362305
5.900745868682861
6.1492838859558105
6.6642374992370605
7.655829429626465
5.995806694030762
6.41648530960083
6.775139808654785
7.227230072021484
6.308531284332275
6.90429162979126
6.947610378265381
7.784006595611572
7.0220232009887695
7.4471116065979
6.168374538421631
7.0829386711120605
7.012426853179932
7.582649230957031
6.7615203857421875
7.263021945953369
7.710348129272461
7.936573505401611
6.865055561065674
7.208472728729248
5.737858295440674
6.075942516326904
5.296437740325928
5.982093811035156
7.246955394744873
7.624209880828857
6.83336877822876
7.4298577308654785
7.813148498535156
8.02495288848877
6.206003665924072
6.391051769256592
6.2239532470703125
6.9315948486328125
5.767764091491699
6.29226016998291
7.107767581939697
6.951361656188965
6.564571380615234
6.78373384475708
7.7440643310546875
8.65927791595459
6.579091548919678
7.054275035858154
8.100497245788574
8.326809883117676
6.586053371429443
7.075512886047363
6.557059288024902
6.565567970275879
6.666584014892578
6.830602645874023
6.908087253570557
7.1288299560546875
6.7514519691467285
7.378688812255859
5.5432891845703125
6.2901129722595215
6.535665988922119
6.945111274719238
6.147862434387207
6.6477952003479
8.339030265808105
8.16521167755127
7.4003005027771
7.42913293838501
7.914228439331055
7.8396525382995605
6.621020317077637
6.895023822784424
7.204109191894531
7.020545482635498
6.504292964935303
6.644991397857666
6.411620616912842
7.1133575439453125
6.461483001708984
7.14925479888916
6.389144420623779
8.265243530273438
6.946385383605957
8.362462997436523
6.06195592880249
6.7836432456970215
6.532231330871582
8.103806495666504
6.306674480438232
7.450489044189453
7.472752094268799
7.837696075439453
6.556467533111572
7.005766868591309
7.306832790374756
8.593611717224121
6.736111640930176
7.875428676605225
6.260687351226807
7.092547416687012
5.823690414428711
6.67447566986084
7.007696151733398
8.030783653259277
6.341527462005615
7.141483783721924
6.621413707733154
7.264176845550537
5.654850482940674
6.390720844268799
6.946541786193848
7.265604496002197
6.165754318237305
6.408911228179932
6.896397113800049
7.247628211975098
6.635604381561279
6.509997367858887
7.459325790405273
7.257471561431885
7.787586212158203
7.645946502685547
5.945689678192139
7.440372467041016
5.957498073577881
7.114190578460693
7.398879051208496
7.858139991760254
6.5836968421936035
7.105844974517822
5.9116716384887695
7.523694038391113
6.095330715179443
7.360185146331787
6.8981475830078125
7.328184604644775
6.117202281951904
6.50692081451416
6.983584403991699
7.270865440368652
5.813312530517578
6.4600348472595215
7.548582553863525
8.656007766723633
6.89404296875
7.913818359375
6.873837947845459
7.024764537811279
6.377840995788574
6.634450435638428
6.640773773193359
7.185891628265381
6.8209967613220215
7.2786545753479
8.011748313903809
8.039183616638184
6.5782060623168945
7.068850994110107
5.598471164703369
6.101711273193359
5.277856349945068
5.904882907867432
6.08253288269043
7.2024688720703125
6.111340045928955
6.953986644744873
7.062309265136719
8.529126167297363
6.699206829071045
8.224268913269043
7.887335300445557
7.671684265136719
6.416186332702637
6.473598480224609
5.643609523773193
6.8885297775268555
5.75538969039917
7.245678424835205
6.479195594787598
7.490288734436035
6.756284713745117
7.357499122619629
7.096916198730469
8.175073623657227
6.161593914031982
6.945502758026123
5.405033111572266
6.787625789642334
6.406214237213135
6.7409186363220215
7.390537261962891
7.905500411987305
6.34902811050415
6.943814754486084
6.666123867034912
7.091423988342285
6.774188041687012
7.16518497467041
6.654557228088379
7.971563816070557
7.161808967590332
8.310516357421875
6.982671737670898
7.518410682678223
6.990113735198975
7.617062091827393
6.20835542678833
7.623682975769043
6.266225337982178
7.64093017578125
7.4327392578125
8.46552562713623
6.585307598114014
7.557904243469238
6.527207851409912
7.254807949066162
6.42011022567749
7.221332550048828
7.54543924331665
7.734784126281738
6.525610446929932
6.344645023345947
6.5211076736450195
6.95355224609375
6.291316509246826
6.7765069007873535
7.3085036277771
7.585163116455078
6.343519687652588
6.503212928771973
6.919129848480225
7.0863189697265625
6.075718402862549
6.598395824432373
5.760439872741699
6.635021686553955
6.488838195800781
6.851589202880859
7.6038641929626465
7.7622904777526855
7.4910888671875
8.633974075317383
7.008702278137207
8.015021324157715
7.99914026260376
8.140959739685059
6.472402572631836
6.750026702880859
7.524412631988525
8.661198616027832
6.236743450164795
7.36937952041626
7.356804847717285
7.0940375328063965
6.298586845397949
6.213336944580078
7.184202671051025
7.440250396728516
6.694667339324951
6.237880706787109
7.582533359527588
8.330607414245605
6.987983703613281
7.930580139160156
6.326648235321045
8.206789016723633
6.28892707824707
7.01344633102417
6.251206874847412
7.231314182281494
6.322627067565918
7.108511447906494
7.05342435836792
8.085833549499512
7.459995269775391
8.330785751342773
6.5547919273376465
7.009280681610107
5.912683963775635
7.542088031768799
6.19619607925415
7.453819274902344
7.695664882659912
7.747142314910889
7.042328834533691
7.204679012298584
6.935797214508057
7.039797306060791
6.944631099700928
7.278936862945557
6.499389171600342
6.514224529266357
6.49940299987793
7.240206718444824
6.260678768157959
7.1403727531433105
7.349725246429443
7.2642059326171875
7.227955341339111
7.4068922996521
5.988532543182373
6.414808750152588
7.4077277183532715
7.372995853424072
6.189295768737793
6.279937744140625
8.264872550964355
8.211479187011719
7.236294746398926
7.519697666168213
6.656081199645996
7.2485671043396
6.256343841552734
6.851397514343262
7.613075256347656
7.941138744354248
5.722945690155029
6.262631416320801
6.836230278015137
7.296432018280029
6.304576873779297
6.946255207061768
6.955073833465576
8.208871841430664
5.893910884857178
6.995448589324951
5.9465742111206055
7.39235782623291
5.735424518585205
6.702616214752197
6.529068946838379
6.804919242858887
5.713708877563477
6.269216537475586
5.5569281578063965
6.64943790435791
5.464022159576416
6.615020751953125
7.747825622558594
8.115824699401855
6.101202487945557
6.723963260650635
7.3883056640625
7.733096599578857
7.694058418273926
7.929811000823975
6.344793796539307
6.676028728485107
5.878436088562012
6.922425746917725
6.314691066741943
7.24887752532959
6.594219207763672
6.972496032714844
6.781357765197754
7.2510666847229
6.195481777191162
6.921632289886475
7.407835483551025
7.91192626953125
5.759654521942139
6.746069431304932
7.291752815246582
8.551368713378906
7.7998576164245605
7.667807102203369
6.718652248382568
6.729455471038818
7.156887054443359
7.619503021240234
5.603045463562012
6.319418430328369
7.961106777191162
8.507408142089844
6.082502841949463
7.557241916656494
7.206744194030762
7.1513800621032715
5.94595193862915
6.22396993637085
6.910123348236084
7.491430282592773
7.096035003662109
7.635970592498779
7.3617401123046875
7.5987420082092285
6.373641490936279
7.172200679779053
7.684783935546875
8.20038890838623
5.846009731292725
6.657696723937988
7.522652626037598
8.033102035522461
6.069637775421143
6.721081256866455
6.577641487121582
7.186929225921631
6.457129955291748
7.242801189422607
6.935227870941162
7.863207817077637
6.39165735244751
6.9944376945495605
6.3392510414123535
7.326467037200928
6.177970886230469
7.043658256530762
7.173838138580322
7.221890449523926
7.510258674621582
7.494087219238281
7.004924774169922
8.668302536010742
5.96294641494751
7.0012969970703125
6.203234672546387
6.589531898498535
7.054436683654785
7.276447296142578
5.947132587432861
6.6722636222839355
7.553526878356934
7.442258834838867
6.231494903564453
6.169990062713623
6.269786834716797
6.975840091705322
5.953705787658691
6.50332498550415
6.94634485244751
7.294408798217773
6.588274955749512
6.881472587585449
6.1626691818237305
6.919361591339111
6.996551513671875
7.4337005615234375
7.320082187652588
7.4234209060668945
7.089209079742432
6.9529900550842285
6.619838237762451
7.893446445465088
7.4771270751953125
7.384664535522461
7.34905481338501
7.4156928062438965
8.10696029663086
8.055689811706543
6.880106449127197
6.508971691131592
6.947512626647949
7.757002830505371
6.1809515953063965
7.167600154876709
6.4234771728515625
7.715432167053223
6.233905792236328
7.264790058135986
6.981179237365723
7.955519199371338
6.173474311828613
6.875920295715332
7.592016696929932
7.406147003173828
6.135924816131592
6.128112316131592
6.652355670928955
7.447819232940674
6.405068874359131
6.9628143310546875
6.609848976135254
8.011131286621094
6.777419567108154
7.120214939117432
7.066707611083984
7.533290863037109