-51.000856161117554
-55.49437880516052
-44.6577033996582
-44.796968936920166
-49.90653169155121
-56.84389781951904
-36.385657787323
-47.20041251182556
-56.55957508087158
-53.46902275085449
-33.61849719285965
-47.070681631565094
-43.81693738698959
-49.617653369903564
-41.286972403526306
-43.54147561267018
-40.06178271770477
-47.3291802238673
-54.70843327045441
-62.12973976135254
-46.25576028227806
-53.72130060195923
-42.87020882964134
-49.38092105090618
-52.55474245548248
-67.24417734146118
-48.50444096326828
-62.84798049926758
-50.3387485742569
-54.43452858924866
-26.362045362591743
-42.0464668313507
-47.91800880432129
-58.32032251358032
-49.45766830444336
-64.07896876335144
-58.288103461265564
-63.62718629837036
-39.25107443332672
-54.421396374702454
-59.009377121925354
-62.750263690948486
-41.380276679992676
-56.5624520778656
-53.04858469963074
-51.161715507507324
-45.333983182907104
-56.87676286697388
-51.85697257518768
-50.361342668533325
-44.02961838245392
-52.47323966026306
-56.96784973144531
-57.10629177093506
-58.32772207260132
-66.1027660369873
-57.15920001268387
-60.88170337677002
-27.531673699617386
-51.360554933547974
-55.97857046127319
-52.82193398475647
-47.825413048267365
-55.09143557026982
-38.35226535797119
-39.5875346660614
-47.11685476452112
-54.605844020843506
-50.198160886764526
-58.384624004364014
-38.510849088430405
-56.33269286155701
-52.938552379608154
-61.66494274139404
-35.8997985124588
-59.97188746929169
-40.26957893371582
-51.49387323856354
-49.12215016782284
-58.84990477561951
-41.47270122170448
-63.0524263381958
-43.4347203373909
-60.48955249786377
-43.02873694896698
-47.199841022491455
-43.191910445690155
-63.04323863983154
-51.24768042564392
-61.82171368598938
-61.46181422472
-67.43337798118591
-41.33298087120056
-61.823262453079224
-36.96140003204346
-56.21554100513458
-35.76624095439911
-40.995384216308594
-50.150334402918816
-62.19135761260986
-36.01191258430481
-44.44741767644882
-53.936320304870605
-50.511229515075684
-33.38433966040611
-49.64871299266815
-49.188819885253906
-60.96920347213745
-42.644564628601074
-44.979814410209656
-50.48663979768753
-58.390318870544434
-51.288708090782166
-60.24870467185974
-47.4939968585968
-71.0197434425354
-48.975068777799606
-54.371049642562866
-46.83267033100128
-52.3393235206604
-30.637057960033417
-52.27613373845816
-56.001291915774345
-56.08226990699768
-46.92577910423279
-53.531723976135254
-38.714790031313896
-57.40917754173279
-43.419801354408264
-46.80047273635864
-48.17575454711914
-61.616514682769775
-53.493985652923584
-62.03616690635681
-41.82669126987457
-42.38602656126022
-39.439300894737244
-58.5080304145813
-39.004753798246384
-51.22913211584091
-46.61681795120239
-54.390647649765015
-38.845800161361694
-55.60294032096863
-37.61658102273941
-55.87374037504196
-51.4301780462265
-65.51538324356079
-49.27415895462036
-56.719082832336426
-51.24494135379791
-61.274892807006836
-40.95663404464722
-51.74026608467102
-66.64972996711731
-62.77525877952576
-40.88409465551376
-59.13861012458801
-43.78197938203812
-50.51963663101196
-47.82043194770813
-54.59825396537781
-50.96030044555664
-52.799211740493774
-52.51503348350525
-57.625348806381226
-42.936015605926514
-52.20807409286499
-55.13657331466675
-67.15331935882568
-45.6315575838089
-50.5448043346405
-34.110051304101944
-53.62990212440491
-47.69159024953842
-57.83691346645355
-37.23195230960846
-52.07484549283981
-45.17532482743263
-53.10696077346802
-56.230422616004944
-59.88835954666138
-42.72995012998581
-58.57822513580322
-44.71450996398926
-56.62322735786438
-44.95090913772583
-45.167993783950806
-48.13456618785858
-62.34526562690735
-51.09028607606888
-70.88079023361206
-54.46729791164398
-61.42402195930481
-48.85227578878403
-57.595009088516235
-38.129637241363525
-38.58874362707138
-46.45412677526474
-66.52535343170166
-41.52020579576492
-49.928959369659424
-39.86561959981918
-57.30889868736267
-50.299612045288086
-58.763004302978516
-48.44512355327606
-54.728349685668945
-59.28081440925598
-50.054691314697266
-49.92208182811737
-54.931113719940186
-41.38767468929291
-49.02159929275513
-49.796477913856506
-56.590927600860596
-55.0467204451561
-67.23023557662964
-50.3737096786499
-56.126001834869385
-49.65366220474243
-51.42828834056854
-41.93725228309631
-56.98179376125336
-38.996115922927856
-50.39057922363281
-49.25145483016968
-55.13894557952881
-39.98198652267456
-56.48624920845032
-38.303887248039246
-56.348042011260986
-41.30295145511627
-50.12568926811218
-55.92606592178345
-55.13649845123291
-59.288174629211426
-54.19034194946289
-28.712714970111847
-50.88326793909073
-47.35488677024841
-56.789926290512085
-48.29462730884552
-63.78023409843445
-55.32983326911926
-67.7054443359375
-59.35533142089844
-58.038840532302856
-39.61724412441254
-52.979374408721924
-60.52033257484436
-68.67394971847534
-37.70481640100479
-62.71932077407837
-44.28628849983215
-62.591590881347656
-50.030210852622986
-61.233646869659424
-48.796056032180786
-46.036768198013306
-50.120901465415955
-55.98199701309204
-36.9213182926178
-50.964881122112274
-45.50535361468792
-64.78285813331604
-48.11640381813049
-58.45773935317993
-42.860960483551025
-64.74460172653198
-38.97576932609081
-54.522347927093506
-55.360448479652405
-54.57918119430542
-36.87058889865875
-51.829649925231934
-37.148586720228195
-57.579912424087524
-38.780836153775454
-53.19228005409241
-47.05394649505615
-50.149683475494385
-57.1087441444397
-60.340352058410645
-42.689802289009094
-53.48611116409302
-40.325301080942154
-54.02141571044922
-56.50873374938965
-61.149969816207886
-46.48172628879547
-52.77043867111206
-52.27405261993408
-60.56208348274231
-39.82063150405884
-50.492456912994385
-24.349024534225464
-43.44843788444996
-40.54966074228287
-46.371474504470825
-50.43420225381851
-60.17494463920593
-55.813153982162476
-62.10119843482971
-58.232778549194336
-55.10420322418213
-47.57965159416199
-56.32105755805969
-43.159009516239166
-57.46888875961304
-45.06228318810463
-61.038843631744385
-48.239339113235474
-58.43625831604004
-46.557668179273605
-55.79665231704712
-38.948023945093155
-40.36456750612706
-54.643287897109985
-62.271910667419434
-44.68286830186844
-38.712528109550476
-58.52393078804016
-46.43139146734029
-41.36143434792757
-51.312185525894165
-54.39796298742294
-63.86430835723877
-45.360325776040554
-55.84437370300293
-57.56523770093918
-56.58462977409363
-39.71556309610605
-52.07572412490845
-49.025381207466125
-55.611236333847046
-42.02307018637657
-52.88072991371155
-48.96364086866379
-55.40405607223511
-38.373981554061174
-52.77296857535839
-41.171507477760315
-40.2854866720736
-38.10527205467224
-50.90004140138626
-46.60390281677246
-51.24842989444733
-48.67123007774353
-55.71542167663574
-42.59243977069855
-39.83833012729883
-45.73984760046005
-51.266619086265564
-35.67187213897705
-45.04012705758214
-45.80451941490173
-49.63087463378906
-36.93778574466705
-50.598509192466736
-52.53630542755127
-61.19134259223938
-49.42020082473755
-48.77389049530029
-39.23665761947632
-57.47476291656494
-47.08191442489624
-54.58823037147522
-50.64502191543579
-61.14975690841675
-54.231165409088135
-50.295220255851746
-54.485976696014404
-61.86285972595215
-50.43960511684418
-62.56906986236572
-39.76291689276695
-53.195640087127686
-47.939706802368164
-52.412536442279816
-47.71407628059387
-56.54735851287842
-39.181705202907324
-56.996178150177
-52.5170875787735
-64.53581690788269
-50.275959968566895
-51.514994978904724
-42.78037750720978
-58.50749588012695
-32.6116107404232
-54.47303783893585
-48.02134734392166
-64.80836415290833
-38.24788776040077
-65.25228571891785
-51.50943374633789
-62.93467092514038
-49.770983934402466
-46.705408811569214
-49.88717317581177
-60.870604515075684
-53.539769411087036
-68.01283979415894
-34.50845092535019
-41.46653436217457
-57.47355651855469
-74.57886075973511
-48.3432252407074
-45.2713166475296
-53.112748861312866
-59.45148980617523
-44.03160306811333
-52.97460985183716
-35.21482187509537
-53.24985933303833
-39.195854902267456
-52.47335332632065
-38.8273001909256
-48.13241195678711
-50.496485859155655
-66.12228071689606
-40.158761739730835
-57.86245918273926
-45.70229887962341
-62.023160219192505
-42.65303349494934
-56.05530917644501
-38.56939655542374
-52.35278010368347
-45.421481251716614
-50.00921368598938
-54.84992694854736
-58.09542179107666
-49.42515552043915
-53.81297993659973
-63.292179107666016
-53.35232639312744
-36.72247964143753
-48.96892213821411
-48.59793555736542
-54.05466675758362
-49.16255033016205
-53.92984700202942
-49.456364154815674
-59.87063407897949
-52.9140739440918
-66.76579332351685
-52.209172427654266
-60.16002345085144
-49.102080166339874
-43.62111043930054
-32.080660820007324
-43.959692576900125
-51.425553262233734
-60.433149337768555
-30.063178926706314
-56.67450737953186
-45.310845255851746
-54.36495232582092
-38.1213755607605
-48.30392909049988
-45.055625200271606
-49.864718556404114
-58.96796798706055
-74.36857056617737
-54.097952365875244
-61.06399655342102
-48.419823586940765
-50.934996008872986
-47.34721779823303
-49.42189812660217
-37.12921008467674
-49.123687744140625
-42.62842318415642
-60.53095626831055
-42.78294229507446
-57.61078333854675
-42.693342089653015
-61.77724742889404
-48.113349199295044
-56.422834038734436
-57.73043215274811
-65.40724182128906
-45.72565257549286
-60.1157341003418
-50.263641357421875
-48.72418928146362
-42.35481208562851
-63.56995806097984
-41.353784918785095
-52.46136283874512
-39.65594035387039
-56.673996925354004
-50.19005489349365
-52.79641330242157
-45.19144427776337
-61.369998812675476
-48.00081676244736
-56.711615562438965
-51.519657611846924
-61.07419776916504
-43.223103523254395
-52.166789531707764
-47.64213901758194
-56.948979139328
-63.14283299446106
-57.414252519607544
-44.04142236709595
-52.43417131900787
-47.717392444610596
-63.56486654281616
-49.83911997079849
-61.04231548309326
-43.56279784440994
-42.066203594207764
-59.498890578746796
-54.823708057403564
-46.17281126976013
-56.29464864730835
-40.3849681019783
-51.23811864852905
-39.57568383216858
-61.53290939331055
-54.300887167453766
-71.9860668182373
-49.181488394737244
-47.90557241439819
-51.36024522781372
-60.13859796524048
-50.793968975543976
-62.941274642944336
-49.88241642713547
-60.75087594985962
-47.79140365123749
-61.55157136917114
-45.65801852941513
-44.53510466078296
-49.87274670600891
-52.110015630722046
-41.704801082611084
-55.75498390197754
-45.48386973142624
-56.48768615722656
-50.32575988769531
-51.84171676635742
-42.60703831911087
-55.02179574966431
-50.173102378845215
-48.170166015625
-40.5256963968277
-53.81877398490906
-46.46169590950012
-59.42601251602173
-42.484894156455994
-56.178489208221436
-52.16160726547241
-59.08544588088989
-54.301122426986694
-66.41971158981323
-38.02281129360199
-47.136215806007385
-51.213624000549316
-60.49552869796753
-42.73771435022354
-48.322360038757324
-47.12896963953972
-55.556654930114746
-35.540847927331924
-46.042482018470764
-50.8775874376297
-59.81113409996033
-49.78282427787781
-58.000934422016144
-36.49875819683075
-52.77655053138733
-50.83797991275787
-57.053072690963745
-48.48179340362549
-58.74275994300842
-58.360565066337585
-64.61419343948364
-46.2419650554657
-59.492000579833984
-46.294745206832886
-49.53673076629639
-44.96010422706604
-47.10518816113472
-44.279431104660034
-51.132428884506226
-40.91706323623657
-51.00339138507843
-51.02548238635063
-60.887351751327515
-42.02687610685825
-58.368826389312744
-50.59531670808792
-65.35526943206787
-48.14619445800781
-53.74346327781677
-41.41975374519825
-49.48652172088623
-41.07962001860142
-56.70275068283081
-55.97347551584244
-69.2511477470398
-34.426416635513306
-50.334707736968994
-48.82051622867584
-55.88187026977539
-53.07952809333801
-49.55411958694458
-33.995055198669434
-44.73008155822754
-49.15641713142395
-59.7078577876091
-29.882447361946106
-45.89218711853027
-40.11429899930954
-46.20365023612976
-54.491973862051964
-64.11893939971924
-45.818684101104736
-49.2101795822382
-54.88220405578613
-68.43501138687134
-35.923007011413574
-59.30606174468994
-48.650118589401245
-61.57657194137573
-47.22429260611534
-56.98844814300537
-55.66250491142273
-58.049450039863586
-53.67665934562683
-64.17772579193115
-52.53447584807873
-69.6414041519165
-44.13656413555145
-69.81539559364319
-38.141809701919556
-63.99838328361511
-45.182959139347076
-46.440970823168755
-35.24699127674103
-47.35380506515503
-42.045886002480984
-50.20721769332886
-49.259741604328156
-59.02333176136017
-51.625787138938904
-57.06675148010254
-52.47269630432129
-68.00847911834717
-34.580412566661835
-42.38006618618965
-32.76564162969589
-48.16728204488754
-43.401137590408325
-47.91467988491058
-54.201984107494354
-51.47553745564073
-32.97332465648651
-40.19572893343866
-64.51515054702759
-70.96713924407959
-59.2543511390686
-69.50497436523438
-45.961842745542526
-49.59031128883362
-44.34624981880188
-62.43733263015747
-33.981700628995895
-52.62558937072754
-48.169402956962585
-57.30776131153107
-45.290722489356995
-56.74797534942627
-51.17902660369873
-56.055485248565674
-53.282963514328
-53.47617483139038
-44.01285183429718
-54.56014847755432
-21.800113528966904
-36.83780352026224
-40.30655288696289
-50.780797243118286
-48.10788929462433
-50.24948000907898
-48.746439933776855
-58.14353275299072
-55.3607439994812
-64.25376415252686
-37.01370957493782
-46.77120769023895
-39.7198423743248
-49.51802372932434
-44.159807205200195
-52.06029427051544
-46.851449608802795
-53.75281095504761
-50.20942950248718
-56.25759696960449
-48.98763394355774
-60.381752014160156
-64.51368284225464
-59.032328605651855
-59.189884662628174
-63.22538089752197
-50.5897641479969
-65.20009994506836
-37.86144334077835
-59.725921869277954
-40.859925508499146
-52.0446982383728
-62.08023166656494
-55.88325673341751
-29.211124196648598
-47.82971626520157
-44.29461944103241
-36.52760510146618
-36.44427716732025
-50.284250259399414
-46.544381618499756
-57.08633303642273
-55.20662587881088
-65.74132513999939
-39.77595943212509
-59.90412378311157
-50.24274045228958
-55.119662766344845
-43.02591347694397
-53.92060375213623
-37.68603324890137
-50.66002291440964
-53.232208490371704
-64.61362504959106
-33.69094595313072
-50.7208237349987
-43.713093280792236
-48.608104795217514
-38.31292814016342
-50.40889611840248
-50.878161668777466
-57.16232633590698
-46.767977476119995
-50.32349181175232
-42.46893614530563
-44.32882812432945
-38.33692425489426
-47.14517664909363
-53.290819346904755
-49.65439438819885
-33.25048190355301
-52.06898885965347
-49.04131352901459
-45.748093008995056
-44.952500343322754
-53.51983022689819
-41.96392774581909
-56.30892324447632
-43.12857389450073
-55.08633995056152
-53.92109078168869
-58.41252136230469
-46.80177044868469
-55.063108921051025
-57.44007897377014
-62.72090244293213
-45.91485571861267
-58.75141406059265
-51.344170331954956
-59.53822326660156
-32.1596317589283
-40.3684372799471
-55.65010225772858
-60.124247789382935
-36.66414815187454
-56.2500958442688
-41.53413414955139
-43.17909133434296
-45.223146200180054
-56.548644065856934
-49.564003705978394
-55.97931957244873
-40.938569858670235
-49.0444974899292
-33.942677676677704
-59.39973819255829
-43.63362669944763
-46.00690686702728
-35.3930611461401
-42.266143632819876
-48.47237706184387
-53.58890497684479
-41.884876012802124
-50.949859499931335
-44.90739805996418
-47.787367939949036
-35.51196536421776
-49.561259001493454
-55.54470372200012
-52.56284427642822
-52.908419728279114
-65.50816297531128
-44.51497411727905
-60.80864334106445
-28.696243286132812
-50.25430727005005
-59.03912663459778
-49.803837299346924
-42.63058888912201
-51.40557932853699
-45.699417382478714
-57.28183627128601
-36.7719931602478
-48.39150786399841
-57.07285487651825
-58.21374583244324
-58.57612460851669
-54.37633943557739
-53.074254751205444
-52.21561670303345
-47.92514896392822
-50.079203605651855
-48.029934883117676
-58.542149782180786
-45.1366121172905
-43.67349696159363
-44.35343390703201
-61.61077165603638
-53.250192642211914
-62.78674054145813
-51.81488227844238
-58.2651629447937
-45.73427772521973
-43.11463290452957
-52.07363295555115
-53.95013952255249
-46.65823769569397
-41.507248401641846
-45.33381575345993
-56.623371601104736
-40.744416519999504
-56.00148892402649
-40.121727362275124
-50.42519700527191
-42.62062096595764
-49.71531867980957
-39.43440878391266
-47.5279438495636
-56.41443943977356
-63.19276475906372
-49.80252194404602
-53.910757303237915
-46.006044805049896
-54.15937566757202
-56.78244197368622
-66.55169296264648
-42.1132709980011
-51.96153116226196
-45.952419102191925
-60.85731792449951
-43.91710722446442
-58.459068775177
-42.23487904667854
-48.210426568984985
-51.8954815864563
-57.23183584213257
-39.668888598680496
-55.25879180431366
-48.54648435115814
-58.33459281921387
-40.71307170391083
-48.72717750072479
-45.53722181916237
-48.91419970989227
-54.078627824783325
-70.19853448867798
-34.12074163556099
-50.60801184177399
-40.04222097992897
-57.154212474823
-53.53354835510254
-61.93440103530884
-48.645416498184204
-59.70613193511963
-44.07373511791229
-45.5650190114975
-47.9465856552124
-60.12216281890869
-44.253602266311646
-57.49652695655823
-36.06808641552925
-60.70715284347534
-47.36015558242798
-59.68470859527588
-49.74203586578369
-58.891159534454346
-56.64715266227722
-48.581782683730125
-52.067148655653
-65.27836537361145
-40.56190836429596
-55.54626703262329
-50.68373066186905
-55.108524799346924
-44.90521013736725
-54.73542499542236
-52.431952595710754
-58.86747121810913
-40.10487735271454
-53.53379213809967
-42.81506848335266
-49.724106788635254
-52.04090976715088
-60.6347336769104
-47.223639249801636
-54.0835394859314
-51.79211187362671
-61.719016551971436
-33.96641457080841
-48.712963581085205
-51.92328715324402
-54.37670421600342
-48.472750425338745
-40.686087092384696
-54.09043884277344
-51.63333511352539
-31.892594009637833
-51.30450785160065
-58.246906995773315
-61.91073513031006
-39.02847695350647
-56.15807056427002
-56.90947908163071
-62.92932105064392
-39.17325669527054
-48.40947371721268
-58.13069558143616
-70.40232157707214
-19.708024541847408
-37.69247973617166
-52.18728768825531
-58.40979242324829
-53.54378193616867
-72.4764084815979
-48.7550950050354
-51.89026975631714
-39.32452875375748
-58.75774431228638
-50.55872440338135
-66.5573377609253
-37.635252594947815
-54.174378395080566
-45.30918836593628
-52.76295006275177
-63.31570625305176
-65.17538547515869
-41.425315380096436
-44.933896261267364
-49.154194355010986
-56.662742376327515
-57.98570418357849
-57.76660490036011
-45.2376708984375
-49.34606647491455
-58.46547079086304
-69.9228343963623
-48.78997528553009
-57.00613069534302
-25.878366950899363
-38.92226979136467
-40.71760821342468
-56.55971550941467
-35.3910843282938
-51.39796423912048
-39.007552206516266
-57.23134994506836
-48.336974143981934
-50.24942767620087
-47.31763315200806
-56.94060707092285
-36.91399645805359
-45.74664616584778
-55.34083312749863
-50.06831240653992
-44.753966093063354
-45.74010634422302
-44.023485600948334
-53.18138349056244
-35.2144373357296
-54.32227444648743
-48.28410577774048
-56.70009672641754
-48.88861048221588
-62.732316732406616
-57.61996531486511
-64.6695511341095
-48.880946815013885
-53.95241355895996
-40.76257714629173
-44.07149255275726
-35.44835811853409
-59.89608955383301
-53.0392951965332
-56.93704271316528
-52.47829508781433
-62.88384962081909
-44.2181821167469
-64.9526424407959
-47.15174353122711
-68.744313955307
-48.62559223175049
-66.13056135177612
-28.70435982942581
-47.4613151550293
-25.952195838093758
-50.38525664806366
-43.28894591331482
-64.52358293533325
-42.95658177137375
-62.10618877410889
-42.3961334079504
-50.55738013563678
-61.3954381942749
-60.84001922607422
-49.36117327213287
-66.00507164001465
-43.24865174293518
-60.02858781814575
-62.315884590148926
-56.33729100227356
-40.929292526096106
-46.3108384385705
-51.17793107032776
-62.46206569671631
-48.60472345352173
-42.1037991642952
-40.307439148426056
-58.87337017059326
-48.86010527610779
-54.107314109802246
-57.42548048496246
-64.9451653957367
-55.216674864292145
-59.8861870765686
-50.195247411727905
-61.98612022399902
-34.07816123962402
-44.35905858874321
-49.40089225769043
-55.52568483352661
-55.22389030456543
-58.60238981246948
-46.282121777534485
-60.902812004089355
-40.84845805168152
-58.81189703941345
-53.46375608444214
-45.78851819038391
-36.60910701751709
-46.83432197570801
-41.58032202720642
-51.23924779891968
-56.980244159698486
-59.009572982788086
-54.49435758590698
-57.649962186813354
-45.95560544729233
-60.37954378128052
-33.28763389587402
-48.69130426645279
-41.03072366118431
-52.872764587402344
-42.39214611053467
-57.742167592048645
-36.84719508886337
-42.14300610497594
-54.7320396900177
-56.18217945098877
-47.66598279774189
-61.50864601135254
-40.65041145682335
-57.88955640792847
-56.91353940963745
-53.35451817512512
-46.856834411621094
-60.601765155792236
-50.47896206378937
-55.25703287124634
-67.28386306762695
-64.03140306472778
-50.370092034339905
-56.73614239692688
-42.927812337875366
-54.62961459159851
-40.92344093322754
-46.1771559715271
-49.97562098503113
-47.15511870384216
-48.92629814147949
-54.61978483200073
-43.3286190032959
-52.12055063247681
-43.03084313869476
-43.77263903617859
-48.34778606891632
-58.36944055557251
-52.254072308540344
-55.20808029174805
-55.073725938797
-48.37205648422241
-46.18454885482788
-56.70288276672363
-35.52678915858269
-48.442915573716164
-41.442493975162506
-59.58367085456848
-44.4608992934227
-42.01698422431946
-35.664769649505615
-54.0088569894433
-36.018566846847534
-49.475958585739136
-53.81375789642334
-65.46479320526123
-49.32599234580994
-49.258752420544624
-50.81072148680687
-54.89733862876892
-53.63302278518677
-64.16436719894409
-52.45676946640015
-61.774885177612305
-45.942548394203186
-52.541858196258545
-52.88790416717529
-55.62271022796631
-46.9076372385025
-43.15523087978363
-45.93934154510498
-49.20204538106918
-38.350218534469604
-50.95299196243286
-46.86999797821045
-55.1804039478302
-37.518896758556366
-58.532231092453
-56.61151432991028
-60.453285217285156
-44.01850080490112
-49.40773606300354
-43.70371866226196
-52.50878882408142
-44.143046379089355
-49.809475898742676
-46.96152913570404
-57.722744941711426
-32.65292978286743
-49.95999467372894
-50.733954429626465
-72.96115589141846
-30.501739978790283
-56.66312336921692
-47.670488476753235
-63.225181102752686
-45.87442398071289
-59.54966449737549
-55.27163767814636
-54.57890319824219
-41.16400329768658
-58.14805555343628
-56.211772441864014
-53.907214641571045
-40.05168974399567
-54.551782846450806
-61.71849608421326
-65.66491746902466
-56.24343952536583
-69.79247665405273
-54.754310607910156
-60.853726863861084
-48.02169993519783
-56.407228231430054
-55.56024932861328
-63.869975090026855
-55.87179660797119
-63.73152542114258
-51.11826133728027
-55.69117736816406
-47.6556259393692
-55.14421272277832
-53.31269967556
-50.36781454086304
-43.903256952762604
-46.830196380615234
-41.46895611286163
-50.23705494403839
-56.499109864234924
-57.91027492284775
-44.98202306032181
-61.72961509227753
-60.97445297241211
-74.27448320388794
-42.405290365219116
-51.580132484436035
-41.27237021923065
-54.04323196411133
-60.17711341381073
-57.19498693943024
-51.70291876792908
-65.08316683769226
-56.14149570465088
-61.23074293136597
-32.371059119701385
-48.220733880996704
-41.15256345272064
-50.11121463775635
-40.670640736818314
-55.284531593322754
-50.25961208343506
-48.40594172477722
-46.338035106658936
-54.89003658294678
-48.978153705596924
-55.93077492713928
-55.28796446323395
-62.33556032180786
-42.00498980283737
-53.26476788520813
-46.245855152606964
-49.71864892169833
-52.44917273521423
-55.77930414676666
-46.92296987771988
-51.04504656791687
-43.15330550074577
-61.081233620643616
-37.420088946819305
-54.68223738670349
-30.78515002131462
-57.627761363983154
-53.0801215171814
-60.81250047683716
-44.73752424120903
-57.58482265472412
-55.06939935684204
-52.5069116204977
-48.55505323410034
-57.58018207550049
-57.80192852020264
-51.78387689590454
-58.882612228393555
-69.94838953018188
-43.85834443569183
-52.269481897354126
-46.65784829854965
-53.77484405040741
-48.4092458486557
-51.07345914840698
-38.473405718803406
-52.702084839344025
-46.39067244529724
-51.588801860809326
-55.324952125549316
-57.89529514312744
-32.10354596376419
-48.82955491542816
-55.37907290458679
-57.78204870223999
-49.428385972976685
-62.12867593765259
-44.03210401535034
-55.86872661113739
-46.63731002807617
-59.99869894981384
-55.60636609792709
-61.04239845275879
-62.82921028137207
-58.20115804672241
-52.00690895318985
-55.98227787017822
-56.26475918292999
-58.54382085800171
-29.501129627227783
-46.55607897043228
-37.0434684753418
-56.276918172836304
-52.10702884197235
-63.64358043670654
-38.164761662483215
-52.28004837036133
-49.70662045478821
-57.720813512802124
-31.502908617258072
-50.835800766944885
-46.37793982028961
-54.042038917541504
-37.05078727006912
-35.836008965969086
-52.42146611213684
-59.6388635635376
-50.358068346977234
-52.52602982521057
-52.16702365875244
-63.4516167640686
-41.01205921173096
-57.69318890571594
-43.63885244727135
-74.6604995727539
-34.29727667570114
-48.35302519798279
-26.83007951080799
-56.070874094963074
-44.406692028045654
-52.50637951493263
-51.78972101211548
-62.442816734313965
-48.050623416900635
-46.92202931642532
-56.89233160018921
-49.12737321853638
-49.67424201965332
-62.65720891952515
-47.19437217712402
-62.21881437301636
-51.00748735666275
-54.632288455963135
-44.83910685777664
-55.96763604879379
-47.28634721040726
-65.1831876039505
-48.517902851104736
-60.74976301193237
-46.01309806108475
-53.548717975616455
-47.57660496234894
-61.29877519607544
-43.36483532190323
-51.66165089607239
-46.00001047551632
-59.57490420341492
-55.224583208560944
-64.69312953948975
-52.63343667984009
-67.80622911453247
-49.392202615737915
-66.57759666442871
-30.580435037612915
-41.39045429229736
-52.77569979429245
-68.83939838409424
-52.744062185287476
-59.71580505371094
-57.44532662630081
-68.00990557670593
-44.595192074775696
-62.08433818817139
-49.46295392513275
-52.09760594367981
-48.0389771014452
-56.44235324859619
-28.004333704710007
-51.936081647872925
-46.98004186153412
-52.03331196308136
-48.363003730773926
-68.14898538589478
-43.07050561904907
-58.010657787323
-40.719863176345825
-60.874611496925354
-36.514729991555214
-58.387385964393616
-42.258151054382324
-59.595759868621826
-57.241777420043945
-60.87060880661011
-51.809834718704224
-55.8713800907135
-52.01163989305496
-52.89606234431267
-50.45321786403656
-68.41137027740479
-50.97300958633423
-59.59227800369263
-47.90217688679695
-48.86711206845939
-49.52194309234619
-54.531020641326904
-36.75520443916321
-43.72597301006317
-42.52029073238373
-47.08648061752319
-46.78101706504822
-53.730740547180176
-29.38490415085107
-42.278030298650265
-43.295555144548416
-64.78728580474854
-50.20413112640381
-59.245285511016846
-48.619648933410645
-62.09891653060913
-28.751308143138885
-41.433070719242096
-47.940335392951965
-61.36636662483215
-37.73638927936554
-49.22373604774475
-41.16557025909424
-55.16332256793976
-49.80601358413696
-55.39466714859009
-46.128328800201416
-50.35358726978302
-35.18283200263977
-43.799455881118774
-32.96495962142944
-47.97107934951782
-57.17488980293274
-57.330135345458984
-50.30851575732231
-61.32911252975464
-39.31170675158501
-50.21848440170288
-45.57449088990688
-57.889074087142944
-41.44457149505615
-52.333791732788086
-47.28176975250244
-60.87653064727783
-48.26710921525955
-62.964696407318115
-38.14465880393982
-46.89235231280327
-55.744338274002075
-62.30830669403076
-54.690456330776215
-58.65696167945862
-48.0335373878479
-58.40175008773804
-47.37951481342316
-54.714828968048096
-32.456025302410126
-57.02617597579956
-54.7514773607254
-59.90109086036682
-44.429059743881226
-48.63717246055603
-40.54976487159729
-55.6578803062439
-44.421480655670166
-53.87874937057495
-53.999876737594604
-60.40139102935791
-47.21150064468384
-56.23730134963989
-65.13027095794678
-73.1701545715332
-49.354109048843384
-60.021841049194336
-39.15013229846954
-46.15459834784269
-51.26696014404297
-60.843069553375244
-54.500720500946045
-57.755746364593506
-51.337638199329376
-63.405717849731445
-29.539248548448086
-38.40462283976376
-49.98381721973419
-65.46869039535522
-48.91054344177246
-59.09236890077591
-47.52269625663757
-44.45378911495209
-46.9666805267334
-58.467901825904846
-47.33188611268997
-50.72030830383301
-42.505843818187714
-56.15744161605835
-54.95188093185425
-61.186821937561035
-43.861849665641785
-49.42251205444336
-52.343339920043945
-58.715043783187866
-51.58838772773743
-57.39424538612366
-45.08782958984375
-52.05465602874756
-42.130361795425415
-55.551616191864014
-41.15578907728195
-62.80186653137207
-35.17429968714714
-42.87142992019653
-45.40518617630005
-46.45700788497925
-49.66468273103237
-63.49949789047241
-58.88587141036987
-68.03675031661987
-34.361947655677795
-40.948277711868286
-44.59074091911316
-59.71000289916992
-42.994862496852875
-49.96375131607056
-48.406960904598236
-55.738096475601196
-39.99029299616814
-60.205238819122314
-52.63609790802002
-61.95415377616882
-35.92159157991409
-52.768694460392
-52.48761177062988
-50.70030760765076
-41.730395793914795
-56.87906265258789
-37.83816969767213
-47.53379726409912
-55.53327178955078
-45.84052164666355
-33.55081796646118
-44.08141040802002
-45.25558066368103
-51.1548091173172
-60.24240159988403
-65.4255108833313
-50.6244010925293
-67.73135447502136
-43.57217526435852
-52.388816833496094
-48.49317181110382
-64.1108889579773
-57.30160415172577
-63.3576455116272
-29.380218282341957
-49.94982695579529
-47.114171743392944
-60.17527103424072
-43.49966311454773
-47.42745131254196
-58.172964572906494
-57.6560697555542
-49.32060241699219
-56.27474546432495
-48.3270628452301
-58.49403667449951
-37.77562469616532
-41.929448403883725
-41.63624370098114
-53.18044167757034
-33.63364773988724
-45.96686339378357
-40.692697525024414
-59.85710448026657
-55.323873460292816
-61.32174801826477
-58.47135865688324
-64.51687598228455
-49.05353021621704
-47.04710674285889
-57.56468915939331
-44.52358388900757
-45.92310452461243
-56.77264451980591
-36.941611759364605
-52.709060192108154
-45.63893735408783
-52.313281774520874
-42.78780674934387
-65.91341185569763
-48.64764881134033
-60.842206954956055
-40.745580457150936
-50.537928104400635
-21.67301255464554
-44.29508702456951
-53.29538607597351
-52.4473876953125
-41.78039142489433
-48.08946841955185
-57.3465861082077
-65.77084755897522
-40.872452080249786
-49.38999056816101
-43.976365089416504
-42.872696697711945
-41.56735533475876
-52.08195638656616
-38.41124100983143
-61.07602500915527
-51.86698293685913
-69.02421569824219
-43.1592612862587
-51.955862283706665
-39.31865406036377
-47.43016958236694
-37.45010602474213
-47.14366960525513
-45.49564364552498
-49.23158597946167
-48.93700957298279
-53.790433168411255
-58.17762756347656
-60.02946352958679
-59.379103899002075
-66.35411739349365
-44.49163484573364
-53.51590013504028
-61.208730936050415
-52.98227381706238
-49.13139629364014
-46.262269496917725
-56.63194751739502
-55.334662675857544
-38.185961086302996
-56.73137092590332
-43.84538292884827
-53.23259377479553
-39.21846729516983
-52.02337408065796
-44.562599658966064
-65.64019775390625
-46.05604958534241
-59.58489453792572
-57.259336829185486
-59.22485041618347
-60.248220920562744
-66.70218563079834
-40.09938847273588
-55.22921967506409
-47.47673749923706
-53.34928226470947
-35.34080111980438
-54.4336439371109
-54.88643789291382
-63.812790870666504
-45.206005930900574
-53.60481357574463
-41.08077125251293
-59.681907176971436
-45.00048412382603
-56.96334886550903
-51.63018748164177
-64.15106701850891
-52.71786606311798
-61.46095252037048
-57.11545217037201
-67.77363204956055
-35.98493146896362
-54.18775486946106
-46.24347001314163
-57.90135598182678
-48.94210931658745
-56.08451557159424
-46.793601512908936
-57.686678886413574
-57.91251230239868
-64.99145817756653
-45.11803603172302
-59.66021537780762
-43.84940558671951
-54.553072810173035
-52.86703085899353
-61.04319477081299
-44.110227227211
-55.484466552734375
-53.219512820243835
-60.229167461395264
-54.89402103424072
-57.477296352386475
-38.305712938308716
-45.96269083023071
-31.669044613838196
-45.14241008460522
-46.56106758117676
-41.31103102862835
-56.402297019958496
-66.02989768981934
-40.98243474960327
-50.35078573226929
-35.11148948967457
-52.42969238758087
-56.12072134017944
-60.7178099155426
-56.3681206703186
-62.28678035736084
-59.88440132141113
-63.25903534889221
-49.982791900634766
-58.61699962615967
-45.45530420541763
-53.55636715888977
-35.09076142311096
-46.973299860954285
-56.789748191833496
-57.077882289886475
-51.48898148536682
-57.16346311569214
-43.21270823478699
-61.52229833602905
-47.253599885851145
-43.63469070009887
-37.35302671790123
-60.0741400718689
-52.7364307641983
-70.41906785964966
-52.62577748298645
-60.676119565963745
-47.32321500778198
-58.61538577079773
-42.626910865306854
-45.94114589691162
-48.61803889274597
-53.40295100212097
-40.122620314359665
-56.086069107055664
-37.13056492805481
-57.24664902687073
-53.60819721221924
-70.00639724731445
-55.31892281770706
-64.89357948303223
-45.26125293970108
-54.5015926361084
-58.5613226890564
-63.58054971694946
-57.928078174591064
-57.36261320114136
-43.83520508557558
-45.16158176586032
-50.205568075180054
-62.589022636413574
-41.92877823114395
-53.923494815826416
-33.62332344055176
-48.96188306808472
-44.34465190768242
-54.06355106830597
-41.90121126174927
-56.205971240997314
-37.92737102508545
-49.1224809885025
-39.58692970871925
-45.18249571323395
-49.0457079410553
-57.379151821136475
-61.84900379180908
-62.32751655578613
-32.56125399470329
-47.2530243396759
-42.89556401968002
-59.60039973258972
-53.45333409309387
-59.499613761901855
-64.52846050262451
-61.42325735092163
-46.49990850687027
-72.21074914932251
-47.430907011032104
-47.25680863857269
-50.015923261642456
-60.81238675117493
-41.84670329093933
-47.67534175515175
-50.48977065086365
-50.408400535583496
-43.82530128955841
-59.48296236991882
-43.975989818573
-59.561768770217896
-44.56152307987213
-50.23882579803467
-45.033342897892
-60.65925645828247
-51.10522437095642
-64.08002662658691
-42.065991312265396
-41.46200097724795
-58.415374994277954
-58.309146881103516
-52.49862289428711
-55.53528416156769
-61.704819679260254
-60.433043241500854
-42.10771179199219
-57.13766264915466
-46.89803886413574
-63.072357177734375
-40.34927487373352
-49.89820194244385
-68.66481256484985
-66.29278707504272
-49.38184669613838
-59.00288498401642
-41.883300960063934
-60.435893535614014
-45.00552725791931
-54.529987812042236
-51.9259295463562
-64.3286280632019
-36.018558502197266
-52.49055457115173
-51.51759433746338
-59.045279026031494
-23.508724376559258
-37.916102702729404
-42.615283727645874
-67.86905217170715
-51.39399528503418
-64.6055908203125
-52.20886468887329
-57.189149141311646
-53.270890951156616
-63.201236724853516
-36.92560160160065
-49.23307943344116
-51.8661447763443
-59.64588820934296
-40.03229379653931
-51.755337715148926
-48.335763335227966
-54.284207582473755
-36.35465598106384
-51.98337364196777
-55.827571868896484
-65.9883623123169
-36.373431384563446
-58.61939251422882
-49.143216758966446
-56.14965844154358
-41.12053859233856
-51.41188621520996
-49.352285742759705
-67.47322940826416
-52.14448094367981
-55.98140299320221
-48.87044024467468
-53.23245358467102
-30.03517982363701
-49.065753281116486
-45.13731777667999
-45.694902539253235
-47.85816431045532
-59.86216449737549
-47.33683919906616
-62.433287143707275
-51.77112853527069
-65.95628499984741
-36.5243843793869
-49.333367109298706
-33.34696954488754
-52.91985708475113
-45.11983218789101
-67.37922286987305
-42.92762756347656
-55.474249601364136
-44.569634795188904
-57.634196043014526
-40.56889510154724
-54.66726231575012
-47.87072026729584
-62.727530002593994
-51.61212730407715
-54.14813590049744
-42.706024169921875
-60.63428449630737
-44.454794228076935
-56.24647557735443
-52.06353950500488
-65.5669207572937
-50.95096135139465
-61.93103098869324
-61.10415863990784
-55.050716280937195
-35.53519320487976
-47.73774576187134
-47.32078531384468
-56.804975748062134
-42.57283852249384
-51.525227665901184
-54.097471952438354
-68.95511627197266
-47.49347348511219
-55.00455284118652
-45.52685096859932
-66.66554045677185
-49.52914476394653
-64.68058156967163
-46.72864270210266
-54.613165616989136
-33.65040975809097
-51.685222148895264
-32.970489263534546
-52.50586462020874
-53.972317695617676
-60.3166184425354
-46.70019590854645
-64.55069184303284
-53.59931445121765
-70.85281467437744
-48.97174787521362
-52.57530999183655
-48.38268160820007
-64.1160945892334
-49.91025972366333
-63.12671422958374
-33.68608257174492
-49.57458806037903
-48.25120496749878
-64.13598394393921
-54.52435231208801
-57.7981173992157
-61.88319206237793
-60.37126588821411
-47.7859151661396
-50.69981646537781
-33.56535063683987
-54.090986251831055
-55.30903625488281
-54.00227379798889
-47.82964086532593
-52.937072694301605
-51.70112943649292
-56.47603988647461
-45.6122932434082
-60.0188992023468
-50.31453251838684
-47.94663190841675
-48.87648522853851
-55.20305293798447
-36.10677909851074
-50.4477972984314
-36.03210753202438
-60.703298807144165
-43.74619436264038
-52.57972002029419
-43.69571313261986
-48.977530002593994
-41.73071098327637
-56.69892859458923
-52.67898380756378
-53.64085793495178
-59.651771545410156
-63.73697876930237
-55.993619322776794
-55.48282194137573
-51.39418190717697
-65.61223077774048
-36.151822209358215
-44.66411828994751
-45.22915977239609
-58.98887801170349
-38.41515436768532
-50.48276925086975
-40.86720868945122
-52.62617337703705
-68.60661840438843
-64.58387088775635
-59.556705474853516
-65.90103137493134
-54.95657467842102
-62.98555898666382
-49.643110275268555
-61.55834722518921
-51.872735381126404
-55.32048296928406
-50.60516571998596
-63.18525052070618
-40.46003655344248
-55.90276837348938
-44.09118166565895
-64.47359371185303
-45.269253730773926
-53.65966272354126
-60.150840282440186
-56.109007358551025
-46.627671241760254
-61.30756402015686
-38.32694065570831
-45.58371740579605
-40.31066383421421
-58.279256105422974
-34.41966199874878
-52.523181676864624
-55.35985887050629
-49.98769734799862
-47.42987468838692
-58.02956247329712
-41.897382132709026
-56.34829592704773
-50.50138545036316
-50.30163240432739
-48.611356258392334
-49.660237312316895
-33.287591353058815
-57.87784272432327
-63.15260052680969
-64.26819133758545
-37.51058214902878
-46.87842379882932
-46.02828240394592
-60.06719398498535
-42.88873805105686
-61.26863503456116
-52.155279874801636
-76.53363990783691
-64.40489447116852
-64.51496183872223
-37.4145245552063
-49.21303427219391
-48.41489291191101
-56.54518222808838
-47.752292796969414
-53.636369466781616
-49.152106285095215
-62.726438999176025
-44.717911928892136
-61.58187246322632
-37.288646936416626
-41.259331583976746
-50.001439690589905
-59.426992654800415
-61.363999366760254
-66.97194242477417
-34.62189939618111
-53.864856004714966
-35.827739119529724
-49.17674160003662
-33.89766800403595
-58.222355246543884
-53.48583221435547
-50.19846686720848
-25.200099050998688
-48.26840822212398
-53.00855803489685
-65.28271245956421
-59.98935842514038
-62.197275161743164
-49.18375879526138
-60.374696254730225
-53.052154421806335
-60.71038746833801
-56.35648274421692
-60.724435329437256
-42.50685602426529
-49.67826700210571
-56.2220458984375
-65.42698907852173
-50.53489673137665
-70.9674186706543
-53.05945289134979
-52.7007494866848
-55.63789087533951
-56.81935214996338
-53.070205211639404
-59.466530561447144
-32.29099437594414
-44.58255469799042
-45.06389679014683
-53.745450258255005
-51.98989486694336
-57.50380849838257
-56.29994189739227
-61.613136291503906
-36.7296644449234
-55.159860372543335
-40.823493123054504
-62.90415048599243
-51.911349177360535
-58.62958073616028
-39.75613331794739
-52.233306884765625
-39.74519944190979
-52.2296000123024
-52.00018107891083
-56.92393636703491
-45.087634801864624
-51.78220081329346
-53.96660250425339
-62.06038808822632
-46.69695782661438
-61.86375284194946
-42.89400726556778
-64.39916580915451
-43.610417038202286
-49.798856258392334
-47.61462450027466
-60.5047333240509
-41.78548476099968
-56.22821259498596
-42.289978981018066
-65.43088030815125
-45.057596921920776
-62.907180309295654
-40.08825242519379
-52.634397983551025
-43.74818682670593
-62.869877576828
-47.49143823981285
-51.6493616104126
-39.42157223820686
-46.40287137031555
-49.77465200424194
-50.35722494125366
-47.09125733375549
-42.8066565990448
-31.609882913529873
-46.34901887178421
-53.537904262542725
-55.146289110183716
-39.20372223854065
-62.35297906398773
-37.7954880297184
-57.85835361480713
-56.2186017036438
-53.01236057281494
-50.700039863586426
-54.02265548706055
-47.89696802198887
-58.915287733078
-61.4114031791687
-63.55803060531616
-55.674235582351685
-60.50047039985657
-43.29677402973175
-50.35764288902283
-52.429691791534424
-66.96022129058838
-40.771512031555176
-48.38463521003723
-46.02133536338806
-53.379817485809326
-39.7634100317955
-50.11509382724762
-56.14878886938095
-65.17172904871404
-36.07663454115391
-42.27570649981499
-36.01833778619766
-51.73703335598111
-32.12722247838974
-49.978251695632935
-55.88092243671417
-65.00669783353806
-57.62584924697876
-56.03227186203003
-44.568178832530975
-57.206860065460205
-52.66371250152588
-56.51359963417053
-37.75740268826485
-56.47241139411926
-43.60160252451897
-54.31198212504387
-37.54245847463608
-49.355897068977356
-34.156591176986694
-44.13355040550232
-38.13798660039902
-51.54193644411862
-47.46346163749695
-57.956190407276154
-41.870739698410034
-56.484381914138794
-55.4670684337616
-48.1822746694088
-44.63223487138748
-65.86202001571655
-51.79577565193176
-61.85414409637451
-49.917735159397125
-63.632734298706055
-30.054780542850494
-42.730663776397705
-48.512840270996094
-55.09194755554199
-45.805583477020264
-57.294249534606934
-47.68665945529938
-51.73844361305237
-46.46442258358002
-51.6524373292923
-50.45896825194359
-54.496028900146484
-51.32510259747505
-67.88463973999023
-57.84593319892883
-55.309086084365845
-45.52657896280289
-61.54001832008362
-23.38842737674713
-38.425660356879234
-37.90752363204956
-42.994406938552856
-45.87953367084265
-37.995887603610754
-43.38209593296051
-46.990718960762024
-58.30020523071289
-58.12804985046387
-45.38814425468445
-63.286137342453
-43.356440141797066
-51.61532235145569
-36.95944380760193
-44.23525524139404
-52.69128358364105
-66.04963827133179
-47.67096257209778
-46.79366374015808
-44.49995708465576
-55.5412220954895
-48.13266897201538
-58.86427354812622
-47.71319119632244
-61.39819824695587
-51.25775694847107
-55.47226932644844
-41.32238984107971
-54.144919633865356
-47.97245693206787
-51.93581700325012
-51.68445372581482
-64.66309213638306
-48.71941351890564
-60.49809169769287
-39.326158702373505
-56.651180267333984
-50.42247313261032
-48.96794646978378
-47.77788305282593
-52.515360832214355
-17.892843334004283
-32.91044361889362
-50.52535676956177
-50.54898726940155
-55.290913581848145
-60.579365730285645
-37.68618229031563
-60.09848690032959
-34.63770890235901
-47.273265063762665
-38.29263520240784
-50.643977642059326
-56.887572288513184
-62.10960817337036
-31.08832186460495
-48.03501343727112
-37.5191633105278
-51.80630198121071
-49.741872787475586
-60.40214276313782
-44.49214804172516
-47.940919399261475
-35.124997198581696
-51.009167194366455
-51.56955248117447
-53.34311318397522
-49.96889242529869
-66.52366018295288
-54.5964720249176
-58.08497142791748
-47.9576997756958
-60.668247401714325
-47.721445977687836
-55.80040407180786
-40.456942081451416
-41.43285618722439
-41.17536532878876
-54.65888833999634
-34.06617736816406
-38.93212616443634
-57.64004874229431
-61.86598324775696
-49.196593046188354
-58.95400285720825
-49.02599313855171
-65.27676916122437
-53.55770921707153
-58.96371293067932
-57.4926176071167
-61.34990978240967
-60.000293254852295
-65.94350576400757
-40.506882071495056
-49.95590686798096
-49.93262708187103
-56.47934579849243
-44.773682311177254
-58.69999277591705
-59.17723321914673
-69.0268726348877
-49.85983324050903
-69.24256014823914
-42.60610015690327
-53.53979778289795
-40.39007452875376
-48.174609422683716
-45.99323844909668
-63.32363271713257
-45.118735671043396
-51.25866633653641
-49.83526968955994
-58.80047106742859
-44.17505621910095
-43.081533908843994
-53.68745040893555
-65.81584072113037
-35.08381688594818
-54.729342222213745
-54.33356690406799
-61.87313461303711
-46.28001308441162
-56.163336753845215
-47.441158786416054
-65.81326341629028
-53.23162364959717
-56.30688261985779
-41.285032242536545
-54.53001344203949
-44.87518668174744
-43.45492911338806
-49.68579030036926
-61.836278676986694
-44.60085919499397
-59.78813314437866
-51.8082172870636
-49.0942018032074
-53.86514687538147
-49.48828887939453
-49.556800365448
-53.9791464805603
-50.44618618488312
-51.50653123855591
-38.53350827097893
-49.40353536605835
-59.70091390609741
-58.93118715286255
-51.88921219110489
-58.745622992515564
-37.895219564437866
-39.523097932338715
-48.041489005088806
-58.4759087562561
-35.777188926935196
-51.07135999202728
-45.8045097887516
-50.16315960884094
-45.64126738905907
-67.58714008331299
-47.31678295135498
-63.82676339149475
-44.85556149482727
-49.6581597328186
-52.5399227142334
-56.88223171234131
-39.974443942308426
-52.63268518447876
-59.809393882751465
-55.819002866744995
-41.26379346847534
-52.99019539356232
-53.81825651228428
-61.597071170806885
-43.30403244495392
-56.32127237319946
-57.1016948223114
-56.47736954689026
-47.04825413227081
-42.852450370788574
-42.33602786064148
-57.44199323654175
-47.77924561500549
-61.68032622337341
-51.71354138851166
-51.1247079372406
-57.59174704551697
-61.50573015213013
-51.328569412231445
-63.73753070831299
-44.0550891160965
-54.06294107437134
-41.24340441823006
-52.02302670478821
-58.145445346832275
-54.38871145248413
-38.36901783943176
-46.98154300451279
-38.75715231895447
-55.980650663375854
-44.63141107559204
-54.25341308116913
-35.69838225841522
-44.8830753788352
-41.75481986999512
-58.059221267700195
-25.036124877631664
-36.19354393519461
-54.69105672836304
-61.06367540359497
-47.20888960361481
-45.81488011777401
-48.77145707607269
-47.82033747434616
-53.957696318626404
-43.12160421535373
-51.524734020233154
-52.50987887382507
-40.050950944423676
-50.82252860069275
-47.638375997543335
-53.87729859352112
-43.807942390441895
-55.33454704284668
-39.64622323215008
-56.03128242492676
-49.12748897075653
-48.45815110206604
-48.24658417701721
-56.182268142700195
-53.20326781272888
-61.910027503967285
-54.65128403902054
-48.83628845214844
-49.45484125614166
-54.98308300971985
-51.67205095291138
-55.12698411941528
-46.11858856678009
-55.0084490776062
-43.48889493942261
-60.62567758560181
-50.00987449288368
-62.11163926124573
-29.476840555667877
-52.79126691818237
-38.70368883758783
-51.80170488357544
-60.109617948532104
-68.75452375411987
-48.74146270751953
-46.06006097793579
-43.09838151931763
-56.08496379852295
-27.070736289024353
-36.77273574471474
-44.31476557254791
-51.74236440658569
-47.13570165634155
-58.24669885635376
-46.74449419975281
-56.159788608551025
-54.27503490447998
-62.8860182762146
-38.8180176615715
-51.09447991847992
-49.60912537574768
-54.28442668914795
-52.41768181324005
-50.896927922964096
-42.441999077796936
-48.35504208505154
-43.02262628078461
-52.853946685791016
-53.27757215499878
-64.13335800170898
-48.19800090789795
-60.95125412940979
-44.67219400405884
-52.05028676986694
-47.031841814517975
-64.56300258636475
-63.05931615829468
-53.683650970458984
-42.220499753952026
-48.5229514837265
-44.53211337327957
-51.38766545057297
-36.06321185827255
-48.83944493532181
-36.309661477804184
-44.830499202013016
-56.8404541015625
-64.21342420578003
-49.4115974009037
-60.242300033569336
-44.215973138809204
-48.7644145488739
-46.7192108631134
-57.60679650306702
-20.72584192454815
-41.18872690200806
-49.623345375061035
-52.45134913921356
-37.07817888259888
-46.33034062385559
-43.11646628379822
-54.9748649597168
-45.741566598415375
-50.988293409347534
-43.97495698928833
-51.96316146850586
-54.8727445602417
-59.50989258289337
-39.75140988826752
-50.54256582260132
-29.034343540668488
-39.37990392744541
-56.22379148006439
-61.70826768875122
-53.32177019119263
-61.784019112586975
-51.34179353713989
-64.80034351348877
-35.45672997832298
-51.74650835990906
-40.87120056152344
-46.56158861517906
-44.45060437917709
-56.038025856018066
-48.56556314229965
-56.14662289619446
-45.19213795661926
-53.172094106674194
-25.576298534870148
-46.04324424266815
-36.416297256946564
-43.84892725944519
-45.06289857625961
-63.400020599365234
-37.89430671930313
-43.232285261154175
-27.516688406467438
-51.96707856655121
-56.28522348403931
-60.215174436569214
-49.44243812561035
-51.70235097408295
-43.83522015810013
-51.06727457046509
-57.081506967544556
-63.98197674751282
-46.31034553050995
-44.833180010318756
-40.821667432785034
-55.1978035569191
-46.82692766189575
-51.93505668640137
-32.40818679332733
-52.34583556652069
-52.49649202823639
-65.20971727371216
-33.370679050683975
-45.78625014657155
-41.108609557151794
-52.64520311355591
-42.911837458610535
-51.708566188812256
-46.83406066894531
-55.85095691680908
-43.99160969257355
-63.31007719039917
-42.57705879211426
-47.96279954910278
-28.64969190955162
-43.61372447013855
-39.315868616104126
-47.60773402452469
-53.92542898654938
-56.61713647842407
-43.856037616729736
-62.96298933029175
-41.89738202095032
-50.662532806396484
-45.974745869636536
-57.04248023033142
-55.02225708961487
-60.729909896850586
-40.83998554944992
-51.44134473800659
-52.19381180405617
-55.677947759628296
-54.994593262672424
-59.58850622177124
-45.70817947387695
-54.98302364349365
-61.88963556289673
-69.3109712600708
-43.56721872091293
-52.72356390953064
-40.541519820690155
-51.19882869720459
-42.867195546627045
-59.20428228378296
-38.993677496910095
-48.743499398231506
-49.80111265182495
-48.89524435997009
-38.885078966617584
-50.13803118467331
-51.850133061409
-66.5511577129364
-52.44880247116089
-67.21136951446533
-52.07804846763611
-46.15274751186371
-36.7593030333519
-45.93757390975952
-41.8523628115654
-63.89334958791733
-45.18547308444977
-62.26305818557739
-46.13983392715454
-62.39513540267944
-52.89364767074585
-57.90552568435669
-48.78463041782379
-69.51345634460449
-47.249620735645294
-56.34018588066101
-37.33203744888306
-43.085344672203064
-46.31145465373993
-55.29451286792755
-56.06442952156067
-51.14215612411499
-38.832338362932205
-52.44440567493439
-40.15922358632088
-53.282432556152344
-47.352823972702026
-54.657246828079224
-42.110600762069225
-46.19858467578888
-35.006235122680664
-40.29957608645782
-36.8543506860733
-57.14135932922363
-34.75406476855278
-48.947771072387695
-49.544050335884094
-64.50428318977356
-45.31983995437622
-49.80586504936218
-42.57974922657013
-54.506223917007446
-45.45943570137024
-55.587172508239746
-43.10061156749725
-50.46413207054138
-33.63719820976257
-59.47135019302368
-42.870524764060974
-57.15382742881775
-49.84823930263519
-52.591878175735474
-51.34251618385315
-53.470410108566284
-39.53973263502121
-58.92308712005615
-56.31387138366699
-55.11732530593872
-49.310577273368835
-57.0822114944458
-49.236790895462036
-55.959033727645874
-50.22260025143623
-58.59247899055481
-32.283472418785095
-53.81726676225662
-48.79567904770374
-53.829620122909546
-53.63108271360397
-57.09124231338501
-56.51107740402222
-58.20966053009033
-57.20596766471863
-56.894638538360596
-44.87367916107178
-58.74015927314758
-29.44581827521324
-52.215521574020386
-60.18184471130371
-68.75110626220703
-26.497125327587128
-41.13906595110893
-41.01968491077423
-56.12129211425781
-53.28416872024536
-55.998804569244385
-42.75724279880524
-51.3242073059082
-51.79336154460907
-60.16422247886658
-58.19527053833008
-63.65929698944092
-53.77039021253586
-49.45687806606293
-34.70648750662804
-40.150682866573334
-46.19128465652466
-60.22971594333649
-46.84771478176117
-52.8283805847168
-52.125043869018555
-63.892895221710205
-44.95390301942825
-49.61412262916565
-58.484246253967285
-57.10682249069214
-64.0320405960083
-52.480712890625
-50.37138056755066
-63.65488052368164
-43.42221933603287
-54.497090101242065
-39.1464079618454
-52.71393847465515
-51.47432017326355
-60.426105260849
-54.705241680145264
-60.33533978462219
-45.404522716999054
-59.46336317062378
-41.97846162319183
-47.27136528491974
-50.66037654876709
-57.23444700241089
-26.280636847019196
-43.60372972488403
-31.901183307170868
-56.736618518829346
-41.01210528612137
-59.57880449295044
-57.40700960159302
-64.71530032157898
-38.71330512082204
-40.78091196180321
-42.69740295410156
-55.275349140167236
-47.18345773220062
-51.734909541904926
-45.21494150161743
-53.943148612976074
-51.52257966995239
-53.107017993927
-48.35920524597168
-56.79730463027954
-52.18349862098694
-55.550819396972656
-43.873706221580505
-62.61082220077515
-44.48807168006897
-48.104031562805176
-39.95141313970089
-54.3563494682312
-45.13420236110687
-54.40484797954559
-43.720379173755646
-53.72040414810181
-42.890943348407745
-57.68264323472977
-50.712179720401764
-36.61107289791107
-53.15588462352753
-68.62654495239258
-43.615103244781494
-51.87304925918579
-40.09220993518829
-50.76777744293213
-46.821944773197174
-55.72080314159393
-54.591729283332825
-56.33905804157257
-52.33064937591553
-63.09646987915039
-54.1403107047081
-65.80163049697876
-50.42957925796509
-61.086156368255615
-42.50033390522003
-50.187392711639404
-60.45935773849487
-71.67296171188354
-40.99026620388031
-50.96101379394531
-36.88229092955589
-57.21861132979393
-49.890639424324036
-57.32076859474182
-51.7441680431366
-54.409799098968506
-32.003023624420166
-42.244802474975586
-52.67892789840698
-58.43752646446228
-45.987421452999115
-58.52074980735779
-46.76239764690399
-47.327186703681946
-51.75795993208885
-62.2223539352417
-55.52386236190796
-74.42274451255798
-42.407991737127304
-53.12887120246887
-36.872257709503174
-52.68828082084656
-54.18747663497925
-56.703935980796814
-46.19129741191864
-53.9958730340004
-44.04536330699921
-52.05131149291992
-38.65277025103569
-56.895429104566574
-47.27536165714264
-51.053919315338135
-53.152952671051025
-60.90324926376343
-44.70667505264282
-57.091158866882324
-53.90675640106201
-54.9381959438324
-30.68217045068741
-46.29737949371338
-52.496615171432495
-60.487077832221985
-50.24739336967468
-61.22827100753784
-53.136685252189636
-57.00733232498169
-56.17073202133179
-56.8200581073761
-43.04349436610937
-60.7076975107193
-43.86046242713928
-51.66533076763153
-51.51933526992798
-53.38417887687683
-40.185053169727325
-56.73271656036377
-50.613728523254395
-58.89053022861481
-40.8588125705719
-48.98196643590927
-47.98740196228027
-60.36994290351868
-53.62682247161865
-60.93349552154541
-41.24236714839935
-51.49099254608154
-46.47291272878647
-62.553558349609375
-45.58990487456322
-60.42464303970337
-37.832495629787445
-54.159847781062126
-51.20137047767639
-59.366220235824585
-41.216771721839905
-62.283915519714355
-39.67725509405136
-52.3725528717041
-49.74347996711731
-67.84075498580933
-24.263435006141663
-38.63442325592041
-47.947426557540894
-54.6373827457428
-33.098278164863586
-53.54155111312866
-50.09660577774048
-59.46402072906494
-44.987226247787476
-56.483680963516235
-27.6491886228323
-41.76065234467387
-41.46732497215271
-52.58804887533188
-33.98807695508003
-50.07320785522461
-50.109354853630066
-61.0502028465271
-40.49670031666756
-48.95217967033386
-46.115760922431946
-54.10750150680542
-35.55186867713928
-60.26412507891655
-38.91201475262642
-50.96990728378296
-49.15513634681702
-60.94491773843765
-53.95423126220703
-49.10694169998169
-28.535323202610016
-50.33120930194855
-37.47832363843918
-61.20609164237976
-40.241396725177765
-54.36095428466797
-47.6030158996582
-60.08599328994751
-36.07122457027435
-52.114688754081726
-40.05475956201553
-53.88629126548767
-53.15876668691635
-54.691434383392334
-50.36040085554123
-56.00505709648132
-41.33990794420242
-51.42358922958374
-37.824631720781326
-51.81088441610336
-52.58490526676178
-64.11020565032959
-51.898481607437134
-60.11784887313843
-45.122972428798676
-52.29248094558716
-49.16588354110718
-55.288087129592896
-54.04908633232117
-56.73002529144287
-52.233304142951965
-77.53404521942139
-35.953364849090576
-46.14795471727848
-32.884601287543774
-50.151074051856995
-45.69099807739258
-54.89411783218384
-41.27220582962036
-50.29946684837341
-28.543879341334105
-39.44069494237192
-41.95587378740311
-45.03615015745163
-49.223495841026306
-46.569801807403564
-50.618935346603394
-64.86646246910095
-53.146999061107635
-59.51372869312763
-54.11212541162968
-75.20352625846863
-44.29061698913574
-49.147655725479126
-51.816280245780945
-48.79241394996643
-45.406095027923584
-63.87885499000549
-42.28052181005478
-69.60735130310059
-44.797372579574585
-54.735162019729614
-35.31213337928057
-49.80213642120361
-47.097061932086945
-53.142958641052246
-41.78947448730469
-55.44967544078827
-51.41260015964508
-59.725462198257446
-48.88938915729523
-64.30858564376831
-31.923639446496964
-36.57274522911757
-45.40510368347168
-66.12044858932495
-44.34826624393463
-66.91742205619812
-45.16362249851227
-57.25448656082153
-48.99594259262085
-52.5762197971344
-42.865624129772186
-62.7176833152771
-43.67962437868118
-56.35825252532959
-51.3365902453661
-62.70284986495972
-47.357237458229065
-58.500489473342896
-49.66371876001358
-59.61598014831543
-47.96498703956604
-63.37032651901245
-53.58553504943848
-61.02727723121643
-40.41044741868973
-60.30147862434387
-40.56608581542969
-42.41388776898384
-37.326889872550964
-46.55213636159897
-56.682010650634766
-43.7395092099905
-54.270962715148926
-63.11309361457825
-34.24322509765625
-42.473423555493355
-53.87938833236694
-51.29835310578346
-57.1205632686615
-60.49855828285217
-34.96473848819733
-48.76378679275513
-51.8495397567749
-57.172863245010376
-53.8262437582016
-55.220359802246094
-41.65323621034622
-52.10787510871887
-46.130897998809814
-45.91434192657471
-48.11624056100845
-59.25510776042938
-37.05277720093727
-55.9702684879303
-44.73528379201889
-43.89427435398102
-32.71273374557495
-40.155891478061676
-46.54768604040146
-52.74207830429077
-48.53878569602966
-57.262821435928345
-37.923051953315735
-40.77272098418325
-40.952906265854836
-51.25340461730957
-41.75647175312042
-54.06664818525314
-54.564873456954956
-59.83211088180542
-48.47737646102905
-55.47894883155823
-48.5412877202034
-64.39097833633423
-47.457185342907906
-42.514254932291806
-47.72366213798523
-55.72221612930298
-49.180053025484085
-57.62223160266876
-48.67986702919006
-52.12074851989746
-47.69997704029083
-47.153584003448486
-47.924012184143066
-55.68846368789673
-44.50304198265076
-57.35270929336548
-48.330169916152954
-54.64483594894409
-45.54795181751251
-47.409277498722076
-54.91931915283203
-61.92084503173828
-58.05644941329956
-53.77817916870117
-38.121658369898796
-53.47746181488037
-45.84566251933575
-60.75029277801514
-39.26208543777466
-52.9751181602478
-55.93293905258179
-65.58125591278076
-49.34632658958435
-62.82556486129761
-42.51403057575226
-51.46996891498566
-42.90198006480932
-56.526063680648804
-41.547403156757355
-60.947365045547485
-45.34894013404846
-51.78135406970978
-41.417133808135986
-49.71453595161438
-46.44619560241699
-61.87758445739746
-40.03947725892067
-57.894986629486084
-46.457751631736755
-48.0811448097229
-47.47133821249008
-58.82189059257507
-50.15766382217407
-56.15938663482666
-45.705880522727966
-49.01030206680298
-52.67536127567291
-58.494966983795166
-50.88068914413452
-47.454620122909546
-47.9405819773674
-67.83249425888062
-39.50784778594971
-54.16051650047302
-52.40906482934952
-66.07857012748718
-37.11331897974014
-52.50787836313248
-35.61649739742279
-45.6392697095871
-47.07827001810074
-60.26400136947632
-61.36678218841553
-62.44418239593506
-39.33891949057579
-57.49793195724487
-42.173678040504456
-43.01287591457367
-49.25460344552994
-56.87240195274353
-39.486841291189194
-47.41736698150635
-30.86459722230211
-31.163472665240988
-45.57851433753967
-46.88171029090881
-46.31850719451904
-47.23681923747063
-49.6997857093811
-55.1614465713501
-48.75165557861328
-47.07276153564453
-43.73475980758667
-57.513160705566406
-46.05814762413502
-57.263110518455505
-40.73698744177818
-54.658719062805176
-45.83551597595215
-45.08464026451111
-37.04510033130646
-52.51925241947174
-38.42741757631302
-55.48879528045654
-52.09693002700806
-64.77082872390747
-39.594929322600365
-48.79496818780899
-46.871694445610046
-53.39673185348511
-49.612997591495514
-58.920951664447784
-46.29228490591049
-49.58523325249553
-54.820767402648926
-60.945318937301636
-44.61557227373123
-61.14997947216034
-45.58163112401962
-59.362807512283325
-44.85159754753113
-55.55945062637329
-35.878541469573975
-54.95412349700928
-48.56755256652832
-51.96224421262741
-37.26906640827656
-54.61686706542969
-36.92763066710904
-44.09013618854806
-39.913495391607285
-55.67203068733215
-48.17199206352234
-61.09254169464111
-46.05915570259094
-56.45386338233948
-44.654330134391785
-58.75285118818283
-44.91653370857239
-52.805317997932434
-52.52144742012024
-59.67494070529938
-55.7599276304245
-54.86000883579254
-57.67560386657715
-66.08538436889648
-47.00369071960449
-58.015705585479736
-33.62775677442551
-44.253493428230286
-41.921676993370056
-59.558096408843994
-47.55752944946289
-60.62516164779663
-33.45202134549618
-54.1182804107666
-48.818116664886475
-60.82244920730591
-44.40686482191086
-38.935248693451285
-45.957399129867554
-49.78318166732788
-41.33562672138214
-49.2884886264801
-55.396241664886475
-49.02842664718628
-42.4525865316391
-41.42539721541107
-42.338627338409424
-52.079657196998596
-48.970041155815125
-60.174941062927246
-28.842397570610046
-57.172521114349365
-48.64009141921997
-59.51593351364136
-50.95507228374481
-61.15094804763794
-42.531675696372986
-58.59087836742401
-47.06958255171776
-61.842097997665405
-43.27282068133354
-48.84745907783508
-54.02155637741089
-57.320631980895996
-41.60895299911499
-52.12621593475342
-48.21655160188675
-50.67516541481018
-51.326500415802
-60.51354455947876
-53.53418040275574
-54.79862833023071
-55.55884552001953
-53.7301549911499
-57.370142579078674
-64.29013395309448
-38.991896629333496
-58.81743001937866
-47.77298700809479
-59.739293575286865
-42.908408641815186
-51.230286717414856
-31.326676160097122
-48.321134090423584
-36.86358289420605
-48.35817217826843
-57.2593297958374
-54.88468337059021
-41.685491025447845
-59.105316400527954
-51.89986288547516
-57.180429220199585
-37.954341135919094
-39.9754635989666
-52.77536153793335
-62.68951787054539
-38.918556451797485
-41.69536590576172
-29.722929179668427
-45.084054946899414
-53.88747847080231
-52.03597283363342
-43.774054288864136
-52.19633662700653
-42.34021896123886
-54.720685958862305
-44.885584592819214
-61.45462703704834
-40.91397699713707
-55.711270451545715
-45.367323875427246
-52.24187994003296
-36.947778061032295
-56.11506414413452
-52.257057189941406
-58.09763020277023
-49.54309415817261
-59.25391221046448
-35.47769804298878
-46.911550641059875
-51.352394223213196
-54.89973592758179
-51.49104905128479
-56.958762645721436
-54.74329328536987
-61.60283279418945
-34.934438705444336
-50.26627564430237
-41.35757103562355
-53.951393842697144
-44.03627395629883
-55.87770318984985
-35.56468880176544
-42.0929399728775
-48.01525902748108
-58.58611576259136
-41.956403970718384
-57.98020029067993
-48.96474814414978
-43.951892614364624
-43.58848977088928
-50.283061504364014
-41.25852832198143
-60.79037392139435
-27.409129582345486
-47.598008800297976
-33.76607722043991
-54.35335898399353
-38.2036612033844
-49.58183979988098
-34.479889273643494
-52.38246417045593
-50.48234564065933
-49.252195596694946
-36.694875955581665
-52.791380405426025
-49.89199638366699
-58.35485804080963
-43.93093228340149
-56.60998320579529
-46.58679312467575
-53.52766251564026
-63.28137230873108
-64.08609557151794
-50.85175287723541
-57.22300314903259
-43.59594738483429
-61.64584445953369
-47.07260578870773
-67.54729986190796
-51.389270544052124
-54.52407395839691
-57.85932540893555
-60.38343524932861
-57.819751262664795
-70.15183210372925
-53.05117228627205
-64.66585493087769
-48.03141909837723
-61.32079219818115
-54.41290473937988
-58.423654556274414
-51.942138671875
-54.437026023864746
-57.60279178619385
-57.03592538833618
-39.98510789871216
-52.92189711332321
-48.80291938781738
-57.520832777023315
-37.40804913640022
-50.81784835457802
-29.73793350160122
-51.1469394415617
-32.45083937048912
-43.25442584604025
-58.18613028526306
-69.48182487487793
-56.06450891494751
-59.32399922609329
-53.570631980895996
-54.09112548828125
-48.294129490852356
-64.86027717590332
-51.97865915298462
-55.36743438243866
-49.46190023422241
-60.166852712631226
-44.65537369251251
-49.9877347946167
-48.48932909965515
-42.74450600147247
-24.513584915548563
-39.32768028671853
-31.272817850112915
-45.05315101146698
-46.219037026166916
-52.82049870491028
-54.32640504837036
-64.32174730300903
-41.36289578676224
-63.10841417312622
-49.326122999191284
-56.754241943359375
-52.68510890007019
-54.94406843185425
-45.641492545604706
-39.78039360046387
-37.05135469138622
-51.80139923095703
-29.639823496341705
-35.39499677950516
-48.08967924118042
-54.270310401916504
-50.98787879943848
-51.142608880996704
-48.52017843723297
-54.54696178436279
-50.394957304000854
-56.831652879714966
-53.73879289627075
-60.957947731018066
-54.75027298927307
-54.601473331451416
-36.48839449882507
-59.39595079421997
-47.034255504608154
-57.925021171569824
-53.570885181427
-45.24083948135376
-41.108857832849026
-47.32120156288147
-41.096976697444916
-51.80703687667847
-54.40014100074768
-60.95349740982056
-46.16786742210388
-65.12314939498901
-47.27270179986954
-57.81029772758484
-62.472729325294495
-64.1141939163208
-31.194306015968323
-44.4942330121994
-48.69166302680969
-58.44132161140442
-44.064416110515594
-66.15685653686523
-48.658250510692596
-58.753345251083374
-41.29355454444885
-49.02890780940652
-51.07315272092819
-46.75725165847689
-56.51089954376221
-56.173306941986084
-52.732715368270874
-62.610334396362305
-43.48750764131546
-51.48759825527668
-52.4694721698761
-60.19337058067322
-44.78933984041214
-66.93242931365967
-48.94272303581238
-56.248709082603455
-41.21939733624458
-54.027268409729004
-28.04926584661007
-46.56122398376465
-52.39943194389343
-55.47463393211365
-45.525662899017334
-54.10667705535889
-55.10437273979187
-61.958651185035706
-52.33373075723648
-72.88536763191223
-37.58546870946884
-52.57195687294006
-53.37046718597412
-61.99541091918945
-53.076186656951904
-52.37329292297363
-52.96003341674805
-56.09815311431885
-39.89998137950897
-55.61291813850403
-52.90762448310852
-61.646342277526855
-40.01791739463806
-62.75650215148926
-42.012078046798706
-56.522780656814575
-62.455989837646484
-64.53044438362122
-50.93158906698227
-59.06283926963806
-55.42613434791565
-65.25946426391602
-36.01694990694523
-46.26721888175234
-45.00436371564865
-51.89532279968262
-45.18015766143799
-40.1364298122935
-37.39846032857895
-60.093120098114014
-47.28526118397713
-54.78546106815338
-40.507208585739136
-57.038771629333496
-45.50436842441559
-58.59073495864868
-50.73682141304016
-56.32099533081055
-54.04853728413582
-63.2555890083313
-56.39796328544617
-53.99443221092224
-52.70046389102936
-58.177096366882324
-54.63158631324768
-50.87770092487335
-56.80101203918457
-61.22811460494995
-51.82798886299133
-55.863107204437256
-49.10151481628418
-49.96485495567322
-50.04351019859314
-57.82762944698334
-54.48869562149048
-58.62144947052002
-33.75716483592987
-40.80713706719689
-48.1406946182251
-59.95288109779358
-52.32959222793579
-60.87763214111328
-49.64935481548309
-61.87646269798279
-47.805658742785454
-64.92161011695862
-39.393025398254395
-49.163785219192505
-51.87294554710388
-48.9051239490509
-39.73240976035595
-36.88647965225391
-53.19272828102112
-66.59697675704956
-45.449482679367065
-45.28157137334347
-50.023830354213715
-63.123143672943115
-62.40797519683838
-57.98818778991699
-36.269935578107834
-61.471107482910156
-45.093013763427734
-51.372097969055176
-35.374807953834534
-44.45909285545349
-37.28571401536465
-56.9457773566246
-39.746826171875
-50.885515451431274
-48.4764609336853
-50.44469141960144
-39.783047676086426
-52.93710231781006
-50.75565004348755
-43.25473380088806
-48.61974048614502
-57.8578827381134
-44.76910716295242
-62.55180048942566
-52.54614448547363
-60.02737641334534
-47.047189831733704
-53.878170013427734
-43.23147809505463
-65.85735511779785
-50.822927474975586
-60.138665199279785
-39.99864712357521
-54.59010171890259
-54.406208515167236
-61.962074279785156
-48.1525661945343
-53.992387771606445
-44.65390753746033
-44.9289436340332
-28.741115767508745
-47.89430785179138
-48.51576209068298
-65.24576878547668
-48.491958141326904
-54.454304695129395
-50.82477641105652
-53.06557273864746
-35.474417328834534
-45.167232036590576
-48.28416496515274
-54.671690225601196
-43.457736134529114
-58.04289674758911
-35.11835515499115
-53.06145668029785
-47.4858238697052
-59.82946586608887
-46.78426122665405
-59.783302783966064
-41.54061210155487
-53.93266534805298
-51.28260374069214
-53.61880922317505
-58.771286964416504
-63.0051851272583
-65.96605885028839
-68.9002730846405
-45.54062743484974
-61.3748254776001
-42.880834490060806
-55.44488275051117
-52.25069868564606
-53.772324562072754
-33.411228358745575
-48.70686078071594
-45.743921995162964
-60.01395845413208
-61.292712688446045
-62.90654420852661
-35.125753313302994
-54.043700098991394
-47.60210049152374
-57.025562047958374
-42.12375557422638
-45.06629002094269
-38.855106353759766
-54.48105311393738
-56.26041579246521
-52.747657775878906
-34.198499262332916
-56.54636001586914
-50.042029827833176
-61.97416526079178
-43.61900591850281
-53.34220904111862
-42.0729885995388
-54.827910393476486
-33.68101614713669
-44.2067106962204
-46.23142969608307
-47.6205917596817
-48.160295486450195
-61.41693568229675
-51.075775384902954
-61.4083833694458
-59.304232120513916
-61.46853303909302
-43.998504400253296
-55.82079029083252
-44.50790864229202
-69.21663475036621
-57.93417239189148
-51.61483407020569
-50.294899463653564
-55.5137152671814
-38.686244770884514
-55.691807985305786
-46.47002798318863
-62.04135608673096
-53.946760416030884
-60.99128484725952
-37.37252816557884
-38.96378445625305
-52.70463848114014
-54.1947979927063
-50.190905690193176
-66.83546376228333
-50.96992635726929
-59.43922472000122
-49.608802795410156
-60.01707363128662
-34.04390585422516
-56.889753103256226
-52.63750779628754
-49.66438698768616
-44.61203393340111
-54.16198110580444
-38.65537813305855
-48.21699833869934
-36.4856958091259
-46.233115911483765
-48.311015129089355
-42.67084002494812
-48.71187490224838
-58.009774804115295
-63.27360022068024
-62.662084102630615
-41.5592582821846
-52.46581244468689
-46.23732137680054
-59.20889002084732
-46.617477893829346
-59.095903515815735
-47.11730074882507
-63.078447341918945
-51.24329310655594
-61.497233629226685
-53.42069238424301
-64.01193737983704
-50.224506586790085
-58.97336435317993
-61.697665095329285
-59.8509783744812
-47.43910586833954
-55.613608837127686
-59.30440950393677
-61.61269235610962
-51.1074452996254
-59.22966504096985
-53.488672733306885
-50.24883055686951
-39.73762857913971
-53.28570222854614
-48.43645131587982
-58.96194505691528
-45.268423318862915
-52.25319290161133
-41.754146218299866
-44.11247634887695
-56.84178686141968
-63.86240339279175
-43.768586456775665
-51.982136249542236
-47.476032972335815
-46.99155521392822
-44.44457149505615
-44.877878189086914
-53.13159894943237
-53.834527015686035
-44.25998508930206
-57.941054582595825
-49.214191913604736
-63.91927230358124
-37.81442832946777
-49.9014892578125
-42.31536912918091
-54.98274767398834
-55.58509278297424
-57.84140229225159
-47.000662714242935
-62.72852683067322
-54.77276134490967
-55.90441060066223
-59.36752462387085
-62.34575939178467
-44.61092135310173
-61.289916038513184
-52.43003869056702
-55.32024836540222
-52.182857632637024
-57.13340198993683
-41.22618222236633
-50.498515129089355
-48.9241681098938
-54.14955806732178
-33.005256712436676
-46.387963593006134
-59.34663927555084
-52.389671087265015
-59.34190821647644
-62.401768922805786
-46.19957506656647
-59.714009046554565
-41.025391817092896
-62.7005410194397
-43.07345849275589
-60.123451709747314
-60.88593935966492
-67.88230323791504
-49.745620012283325
-67.32601165771484
-53.262367486953735
-59.60501480102539
-48.528648257255554
-57.82312083244324
-43.62835693359375
-48.28619611263275
-49.204636454582214
-58.653725385665894
-50.826045870780945
-52.349467754364014
-48.151421308517456
-49.07424879074097
-37.2097982019186
-55.44841289520264
-39.483797907829285
-59.730363845825195
-58.197325229644775
-59.95734119415283
-44.51885533332825
-48.88942003250122
-43.58573520183563
-57.548504114151
-49.82996964454651
-63.341196060180664
-49.65460729598999
-61.214656352996826
-42.275052547454834
-53.451706409454346
-46.81295394897461
-54.49682259559631
-55.888864517211914
-52.20879578590393
-43.61326042935252
-51.234519481658936
-48.74490833282471
-56.729496479034424
-39.94258138537407
-52.786471366882324
-51.27645218372345
-51.09043347835541
-42.566061437129974
-71.21599340438843
-53.77323341369629
-68.95917272567749
-48.20814228057861
-49.286922454833984
-45.27323007583618
-64.57350778579712
-44.84890931844711
-45.70788288116455
-55.525596380233765
-53.38626492023468
-45.122327744960785
-61.211345583200455
-41.65788388252258
-71.90190172195435
-39.7419390976429
-41.84311777120456
-56.81100940704346
-50.89449095726013
-48.82055306434631
-58.99377751350403
-38.876654505729675
-57.189274311065674
-45.73497059941292
-43.97744178771973
-39.11428499221802
-49.50637769699097
-46.370182394981384
-65.68169164657593
-49.6983003616333
-58.18000841140747
-47.15438425540924
-52.105807065963745
-44.892696142196655
-64.17343211174011
-51.256598472595215
-54.43732690811157
-51.573888301849365
-55.80770826339722
-47.375149726867676
-48.01624655723572
-32.396743193268776
-62.210962653160095
-52.312257051467896
-67.17102414369583
-50.736754298210144
-56.64090061187744
-46.254666328430176
-43.92167282104492
-39.86184239387512
-51.09311902523041
-45.90710628032684
-50.398178815841675
-46.8541975915432
-60.491655111312866
-39.00639349222183
-57.04653811454773
-60.93124175071716
-55.35653614997864
-32.816635489463806
-43.08987703919411
-36.49591284990311
-51.886700332164764
-32.766385078430176
-41.90704503003508
-48.17778480052948
-56.951019048690796
-58.21113920211792
-64.9506721496582
-48.41612434387207
-56.02402639389038
-28.876988619565964
-54.647303104400635
-48.23498332500458
-61.15116548538208
-44.540136218070984
-56.84302473068237
-46.106528997421265
-50.29896378517151
-29.740029335021973
-46.08773094415665
-34.08274722099304
-40.20375271886587
-60.762447357177734
-67.11093592643738
-42.411144614219666
-58.11035919189453
-30.05080059170723
-40.98964328318834
-44.428457617759705
-41.70201504230499
-55.582390546798706
-66.94705438613892
-48.00354480743408
-55.52458429336548
-41.47590655088425
-47.37702441215515
-38.71463441848755
-45.14124208688736
-39.7231707572937
-59.99962568283081
-49.38103249669075
-60.69343280792236
-42.88984656333923
-55.938981771469116
-60.329736948013306
-51.79112386703491
-43.46576380729675
-53.02470622956753
-52.77515268325806
-58.840659618377686
-46.43595516681671
-57.321792006492615
-36.162780702114105
-58.21917390823364
-50.8008451461792
-54.37573266029358
-54.117610692977905
-66.79548025131226
-52.08368468284607
-62.05446767807007
-47.53801813721657
-54.43242287635803
-51.93831151723862
-63.688435554504395
-45.68674683570862
-52.58514904975891
-46.01232820749283
-55.362464904785156
-52.54826211929321
-58.17276573181152
-59.322015047073364
-55.74236011505127
-56.85685706138611
-72.36183738708496
-46.535873115062714
-58.31653928756714
-56.00846427679062
-57.63789105415344
-38.85292086005211
-51.08300995826721
-50.80661964416504
-59.24658966064453
-37.220383644104004
-54.33453106880188
-45.98428153991699
-60.03913366794586
-55.98817992210388
-61.17368268966675
-53.09316277503967
-61.14028549194336
-57.61680746078491
-60.72790217399597
-42.17996084690094
-53.391746401786804
-36.79443997144699
-44.32191035337746
-44.91409206390381
-53.80273962020874
-31.751111157238483
-46.10601234436035
-41.774243988096714
-59.55967330932617
-56.787137269973755
-62.719948291778564
-43.089357018470764
-53.17693614959717
-31.313660234212875
-53.15796947479248
-60.2790607213974
-68.09915661811829
-35.371185541152954
-52.94761395454407
-34.24185919761658
-59.88822150230408
-48.329505026340485
-59.65677046775818
-46.28096389770508
-46.26771402359009
-35.882261991500854
-47.391929268836975