-33.664718717336655
-53.236495435237885
-42.75881224870682
-58.87490630149841
-37.392943881452084
-44.55710708349943
-38.647016778588295
-48.39129340648651
-48.6323356628418
-48.98635011911392
-39.54586458206177
-46.78193947672844
-36.756455313719925
-62.19910984393209
-47.845118514829664
-59.672625806881115
-47.5852638910801
-53.01477911945403
-38.34336706914473
-40.22589566500028
-32.43811023235321
-57.623510122299194
-35.81036293506622
-52.29855126142502
-62.735673904418945
-62.79684841632843
-44.04541511833668
-46.237291008234024
-56.18479526042938
-50.43869757652283
-46.52739775180817
-54.2974716424942
-46.727713495492935
-62.81107306480408
-30.359740257263184
-48.49129983782768
-37.413103222846985
-44.62696252763271
-46.99919879436493
-53.77700102329254
-49.84747529029846
-53.69119715690613
-34.62823975458741
-43.195887967944145
-47.63550090789795
-62.78948223590851
-36.2744210883975
-43.03599851578474
-42.24062755703926
-49.07099962234497
-51.09232985973358
-56.10885739326477
-37.42884675459209
-43.03893120185239
-23.87264732393669
-28.18656995332276
-47.328782396623865
-47.43972551569459
-56.16458374192007
-61.61435079279909
-56.025181556586176
-56.86520164875401
-45.874853521352634
-50.45456087355706
-47.96477809548378
-54.11869317293167
-40.25007112324238
-45.71764951944351
-57.08980428753421
-61.20849538323819
-35.40418824739754
-40.55028540969943
-49.25354115664959
-65.5737795829773
-60.287564516067505
-68.22600537538528
-39.36042967438698
-53.51278182864189
-48.03358554840088
-57.086457669734955
-40.18756213784218
-56.82747268676758
-25.56051629781723
-42.60561811923981
-48.186293840408325
-51.84477758407593
-39.04418697208166
-43.19588703662157
-35.827791896866984
-39.53311579339061
-25.207226431928575
-30.05197975662304
-41.00955509906635
-51.76161109621171
-50.39164533512667
-58.242199304746464
-44.41211938858032
-57.47783970832825
-42.9360545873642
-53.55917690694332
-42.72762429714203
-52.05292248725891
-24.766586020588875
-36.90966913104057
-42.53483906504698
-59.12303633010015
-46.813583944225684
-60.159735884692054
-43.22150444984436
-49.40873169898987
-33.91715258359909
-38.85914587974548
-38.53653731942177
-42.901108518242836
-56.29449647665024
-61.96414011716843
-36.81867925077677
-54.09780311584473
-43.18044330179691
-51.76221024990082
-41.75894659757614
-54.996392130851746
-37.60229328274727
-48.536079943180084
-60.06295637055882
-61.253824399318546
-47.23162948868412
-58.97125003859401
-35.086395502090454
-43.08011984825134
-28.435072101652622
-34.97126696258783
-42.665569350123405
-57.140437841415405
-59.73618793487549
-71.64749228954315
-40.54517424106598
-51.34824812412262
-31.767486296594143
-39.76463337242603
-48.027313232421875
-57.36538922786713
-31.277210384607315
-40.137327432632446
-50.36950135231018
-63.22458732128143
-24.30578799173236
-46.896998818963766
-48.968458354473114
-53.28644555807114
-56.14630061388016
-59.3212565779686
-52.792439222335815
-67.33486127853394
-28.50276245176792
-41.95017197728157
-44.44285759329796
-52.73972678184509
-39.98871172219515
-53.23337922990322
-61.79650243371725
-72.65338572859764
-60.744205713272095
-58.082627058029175
-47.66575317084789
-42.0760098695755
-50.086775430478156
-64.46348260273226
-38.44236871507019
-51.00081503280671
-29.238415747880936
-44.745553731918335
-49.102957129478455
-48.33739793300629
-29.78960607945919
-36.81385959684849
-32.82627345621586
-38.93365240097046
-50.510871323320316
-46.26845632970799
-50.886574836898944
-64.56364339764696
-52.49688267707825
-58.531321704387665
-43.622744143009186
-53.583237022161484
-39.51493352651596
-60.856369376182556
-34.68152170628309
-51.10408818721771
-34.672826409339905
-53.22859740257263
-40.3669655919075
-51.11934143304825
-37.305355578118906
-52.01393084083611
-48.26805267552845
-59.58370957702573
-52.568722974509
-54.79881535193999
-61.694951195735484
-67.17616796076618
-36.43302494287491
-38.475418865680695
-50.77054464817047
-56.938916087150574
-46.40795348584652
-65.77842664718628
-40.361280381679535
-54.34539973735809
-54.73284453735687
-70.05792639101855
-39.01184052415192
-52.82182780641597
-45.70225803530775
-47.51243410696043
-33.30306223058142
-38.375844891568704
-39.59144401550293
-58.562823951244354
-29.033579263836145
-44.0220690369606
-54.061858892440796
-66.27802312374115
-42.822731733322144
-55.9798150062561
-59.94435226917267
-59.02788592875004
-39.32924735546112
-41.3248038738966
-40.50462546013296
-49.633558713423554
-46.8891584451776
-57.96612699335674
-42.836002469062805
-51.908111572265625
-49.04452642798424
-54.372798681259155
-53.108967274427414
-52.36027145385742
-63.44969940185547
-62.15482571721077
-47.533986946742516
-56.76329996366985
-39.286359298814205
-56.201004911446944
-47.19151043891907
-48.91396725177765
-50.15158820152283
-56.88541305065155
-45.8131742477417
-55.83365535736084
-42.61235582828522
-47.67244154214859
-48.86033387639327
-55.945446869474836
-60.294243281998206
-72.0386529941461
-47.27275951206684
-68.12772160768509
-37.980149149894714
-49.38868349790573
-44.37674570828676
-53.06932766363025
-32.34355219826102
-48.651553988456726
-46.05973541736603
-55.58985900878906
-38.73611730337143
-48.44680118560791
-48.985274511855096
-52.89909777753928
-49.76859798934311
-52.65772246780398
-53.29672849178314
-61.71018350124359
-46.075732320547104
-54.68272244930267
-45.3003579035867
-45.147229074333154
-39.0517900538689
-44.60672563140179
-39.806609869003296
-51.77666938304901
-37.56572750210762
-39.81276798248291
-55.27343130111694
-63.62192177772522
-45.08652061223984
-55.74325454235077
-41.311545796561404
-49.355013244901784
-38.6257001447957
-46.23061436705757
-54.35827994346619
-59.01401734352112
-64.16028892993927
-65.47656381130219
-55.23717796802521
-67.48427510261536
-40.13606208562851
-51.210797011852264
-50.270072077866644
-47.2003226922825
-46.061474721413106
-52.553010212955996
-51.920493700075895
-61.25209489220288
-35.81554586766288
-53.19697046850342
-53.645974814891815
-56.66542983055115
-64.50621950626373
-65.24349695444107
-55.43887045700103
-57.15881070776959
-33.32055235421285
-32.54394347251218
-35.86598491668701
-51.44742214679718
-32.88639795780182
-52.96404981613159
-45.20941635756026
-62.54641337611247
-60.967853357084095
-68.310228011047
-51.34503546869382
-52.39011739548005
-47.30316980998032
-51.08732287946623
-56.13825286622159
-61.14383344062662
-45.62059386778856
-47.86267328152098
-45.12888703029603
-50.39542686785717
-51.66218521585688
-58.96989595623745
-34.730587664060295
-48.94930531425052
-43.918719481211156
-46.20458223539754
-48.85933856666088
-50.2551195025444
-52.71745681762695
-60.2666757106781
-42.87922337514465
-59.20354221621528
-39.868337260209955
-53.43491740251193
-44.70713794231415
-49.85853815078735
-41.496700793504715
-54.28308880329132
-50.62421755492687
-62.33542537689209
-47.333188593387604
-52.59797662496567
-50.17810547351837
-68.54068565368652
-26.530818283557892
-48.040043234825134
-54.69533763057552
-63.06517044012435
-58.005541182123125
-65.64305986859836
-50.20345866680145
-61.74092271924019
-45.606056213378906
-53.768528521060944
-36.02170178294182
-47.85849732160568
-26.473332531750202
-40.01315627247095
-42.37352705001831
-55.01205241680145
-44.212528347969055
-58.57996881008148
-35.23699367046356
-49.601128339767456
-43.92008721828461
-54.0328129529953
-56.598216116428375
-62.03028082847595
-50.718384981155396
-53.80410659313202
-48.04008589684963
-54.859946489334106
-41.5411060154438
-49.88251727819443
-55.90966308116913
-62.20506075024605
-46.70717692375183
-52.663421511650085
-24.821295373141766
-46.35875445604324
-21.83412505686283
-39.73063564300537
-40.535635352134705
-53.63102847337723
-48.33519458770752
-53.477367877960205
-51.106360857374966
-53.67277059878688
-37.20983177702874
-39.38008689603885
-47.86235758126713
-54.38648928748444
-42.91081112064421
-40.27693837258266
-46.868544816970825
-54.85608971118927
-59.583160281181335
-71.0909686088562
-54.56203155219555
-65.4159038066864
-37.67766299843788
-51.25886234641075
-45.95124006271362
-49.202518939971924
-59.87745904922485
-65.37995409965515
-45.925309628248215
-52.77165651321411
-32.7124053761363
-39.999909698963165
-36.6346233189106
-54.24674320220947
-54.74143886566162
-67.18515336513519
-50.381448686122894
-52.10294097661972
-51.58233892917633
-52.40292990207672
-58.50129899382591
-66.70612978935242
-44.9001579284668
-57.23262441158295
-42.32041162252426
-48.22626048326492
-44.28463523834944
-52.244253277778625
-49.41787362098694
-64.66146743297577
-42.079042851924896
-53.24823200702667
-57.77131962776184
-60.598814249038696
-40.4087086096406
-42.17920669913292
-57.00317025184631
-55.1398503780365
-54.242353558540344
-52.58277499675751
-64.33889746665955
-63.17291796207428
-49.65803523361683
-39.191588804125786
-52.187903225421906
-49.68010592460632
-32.92375332117081
-39.18377047777176
-53.34223547112197
-62.05500890771509
-36.67472488619387
-41.15321739432693
-48.90967673063278
-60.47404125332832
-48.882872223854065
-58.893720865249634
-39.783928990364075
-44.45357000827789
-39.91610944271088
-38.57751274108887
-40.44964783848263
-55.82129421073478
-32.68898932004231
-50.749523046892136
-40.29468631744385
-51.760090589523315
-54.039074659347534
-62.219016313552856
-46.30708718299866
-43.9739465713501
-52.98493707180023
-55.00818610191345
-41.51217257976532
-61.03972852230072
-46.000823736190796
-63.13836681842804
-52.043917536735535
-58.296988010406494
-45.204845547676086
-50.42449805140495
-64.43578243255615
-66.04518580436707
-47.610888972878456
-44.605756759643555
-35.33233913779259
-42.88232232630253
-47.35096263885498
-58.75021803379059
-37.83122718334198
-47.34176295995712
-36.63151042163372
-46.75522595643997
-44.43357044458389
-57.9485889673233
-46.270316541194916
-48.351911038160324
-55.96811127662659
-65.22812938690186
-60.48291903734207
-73.49047923088074
-46.7389612197876
-46.73975360393524
-68.82978457212448
-66.76535415649414
-55.24957671761513
-63.66091167926788
-32.43308584392071
-40.95580327510834
-48.71936684846878
-52.332193195819855
-29.824319936335087
-32.469589319080114
-36.06230881810188
-52.446298241615295
-37.27050441503525
-47.83843630552292
-48.093302726745605
-53.88967144489288
-38.8946396112442
-37.63687601685524
-35.08505841908482
-43.72300903539872
-33.261689572136675
-38.69622809578141
-38.06599383056164
-44.89974784851074
-40.54978209733963
-40.087576597929
-51.632287070155144
-50.69477599859238
-30.41751192137599
-35.555604711174965
-31.422810077667236
-48.87217712402344
-36.913585379719734
-59.85030372440815
-51.9308779835701
-54.334782779216766
-47.48140299320221
-51.60290330648422
-45.5654783397913
-52.23624038696289
-57.125116020441055
-59.56226468086243
-47.24139893054962
-58.68433749675751
-23.829648407176137
-35.68956555612385
-47.5799147519283
-54.30306942484458
-57.02713070390746
-62.37323796146666
-37.79373204149306
-63.369196401908994
-49.69835762679577
-66.16568505764008
-56.57992476224899
-58.34027951955795
-31.87738487124443
-39.39926074817777
-44.28060531616211
-56.01163458824158
-60.37027579545975
-69.29664921760559
-46.691888868808746
-46.427635073661804
-53.24390929937363
-63.2004314661026
-37.8309635668993
-46.67810785770416
-36.48707315325737
-50.36098259687424
-36.94175512238871
-54.38981160731055
-38.974842442781664
-53.107264486083295
-46.19093060493469
-53.69230008125305
-38.55898390710354
-45.5962395966053
-34.972758054733276
-45.22852826118469
-42.58886969089508
-50.67712926864624
-46.730342626571655
-64.23611915111542
-28.949648894369602
-43.40027578547597
-56.46002867817879
-53.72645726799965
-29.289532639086246
-38.25642657279968
-50.10203346610069
-60.495500802993774
-42.705183789134026
-48.95650666952133
-44.93665409088135
-62.480313658714294
-59.819226026535034
-66.48141503334045
-44.08632423670497
-44.910944608076534
-29.401003075530753
-31.34875016924343
-54.47262364625931
-66.4935114979744
-43.16782087087631
-51.83670175075531
-32.458836315377994
-42.65144705473358
-28.380760800304415
-41.49823177207145
-45.50846493244171
-52.83252143859863
-67.04932522773743
-76.74647283554077
-46.89071011543274
-58.01770734786987
-38.20189654827118
-55.05136001110077
-40.07464241981506
-49.37329626083374
-28.919589402154088
-37.746594186872244
-29.916504204273224
-49.08256697654724
-34.1073282212019
-50.999919563531876
-50.5893480181694
-60.56998693943024
-44.011270344257355
-47.883323311805725
-53.02524747652933
-58.24403909407556
-28.74351304024458
-36.77458460256457
-35.47381429374218
-42.21369007229805
-44.894575119018555
-50.35476380586624
-31.306012265384197
-55.104554414749146
-26.91820979118347
-48.93444526195526
-51.803327322006226
-60.39172577857971
-41.80149254947901
-41.680119920521975
-45.64825755357742
-60.223787784576416
-47.23521411418915
-59.86481821537018
-45.992755234241486
-44.4589546918869
-47.81643903255463
-44.94879323244095
-34.25483238697052
-50.53647422790527
-34.87143421173096
-48.39669904112816
-47.98404064774513
-63.279433846473694
-44.898257315158844
-55.423100233078
-61.985196113586426
-70.04101896286011
-51.79188387095928
-60.8354731798172
-48.82925432920456
-53.64256489276886
-41.076998971402645
-52.289607524871826
-38.53934979438782
-59.97914373874664
-47.56662046909332
-56.81809198856354
-51.05192971229553
-55.58763122558594
-31.844504356384277
-38.49836075305939
-53.142311811447144
-61.76031017303467
-29.159155040979385
-32.42248826101422
-52.99929714202881
-61.265963554382324
-64.27855777740479
-69.96681118011475
-41.52125883102417
-52.37358295917511
-61.65570092201233
-70.55557370185852
-50.92147110635415
-61.303823857801035
-31.69031875114888
-40.64318278239807
-39.69710671901703
-54.035648345947266
-46.13041689991951
-58.022395610809326
-49.4315350651741
-54.13660669326782
-37.33120399713516
-42.02985401451588
-43.52063167095184
-45.18340194225311
-37.00456476211548
-46.59883999824524
-35.63065220415592
-59.67715811729431
-43.88942039012909
-57.018739104270935
-38.88038247823715
-54.474836349487305
-60.64764046669006
-71.69256210327148
-54.403815269470215
-58.48025870323181
-48.50476008653641
-53.91435241699219
-27.932550548277504
-43.131180114127346
-57.24368479434088
-62.31486270479945
-58.808441519737244
-64.09850764274597
-58.52214175462723
-73.17972838878632
-54.42068600654602
-68.02536141872406
-47.460856199264526
-55.739967942237854
-43.590558648109436
-50.52065360546112
-35.01107123494148
-44.85481885075569
-36.55266311112791
-51.835392847657204
-44.843369118869305
-59.04448405408766
-52.35414010286331
-52.367785945534706
-34.001064881682396
-41.21857297420502
-49.9181048568571
-49.49668871684844
-55.861803349107504
-59.925567496262374
-32.93908107280731
-50.5515239238739
-40.80192011594772
-56.3730046749115
-43.045728757977486
-62.15944439172745
-48.9902805685997
-56.28170824050903
-43.81372606754303
-51.0164680480957
-30.586273930966854
-37.43930209428072
-43.12337812781334
-50.662760972976685
-43.538681387901306
-51.664076149463654
-41.3432697057724
-59.19736850261688
-56.30596773745492
-64.25611397327157
-50.1848142282106
-59.75432437635027
-48.17156171798706
-48.935505747795105
-44.71597108244896
-46.58031885325909
-41.94864720106125
-56.46330261230469
-49.93294897675514
-58.94415092468262
-41.88543879985809
-59.48176991939545
-32.00177747011185
-42.064109057188034
-55.13111913204193
-65.62823605537415
-46.973894119262695
-51.063374280929565
-43.76920485496521
-56.649242639541626
-44.547856748104095
-55.623231649398804
-59.18803822994232
-57.26795828342438
-75.35735654830933
-71.07003700733185
-42.3748576939106
-54.61637902259827
-47.03113639354706
-65.12634670734406
-62.06474447250366
-64.07257294654846
-36.407052423805
-40.798832427710295
-59.67955082654953
-70.01007127761841
-50.59158539772034
-47.96587818861008
-41.310861110687256
-61.642961382865906
-37.44900196790695
-56.08448135852814
-42.98777216672897
-57.67825889587402
-64.1823263168335
-77.0249171257019
-38.707254976034164
-47.68274402618408
-38.67039906978607
-49.586068630218506
-40.969905495643616
-57.36397087574005
-60.48237105458975
-74.01654493808746
-35.57812827825546
-40.33593414723873
-51.91731286048889
-55.06042158603668
-53.88686728477478
-51.27164876461029
-64.98189210891724
-57.89746975898743
-57.153157566674054
-58.87996106350329
-39.02761663682759
-40.914033499895595
-36.06662967801094
-43.39870008826256
-33.03082990646362
-39.40888349711895
-54.92834156751633
-62.774138391017914
-42.719997465610504
-50.351885825395584
-34.74526110291481
-50.46965432167053
-39.95473566651344
-55.32454615831375
-41.496360063552856
-51.412930965423584
-34.890819385647774
-40.76973037421703
-48.49099381058477
-49.76298136579862
-37.52043891197536
-40.8745357206717
-51.77004286646843
-67.53336399793625
-53.379037737846375
-63.1322546005249
-48.02955762948841
-46.19017829844961
-42.97348504001275
-45.89358846077812
-29.319550335407257
-35.68863368034363
-43.13224941492081
-48.580284118652344
-62.3136727809906
-56.32152032852173
-37.00648864544928
-35.79663742519915
-54.637819051742554
-58.91489040851593
-47.3107144087553
-48.51915566623211
-52.22267401218414
-56.70779538154602
-30.514653891324997
-40.905182883143425
-36.24484748765826
-50.550366669893265
-37.64702899008989
-48.01393664628267
-40.856701374053955
-53.3527626991272
-57.92319616675377
-66.03822416067123
-42.330252438783646
-54.144530951976776
-62.00062021613121
-67.59029924869537
-45.6884585916996
-51.08407509326935
-44.74917095899582
-49.956622302532196
-49.165080189704895
-52.12078523635864
-42.1808747947216
-41.54429817199707
-48.62817454338074
-64.58118534088135
-38.27460467815399
-51.49097655713558
-39.19496622681618
-55.78772842884064
-25.51508568227291
-39.377945721149445
-47.079978227615356
-58.23818492889404
-37.61043620109558
-56.08216333389282
-55.73131763935089
-52.10277271270752
-68.43762230873108
-66.82462149858475
-45.46248449385166
-56.34002932906151
-49.34867835044861
-68.01912784576416
-38.45275515317917
-59.849419355392456
-55.4430390521884
-65.3517427444458
-31.25602024793625
-41.717229783535004
-31.619315192103386
-40.46019467711449
-47.4036450535059
-52.64244186088035
-57.887846544152126
-63.13243710775714
-62.555816650390625
-57.43806552886963
-44.89083753153682
-45.81403160095215
-46.98524031881243
-57.63485800358467
-46.648486172780395
-52.44783779326826
-41.453802704811096
-47.218968987464905
-36.97606763243675
-40.86707478761673
-39.56696544773877
-35.65193311202165
-35.5655506439507
-36.60164541591075
-54.0223605632782
-61.891303300857544
-49.53480552136898
-51.51942265033722
-55.29750094213523
-57.62638060646714
-45.93886325811036
-46.55964329169365
-41.22521376609802
-59.604612827301025
-43.77039986848831
-57.479491114616394
-40.34942355751991
-65.30775207281113
-48.80477321147919
-61.140342473983765
-49.187830611132085
-55.54039874134469
-30.8816242707544
-43.36373779264977
-50.24799985298887
-57.035580003670475
-37.013515200000256
-39.62646511824278
-43.577515959739685
-56.17541563510895
-38.68727666139603
-46.56165337562561
-58.70483207702637
-63.086703300476074
-47.09062559902668
-43.085938423871994
-48.42339986562729
-61.3191602230072
-26.822355903685093
-36.83427619561553
-62.997743368148804
-75.19633054733276
-33.459373235702515
-49.56456816196442
-56.71336126327515
-56.67704796791077
-51.21311503648758
-44.04705590009689
-51.583618638927874
-57.77810430296813
-49.764655580729595
-57.80159799584362
-47.10995077611733
-53.984791628536186
-29.50143569103966
-38.68773507451988
-38.77022413816303
-52.115318034309894
-51.43720663152635
-59.482625785982236
-45.42545735495514
-50.102163846604526
-39.61619466199045
-52.43060604549828
-43.785282135009766
-50.7833046913147
-42.84249871969223
-50.806024968624115
-46.23934443295002
-56.106539368629456
-22.132730805315077
-37.503406130708754
-49.584094151854515
-60.26990079879761
-40.88446086645126
-38.303542107343674
-56.24757173657417
-68.9199755191803
-37.6592680811882
-53.2232301235199
-44.72550228238106
-51.572227001190186
-37.96473015099764
-46.6331707239151
-40.62515580654144
-46.55273365974426
-39.159364853054285
-47.26320664584637
-47.641377687454224
-55.642022013664246
-39.17891363799572
-50.256893277168274
-41.397924929857254
-63.14272117614746
-51.19070303440094
-62.134148597717285
-50.029914140701294
-63.07856464385986
-35.55170354247093
-42.786484479904175
-44.22802186012268
-65.85724699497223
-36.95841205120087
-47.67459046840668
-49.50902363657951
-63.338619351387024
-52.471172749996185
-56.07531416416168
-42.81381094455719
-49.43215277791023
-30.26855766773224
-40.212678998708725
-56.23052525520325
-57.018131732940674
-37.43616932630539
-38.3555893599987
-42.96397137641907
-59.7276246547699
-52.11693775653839
-66.28337121009827
-36.25317731243558
-38.53366990745417
-52.59905275661731
-60.70112299478933
-31.776329432614148
-39.534235117956996
-55.33122682571411
-70.64636486768723
-42.99115744419396
-48.07838992099278
-40.321676444262266
-47.80468073900556
-32.66437780857086
-38.46128749847412
-47.74773746728897
-55.461855590343475
-46.26957467198372
-57.38236427307129
-50.20686814188957
-61.134548008441925
-41.933384358882904
-55.88909137248993
-30.33689497411251
-36.44822545349598
-51.29624617099762
-62.886659145355225
-34.479625625535846
-38.31131484545767
-51.02789360284805
-59.82574510574341
-67.12133604288101
-75.71027183532715
-47.92562806606293
-62.75462996959686
-41.46521957218647
-58.94137912988663
-45.85369370877743
-62.28463077545166
-34.89031998813152
-44.10016027092934
-49.74905329942703
-64.87993168830872
-44.06398904323578
-60.20994520187378
-34.323906276375055
-39.47527751386224
-47.08907753182575
-50.48948054856737
-52.135089826304466
-54.076179380572285
-38.43275754712522
-39.55748575819962
-29.28712096810341
-47.09716820716858
-61.27384650707245
-65.16573238372803
-56.27878825634252
-68.13594224734697
-47.54326760605909
-55.829870691290125
-37.29586458206177
-44.04380714893341
-43.548425018787384
-50.33742697536945
-53.656126260757446
-46.63644552230835
-53.16650998592377
-47.621117919683456
-40.61036419868469
-45.872790575027466
-34.6051822565496
-40.25097443535924
-45.54451036453247
-55.259724855422974
-57.867561131715775
-62.40702211856842
-33.8530310690403
-51.06406855583191
-40.88538879156113
-55.897441148757935
-26.520724952220917
-30.101159036159515
-40.83247336745262
-45.417190447449684
-41.21354687213898
-54.80436110496521
-26.92429554462433
-36.49103343486786
-39.84114348888397
-54.75352883338928
-31.54393869638443
-46.80098795890808
-46.365442514419556
-63.266016483306885
-37.84596775472164
-57.695633232593536
-33.215625911951065
-48.52602916955948
-35.17527088522911
-49.683292865753174
-45.91207903623581
-55.15076684951782
-45.78863035142422
-51.169318437576294
-46.11740159760666
-53.2866620849818
-49.77624624717282
-59.41471496154554
-41.18158710002899
-50.52744650840759
-28.963011600077152
-40.345882788300514
-50.092370480298996
-70.06610536575317
-47.26192229986191
-53.651525020599365
-41.47402662038803
-49.267905712127686
-66.70519000291824
-72.8112645149231
-41.01028986275196
-50.67126715183258
-40.17359632253647
-47.85290223360062
-39.432758927345276
-44.437873125076294
-40.426089845597744
-43.32080040872097
-46.73433727025986
-61.88982009887695
-30.07984459400177
-49.32849717140198
-41.07705166935921
-50.77290236949921
-39.662103086709976
-47.447235107421875
-52.34453837573528
-54.5124169588089
-62.221436738967896
-62.08816361427307
-65.5819524526596
-57.806872487068176
-53.562278389930725
-52.15198200941086
-52.11043717339635
-56.92057977616787
-38.88946984708309
-41.98499023914337
-37.589211985468864
-50.163708448410034
-48.347529232501984
-56.828243136405945
-44.025354303768836
-50.28945766192919
-40.9547108951956
-43.94352471169259
-53.68598997592926
-55.43066856265068
-42.67022091150284
-45.19369924068451
-49.82598891295493
-48.68164781539235
-48.01726956595667
-46.36154627482756
-46.11790311336517
-57.42541551589966
-32.918876349925995
-48.5236451625824
-56.368956327438354
-65.2976735830307
-39.63488793373108
-46.486684024333954
-48.173121839761734
-63.66935634613037
-31.486534148454666
-45.642698004841805
-41.77811872959137
-54.038485050201416
-30.19906359910965
-56.704495310783386
-48.21363225579262
-63.25334995985031
-37.84116792678833
-50.62981295585632
-35.120934009552
-53.04984760284424
-38.404421746730804
-55.31769806146622
-50.344008455984294
-55.16114321477653
-39.80581970070489
-41.56940491878777
-48.917652010917664
-52.20323371887207
-59.44923749566078
-62.832460820674896
-40.402232229709625
-49.20207494497299
-55.50976896286011
-62.52579551935196
-55.24330985546112
-68.77297592163086
-43.191322326660156
-57.50394868850708
-49.67532776808366
-54.60290371044539
-37.47345946636051
-45.62625287810806
-44.110720206517726
-57.81261043250561
-50.56314820284024
-55.94653124874458
-41.11866843700409
-50.250847935676575
-28.80315638333559
-43.85587579011917
-46.07465843856335
-52.821180641651154
-39.82750824093819
-49.344398111104965
-47.18437269865535
-53.35662792439689
-35.65957815106958
-37.05637041988666
-56.88937541563064
-70.62206378873088
-50.96978905797005
-53.72709073126316
-52.53226625919342
-53.37901419401169
-39.23758777976036
-52.324602484703064
-30.270716339349747
-40.654500372707844
-39.68963927542791
-41.137599513385794
-41.53604526119307
-43.144689705797646
-46.85521125793457
-59.09836083650589
-41.70119094848633
-53.81231540441513
-51.41420894861221
-64.02274823188782
-40.839264929294586
-57.59148299694061
-52.16372564435005
-61.16600501537323
-41.72351539134979
-54.36928367614746
-54.67974495887756
-51.521047472953796
-53.46317458152771
-54.402951300144196
-49.74226056039333
-64.41121792793274
-36.44386146962643
-42.51908603310585
-54.11433446407318
-61.63302230834961
-39.36681658029556
-47.68543002009392
-44.5832789093256
-44.7346214056015
-50.25569689273834
-54.053772032260895
-45.35626697540283
-61.7985577583313
-35.22651222348213
-46.56556376814842
-39.881130397319794
-37.39447212219238
-43.81125268340111
-51.34603840112686
-37.95758640698841
-54.01223343492893
-33.299678160961776
-43.654454777199135
-48.68644522642717
-56.77015338373894
-43.90310766507173
-43.13769921447238
-44.026419153553434
-52.67810955760069
-41.90526536339894
-46.02571121416986
-39.41321873664856
-50.89190602302551
-48.17502525448799
-57.372522830963135
-50.424594700336456
-65.16879999637604
-52.21047878265381
-58.69941985607147
-39.666046261787415
-46.51023596525192
-30.05331987142563
-44.7875109910965
-54.63958388566971
-51.101717472076416
-54.47481906414032
-57.05391043424606
-34.91150653362274
-39.911384761333466
-39.864130556583405
-45.97768831253052
-31.442149370908737
-36.81263133883476
-35.61100510507822
-43.08179896697402
-33.44301524758339
-50.86338931322098
-36.86127460002899
-53.594188809394836
-48.16005130112171
-49.494524002075195
-58.975245118141174
-65.83358895778656
-43.19890022277832
-57.94259810447693
-61.23457229137421
-71.7541732788086
-58.12006330490112
-61.83133673667908
-31.883767127990723
-41.53873282670975
-47.727384235244244
-59.81460230657831
-42.987053570570424
-47.602915249648504
-38.95192548632622
-50.770883828401566
-54.03209634497762
-61.37767684459686
-53.611802101135254
-53.30608904361725
-53.68825924396515
-57.086457669734955
-53.895903423428535
-63.51478807954118
-39.59919967944734
-50.21039602672681
-52.19477987289429
-55.993531703948975
-38.77396135032177
-45.13863755762577
-41.34726309776306
-52.30826926231384
-27.915888637304306
-37.31850055605173
-45.86200893390924
-46.27145980028581
-57.788658916717395
-61.036143034110864
-42.516316175460815
-55.668186008930206
-30.276068940758705
-42.97821158543229
-44.03051601606421
-49.040833559840394
-44.475337512558326
-53.17779802978475
-45.33306276798248
-56.13637590408325
-43.46939092874527
-53.25967276096344
-51.188810602761805
-53.67458295165852
-46.925736002624035
-53.85049048656947
-42.19065970182419
-54.00881868600845
-50.15302795171738
-65.50179386138916
-22.157543550245464
-39.589265804737806
-60.03733170032501
-72.84802162647247
-25.670141771435738
-40.69213229417801
-35.246705770492554
-53.27672401070595
-34.83001843094826
-54.597996175289154
-27.546915784478188
-40.965586975216866
-36.41256243735552
-48.31814795732498
-42.664395213127136
-56.424116253852844
-42.47180590033531
-42.558909848332405
-50.671266198158264
-53.31985604763031
-49.25120567459089
-61.48566864314489
-38.27624385873787
-57.4151387733873
-62.900959730148315
-57.917601346969604
-69.21526980400085
-65.86092162132263
-64.19090390205383
-61.42538833618164
-62.895753502845764
-54.6186181306839
-49.99141678214073
-58.886868476867676
-33.638817608356476
-50.65312334895134
-42.43331801891327
-53.08553171157837
-44.01712790131569
-53.65012592077255
-52.44993895292282
-54.38387846946716
-53.00660049915314
-67.63877141475677
-40.921982157975435
-43.27840948961966
-46.35778026655316
-47.887555355504446
-41.93526220321655
-47.622599601745605
-29.852531000971794
-39.486740589141846
-39.8568651676178
-50.837881445884705
-49.25088948011398
-57.17913556098938
-33.391968339681625
-55.46304428577423
-49.737486481666565
-61.79127621650696
-41.081499099731445
-45.53600859642029
-46.569085359573364
-52.970709681510925
-44.56812623143196
-59.22434079647064
-34.72624035924673
-46.441240556538105
-59.87986445426941
-57.906118869781494
-31.536247730255127
-29.650702692568302
-50.088558077812195
-60.160245418548584
-30.520010825246572
-48.01605408359319
-26.276200629770756
-38.569968551397324
-36.957333981990814
-46.64582425355911
-55.63932156562805
-56.53661274909973
-60.53380161523819
-61.735553443431854
-52.31892168521881
-61.04204225540161
-49.90743100643158
-64.48931884765625
-44.30029755830765
-60.730045795440674
-56.29001219605561
-69.17073461203836
-53.80490777594969
-57.52117751483456
-67.75025153160095
-61.45161557197571
-47.99034249782562
-48.98883581161499
-35.65713894234068
-43.41189024893538
-32.53953950936557
-41.96329729701392
-40.6265464425087
-60.35143184661865
-30.428163945674896
-46.2571474686265
-53.951774299144745
-42.63917529582977
-34.46462158858776
-41.18268743157387
-48.274274468421936
-63.50067925453186
-43.42504903674126
-57.74718362092972
-54.61798059940338
-62.39099931716919
-49.09305387735367
-48.79377472400665
-40.9115993976593
-48.835585594177246
-40.923317193984985
-53.63875138759613
-44.82492992281914
-64.4011926651001
-41.36798767745495
-50.79075790196657
-35.795906499028206
-58.941577196121216
-54.60399806499481
-67.6466555595398
-43.003934472038964
-54.34022008499596
-54.66424087029009
-63.0415980569087
-48.41706311702728
-57.57559108734131
-50.48286157846451
-54.71193289756775
-39.914594888687134
-50.429999351501465
-32.26615256071091
-44.97830104827881
-36.14850306510925
-45.72179180383682
-33.90462280064821
-38.3564180880785
-47.85974368453026
-50.82203382253647
-41.608328729867935
-56.03518730401993
-37.50085347890854
-54.039822936058044
-43.74750316143036
-62.561848163604736
-48.89130048966035
-44.74118637957508
-45.82738135382533
-49.026966956262186
-50.39355391263962
-50.53213053941727
-28.363628178834915
-37.823225259780884
-28.063839212059975
-35.577602595090866
-50.825059592723846
-61.72805738449097
-53.00160828977823
-55.5654498354852
-55.71955115906894
-56.97372589877341
-41.27700066566467
-49.84323477745056
-44.33645810186863
-50.25036323070526
-49.227803953923285
-55.32682136846415
-40.2508860938251
-42.492840525075735
-48.82976081967354
-68.32467067241669
-37.13440401852131
-37.47553588449955
-44.242029428482056
-46.901739582419395
-40.956751465797424
-44.48992758989334
-52.226132810115814
-47.89909899234772
-25.340803660452366
-33.75589660555124
-55.612843059934676
-56.8623735011206
-37.54003364685923
-41.55730765739281
-40.84264254570007
-44.76679337024689
-47.44362914562225
-57.54437184333801
-25.700907096266747
-33.85276676155627
-43.37871711580374
-56.01950891199522
-45.5907541019842
-51.534334637923166
-45.15663814544678
-41.82635509967804
-55.954208850860596
-59.51996177434921
-56.27484858036041
-59.826170444488525
-43.213364362716675
-49.84512157738209
-45.265156984329224
-54.50617003440857
-40.392199993133545
-50.82626032829285
-29.216962963342667
-41.17838045954704
-54.297104115416005
-56.69519360130653
-26.40448746655602
-35.88390424870886
-39.333311926573515
-48.6559735070914
-33.70219370722771
-48.31939399242401
-48.63457818608731
-55.22489409451373
-60.74066217569634
-68.75508740264922
-40.18689906783402
-41.183621164054784
-42.37276221223874
-45.09284704746824
-47.967369735240936
-52.777729749679565
-53.80715048313141
-60.07374811172485
-49.20268180966377
-53.97843497991562
-44.74525636434555
-54.51801836490631
-52.03590816259384
-67.82330060005188
-43.54865499678999
-45.571475324708445
-41.52543947007507
-46.008945860325184
-47.914988458156586
-57.63849079608917
-43.1154734864831
-53.375474974513054
-42.65921947360039
-49.16328465938568
-26.268009951338172
-32.94644567929208
-34.60862195491791
-39.00227403640747
-41.60964250564575
-48.56716376543045
-45.70276838541031
-51.22595688700676
-35.98171526193619
-43.75742417573929
-39.25564055144787
-59.097737550735474
-54.62294954061508
-68.00990056991577
-58.24583435058594
-53.98068308830261
-42.66887140274048
-43.55353486537933
-52.27300453186035
-61.78801864385605
-30.98127497535461
-42.37914840597659
-45.71580720692873
-62.92973691225052
-39.308490097522736
-47.43484655022621
-45.752067506313324
-58.376538038253784
-41.24457120895386
-48.1676030009985
-42.67182922363281
-53.902280151844025
-30.762127552181482
-40.73318926990032
-51.323116064071655
-65.15868735313416
-31.576325237751007
-41.52022087574005
-50.1436961889267
-53.69253432750702
-56.21466428041458
-54.71193289756775
-62.10061717033386
-58.41679263114929
-65.75707995891571
-57.21826910972595
-38.997843503952026
-51.62758016586304
-67.0098528265953
-74.88401472568512
-35.575695753097534
-43.32555454969406
-56.81268364016432
-62.87823504395783
-41.16628640203271
-47.747904512798414
-47.22206550836563
-52.27682840824127
-66.53785872459412
-83.69778418540955
-42.33508940041065
-58.61681926250458
-36.43959105014801
-54.931747019290924
-44.68159543715592
-53.237128255481366
-37.93054914401728
-47.823641829665576
-64.24553972482681
-63.885743379592896
-42.25492962449789
-44.493606857955456
-52.22814476490021
-56.031707525253296
-36.51660495996475
-46.36473299562931
-36.534345760941505
-43.68050681054592
-39.32584887742996
-44.65269884467125
-47.20812237262726
-55.102866411209106
-39.82348680496216
-48.517600536346436
-55.566500306129456
-58.123496770858765
-67.93659991025925
-67.18665266036987
-38.67813941836357
-43.59738075733185
-35.39405870437622
-45.043589383363724
-51.20408058166504
-70.32373404502869
-64.48176157474518
-70.8184027671814
-36.33190834522247
-43.20664304494858
-44.34692630171776
-54.85380482673645
-50.95528125646524
-61.51414828072302
-33.82726450264454
-40.602261766791344
-58.74580828845501
-62.832460820674896
-59.0408171415329
-65.22220182418823
-52.64237231016159
-60.42932665348053
-44.28882454521954
-54.34266229532659
-50.79321416676976
-62.74100535991602
-28.44691262749984
-37.04607291956199
-53.9677677148793
-59.95110773268971
-52.49189805984497
-59.12956666946411
-64.97302258014679
-69.32669055461884
-42.58480091392994
-56.30345046520233
-49.08721327781677
-61.01993703842163
-53.33772873878479
-62.085378885269165
-39.02975445985794
-49.31904977560043
-34.80453151464462
-42.135471031069756
-44.856430411338806
-51.60290378332138
-50.131638050079346
-46.12452530860901
-47.7731092274189
-40.024437963962555
-39.96565929541248
-56.811754709342495
-38.55122404299618
-52.446801087935455
-51.3445830331184
-51.4928340028855
-41.62885704450309
-44.301392952838796
-34.98504391312599
-51.639711141586304
-43.378525137901306
-56.905444860458374
-23.952221273098985
-32.924855454446515
-36.836464118474396
-43.51473146934586
-46.19802892510779
-45.34118793126254
-48.4809659452294
-51.42838344878692
-42.211522980127484
-45.64842315072019
-29.716473842272535
-30.86514441165491
-43.911583960056305
-50.029456079006195
-45.03009682893753
-50.887054204940796
-53.74807298183441
-60.55624210834503
-43.956048130989075
-52.86922001838684
-42.15393668413162
-64.5437171459198
-64.05877017974854
-70.59922790527344
-32.68828904628754
-44.27557563781738
-45.97244954109192
-53.675448060035706
-50.40469515323639
-54.393242955207825
-47.515402257442474
-53.90720373392105
-51.02152240276337
-50.51661169528961
-54.96019694209099
-53.20124460756779
-42.51931624300778
-42.84672361276898
-45.040441101416945
-44.7669334476559
-51.469725012779236
-64.69374257326126
-38.8069674372673
-57.106725454330444
-38.26736613176763
-35.70337147114333
-36.42590860754717
-38.01157236221479
-35.40498056716751
-43.06500808277633
-42.103665890172124
-54.6806632244261
-48.452414870262146
-63.37357532978058
-48.664124488830566
-63.307372093200684
-57.22399187088013
-65.4574408531189
-67.04246437549591
-72.32058143615723
-49.33031249046326
-58.751840233802795
-41.47117793560028
-49.35645282268524
-35.106519520282745
-37.32628720998764
-31.31547622382641
-46.774591505527496
-44.470288038253784
-59.246241211891174
-51.645445227622986
-66.39741444587708
-43.11146852315869
-64.63401774666272
-51.19352768216049
-65.80375225888565
-50.451855540275574
-59.65789747238159
-36.49168045818806
-45.14678716659546
-38.88083019852638
-52.28092575073242
-45.375709384679794
-53.86401325464249
-48.90546214580536
-56.18189024925232
-42.47971856594086
-51.04800146818161
-59.705564975738525
-55.90264189243317
-64.52817362546921
-56.587233543395996
-45.20003044605255
-59.52113938331604
-57.333507895469666
-57.45017063617706
-33.91366422176361
-52.845070004463196
-48.94219118356705
-65.12014603614807
-48.88648998737335
-49.30516707897186
-43.471110224723816
-44.903056383132935
-49.146287235227646
-48.73223615984898
-39.65920577276847
-54.63725670718122
-36.39484306854138
-48.37985818419838
-33.08919248768507
-41.22977863784763
-37.09590828418732
-55.53705286979675
-46.429848074913025
-62.59194839000702
-42.24447041749954
-64.39187443256378
-40.81178099196404
-46.30873379718105
-31.875884328852408
-43.50666754922713
-42.90754914069112
-49.6822887636954
-27.49295173585415
-38.91523705422878
-34.58051234483719
-45.37440627813339
-50.60941517353058
-56.3135724067688
-35.65607288479805
-44.514405965805054
-50.45324975019321
-61.16092781419866
-41.600295236712554
-49.88830627617426
-45.424994395056274
-58.416736672166735
-45.20412826258689
-46.87095968647918
-47.644276294857264
-45.00469608604908
-50.70268189907074
-52.09435772895813
-40.89979004859924
-43.45989340543747
-40.84755736589432
-58.87978982925415
-36.98094513639808
-49.90248847194016
-50.06985073676333
-52.848364247427526
-43.54555503861047
-42.74720710362453
-46.43559718132019
-55.80841422080994
-38.37072038650513
-51.741854190826416
-46.04218390583992
-50.015609204769135
-33.36490758508444
-34.77351275831461
-40.831893637776375
-59.745227575302124
-33.01293843984604
-42.044016897678375
-50.39555183053017
-62.55858063697815
-36.770389437675476
-45.13363480567932
-51.498576521873474
-54.298111259937286
-45.469106674194336
-55.320401549339294
-45.33035886287689
-64.0474328994751
-39.77837985754013
-46.25833660364151
-42.46340239048004
-46.45249843597412
-65.2178783416748
-65.03002429008484
-40.14333511888981
-47.460345074534416
-63.98343675583601
-67.87204748392105
-38.573262214660645
-50.035566091537476
-39.56453247368336
-51.267085164785385
-32.58079391717911
-42.98261833190918
-30.966863453388214
-39.663838639855385
-37.67422139644623
-56.93546974658966
-45.32123091816902
-55.02208662033081
-44.16321003437042
-54.80473357439041
-51.53094534249976
-60.312801587351714
-31.838316779583693
-34.11989868457022
-49.55816933512688
-66.86542814970016
-45.76515319943428
-54.97958219051361
-47.91641607880592
-57.08972646086477
-47.560550352558494
-59.38282815332059
-46.8515899181366
-55.753228306770325
-32.52714020013809
-40.07626157999039
-46.532399624586105
-48.70057225227356
-46.545638740062714
-51.31562489271164
-42.72071489691734
-50.14833378791809
-45.57273009419441
-56.70726001262665
-41.571539640426636
-47.32299089431763
-43.35523450374603
-50.72269457578659
-51.62624257802963
-54.902302265167236
-44.423072546720505
-54.5457729101181
-32.26204242557287
-40.48970875144005
-50.525798827409744
-67.89855378866196
-36.624199479818344
-51.79985350370407
-37.54801821708679
-56.52475368976593
-33.856997562976176
-53.53299674438313
-47.81927525669744
-55.981534191872925
-50.90594348311424
-62.15308594703674
-46.32363152503967
-52.20511528849602
-50.54922670125961
-59.06377458572388
-31.298241041600704
-41.35261146724224
-46.56653904914856
-55.700471103191376
-45.265921890735626
-48.23141813278198
-51.09262689948082
-57.946005046367645
-48.36497646570206
-55.04874265193939
-39.64180492982268
-46.833078026771545
-27.97870171024988
-36.35443656455027
-27.10109649070364
-33.87635532638524
-43.57640194892883
-56.12003016471863
-41.98735749721527
-53.24999302625656
-39.59523642063141
-55.981260657310486
-45.17450934648514
-59.06753659248352
-56.16287398338318
-62.91774606704712
-34.16870129108429
-39.7646319270134
-40.63361048594379
-53.045755775878206
-42.816734994441504
-52.582368664909154
-37.16786813735962
-42.29942297935486
-47.16306507587433
-51.4820818901062
-50.85110165178776
-59.89787931740284
-58.67288344819099
-65.80993402772583
-49.58144250326586
-65.55254304327536
-45.82070091366768
-58.10056020319462
-31.572490349411964
-41.2254119515419
-25.554324015975
-34.5321079492569
-21.002640640363097
-28.525177128612995
-27.024343848228455
-33.92132729291916
-37.34043073654175
-49.570701360702515
-37.31133809685707
-57.02903974056244
-18.615976478904486
-39.663547828793526
-53.860937281511724
-59.73978557344526
-59.411834716796875
-62.27752077579498
-48.28988528251648
-59.79782056808472
-44.61091797053814
-63.2160929441452
-40.75786881148815
-60.906140089035034
-44.19588661193848
-57.36284279823303
-46.12471830844879
-53.38013482093811
-46.27502942085266
-53.36705946922302
-45.530235200509196
-52.39376573843765
-50.07949494640343
-61.04187166029442
-37.862846329808235
-53.438677966594696
-51.541760087013245
-61.33431792259216
-43.02800440788269
-50.08441519737244
-48.50411057472229
-51.98893314599991
-38.23003574553877
-56.64513415819965
-44.0820108394837
-56.750060929043684
-49.43755125999451
-52.446757078170776
-39.06665162742138
-48.44307327270508
-38.71733052376658
-48.55066060333047
-38.26915668649599
-47.16025679616723
-50.63605052232742
-70.1783218383789
-30.100132629275322
-45.68157172203064
-30.36128067970276
-41.51202541589737
-27.175823912024498
-41.17838045954704
-23.604353219270706
-46.22982966899872
-51.01252081990242
-67.08562082052231
-45.16697806119919
-40.08853432536125
-44.881274074316025
-37.63887666165829
-37.52127984166145
-44.597471326589584
-54.03699088096619
-52.926069378852844
-49.73543077707291
-63.766721963882446
-36.60528716444969
-58.66154730319977
-48.50620076060295
-62.19583034515381
-55.608630657196045
-64.53275036811829
-34.5288621133659
-43.02573507116176
-43.65714010829106
-46.405313473776914
-41.59061527252197
-53.93270754814148
-48.06202679872513
-60.62316358089447
-37.26180022954941
-55.528210401535034
-59.329279938712716
-68.01659646630287
-45.75490069389343
-52.30547499656677
-32.749667912721634
-48.207336366176605
-49.71350270478615
-63.26708724582568
-47.575951097554935
-56.476022786227986
-57.65936279296875
-68.46389603614807
-29.419609766453505
-34.16798558086157
-39.19629019498825
-49.91175675392151
-48.1662200987339
-56.300389647483826
-44.14300845563412
-63.853867292404175
-32.97072273492813
-56.360753774642944
-44.33454191684723
-47.47659397125244
-67.69861304759979
-67.36832332611084
-64.12923173606396
-67.12796020507812
-64.22031819820404
-77.45088648796082
-43.633143186569214
-50.149112701416016
-37.321921572089195
-44.33924750983715
-55.260117242345586
-63.50564213329926
-49.09620866691694
-54.24282837469946
-45.61689427495003
-59.407195806503296
-31.977390237152576
-50.37408374249935
-53.429970264434814
-53.13056135177612
-36.44734099507332
-38.75996972620487
-47.40441071987152
-53.96001708507538
-51.33274187054485
-56.53388323076069
-25.74422135949135
-41.12391638755798
-46.91812002658844
-59.26624643802643
-56.9272511373274
-53.501240198878804
-54.48948044702411
-57.16947565221926
-41.53653705120087
-52.09781265258789
-47.68483203649521
-52.83552823960781
-47.55650782585144
-54.65394949913025
-29.709573924541473
-34.972190737724304
-55.68353393673897
-69.04276251792908
-51.930211186409
-57.008907437324524
-37.74478690100659
-51.798406181507744
-22.267957027928787
-33.106340567115694
-40.692031383514404
-58.839590072631836
-31.705033540725708
-51.38467054069042
-46.86430335044861
-62.82238817214966
-39.442264914512634
-58.87476587295532
-49.86803483963013
-54.54528510570526
-50.76893103122711
-57.484538078308105
-48.60567103512585
-50.87135975396086
-57.07392042782158
-60.853202455327846
-28.33909547328949
-43.62186789512634
-54.26788502931595
-62.15842115879059
-46.69066726613528
-53.71181124105351
-45.279633738449775
-48.386359616737536
-50.295836970210075
-55.71327942609787
-47.239799082279205
-59.73913097381592
-43.759249709546566
-63.36598062515259
-58.47761410474777
-74.11517238616943
-45.68595343828201
-48.302118599414825
-31.026205897331238
-39.34784948825836
-48.68007002770901
-51.33263336494565
-61.928955078125
-70.2192394733429
-46.417014222788566
-54.09383970394265
-41.02464120001241
-41.031469612775254
-40.99831289052963
-60.126028299331665
-36.88909062743187
-49.42868825793266
-41.66375282406807
-43.81565997004509
-52.08814727514982
-55.35947781801224
-42.18407183885574
-47.28716731071472
-64.95468214526772
-69.4154844135046
-53.63193202018738
-48.28315329551697
-57.16928297281265
-47.24250942468643
-43.31485164165497
-56.82943677902222
-42.87400805950165
-61.78671431541443
-45.65144568376854
-51.840375031162694
-48.116768116633466
-51.27938406598696
-40.58715410938021
-45.434989768778905
-47.857945978234056
-52.7177504269639
-54.432572529651225
-58.21491025481373
-43.46356752468273
-52.302383007248864
-47.80229222215712
-53.781788368942216
-43.20093856845051
-48.11340093053877
-31.598233819007874
-43.05543291568756
-43.92648531496525
-55.968734443187714
-48.95119309425354
-56.92125177383423
-37.029710561037064
-42.026388600468636
-50.35783624649048
-55.64502215385437
-38.107312217354774
-42.36931271851063
-48.81512784957886
-59.73910427093506
-32.87839612364769
-57.68868148326874
-50.41902405023575
-48.977710634469986
-52.80245637893677
-53.7661275267601
-32.448893681168556
-52.332147002220154
-34.457599341869354
-58.61429464817047
-43.990448501645005
-56.97267754172208
-31.476271979510784
-40.36983933026204
-37.473182678222656
-48.88180065155029
-48.46477076411247
-63.30343532562256
-46.07838622381678
-48.517790121492
-33.329336604627315
-43.89822754816851
-32.86497324705124
-38.17858240008354
-42.049516439437866
-51.35358691215515
-41.14437322107551
-55.32625054832897
-28.556167034566897
-38.03368109015719
-38.921695560216904
-55.11029326915741
-34.08483076095581
-44.92839139699936
-37.47515243156886
-49.60588991038094
-46.620233771980566
-55.818968150400906
-50.981565200258046
-53.502713798268815
-49.032696555834264
-45.83755284487779
-41.546483874320984
-51.912492752075195
-41.13007686287165
-51.83064651489258
-69.95758032798767
-67.15770697593689
-53.37031728029251
-49.59614413976669
-64.31535512208939
-57.36761391162872
-68.71375489234924
-66.25518071651459
-34.42256835103035
-44.29421818256378
-46.09919196367264
-52.877893686294556
-32.11457026004791
-45.32101511955261
-44.51297759928275
-56.4834770282032
-56.185964848002186
-58.00151324569015
-52.39857721328735
-53.6898832321167
-62.023071594536304
-63.226565822958946
-47.630050285253674
-52.21135198785487
-55.95754185505211
-59.925567645273986
-55.90611875522882
-55.34563075486221
-49.87985992245376
-51.850814276520396
-38.36358058452606
-52.222471714019775
-54.51878345012665
-57.897470235824585
-33.51791161298752
-40.62393122911453
-37.839353412389755
-48.46595561504364
-40.61216115951538
-66.28868508338928
-49.87765568494797
-64.78842830657959
-41.15296173095703
-44.840770840644836
-51.67324221134186
-56.520638823509216
-44.90879774093628
-51.17891025543213
-44.629313945770264
-56.0825309753418
-48.604236364364624
-59.57155966758728
-22.220407843589783
-33.85410181619227
-54.10365879535675
-51.9975780248642
-55.24098801612854
-52.594541788101196
-49.88265597820282
-63.2703332901001
-35.19716939330101
-49.02812087535858
-51.64415693283081
-71.30712330341339
-56.925818644464016
-65.91321939229965
-36.140402151984745
-51.82892888900824
-16.54666325202561
-33.396820809459314
-47.80034552514553
-62.798607379198074
-35.16585509479046
-43.92105305939913
-65.28623723983765
-65.90776252746582
-59.197278797626495
-59.11524456739426
-36.96816721558571
-49.27198380231857
-29.18173937499523
-39.18377047777176
-50.63764536380768
-53.30748224258423
-44.84868377447128
-56.37665057182312
-34.47303915023804
-39.68269634246826
-60.706675350666046
-64.09954196214676
-59.85091757774353
-53.25576364994049
-42.03466905653477
-37.527399230748415
-49.242284178733826
-57.76013422012329
-41.21641391515732
-45.06869196891785
-44.80905627645552
-52.53449391774484
-49.47532195132226
-52.37638437216083
-43.46262687444687
-46.127215874614194
-38.958378648385406
-39.6190070072189
-31.349721655249596
-52.87882936000824
-39.644544184207916
-56.6145715713501
-49.004037618637085
-55.91996657848358
-29.79225142300129
-36.2587666362524
-40.95533609121776
-62.23340662103146
-54.63552819075994
-73.60505461000139
-45.61759557458572
-55.40874397940934
-39.08456993103027
-46.24715235829353
-45.11891651968472
-51.91143497259327
-39.09882491576718
-41.52056264649582
-44.992245627217926
-50.7637161987368
-47.1444473862648
-54.27321760356426
-35.37362741678953
-44.5721425563097
-31.580039447322633
-54.723801902495325
-49.15105342800962
-54.232758649624884
-36.41077357530594
-48.25293946266174
-34.19402340054512
-49.09843388199806
-35.619747042655945
-44.41293942928314
-50.74234929680824
-58.365602016448975
-41.33924663066864
-45.608554780483246
-40.19440579414368
-48.678514912724495
-46.423545835958066
-62.7864105287008
-40.48560919104784
-51.54384503746405
-40.8545401096344
-49.262993812561035
-37.96321927011013
-50.15731438994408
-57.59231948852539
-50.269476771354675
-49.52849593758583
-44.810585767030716
-50.04070351651171
-60.69541732867947
-36.945681631565094
-36.66698530316353
-46.17551084770821
-59.59995230101049
-32.27729269536212
-36.872321358532645
-46.321436285972595
-43.75567185878754
-53.40851318836212
-57.68125534057617
-44.71917963027954
-57.823004961013794
-65.08718204498291
-68.05418401956558
-50.66598279029131
-54.861573934555054
-49.25043562054634
-56.13581609725952
-40.112491339445114
-54.77560043334961
-62.129788517951965
-73.46027553081512
-50.646089017391205
-53.05786883831024
-34.03830173611641
-41.248622849583626
-35.54053050279617
-54.493814051151276
-33.48312449455261
-57.57929468154907
-45.48360000597313
-59.841618412872776
-34.58685051975772
-45.626347432960756
-50.13917950214818
-49.51412796885052
-30.79105803510174
-30.52204218317638
-40.984283654237515
-64.37312746467069
-38.82568507504766
-58.204742043686565
-52.003602147102356
-65.33700799942017
-37.416390746831894
-45.30259561538696
-61.002906918525696
-63.00932693481445
-25.892930284142494
-33.603109603747725
-33.59996876120567
-49.8516982793808
-41.03822195529938
-54.61549073457718
-46.17836683988571
-56.663676500320435
-58.55283299088478
-62.89891028404236
-51.1914923787117
-61.9504274725914
-51.50878590345383
-59.53638315200806
-30.972938887774944
-54.82077646255493
-39.00963234901428
-59.27984803915024
-38.28275480866432
-52.130087196826935
-44.68397814035416
-53.84026789665222
-30.334027137607336
-33.16788024827838
-42.64876988530159
-53.62216275930405
-29.11800727248192
-37.93493850529194
-41.665187361999415
-54.76868982723681
-50.09535157645587
-58.994235553080216
-44.906893962062895
-48.29075940484472
-41.23571091517806
-45.21232631188468
-50.282520055770874
-48.49603199958801
-61.91741639375687
-52.62835258245468
-43.569345474243164
-54.727224588394165
-31.621846675872803
-39.627009987831116
-50.998777747154236
-47.372785687446594
-49.484939232468605
-51.598954021930695
-44.59538725018501
-55.75172317028046
-24.85212491452694
-37.47973841428757
-47.90386736392975
-60.39813160896301
-51.99433833360672
-64.6907262802124
-53.10288065671921
-67.80942964553833
-58.39610135555267
-69.92817306518555
-47.78802179102786
-47.01578077542581
-38.43792576374835
-45.45090222268118
-47.64477056171745
-45.08259538016864
-30.919167598010972
-29.097418481862405
-47.14520069025457
-49.08528220288281
-56.33453954104334
-58.030256250320235
-37.197465024888515
-53.62689069658518
-62.453577876091
-73.24787521362305
-43.97994899749756
-48.23313856124878
-34.50809544324875
-41.041914254426956
-45.129915833473206
-56.89164841175079
-48.82413196563721
-60.86714267730713
-46.97227704524994
-51.53751200437546
-39.25976626574993
-49.213878974318504
-48.71229267120361
-58.18141722679138
-43.24392104148865
-54.6261088848114
-45.43061059713364
-53.32816958427429
-41.81532508134842
-51.18387055397034
-37.30663561820984
-49.40841221809387
-43.768073320388794
-50.37416708469391
-52.832097828388214
-56.01337790489197
-42.77271354198456
-51.21255958080292
-52.52557238936424
-59.755887538194656
-64.88657269626856
-64.671431183815
-44.28326725959778
-59.20209759473801
-36.42294545471668
-49.70985345542431
-37.412501126527786
-51.42031627893448
-38.68435627222061
-51.24601912498474
-40.45763102173805
-47.637856900691986
-50.26520519409678
-61.90642375731841
-33.66637291041843
-46.837040771730244
-47.93875777721405
-64.61986410617828
-42.147548377513885
-60.2952995300293
-43.186038970947266
-62.901774883270264
-38.37551027536392
-46.445224076509476
-44.29443285927846
-57.044635605067015
-35.41711621242575
-49.203433719230816
-46.71199647150934
-54.02368306054268
-33.844699589535594
-49.203433719230816
-48.5024174451828
-64.75756931304932
-24.454851804301143
-41.35890893265605
-31.726006418466568
-51.56256949901581
-42.146671533584595
-44.94761657714844
-39.85679962209542
-41.090833057613054
-33.212971334462054
-39.452379762387864
-48.652481362223625
-53.40078163146973
-47.810939371585846
-52.74841547012329
-48.78155039873673
-64.5928029329516
-51.22944722301327
-48.63581844869623
-35.9192412593402
-35.14259229891468
-61.26071786880493
-59.95300912857056
-71.48578023910522
-65.55502179265022
-42.42133188247681
-50.76003134250641
-26.10538437962532
-34.4607053771615
-35.08400094509125
-46.07420063018799
-35.500019043684006
-49.02812087535858
-50.427330017089844
-52.566696882247925
-48.52704658219591
-54.77061499065894
-49.87027846183628
-55.2870503924496
-41.92267374321818
-44.84744623283041
-32.79039571713656
-37.205504202021984
-53.21712803840637
-62.45381569862366
-25.48751539736986
-44.02480489388108
-41.50179015100002
-51.76492178440094
-47.56644010543823
-59.361431300640106
-38.37577372789383
-51.16320723295212
-48.43109103292227
-71.49857729673386
-44.3616719096899
-65.17390477657318
-43.974966287612915
-59.740045607089996
-45.335698971757665
-47.9368243707213
-61.18601220753044
-59.61624801522703
-32.45005166530609
-43.5791240632534
-40.2803573012352
-43.829550206661224
-59.08866864316951
-67.22214746389727
-36.92170907655964
-44.217317625658325
-43.10476437211037
-61.695242524147034
-29.74235439300537
-46.06599462032318
-45.94363708794117
-54.46729311347008
-30.13595762848854
-43.54950749129057
-47.44027638435364
-53.88465857505798
-33.75111064314842
-48.12966251373291
-54.59910428524017
-52.32172167301178
-36.7880723439157
-40.046427238732576
-47.84332895278931
-49.643646001815796
-62.04287172853947
-68.07833787798882
-50.36540691182017
-53.65721282653976
-52.3641802072525
-60.427649974823
-51.68875131011009
-54.4007670879364
-40.41413098573685
-44.695318937301636
-45.50505858659744
-55.87884879112244
-55.272952914237976
-65.53258752822876
-41.47217911481857
-46.237291380763054
-51.7380906753242
-51.902048919015215
-51.30511709023267
-51.24578133880277
-44.32985591888428
-60.35600781440735
-40.572260946035385
-57.41788125038147
-46.01448667049408
-62.58067083358765
-38.16279527544975
-54.38825988769531
-34.1438444852829
-42.98949706554413
-41.81874966621399
-48.69938945770264
-45.72851947367599
-48.016330985192326
-33.124774061259814
-47.13017594478151
-33.1397774964571
-57.415077209472656
-28.169834226369858
-53.90181989222765
-41.33518472313881
-50.516595125198364
-35.809522211551666
-48.22584979236126
-51.20008498430252
-63.45442247390747
-32.101476699113846
-46.843505859375
-32.58907323330641
-43.84021008014679
-49.19227600097656
-65.60985994338989
-49.44131463766098
-67.37560939788818
-40.90296080708504
-56.68763792514801
-48.76746754243504
-61.331923871533945
-46.70481722263503
-63.33946308656596
-51.47735436982475
-63.41447250347119
-31.214004698442295
-38.212591314455494
-46.793670455714164
-65.06920918344986
-34.82796967291506
-47.331846867338754
-40.984192848205566
-57.64958190917969
-32.00225766003132
-46.00440142303705
-45.39315216941759
-54.4097437527962
-32.82974128611386
-39.42109419644112
-47.194814352551475
-51.92411485663615
-51.11953350904514
-64.21371163718868
-40.99322736263275
-51.606107115745544
-42.01576218008995
-56.80778953433037
-39.23758748173714
-47.52542361617088
-43.07454425096512
-47.360057950019836
-28.231506898999214
-34.68422274291515
-63.79080441594124
-67.56782776117325
-50.67496492341161
-56.522516308814374
-34.69650360196829
-41.16411192902888
-27.48729208111763
-46.317681431770325
-29.376145534217358
-45.40879909694195
-50.2826939545339
-50.93389151591691
-37.022240183549
-35.317456361619406
-56.46760964393616
-64.25146186351776
-49.80164784193039
-60.904744386672974
-44.76167106628418
-62.414340019226074
-28.44534233212471
-48.567806363105774
-73.09073972702026
-71.48000597953796
-63.63626843690872
-56.46476727724075
-39.542660173989134
-55.55970051942859
-47.98179579683347
-58.55422313181043
-61.36798852682114
-70.84558534622192
-38.52776336669922
-52.02452504634857
-57.617910623550415
-58.35909080505371
-53.22682765126228
-51.76819056272507
-41.50101263821125
-56.237818002700806
-30.433866761624813
-47.16130854934454
-52.32145273685455
-52.68229639530182
-35.80578267201781
-32.5489441845566
-36.75656831264496
-54.955039262771606
-39.8570563942194
-54.030175909399986
-46.508884474635124
-45.75097993016243
-63.037481501698494
-66.1856015920639
-39.54452941264026
-50.781475072784815
-47.17753809283022
-58.29136612889124
-38.13416526540095
-58.35035210830392
-37.19237172185967
-43.47722929669544
-31.04161548614502
-41.66015040874481
-42.927643060684204
-50.06696766614914
-45.005939960479736
-60.646697998046875
-37.97299408912659
-54.85629391670227
-52.25328803062439
-63.245789766311646
-54.3677334189415
-61.74547576904297
-40.14584809541702
-53.50644600391388
-54.84489172697067
-73.01849143207073
-35.26870132237673
-48.93936201930046
-51.60767276585102
-69.93776082992554
-39.84868423640728
-47.994896709918976
-57.92879581451416
-70.49071860313416
-50.9677848815918
-58.86553192138672
-39.706503033638
-55.775397300720215
-51.32854175567627
-59.337923526763916
-42.715570852160454
-43.9741940000531
-58.79750219825655
-59.65435071644606
-28.49545220285654
-43.669788241386414
-34.469724118709564
-49.8981057703495
-33.22576421499252
-47.44071185588837
-46.04600769281387
-54.801893055438995
-42.326525926589966
-48.486992955207825
-44.35585529357195
-45.91625264286995
-32.17879496514797
-54.02468478679657
-37.11035895347595
-60.987051248550415
-41.328184366226196
-50.619410276412964
-51.8653085231781
-63.76073634624481
-59.026000902056694
-62.25483822822571
-38.623927034437656
-53.1674208343029
-48.93026575446129
-58.29468855261803
-58.31683315336704
-62.48626571893692
-44.73298157192767
-46.24900101815001
-41.12238226342015
-47.696454356162576
-43.82950937747955
-61.32346558570862
-33.59512770175934
-59.23876729607582
-50.395205477718264
-63.30963496817276
-51.33483342267573
-49.28506057464983
-36.60763682425022
-50.57382559776306
-48.63892623782158
-63.71593379974365
-49.08325415849686
-57.516972064971924
-28.016628436744213
-36.188514925539494
-47.241666911711945
-56.84978382414556
-46.631838256107585
-59.94496547473682
-42.46383932232857
-50.83175078034401
-42.66243940591812
-52.41420567035675
-42.793461948633194
-55.84397339820862
-31.109158888459206
-41.653567381203175
-33.25499240569479
-48.616657314269105
-51.37649447316653
-61.331742639544245
-46.45529192686081
-64.51046907901764
-53.293309450149536
-57.01392883062363
-27.01068772561848
-35.09776732698083
-47.3889237344265
-57.50600641965866
-41.83611122146249
-47.447235107421875
-41.99899899959564
-40.69799077510834
-43.372570514678955
-50.899650394916534
-41.599731519818306
-60.29978585243225
-40.05618339776993
-53.65900015830994
-49.40812250506133
-48.61729464548989
-41.668792909476906
-42.820571920557995
-30.671114322649373
-52.29107966774609
-53.78196907043457
-60.80608105659485
-53.05854833126068
-61.576062083244324
-49.770606555161066
-54.21032321354869
-32.84434772469103
-32.76024375630368
-56.08333659172058
-62.25965374708176
-48.332106828689575
-54.020395040512085
-35.62262147665024
-36.43564397096634
-42.246901512145996
-56.239784479141235
-32.10939425230026
-41.21847760677338
-42.49126893281937
-52.72347420454025
-65.35445582668763
-62.97269357275218
-31.80544294642459
-41.543910745414905
-47.23254042863846
-58.47530674934387
-27.311718304641545
-43.58620878122747
-47.368574410676956
-57.454570949077606
-48.53753882646561
-54.934394001960754
-44.47097247838974
-59.099493622779846
-48.86123585700989
-55.62114942073822
-41.32385718822479
-58.89990043640137
-38.83224141597748
-46.00012585520744
-39.686844407431636
-51.62583585153334
-27.705672043783125
-38.857082120739506
-50.27309515327215
-52.333368584513664
-40.56491358578205
-46.07100045681
-46.41263023018837
-60.05228793621063
-41.729419991374016
-49.49455867707729
-52.4386745095253
-62.10516440868378
-37.721419751644135
-50.61978566646576
-40.40816166996956
-56.924734473228455
-33.688095905818045
-39.551032688541454
-47.4432088425383
-49.85346736367501
-50.16609162837267
-58.149227142333984
-53.84942704439163
-65.56830358505249
-36.29446667432785
-48.20735090970993
-36.35404393076897
-42.39840289950371
-46.15683174133301
-55.81831133365631
-32.62217080593109
-52.55514585971832
-50.09940719604492
-54.568066120147705
-65.52370882034302
-65.25452423095703
-51.48644959926605
-62.2409690618515
-50.159674525260925
-53.97971844673157
-45.03635108470917
-55.71391952037811
-48.509320229291916
-53.844011545181274
-55.1807256937027
-59.55180096626282
-50.81072383397259
-65.83054764504777
-41.20066447654972
-53.16793553321622
-59.95894384384155
-56.781388998031616
-46.38071870803833
-42.77896935492754
-47.202367436140776
-59.94411838054657
-44.40209239721298
-52.70150876045227
-47.26079977620975
-49.66952743873844
-55.63633682957152
-61.05281673921945
-32.518600434064865
-43.119784116744995
-42.43140706419945
-50.637435138225555
-38.8549799118191
-38.52924915961921
-50.081515461206436
-40.88133008778095
-45.166728258132935
-50.99438142776489
-45.7695087492466
-50.533756494522095
-45.605242013931274
-54.51512861251831
-60.18604528903961
-65.30441474914551
-40.88314962387085
-44.4621696472168
-38.830027520656586
-46.41634660959244
-39.10419987142086
-67.82523989677429
-32.43037483096123
-55.9155170917511
-49.882646679878235
-63.66424739360809
-48.82099026441574
-56.132044553756714
-53.963414430618286
-56.29277992248535
-47.81087976694107
-47.04599741101265
-43.378902196884155
-59.72933268547058
-28.12393617630005
-45.63408499956131
-56.20349156856537
-51.090412974357605
-41.75311724841595
-36.85646465420723
-38.1017841398716
-61.611366510391235
-35.87541517615318
-56.29027569293976
-46.50082646822557
-58.56437671172898
-31.740883804493933
-41.485962470193044
-43.4775343525107
-45.5362006991636
-59.10255098110065
-58.453055600461084
-51.499892006628215
-53.00439891568385
-50.7317533493042
-58.114875078201294
-40.41841712594032
-44.90465819835663
-41.19925677776337
-51.54207167029381
-40.6879456192255
-48.92851431667805
-55.47452610731125
-61.19180965423584
-33.08456715941429
-36.19222092628479
-54.48509621620178
-54.16170334815979
-47.59972023963928
-57.9601092338562
-45.80728220939636
-54.88876795768738
-34.719105660915375
-49.102308854460716
-50.360137820243835
-58.444512724876404
-56.59781628847122
-56.55695390701294
-40.566770792007446
-63.85876703262329
-37.3502094745636
-56.003734827041626
-37.96870388742536
-55.0951685924083
-57.063098549842834
-71.00700545310974
-43.20260524749756
-44.866150856018066
-50.02849215269089
-52.369321167469025
-40.65140986442566
-46.084714740514755
-51.47945338883437
-53.17831049863889
-33.30495562427677
-34.119896229647566
-48.50925254821777
-64.39505052566528
-25.831259459257126
-49.59851536899805
-32.28433067888545
-46.53167847493023
-38.39635836533125
-45.59502327691007
-45.63193793641403
-54.31357696629129
-27.257044744910672
-32.198365792864934
-53.77744126319885
-67.73616003990173
-46.24129445105791
-49.1205520182848
-26.443335294268763
-41.67080285882548
-62.5112846034026
-66.07788008614443
-50.618834018707275
-53.44812607765198
-63.06233835220337
-79.1626226902008
-34.12279823422432
-40.59764792025089
-31.4268184825778
-37.72787782549858
-51.77687752246857
-61.96606922149658
-48.151834428310394
-54.88528847694397
-41.07929703593254
-54.322370529174805
-43.066162168979645
-55.33396206796169
-56.581821164349094
-67.75364609097596
-43.01411038466904
-59.65024440601701
-29.869917211726715
-39.404933286394225
-36.0427195403463
-49.18153401955351
-37.454518077553075
-43.13769805217453
-42.75343945622444
-67.39609670639038
-41.095101833343506
-57.146668434143066
-31.626697284707916
-40.215922095725546
-43.917680200058385
-50.520657771863625
-35.670474474318326
-41.72220945544541
-44.43823746824637
-51.383421782171354
-30.017627894878387
-48.144068241119385
-31.264152824878693
-54.67541992664337
-47.0797317577526
-51.647607658058405
-32.05168927833438
-40.88061052188277
-34.9708209335804
-44.933536410331726
-42.227550745010376
-54.779072999954224
-43.161531031131744
-43.881542801856995
-53.71588188409805
-56.175016313791275
-45.889150500297546
-62.23285436630249
-43.755413234233856
-60.18797028064728
-49.687000177800655
-47.163778039146564
-59.04198477999307
-62.49341473984532
-44.04859585556551
-40.10900425851287
-31.421243670309195
-36.002541981464674
-56.94602394104004
-65.81170988082886
-63.7693430185318
-69.63423418998718
-47.07005026843399
-64.41600867384113
-37.50075445766561
-49.796429998765234
-36.4530114531517
-45.34693230688572
-38.46877443790436
-45.679531052708626
-47.94519758224487
-52.49876284599304
-55.29475498199463
-50.270326375961304
-44.903384417295456
-57.13517713546753
-35.87775957069971
-55.466935948468745
-46.20185360329924
-64.16871050515329
-47.6755498459097
-55.85320812324062
-34.12072772020474
-42.012841276300605
-62.27220416069031
-69.56808829307556
-27.99337114393711
-37.848314464092255
-52.4407736655121
-65.07819043309428
-48.68903396642418
-54.6603534432943
-39.904890798032284
-52.509062081575394
-34.49652151763439
-43.08287597820163
-41.64313477277756
-56.58862650766969
-47.195966482162476
-62.443392276763916
-43.39847732742783
-44.82951406982829
-61.2138808472082
-60.51870322045579
-40.7649438501976
-56.314522823144216
-30.27112222937285
-38.457303144270554
-43.860995434224606
-57.3621124625206
-26.38848912715912
-38.389450669288635
-46.37260597866771
-63.54222962795757
-35.258051339915255
-47.135855848900974
-50.65107619762421
-63.91988444328308
-38.14523559808731
-56.32968080043793
-51.13605387706775
-64.03910246118903
-31.606714619585546
-42.17880522622727
-40.54803739323688
-47.968471124269854
-46.346633304230636
-49.70624226230211
-45.55119764234405
-53.38581579839956
-35.06410049460828
-43.876597641592525
-56.844027400016785
-63.25327658653259
-44.51610630750656
-51.39291861653328
-38.9695488512516
-48.33333992958069
-39.45178997516632
-46.65834581851959
-63.47194540500641
-73.17972838878632
-43.19542634487152
-48.45226752758026
-67.37836110591888
-67.9647017121315
-66.31762981414795
-66.45468235015869
-52.83893275260925
-51.04801028966904
-29.686014533042908
-37.26555562019348
-31.816156923770905
-40.744013890624046
-37.84154802560806
-52.36879697442055
-58.314931597560644
-63.97916413843632
-62.82657104730606
-58.34235692024231
-42.79466976225376
-38.56045225262642
-35.46647725999355
-42.82950550317764
-34.53756409138441
-45.240818589925766
-49.55065738968551
-51.945529840682866
-54.90696790115908
-65.52307819269481
-46.547481536865234
-55.80990827083588
-33.03888565301895
-40.826237201690674
-51.54592704772949
-56.46707606315613
-54.980923652648926
-61.33354830741882
-44.705326846800745
-45.205222703691106
-55.65048921853304
-53.500588646376855
-34.6255624294281
-42.060555815696716
-33.310541365048266
-49.34764920710586
-28.721291257359553
-42.56053895060904
-42.44087755680084
-51.08968257904053
-41.624360367655754
-50.76226595044136
-46.0798614025116
-53.831918716430664
-31.32643062621355
-42.67447962611914
-68.37913155555725
-61.48376250267029
-60.72893100976944
-53.95175093412399
-47.09593486785889
-43.32595705986023
-77.07764726877213
-66.80302572250366
-37.7203797930124
-46.62153983133612
-38.09141729453404
-44.749666859410354
-37.50089919567108
-53.37019085884094
-38.51479321718216
-54.716288566589355
-27.17696831961439
-45.12199599703308
-36.05263129994273
-48.90729069896042
-33.20767244696617
-46.25050385296345
-52.37383701291401
-56.646913363045314
-46.47070709196851
-49.85346803418361
-45.52508866786957
-61.457603216171265
-49.044442892074585
-61.16732406616211
-47.973942160606384
-60.00221037864685
-46.24145036935806
-55.0858017206192
-47.11571448445466
-62.95108529983554
-56.37246406287886
-74.56571139924927
-48.82459532341454
-56.675184009363875
-45.99957190034911
-52.03993034118321
-49.65335927903652
-54.973923563957214
-56.28546279668808
-64.76709261536598
-60.47838282585144
-63.68937945365906
-49.244039699435234
-46.94795078039169
-61.204208731651306
-57.7925078868866
-48.41122395172715
-38.376041531562805
-34.4523309469223
-53.04843246936798
-22.582111172378063
-39.66354615800083
-45.250053166055295
-54.53469681162096
-50.558004020665976
-56.04233920125262
-43.92726123332977
-59.439191818237305
-28.883043855428696
-49.57230681180954
-36.76934468746185
-40.7899955958128
-28.18838544934988
-38.6234313249588
-47.34651595563628
-44.82097169547342
-48.816068937419914
-52.80768035334768
-44.202714800834656
-57.32555150985718
-29.918402925133705
-51.135709166526794
-35.6280456148088
-44.72003080078866
-54.00034550856799
-62.59596302662976
-33.335787661373615
-45.461532950401306
-40.86239278316498
-50.155667662620544
-47.79033029079437
-59.582151055336
-42.525085508823395
-52.08755838871002
-30.32386938601121
-38.90980391483754
-24.992271556533524
-30.90970751576242
-61.292926609516144
-65.6956901550293
-67.21576702594757
-76.37261474132538
-38.83026319742203
-58.561865985393524
-50.54889166355133
-59.41960549354553
-47.445512771606445
-58.224300146102905
-43.422139383721515
-39.03297789194767
-50.434729212574894
-55.192582248371764
-48.51866815792164
-60.91877167811617
-51.09075784648303
-56.19995689042844
-43.209876178298146
-42.17880474147387
-40.734601736068726
-54.57667136192322
-33.31365080177784
-41.964988611638546
-32.680661126971245
-34.53429043292999
-29.747959077358246
-38.199805706739426
-43.443561848951504
-54.399674463493284
-34.3263420528383
-42.396698200987885
-54.256664069369435
-52.44710650955676
-53.79932534042746
-60.386503218302096
-40.75028073787689
-52.90139353275299
-45.220497131347656
-66.19104659557343
-52.174310088157654
-58.07469868659973
-53.01581095159054
-63.99435871839523
-57.06691110134125
-69.11252665519714
-29.097372457385063
-43.83398972451687
-49.471330136060715
-62.13723969459534
-24.293591931462288
-47.302363991737366
-41.11874997615814
-45.639847338199615
-49.07943208515644
-58.04854154586792
-48.97577714920044
-54.830668926239014
-43.20310664176941
-48.98227900266647
-37.61550110578537
-46.304500579833984
-63.449452102184296
-69.29664850234985
-40.95742798130959
-42.81063871533843
-49.580779935698956
-52.037882493721554
-50.88020169734955
-49.667951226234436
-70.41474056243896
-70.86065390706062
-29.697487947982154
-44.578114906849805
-30.609123615886347
-38.13389141573862
-47.42394030094147
-59.570199370384216
-43.630341559648514
-62.0599507689476
-49.63523054122925
-70.71209764480591
-57.29763051494956
-62.248466002522036
-53.73774827760644
-62.81488030985929
-49.92215871810913
-58.93758189678192
-63.67125344276428
-76.08615612983704
-44.78011083602905
-50.56492841243744
-33.85948970913887
-39.15787065774202
-47.513238824903965
-56.979267701506615
-30.840319268405437
-36.44047033786774
-49.6994743347168
-55.68361032009125
-41.05341586470604
-60.52964246273041
-32.653109073638916
-59.78676223754883
-32.1079917550087
-46.11306494474411
-37.870765209198
-47.293126940727234
-32.416649520397186
-42.69259534031153
-52.80965507030487
-55.1116099357605
-48.38802206516266
-52.466307640075684
-52.074596397578716
-61.05869472026825
-54.6996411383152
-65.91565752029419
-60.633094012737274
-73.1010582447052
-43.00367319583893
-56.041045904159546
-47.70739483833313
-55.00670635700226
-35.51517777517438
-37.99267628788948
-35.7248787432909
-42.98499822616577
-37.73302944004536
-43.3684102371335
-52.0721797128208
-64.59916044212878
-34.32845550682396
-40.70648534264183
-59.89888048171997
-56.646203219890594
-64.10598087310791
-58.992660880088806
-54.68394351005554
-57.150758504867554
-50.60898962710053
-63.37694327975623
-43.91477476712316
-48.724776752409525
-36.856768012046814
-47.09033226966858
-45.51909017562866
-53.98838555812836
-44.76576103056141
-58.910652385791764
-32.00915241333132
-42.724949939278304
-45.16474378108978
-56.42336368560791
-32.602779638022184
-40.025140814483166
-67.36033976078033
-69.71691584587097
-56.24909436702728
-60.457709550857544
-42.443684220314026
-56.30344557762146
-36.073521465063095
-48.060256361961365
-52.77088394231396
-66.72299998346716
-33.018212321956526
-50.499447596143
-55.41655766800977
-59.54492555730394
-47.65481627266854
-50.173003401461756
-35.510496616363525
-55.85695457458496
-26.16993634402752
-36.82572767138481
-48.819111585617065
-56.068365931510925
-29.043425649404526
-39.69307464361191
-48.54059028625488
-56.12572491168976
-47.24170845746994
-50.5924254655838
-38.58875775337219
-43.361111879348755
-44.950362301431596
-57.17550614173524
-35.322449343744665
-48.304063143383246
-58.29558074474335
-50.406020641326904
-43.74521243572235
-44.354966044425964
-56.050312638282776
-61.23153042793274
-48.73499047756195
-59.03314232826233
-42.84361684322357
-52.299706280231476
-47.05536836385727
-59.71700406074524
-44.923688888549805
-53.93177008628845
-46.25986295938492
-52.91417348384857
-38.63556566751868
-61.40071588510182
-35.410652338199725
-50.948049337253906
-60.11599600315094
-64.2511705160141
-45.93161153793335
-62.07568907737732
-51.05932536767796
-51.79733279210632
-30.804790038615465
-33.62452776823193
-51.40927720069885
-57.98009514808655
-40.58114474913964
-53.954923836419766
-38.02797141671181
-50.16586649417877
-33.07766455411911
-38.617324613034725
-54.430649548769
-66.95963317155838
-37.292728167027235
-48.989684015512466
-46.26394539945977
-56.19816135181463
-40.4901151584927
-52.71640229137847
-39.84157383441925
-41.13822175562382
-63.910735726356506
-70.03280568122864
-48.2756332475692
-52.13390356418677
-49.44136867742054
-59.659017827012576
-39.91458612680435
-56.803513407707214
-33.55446970462799
-47.745763063430786
-37.865090027451515
-44.32687574625015
-45.01452022790909
-46.24612247943878
-50.6366822719574
-68.25654482841492
-41.929277777671814
-56.15895473957062
-48.58819825598039
-52.55135270829123
-47.47532977745868
-53.05051975775132
-38.08876797661651
-40.06892877529026
-65.71515202522278
-57.25270438194275
-43.54243711382151
-36.206161484122276
-36.630686931886885
-48.90358457781258
-37.36755259796337
-43.713534498056106
-51.77090644836426
-49.87074513733387
-64.9575583934784
-65.65821355581284
-44.83700549788773
-49.010853573679924
-42.0178751158528
-54.04419469239656
-50.77024435997009
-55.679128885269165
-46.5851326584816
-52.508096516132355
-54.68491506576538
-72.00393760204315
-53.05856275558472
-57.013275146484375
-73.88747107982635
-77.71145379543304
-49.155693769454956
-50.61091768741608
-48.94015771150589
-54.965914249420166
-49.825757414102554
-70.56145739555359
-47.91220277547836
-66.62768220901489
-41.80488836765289
-53.319883584976196
-30.767617233097553
-41.527211640030146
-47.19754356145859
-60.22387170791626
-41.99918872117996
-54.7680789232254
-49.32757019996643
-52.48876619338989
-39.245492711663246
-43.94500511884689
-46.38519809930585
-53.89668187283678
-62.17042500356911
-68.49380271730479
-32.32890731096268
-52.93252158164978
-42.52928465604782
-46.71537834405899
-47.67305713413225
-52.794833702151664