0.02263586036860943
1.3759733438491821
0.0810815766453743
1.9067082405090332
0.010207213461399078
0.23745253682136536
0.009558089077472687
0.4335032105445862
0.5698941946029663
0.8136642575263977
1.434438943862915
1.122800588607788
0.04723461717367172
0.018760889768600464
0.3301290273666382
0.14422814548015594
0.001194059383124113
0.05954819172620773
0.009755042381584644
0.08496662974357605
0.0009920030133798718
0.006879235617816448
0.004183632787317038
0.020583420991897583
0.011238506063818932
0.007703778799623251
0.037858132272958755
0.11386267840862274
0.1366504281759262
0.008757935836911201
0.5279903411865234
0.07180069386959076
0.0014047531876713037
0.9819221496582031
0.0013013767311349511
0.6843254566192627
0.007902135141193867
0.4066283702850342
0.013758321292698383
0.318231999874115
0.0027045821771025658
0.6546666026115417
0.008381604216992855
0.6315529942512512
0.005118072032928467
0.25450846552848816
0.05405561253428459
0.29494401812553406
0.0003476894344203174
0.020657828077673912
0.00034649937879294157
0.015827834606170654
0.0017076097428798676
0.010583559982478619
0.0008082969579845667
0.010828351601958275
0.0018702760571613908
0.0032721764873713255
0.003379650181159377
0.0015219026245176792
0.006254403851926327
0.01724879816174507
0.007922629825770855
0.07566505670547485
0.0016967091942206025
0.19014114141464233
0.0012698143254965544
0.08810677379369736
0.001402929425239563
0.09705467522144318
0.0025519663468003273
0.1445818543434143
0.01314388308674097
0.2750697731971741
0.01015369314700365
0.3945867419242859
0.0022241175174713135
0.07126970589160919
0.0013729167403653264
0.028359217569231987
0.0002119367418345064
0.2857944667339325
0.0008963999571278691
1.2549216747283936
0.000960616278462112
0.04586368799209595
0.0008455083006992936
0.07816336303949356
0.000525863200891763
0.014476872980594635
0.0028582834638655186
0.3006971478462219
0.0011179296998307109
0.041264619678258896
0.0031758276745676994
0.1933266818523407
0.12337067723274231
1.4958604574203491
0.3019513487815857
1.5153125524520874
0.1885824054479599
0.5668796300888062
0.3152324855327606
0.7919303178787231
0.5005260109901428
0.8138232231140137
0.6729925274848938
0.9033637046813965
0.388078898191452
0.3014650344848633
0.530672550201416
0.3418321907520294
0.0010914342710748315
0.3898580074310303
0.0222233347594738
0.4314512014389038
0.007934191264212132
0.6312075257301331
0.05111144483089447
0.9851169586181641
0.0045003872364759445
0.14493219554424286
0.09188766032457352
0.42631158232688904
0.05403027683496475
0.13165518641471863
0.19055719673633575
0.0890284925699234
0.0026208078488707542
0.1275736689567566
0.008723624050617218
0.472908079624176
0.00669134221971035
0.06790951639413834
0.0049332622438669205
0.14358572661876678
0.021296527236700058
0.07818581163883209
0.5116856098175049
0.5145512819290161
0.014802939258515835
0.0726545974612236
0.36482155323028564
0.061988845467567444
0.0006674834294244647
0.4029351472854614
0.033871471881866455
0.7090640068054199
0.0008996730321086943
0.15162961184978485
0.025359466671943665
0.5106449127197266
0.5945945382118225
0.003022280288860202
0.931890606880188
0.21958060562610626
0.48683691024780273
0.014233957976102829
0.5492892861366272
0.054988350719213486
0.002936191391199827
0.033164020627737045
0.005425460636615753
0.04895736649632454
0.016753047704696655
0.020319703966379166
0.007602089084684849
0.010760119184851646
0.004311141092330217
0.19958052039146423
0.009433713741600513
0.48351484537124634
0.00713295629248023
0.0968344584107399
0.004509664606302977
0.04609912633895874
0.0007305127219296992
0.13077527284622192
0.0035377696622163057
0.09839662164449692
0.009559553116559982
0.060122884809970856
0.013148635625839233
0.09843728691339493
0.0034026734065264463
0.18434025347232819
0.005409163888543844
0.09231751412153244
0.0016505421372130513
0.021749291568994522
0.0022132163867354393
0.0057190051302313805
0.05758075416088104
0.06721509993076324
0.2972048819065094
0.2510078549385071
0.04962654039263725
0.029875818639993668
0.10072454810142517
0.09845900535583496
0.08953811973333359
0.5670690536499023
0.41540950536727905
0.9840407967567444
0.014183915220201015
0.49535030126571655
0.2963339686393738
0.5343554019927979
0.0025050784461200237
0.9919640421867371
0.11930955201387405
2.505183219909668
0.2644338309764862
0.22756680846214294
0.14977125823497772
0.7577810287475586
0.2628139555454254
1.052678108215332
1.0859841108322144
1.4274439811706543
0.09289270639419556
0.13201387226581573
0.5679542422294617
0.5428639054298401
0.07578804343938828
0.07112487405538559
0.2644091248512268
0.08967389911413193
0.0075281341560184956
0.001872829394415021
0.038667403161525726
0.009529533796012402
0.005458957515656948
0.068815216422081
0.06976281851530075
0.4459260404109955
0.009488970041275024
0.2038635015487671
0.01946963369846344
0.06837234646081924
0.0340847447514534
0.8400974273681641
0.028295869007706642
1.0991748571395874
0.023093480616807938
0.03754542022943497
0.010516672395169735
0.14863158762454987
0.09955306351184845
0.9019431471824646
0.03606995940208435
1.286445140838623
0.02227644994854927
0.4229302406311035
0.02320793829858303
0.5617060661315918
0.0036490773782134056
0.9238128066062927
0.09259974211454391
1.077677607536316
0.024878228083252907
0.05880529806017876
0.04168993979692459
0.12137387692928314
0.004908190108835697
0.3144621253013611
0.3494667112827301
0.4906165301799774
0.004229234531521797
0.15217769145965576
0.4035789370536804
0.2696384787559509
0.0009089230443350971
0.0324275977909565
0.1152149960398674
0.12894849479198456
0.0023489370942115784
0.005224873311817646
0.020625878125429153
0.10064831376075745
0.0021594050340354443
0.03446825221180916
0.03550055995583534
0.43195754289627075
0.009615753777325153
0.6335358023643494
0.04701156169176102
0.4696945250034332
0.005755897145718336
0.9221665263175964
0.06327022612094879
0.8711739182472229
0.0040646763518452644
0.5040866732597351
0.00646316958591342
0.5598268508911133
0.47313281893730164
0.14537669718265533
0.5234220027923584
0.22274763882160187
0.37696900963783264
0.04046127200126648
0.36807677149772644
0.04684213176369667
0.007917536422610283
1.2691073417663574
0.177886962890625
1.2800041437149048
0.019497059285640717
1.039210557937622
0.11061198264360428
0.9263792634010315
1.2296496629714966
0.042444609105587006
1.3657331466674805
0.38661637902259827
1.1333905458450317
0.18580478429794312
1.4754102230072021
0.2782565951347351
0.0010937834158539772
0.19805602729320526
0.006877464707940817
0.8266700506210327
0.0018957817228510976
0.03796270489692688
0.0028585095424205065
0.09526979923248291
0.007874210365116596
0.0049682492390275
0.008796009235084057
0.27795469760894775
0.02297869138419628
0.010894617065787315
0.01583644561469555
0.012566132470965385
0.0034945218358188868
0.7896836996078491
0.01637488231062889
0.7305065989494324
0.0025488045066595078
0.01167345978319645
0.007027270272374153
0.1352202445268631
0.0036170787643641233
0.13610954582691193
0.026566030457615852
0.20433096587657928
0.0022370009683072567
0.15166552364826202
0.01234485488384962
0.24579887092113495
0.0010030071716755629
0.03227650374174118
0.011940657161176205
0.08157752454280853
0.007112159859389067
0.04947047680616379
0.021683456376194954
0.11598197370767593
0.009523777291178703
0.0074417018331587315
0.04720121622085571
0.04680071398615837
0.011155877262353897
0.010945523157715797
0.05121607333421707
0.16976593434810638
0.0008084768196567893
0.01827893778681755
0.000925634172745049
0.015522048808634281
0.006077347788959742
0.07939071953296661
0.013130515813827515
0.13169407844543457
0.00041449107811786234
0.004876270890235901
0.00038447638507932425
0.010023407638072968
0.005909430794417858
0.23867644369602203
0.001839105854742229
0.21456941962242126
0.0024402770213782787
0.21789585053920746
0.0035478801000863314
0.008810054510831833
0.5645715594291687
0.08508288860321045
0.24099591374397278
0.03660532459616661
0.0007639805553480983
0.12660789489746094
0.0022668237797915936
0.07996378093957901
0.0016258811810985208
0.00890815258026123
0.0033451418858021498
0.008871983736753464
0.002144151134416461
0.2654474079608917
0.007446128875017166
0.4248931109905243
0.00070120336022228
0.09803207218647003
0.002065659500658512
0.25508230924606323
0.04397207498550415
0.08464296907186508
0.6114446520805359
0.2756042182445526
0.01673855446279049
0.11110203713178635
0.045573826879262924
0.5717074275016785
0.011833161115646362
0.15012162923812866
0.008312433026731014
0.2822396457195282
0.005155062768608332
0.005783478729426861
0.014468187466263771
0.04133852943778038
0.003909657709300518
0.18131540715694427
0.0039009617175906897
0.3718080222606659
0.006921743042767048
0.03722181171178818
0.012547166086733341
0.03273671865463257
0.04183162748813629
0.6450907588005066
0.0738089308142662
0.4740244150161743
0.1142776757478714
0.429038941860199
0.07877453416585922
0.22307057678699493
0.10966360569000244
0.7079488635063171
0.10211308300495148
0.8987729549407959
0.010283971205353737
0.4148079752922058
0.02437407523393631
0.38097286224365234
0.020188603550195694
0.008608986623585224
0.01573932357132435
0.007172485813498497
0.02783055230975151
0.0038751261308789253
0.011447911150753498
0.0017528632888570428
0.005587710067629814
0.02895544469356537
0.004361857194453478
0.021388310939073563
0.005370000377297401
0.03655066341161728
0.0022687027230858803
0.061985038220882416
0.0025831388775259256
0.00913564208894968
0.11551374942064285
0.013164457865059376
0.6879884004592896
0.0028871120885014534
0.8743194937705994
0.04443313553929329
0.002231079153716564
0.8037137389183044
0.003118205117061734
1.1150987148284912
0.005233608651906252
0.4248737394809723
0.00889177992939949
0.8648268580436707
0.0010730637004598975
0.25467178225517273
0.0006971491384319961
0.3012208044528961
0.0017255580751225352
0.025696642696857452
0.020092548802495003
0.027974074706435204
0.21097373962402344
0.23923371732234955
0.14906750619411469
0.24973230063915253
0.43136903643608093
0.19056834280490875
0.16941171884536743
0.21993379294872284
0.9549919366836548
1.2564502954483032
0.7966152429580688
1.136576771736145
0.8801915645599365
0.44431909918785095
1.1622846126556396
0.4979088604450226
1.187218189239502
1.0968761444091797
1.0661152601242065
1.0543780326843262
1.303721308708191
1.0511202812194824
1.3063991069793701
1.1792317628860474
0.00047165629803203046
0.0807054191827774
0.0007519197533838451
0.1076224148273468
0.0017879973165690899
0.008528596721589565
0.0013130874140188098
0.012685004621744156
0.0018954288680106401
0.41348883509635925
0.003925676923245192
0.6602742075920105
0.03688090294599533
0.46004289388656616
0.07635355740785599
0.5344030261039734
0.003441940527409315
0.308485746383667
0.02927534468472004
0.5602831840515137
0.002139447024092078
0.12130774557590485
0.007269496098160744
0.38791584968566895
0.3458709716796875
0.08456754684448242
0.8246908783912659
0.2974914014339447
0.1315915882587433
0.5279755592346191
0.5505712032318115
0.3075750470161438
0.021322423592209816
0.8053633570671082
0.5255439281463623
0.9521315097808838
0.11856509745121002
0.19881446659564972
0.6125627160072327
0.6835458278656006
0.043665364384651184
0.17810049653053284
0.545484721660614
0.8856500387191772
0.14143139123916626
0.07676686346530914
0.5992531776428223
0.718330442905426
0.000934064039029181
0.055413905531167984
0.0015498094726353884
0.07815878093242645
0.0028169238939881325
0.030535537749528885
0.003909568767994642
0.07127650827169418
0.015998758375644684
0.0194433331489563
0.027002012357115746
0.04407268762588501
0.01017007790505886
0.2418389767408371
0.02913987822830677
0.4137527644634247
1.7927457094192505
0.41708528995513916
1.6104607582092285
0.6218468546867371
1.439008116722107
0.33590319752693176
0.8804791569709778
0.0779375359416008
0.47875097393989563
1.8428471088409424
0.5067264437675476
1.8463988304138184
0.27402225136756897
1.9724676609039307
0.29214566946029663
1.4795366525650024
0.043984197080135345
0.8956887722015381
0.02599121257662773
0.7051591277122498
0.018704773858189583
0.07961268723011017
0.005630710627883673
0.2477804720401764
0.026823338121175766
0.14059999585151672
0.016033848747611046
0.2718723714351654
0.004765876568853855
0.597446084022522
0.0024093310348689556
0.49512964487075806
0.0020825390238314867
0.03855254501104355
0.003562319092452526
0.02115367166697979
0.001146526774391532
0.005264955572783947
0.0019283612491562963
0.018493525683879852
0.000773377250880003
0.6539462804794312
0.0011612451635301113
0.7578811645507812
0.003485179040580988
0.08338917046785355
0.0087361428886652
0.07840262353420258
0.006479679141193628
0.12977203726768494
0.04853808507323265
0.2984956204891205
0.014532106928527355
0.09011811017990112
0.026931757107377052
0.06216120719909668
0.05672278627753258
0.02901645191013813
0.47850632667541504
0.1966562420129776
0.018545877188444138
0.18813741207122803
0.1628650426864624
0.0469856932759285
0.0035067694261670113
0.05540337413549423
0.016164259985089302
0.08253578096628189
0.0016847981605678797
0.022307176142930984
0.007321528159081936
0.04750543460249901
0.0037528108805418015
0.18863824009895325
0.006885183975100517
0.49431678652763367
0.016563639044761658
0.20589381456375122
0.02797023020684719
0.16387292742729187
0.34596413373947144
0.6714871525764465
0.5627360343933105
0.5801193714141846
0.2656438946723938
0.5162994265556335
0.3911689221858978
0.6353495717048645
0.8107237219810486
1.0650792121887207
0.7978237867355347
1.2917046546936035
0.4399203360080719
0.677283525466919
0.48871123790740967
1.0201900005340576
0.0011287402594462037
1.522412896156311
0.0008190613589249551
1.1057653427124023
0.0006134877330623567
0.8491653800010681
0.001560332952067256
0.520439624786377
0.33100777864456177
0.3098836839199066
0.05997135862708092
0.8240885734558105
0.20786471664905548
0.15535591542720795
0.03464725613594055
0.49369141459465027
0.07281069457530975
0.03781610354781151
0.33599981665611267
0.2450426071882248
0.030663689598441124
0.029913755133748055
0.04658883064985275
0.12588241696357727
0.0011854518670588732
0.7969121932983398
0.003378266701474786
1.219868779182434
0.0014311952982097864
0.5866503119468689
0.0022808434441685677
0.9519217610359192
0.0027867979370057583
0.3789070248603821
0.05352885276079178
0.3218344449996948
0.003363948781043291
0.020397014915943146
0.023656489327549934
0.13687573373317719
0.00793180800974369
0.09096204489469528
0.12886293232440948
0.24108025431632996
0.01554484199732542
0.02582303248345852
0.04368532821536064
0.039668746292591095
1.0564851760864258
0.34020259976387024
0.12411892414093018
0.6241053342819214
2.0257163047790527
0.1647789478302002
1.5185152292251587
0.035823117941617966
0.28686070442199707
1.9801695346832275
0.779373288154602
1.0325853824615479
0.22452519834041595
0.2518536448478699
0.6631404757499695
0.5430327653884888
0.00396289536729455
0.012582322582602501
0.004665173124521971
0.031074170023202896
0.002285876777023077
0.003030941355973482
0.00518342200666666
0.013152536004781723
0.01655697636306286
0.022672807797789574
0.07534318417310715
0.05189773812890053
0.04401972517371178
0.017205119132995605
0.08505195379257202
0.04046197235584259
0.007429786492139101
0.1706640124320984
0.004327035509049892
0.2993401885032654
0.003034861758351326
0.011700046248733997
0.015403987839818
0.06586721539497375
0.07208235561847687
0.09050962328910828
0.04127435013651848
0.20153197646141052
0.090972900390625
0.038890376687049866
0.06639605015516281
0.18781712651252747
0.002522834809496999
0.4277283549308777
0.007803943008184433
0.18306975066661835
0.04450545087456703
0.027360524982213974
0.04958633333444595
0.052526265382766724
0.00167531194165349
0.06864600628614426
0.004871733952313662
0.07424785196781158
0.0016508970875293016
0.03768804669380188
0.004164425656199455
0.02399899624288082
0.003088038880378008
0.5102162957191467
0.18014317750930786
0.31133896112442017
0.019971318542957306
0.12345756590366364
0.4936639368534088
0.15978200733661652
0.01147921197116375
0.01788323186337948
0.024750594049692154
0.14038658142089844
0.007947083562612534
0.055337972939014435
0.016815179958939552
0.13759411871433258
0.001142451772466302
0.17030170559883118
0.0032305545173585415
0.11918673664331436
0.0016904212534427643
0.03719364106655121
0.0014266320504248142
0.07422734797000885
0.0036836937069892883
0.027589255943894386
0.0042383186519145966
0.23671963810920715
0.0908103883266449
0.4145459532737732
0.05759798735380173
0.6258841753005981
0.0002508244360797107
0.34647560119628906
0.0007960582734085619
0.04733126610517502
0.00014916833606548607
0.008546819910407066
0.0006723463302478194
0.008214851841330528
0.004344535060226917
0.014221840538084507
0.004399547353386879
0.012937209568917751
0.001999995904043317
0.0029924502596259117
0.00272224098443985
0.003319344948977232
0.010026896372437477
0.7994533777236938
0.12627840042114258
1.0058224201202393
0.004696240648627281
0.170274555683136
0.032697778195142746
0.4111917018890381
0.7312168478965759
0.11383151262998581
1.086873173713684
0.27777835726737976
0.579138994216919
0.40597766637802124
0.6839542388916016
0.28696659207344055
0.009725550189614296
0.07229086011648178
0.036960165947675705
0.3046454191207886
0.007446505129337311
0.012383323162794113
0.043628256767988205
0.12103142589330673
0.04897356405854225
0.01767575368285179
0.16715405881404877
0.04156789928674698
0.025560982525348663
0.01703071966767311
0.17754581570625305
0.20541100203990936
0.0026347055099904537
0.5580374598503113
0.0008637268329039216
0.12759177386760712
0.003128099488094449
0.03215410187840462
0.0021571333054453135
0.03046906366944313
0.011316219344735146
0.7979998588562012
0.005304307676851749
0.785932183265686
0.014930007979273796
0.5353534817695618
0.017500944435596466
0.23875895142555237
0.06116741895675659
0.52528315782547
0.13261567056179047
0.6815195083618164
0.002083094324916601
0.08171640336513519
0.009616248309612274
0.2000991404056549
0.4431641697883606
0.24488651752471924
0.6579192280769348
0.871200442314148
0.06351388990879059
0.061746031045913696
0.29478615522384644
0.7159668207168579
0.0007094044121913612
0.14761164784431458
0.0010295796673744917
0.18088160455226898
0.0011576872784644365
0.041760750114917755
0.003005086677148938
0.10818071663379669
0.0014829583233222365
0.2603326737880707
0.07964001595973969
0.20027011632919312
0.0006637378828600049
0.017481591552495956
0.005462154746055603
0.07702682167291641
0.033917512744665146
0.23851817846298218
0.6375947594642639
0.557526707649231
0.00558610400184989
0.7932500243186951
0.43528783321380615
0.9477629065513611
0.1713753342628479
0.025549840182065964
0.6655638217926025
0.92963707447052
0.10809455066919327
0.042766496539115906
0.8639139533042908
0.5532647967338562
0.11039070039987564
0.36119624972343445
0.22904716432094574
0.4136039614677429
0.25561031699180603
0.15539543330669403
0.4226572513580322
0.11328833550214767
0.026218807324767113
0.19957642257213593
0.02347118780016899
0.15668465197086334
0.05219303444027901
0.28231242299079895
0.03372213616967201
0.24585281312465668
0.00297481007874012
0.138603076338768
0.005558236967772245
0.08116012811660767
0.06361519545316696
0.008263878524303436
0.05311539024114609
0.019348375499248505
0.00254241400398314
0.02100246399641037
0.0023496877402067184
0.01833452098071575
0.010582879185676575
0.02807878516614437
0.00937670562416315
0.09656635671854019
0.012127955444157124
0.325834184885025
0.19968600571155548
0.2752392888069153
0.01321149617433548
0.022617362439632416
0.028901824727654457
0.046810656785964966
0.008866958320140839
0.6965389847755432
0.006897057872265577
0.9891568422317505
0.0592409111559391
0.12798425555229187
0.022464843466877937
0.4503089487552643
0.00017597220721654594
0.0017441425006836653
0.00036283861845731735
0.005780788138508797
0.00043604770326055586
0.0030120082665234804
0.0007188186282292008
0.014695549383759499
0.00039743585512042046
0.3130689859390259
0.0005171011434867978
0.76905357837677
0.0005434739869087934
0.045842647552490234
0.0007272834191098809
0.13620343804359436
0.0017953815404325724
0.2337556779384613
0.016110926866531372
0.18208889663219452
0.0012790493201464415
0.00883611012250185
0.007145265582948923
0.06619760394096375
0.0009668298298493028
0.011953583918511868
0.0054223863407969475
0.09424644708633423
0.004684386774897575
0.01417865976691246
0.0023471631575375795
0.030143121257424355
0.0003096992149949074
1.1511973142623901
0.00022847243235446513
0.24061453342437744
0.0002845709677785635
0.33961790800094604
0.0009745907736942172
0.06148536503314972
0.01953689008951187
0.020647622644901276
0.0038628922775387764
0.13915082812309265
0.013949788175523281
0.16168564558029175
0.004838410299271345
0.6394116878509521
0.0016862940974533558
0.06307327747344971
0.003283306723460555
0.5672849416732788
0.004717407748103142
0.026587234809994698
0.08722564578056335
0.185348242521286
0.03496981039643288
0.06000291556119919
0.006594969891011715
0.26779234409332275
0.044468943029642105
0.017045361921191216
0.0558285117149353
0.06726480275392532
0.0004516429326031357
0.07036270201206207
0.0021468917839229107
0.10765215754508972
0.0003537528682500124
0.007024325430393219
0.0025857137516140938
0.015220911242067814
0.0016872033011168242
0.004950178787112236
0.004898612387478352
0.05109744518995285
0.09052724391222
0.028088727965950966
0.18014027178287506
0.03281376510858536
0.0027909656055271626
0.20771269500255585
0.011820021085441113
0.06749725341796875
0.001994844526052475
0.005149062257260084
0.014029457233846188
0.013974139466881752
0.004914138000458479
0.41519585251808167
0.07657194882631302
0.5245782732963562
0.006759262643754482
0.3410119414329529
0.03565732762217522
0.24144302308559418
0.0016965866088867188
0.0530586801469326
0.0004289458738639951
0.0577237606048584
0.0007654873188585043
0.004094141535460949
0.0003427976625971496
0.009580070152878761
0.0012317479122430086
0.018552402034401894
0.003930580336600542
0.010733377188444138
0.0037056568544358015
0.11100825667381287
0.004475916735827923
0.6709113717079163
0.37109172344207764
0.8494372367858887
0.9098914265632629
1.3629509210586548
0.35154440999031067
0.5201887488365173
1.040352702140808
1.1212143898010254
1.1117384433746338
0.6055465936660767
1.4724289178848267
1.2365950345993042
0.6710168719291687
0.47452372312545776
1.0735974311828613
1.034176230430603
0.0009075765265151858
1.1920748949050903
0.0011183156166225672
1.227256178855896
0.0009539329330436885
0.011520983651280403
0.001744258333928883
0.304561585187912
0.0024454244412481785
0.3588198721408844
0.007161308545619249
0.5165621638298035
0.002095620846375823
0.07019242644309998
0.009675745852291584
0.18694937229156494
0.002071018796414137
0.9841638207435608
0.0024909931235015392
0.8314666152000427
0.004937930032610893
0.5398280024528503
0.03410737216472626
0.3276682496070862
0.9103188514709473
0.05536336824297905
0.9312609434127808
0.08976969122886658
0.4141302704811096
0.03584565967321396
0.4556768536567688
0.015384596772491932
0.019650334492325783
0.29670950770378113
0.2614136338233948
0.7260639071464539
0.010030694305896759
0.0913345068693161
0.06370943039655685
0.2482597380876541
0.3356635868549347
0.10858321189880371
0.7326772212982178
0.6073451042175293
0.11118846386671066
0.08399342000484467
0.429447740316391
0.12171397358179092
0.0019699966069310904
0.014497172087430954
0.005283586215227842
0.05365687981247902
0.005083450581878424
0.03180684894323349
0.02212068811058998
0.4163776636123657
0.005619250237941742
0.07069096714258194
0.0072082411497831345
0.20848092436790466
0.007041540928184986
0.2659010887145996
0.04435206949710846
0.3659425973892212
0.00149236258585006
0.6713701486587524
0.01144314929842949
0.4065248370170593
0.0008216254645958543
0.016013173386454582
0.0021362004335969687
0.044978126883506775
0.0023045442067086697
0.03095167875289917
0.030213000252842903
0.1281110793352127
0.0019667407032102346
0.34160080552101135
0.03222597390413284
0.7071278095245361
0.16353321075439453
0.36062556505203247
0.29418066143989563
0.7105538845062256
0.07507365942001343
0.09900616109371185
0.1927550733089447
0.35788384079933167
0.14295607805252075
0.1981055736541748
0.3759085237979889
0.460895299911499
0.4312874674797058
0.8139452934265137
0.35582196712493896
1.056199073791504
0.03959163650870323
0.3268568217754364
0.2116662561893463
0.08471593260765076
0.002266049152240157
0.009581981226801872
0.004547446966171265
0.023321453481912613
0.001867077313363552
0.015823088586330414
0.10709026455879211
0.12050537765026093
0.006118337623775005
0.010239902883768082
0.015364070422947407
0.039667509496212006
0.028613917529582977
0.3073308765888214
0.00483718141913414
0.06711909919977188
0.02338074892759323
0.17800794541835785
0.008487969636917114
0.14803281426429749
0.003410906530916691
0.570965051651001
0.002511552069336176
0.5478832721710205
0.0008759046904742718
0.14353172481060028
0.0011242327746003866
0.24336883425712585
0.6264269948005676
1.0983026027679443
0.5616600513458252
0.8298949003219604
0.866436779499054
0.5317609310150146
0.5226402878761292
0.2847914397716522
0.8155991435050964
0.640783429145813
0.5780712962150574
0.5701395273208618
0.4952825903892517
0.45830583572387695
0.3175899386405945
0.40100064873695374
0.012698422186076641
0.003929250407963991
0.03720996156334877
0.03081960417330265
0.08467595279216766
0.06322131305932999
0.1800002157688141
0.25742456316947937
0.0008019085507839918
0.33771979808807373
0.003569723106920719
0.5947300791740417
0.0018565997015684843
0.26551127433776855
0.04615851491689682
0.2902011573314667
0.20827050507068634
1.0919948816299438
0.5301770567893982
1.4820761680603027
0.2326010912656784
0.9224787354469299
0.5350776314735413
0.6228645443916321
0.07494322210550308
0.07097158581018448
0.0880010724067688
0.12371024489402771
0.01653158850967884
0.010379672981798649
0.002878114813938737
0.00466275354847312
0.003188088769093156
0.27490630745887756
0.019529419019818306
0.5369687080383301
0.00797378271818161
0.05089116841554642
0.019023526459932327
0.06050969660282135
0.027017299085855484
0.02854526974260807
0.18805080652236938
0.3858790397644043
0.022031176835298538
0.01781201921403408
0.14639994502067566
0.05475258827209473
0.0003774502547457814
0.47581636905670166
0.0034532302524894476
0.3685375154018402
0.003709872253239155
0.008717088960111141
0.01335546188056469
0.1646118015050888
0.0005771700525656343
0.0021564739290624857
0.0015113316476345062
0.09048278629779816
0.0026025245897471905
0.005467391572892666
0.0026649516075849533
0.08960368484258652
0.001816888339817524
1.0889803171157837
0.003243054263293743
1.105691909790039
0.0015216992469504476
0.4022079110145569
0.005359454080462456
0.5958524942398071
0.02616134099662304
1.2487678527832031
0.027612369507551193
1.193337082862854
0.09008096903562546
0.39557334780693054
0.07186087965965271
0.5056213736534119
0.0010015073930844665
0.18141916394233704
0.0026113002095371485
0.04346657171845436
0.007103206589818001
0.012517023831605911
0.010471426881849766
0.02451467514038086
0.002319992519915104
0.010422727093100548
0.023963050916790962
0.007091607432812452
0.005262461490929127
0.3612544536590576
0.02980252541601658
0.39989808201789856
0.03642908111214638
0.4925399422645569
0.013603970408439636
0.5780895948410034
0.01580812595784664
0.02068450301885605
0.008748181164264679
0.08696416765451431
0.03811819851398468
0.20910340547561646
0.13229314982891083
0.6957942247390747
0.02047520875930786
0.02013671211898327
0.035319432616233826
0.12294621765613556
0.0012385172303766012
0.029450442641973495
0.0036164827179163694
0.006017762701958418
0.003418378997594118
0.003962671849876642
0.004218311980366707
0.010683954693377018
0.01375774946063757
0.0038623493164777756
0.01581529714167118
0.0075483545660972595
0.0051310402341187
0.047585323452949524
0.004269622266292572
0.07074392586946487
0.001317333895713091
0.37380972504615784
0.0005087129538878798
0.22726592421531677
0.0015402778517454863
0.03921666741371155
0.0018010369967669249
0.14691659808158875
0.0013358928263187408
0.007276776246726513
0.001263139653019607
0.104929618537426
0.006590931676328182
0.014407476410269737
0.0025197940412908792
0.05717618390917778
0.05530712008476257
0.2918544411659241
0.04057164490222931
0.22638621926307678
0.1906624287366867
0.1444358229637146
0.1882348507642746
0.2678762972354889
0.0021691457368433475
0.43543753027915955
0.010892662219703197
0.38063356280326843
0.009952105581760406
0.2001197189092636
0.02561485581099987
0.23242954909801483
0.1559838354587555
1.374985694885254
1.2845823764801025
1.449338674545288
0.06003401800990105
0.5291496515274048
1.1495935916900635
0.9035251140594482
0.8229202032089233
0.30293622612953186
0.9118193984031677
1.6224250793457031
0.5949337482452393
0.31535792350769043
0.6257016658782959
0.991992175579071
0.00028899882454425097
0.06242614984512329
0.0002825064002536237
0.05986888334155083
0.0004255893873050809
0.009368019178509712
0.00025836771237663925
0.06455171853303909
0.001001634169369936
0.027013950049877167
0.0006331668701022863
0.30287203192710876
0.004133483394980431
0.019051093608140945
0.004955085925757885
0.07732120901346207
0.046052899211645126
0.2900211811065674
0.02932058647274971
0.37616369128227234
0.07133937627077103
0.13078130781650543
0.045254021883010864
0.13708055019378662
0.08466867357492447
0.6241382360458374
0.11538887023925781
0.9252148270606995
0.0397757850587368
0.6000163555145264
0.018478136509656906
0.9644573330879211
0.0029717357829213142
0.6149383187294006
0.03160068020224571
0.4877672791481018
0.0020109708420932293
0.007857026532292366
0.0045285713858902454
0.03462773561477661
0.0805230438709259
0.3265542685985565
0.20477038621902466
0.7664752006530762
0.07640188187360764
0.24006468057632446
0.14424371719360352
0.19556891918182373
0.0008773014997132123
1.0647882223129272
0.010966477915644646
1.4562010765075684
0.016276756301522255
0.06265079230070114
0.004705979023128748
0.20473447442054749
0.09252297133207321
0.11058291792869568
0.190750390291214
0.49417492747306824
0.14554129540920258
0.12783034145832062
0.27629563212394714
0.33538874983787537
0.0047434186562895775
0.8959539532661438
0.03425949439406395
2.235410690307617
0.02211719937622547
0.6577911376953125
0.04042673110961914
0.8278042078018188
0.059824489057064056
0.006588298827409744
0.310108482837677
0.06146198511123657
0.007588086649775505
0.009119435213506222
0.029245974496006966
0.042194582521915436
0.04378492385149002
0.9701194763183594
0.4076318144798279
1.071881651878357
0.020310986787080765
0.08062251657247543
0.3591475188732147
0.4726988971233368
0.6082573533058167
0.16001075506210327
1.0121731758117676
0.7387562990188599
0.416047602891922
0.06635498255491257
0.8098733425140381
0.5670577883720398
0.00046309875324368477
0.259470134973526
0.0026092296466231346
0.2639915645122528
0.009908521547913551
0.004141094628721476
0.008321716450154781
0.01881907507777214
0.0008925263537093997
0.00363668124191463
0.004778343718498945
0.0728834941983223
0.003185487352311611
0.019661620259284973
0.00854442548006773
0.027231289073824883
0.004087208770215511
0.40730801224708557
0.021934352815151215
0.09561631083488464
0.002589307026937604
0.0293156486004591
0.004184886813163757
0.059217143803834915
0.00525053683668375
0.00449613481760025
0.008186908438801765
0.03807950019836426
0.005981835536658764
0.014596264809370041
0.011733687482774258
0.022397570312023163
0.0007248261827044189
0.09265249222517014
0.0036556122358888388
0.1442762166261673
0.01665552891790867
0.05247844010591507
0.008118758909404278
0.0841807872056961
0.03076620027422905
0.0471755675971508
0.10021111369132996
0.2473815679550171
0.0633491650223732
0.33999067544937134
0.19400149583816528
0.15962140262126923
0.0011654351837933064
0.44963768124580383
0.0019527076510712504
0.9938608407974243
0.0020294522400945425
0.16329598426818848
0.004046459216624498
0.23410356044769287
0.004689584020525217
0.05262988433241844
0.016498159617185593
0.24263708293437958
0.006820390000939369
0.0030284859240055084
0.02505303919315338
0.013560181483626366
0.0005091603379696608
1.5274794101715088
0.0028259120881557465
1.1654212474822998
0.0006912340177223086
0.01913745328783989
0.004504624754190445
0.049518898129463196
0.009048945270478725
0.23271231353282928
0.04144887253642082
0.43677178025245667
0.008159089833498001
0.019743314012885094
0.006432965397834778
0.034817639738321304
0.01096305064857006
0.5938214659690857
0.0993569865822792
0.3729360103607178
0.10665671527385712
0.06624402850866318
0.19992490112781525
0.0995798334479332
0.10850746929645538
0.6405799984931946
0.6856153607368469
0.987743079662323
0.021701272577047348
0.21095843613147736
0.33741697669029236
0.6214917302131653
0.0012040865840390325
0.472990483045578
0.0026513454504311085
0.27214565873146057
0.003935822285711765
0.20423859357833862
0.00409091217443347
0.21140646934509277
0.004566456191241741
0.10843385756015778
0.004140334203839302
0.22131630778312683
0.0027710453141480684
0.007955129258334637
0.001089408528059721
0.008544361218810081
0.00277904886752367
0.05901047959923744
0.04557744786143303
0.1655256450176239
0.005760527681559324
0.11992871761322021
0.02074812352657318
0.20691820979118347
0.026089465245604515
0.0029074675403535366
0.22363582253456116
0.01760922558605671
0.015836110338568687
0.21946930885314941
0.05839072912931442
0.10268424451351166
0.16230547428131104
1.7768868207931519
0.2601270377635956
1.5478843450546265
0.23693788051605225
0.8827665448188782
0.3158116936683655
0.8817216157913208
1.457763433456421
0.30057939887046814
1.394970417022705
0.503594696521759
0.44625991582870483
0.12298297882080078
0.3854646682739258
0.18084052205085754
0.002261148998513818
0.14153634011745453
0.010264961048960686
0.1442219316959381
0.0031401640735566616
0.020678069442510605
0.0049996571615338326
0.018776310607790947
0.02718740701675415
0.01208583265542984
0.2708880603313446
0.07220201194286346
0.0032565779983997345
0.01208207942545414
0.003832197282463312
0.006107677705585957
0.0064711794257164
0.04540175199508667
1.3249006271362305
0.13660572469234467
0.010271770879626274
0.003285840153694153
0.7465264201164246
0.013703136704862118
0.010268273763358593
0.9111652970314026
0.01663939841091633
1.8409098386764526
0.0013762307353317738
0.02236955612897873
0.0019777826964855194
0.8078648447990417
0.10022706538438797
0.011884596198797226
0.7449209690093994
0.2280029058456421
0.028776049613952637
0.04212099313735962
0.29244595766067505
0.34740450978279114
0.03162569925189018
0.3300137519836426
0.6010560989379883
1.2346547842025757
0.007838031277060509
0.11458543688058853
0.09737122058868408
0.4850870966911316
0.0035507334396243095
0.15628254413604736
0.01912832446396351
0.20832529664039612
0.0010043567745015025
0.004139096010476351
0.005180035717785358
0.032819367945194244
0.004141348879784346
0.14784686267375946
0.031700603663921356
0.3497559130191803
0.02838253602385521
0.14080704748630524
0.03216852992773056
0.3533339500427246
0.0062131984159350395
0.3340127766132355
0.010357050225138664
0.5826155543327332
0.005700468085706234
0.008325818926095963
0.009045951999723911
0.030306315049529076
0.013170420192182064
0.3257264494895935
0.029532697051763535
0.2964879274368286
0.004308899864554405
0.138078972697258
0.01212122943252325
0.298473596572876
0.0008669175440445542
0.00742114195600152
0.001365413423627615
0.008837562054395676
0.000909219088498503
0.0010393121046945453
0.002852662233635783
0.010241425596177578
0.007999487221240997
0.07438595592975616
0.009992753155529499
0.08379904925823212
0.006762763485312462
0.07749471813440323
0.005132337566465139
0.020657576620578766
0.2752622365951538
0.6570664644241333
0.046885423362255096
0.4310157001018524
0.03331244736909866
0.11835956573486328
0.023074546828866005
0.25496792793273926
0.3970656394958496
0.5912076234817505
0.06063196808099747
0.3678649663925171
0.34084710478782654
0.49167996644973755
0.13624665141105652
0.17895111441612244
0.018899351358413696
0.6778184771537781
0.13868793845176697
0.5854462385177612
0.09785443544387817
0.043787725269794464
0.3478239178657532
0.12005141377449036
0.05228026956319809
0.12310043722391129
0.06735414266586304
0.372457891702652
0.06360560655593872
0.1287374198436737
0.074844129383564
0.22398650646209717
0.0017611599760130048
0.19661734998226166
0.008119629696011543
0.15370185673236847
0.022191619500517845
0.018268777057528496
0.09114337712526321
0.062535360455513
0.001970418728888035
0.002633873838931322
0.0037640142254531384
0.05091080069541931
0.005284466315060854
0.01605823263525963
0.004307212308049202
0.13217490911483765
0.013448468409478664
1.3555065393447876
0.02669750340282917
1.2507644891738892
0.003972465172410011
0.7181540131568909
0.003955615684390068
0.555452823638916
0.32586535811424255
1.8573157787322998
0.25478506088256836
1.8103593587875366
0.28372180461883545
1.5613296031951904
0.1449461579322815
1.4390268325805664
0.0017105885781347752
0.42974311113357544
0.0052405185997486115
0.2753088176250458
0.027160299941897392
0.01274119596928358
0.06769304722547531
0.05258016288280487
0.0023412012960761786
0.0951148048043251
0.004362726118415594
0.09640677273273468
0.003978820983320475
0.1875632405281067
0.005213781259953976
0.046924132853746414
0.019046800211071968
1.0388554334640503
0.10634295642375946
0.823857307434082
0.02395148016512394
0.3319038152694702
0.08574526011943817
0.520190954208374
0.018857337534427643
0.3047739267349243
0.06569196283817291
0.49217355251312256
0.43366777896881104
0.44372010231018066
0.6363911032676697
0.43493127822875977
0.0026798301842063665
0.02934778854250908
0.01938525401055813
0.03569890186190605
0.0011813672026619315
0.0032448049169033766
0.004971287213265896
0.017098769545555115
0.0041903285309672356
0.007215042132884264
0.011874904856085777
0.12742668390274048
0.033367399126291275
0.017038734629750252
0.23921968042850494
0.06539104878902435
0.004950747825205326
0.05745715647935867
0.02681874856352806
0.23795238137245178
0.023627974092960358
0.013044338673353195
0.019108660519123077
0.17682310938835144
0.12247954308986664
0.15243524312973022
0.21217843890190125
0.4806177318096161
0.02440466545522213
0.04325772449374199
0.13343626260757446
0.08642221987247467
0.0028438731096684933
0.40160179138183594
0.0011672268155962229
0.3827347457408905
0.0004509490681812167
0.0030829499009996653
0.0005763578228652477
0.00790402851998806
0.001912594772875309
0.008249973878264427
0.01272511575371027
0.05972636491060257
0.0020686595235019922
0.006279781460762024
0.013954676687717438
0.015747085213661194
0.02613120712339878
0.08372855931520462
0.13112638890743256
0.39396166801452637
0.10796813666820526
0.038700636476278305
0.18249809741973877
0.0978875383734703
0.017373766750097275
0.23455281555652618
0.05400124192237854
0.3412235379219055
0.012822447344660759
0.14788582921028137
0.017513753846287727
0.16572605073451996
0.023712635040283203
0.9370397329330444
1.720866084098816
1.0367648601531982
0.021257389336824417
0.030742449685931206
1.216707468032837
0.13798817992210388
0.0013016631128266454
0.21948833763599396
0.003299684962257743
1.812772274017334
0.007405151147395372
0.10466191917657852
0.023569483309984207
0.7496991157531738
0.08645536750555038
0.5995510816574097
0.221389502286911
0.5010610222816467
0.10239774733781815
0.099053755402565
0.05357566103339195
0.09475695341825485
0.10833539068698883
0.5810708999633789
0.10531608015298843
0.7817626595497131
0.02670205570757389
0.23844201862812042
0.020672384649515152
0.22699309885501862
0.015367701649665833
0.5570851564407349
0.0471825897693634
0.7730205655097961
0.06808793544769287
0.06741198897361755
0.02343812584877014
0.154474675655365
0.07141479849815369
0.21323800086975098
0.20653197169303894
0.917650580406189
0.05971615016460419
0.11289568245410919
0.16411904990673065
0.2565602660179138
0.009398815222084522
0.4307844340801239
0.09759552776813507
0.3686014711856842
0.11174135655164719
0.05700019747018814
0.3754849433898926
0.09655997157096863
0.0027128548827022314
0.046645402908325195
0.003199188504368067
0.40493282675743103
0.00808265246450901
0.2941910922527313
0.01372494362294674
0.5800563097000122
0.005010089837014675
0.19931147992610931
0.005206901114434004
0.09433971345424652
0.0035512051545083523
0.026673490181565285
0.003023497760295868
0.07580699026584625
0.05031475052237511
0.013336939737200737
0.04953990876674652
0.03723721578717232
0.07139623910188675
0.1407143771648407
0.08939047157764435
0.23668953776359558
0.06298759579658508
0.22702127695083618
0.047720327973365784
0.028184514492750168
0.006256755441427231
0.010483893565833569
0.01319642923772335
0.028653783723711967
0.004528189543634653
0.7336006760597229
0.00781647115945816
0.9306044578552246
0.001485174521803856
0.5569636821746826
0.0011173866223543882
0.9757989048957825
0.0020392329897731543
0.7882428169250488
0.006041722372174263
0.4470263123512268
0.002223051618784666
0.05389796942472458
0.0036187898367643356
0.6164029836654663
0.0013048280961811543
0.3945033550262451
0.0009858000557869673
0.5207774639129639
0.0026533938944339752
0.1815536618232727
0.00315247755497694
0.3012200891971588
0.0008582730079069734
0.21634553372859955
0.00046793388901278377
0.25810226798057556
0.000810979341622442
0.03701014816761017
0.0013957461342215538
0.09870710968971252
0.000518334680236876
0.4637126326560974
0.0008213843684643507
0.4877152144908905
0.0026052999310195446
0.007448140066117048
0.001252914546057582
0.03295153006911278
0.0006781116826459765
0.04442597180604935
0.042175088077783585
0.12051305174827576
0.003304606070742011
0.009026926942169666
0.013396006077528
0.055057503283023834
0.004888575058430433
0.004719943273812532
0.12146554887294769
0.04450332373380661
0.017291735857725143
0.0059311240911483765
0.12253805994987488
0.010459359735250473
0.0021571528632193804
0.04053979739546776
1.0827810764312744
0.21200112998485565
0.011330509558320045
0.08564634621143341
1.108902096748352
0.10588881373405457
0.0005587392370216548
0.7752093076705933
0.002317300532013178
1.7031973600387573
0.0048706005327403545
0.26604127883911133
0.014926420524716377
1.5509341955184937
0.20951032638549805
0.972091555595398
0.27888938784599304
0.8057863116264343
0.07534509897232056
0.024727925658226013
0.12025448679924011
0.0648258626461029
0.008208955638110638
0.7559743523597717
0.03623759746551514
0.9433958530426025
0.00589666748419404
0.7111167907714844
0.03174681216478348
0.7890605926513672
0.003628643462434411
0.640885055065155
0.06274281442165375
0.5441552996635437
0.009173383936285973
0.019181136041879654
0.024848701432347298
0.04687628149986267
0.0010577900102362037
0.6235072612762451
0.0014803670346736908
0.9947119355201721
0.0035158339887857437
0.22051142156124115
0.0015006456524133682
0.5866312980651855
0.000728009850718081
0.03488939628005028
0.0034182658419013023
0.05631506070494652
0.006971324328333139
0.002659861696884036
0.005478870123624802
0.02588566020131111
0.0007317474810406566
0.18602770566940308
0.0007101814262568951
0.6054561138153076
0.00039639510214328766
0.007116616703569889
0.00047458556946367025
0.01181851141154766
0.0004907082766294479
0.059661902487277985
0.04854154214262962
0.13593433797359467
0.0026248740032315254
0.014494829811155796
0.004573343321681023
0.005561830010265112
0.00381359551101923
0.026101835072040558
0.24577555060386658
0.07762355357408524
0.0016735114622861147
0.6407784819602966
0.0059822616167366505
0.789187490940094
0.0018693833844736218
0.04222774878144264
0.017347212880849838
0.08686190098524094
0.007653340697288513
0.015273736789822578
0.10581563413143158
0.04216070473194122
0.0014676537830382586
0.01706559956073761
0.012135785073041916
0.11905767023563385
0.006853375118225813
0.058663222938776016
0.015873827040195465
0.2722213566303253
0.0024054748937487602
0.08642438054084778
0.0034629181027412415
0.14369980990886688
0.00209807395003736
0.0437452495098114
0.0026592998765408993
0.025604121387004852
0.3563288748264313
0.021425791084766388
0.5835674405097961
0.2132474184036255
0.5229079127311707
0.13633494079113007
0.260568767786026
0.19039691984653473
0.002013722900301218
0.7205936908721924
0.006399564910680056
0.12784834206104279
0.0007766323396936059
0.020247235894203186
0.0030070526991039515
0.012740826234221458
0.009441085159778595
0.06317710876464844
0.031638164073228836
0.10070754587650299
0.017711497843265533
0.029976893216371536
0.013835618272423744
0.44608402252197266
0.0033401460386812687
0.09407270699739456
0.01929374784231186
0.14845429360866547
0.0014414312317967415
0.03611527755856514
0.003635724075138569
0.09345404803752899
0.005966125521808863
0.04349658638238907
0.14583419263362885
0.1727902740240097
0.006012535188347101
0.8353959321975708
0.0488462969660759
0.7082592248916626
0.014272153377532959
0.2518978714942932
0.19125467538833618
0.4659890830516815
0.001551691209897399
0.04776487126946449
0.019305769354104996
0.5706201791763306
0.0011186550837010145
0.07561241090297699
0.0027857492677867413
0.2625727951526642
0.002437898190692067
0.004380051977932453
0.009716920554637909
0.022295471280813217
0.04443042725324631
0.13728785514831543
0.004016370978206396
0.01966647431254387
0.035524845123291016
0.011365878395736217
0.007806950714439154
0.16574488580226898
0.06930966675281525
0.023300711065530777
0.007538074627518654
0.05140732601284981
0.013688958249986172
0.039752282202243805
0.0074919587932527065
0.014732606709003448
0.020228613168001175
0.19910651445388794
0.008517364971339703
0.27660736441612244
0.012705440632998943
0.007348156999796629
0.0063141570426523685
0.005243480671197176
0.20790702104568481
0.10584211349487305
0.040298257023096085
0.5116621255874634
0.02777809463441372
0.029219333082437515
0.006186159327626228
0.012261374853551388
0.004996975883841515
0.8409565687179565
0.11581588536500931
0.7998056411743164
0.002130845794454217
0.47340601682662964
0.013089130632579327
0.30073243379592896
0.007954156026244164
1.5275508165359497
0.005429747514426708
1.8962537050247192
0.22765523195266724
1.3793227672576904
0.08028743416070938
1.1447136402130127
0.0006149031687527895
0.5000558495521545
0.0008843729738146067
0.527203381061554
0.005590110085904598
0.728114664554596
0.004289194941520691
0.23638412356376648
0.3949751853942871
0.02915915846824646
0.343556672334671
0.16443774104118347
0.09720518440008163
0.5444988012313843
0.006161680445075035
0.6662746071815491
0.3301953673362732
0.42759600281715393
0.8667147755622864
0.6514113545417786
0.1388915479183197
0.11718485504388809
0.2781304121017456
0.24699148535728455
0.0802886113524437
0.7361502051353455
0.17710848152637482
1.1554179191589355
0.009067751467227936
0.41835373640060425
0.01521970983594656
0.499536395072937
0.34703245759010315
0.0056087663397192955
0.14319315552711487
0.004314678255468607
0.38926032185554504
0.0007261750288307667
0.22832518815994263
0.028406897559762
0.0006912992103025317
0.2260323315858841
0.0017201054142788053
0.11046715825796127
0.0016498264158144593
0.3721276819705963
0.0027447917964309454
0.12279202044010162
0.13004504144191742
1.2395402193069458
0.3950951099395752
0.9836295247077942
0.06094367802143097
0.8635221719741821
0.03601115942001343
0.7029901742935181
0.33641761541366577
0.3178483247756958
0.31663116812705994
0.8536872863769531
1.1797438859939575
0.09833034873008728
0.5605921745300293
0.184760183095932
0.12622717022895813
0.5690838098526001
0.2574799358844757
0.3583064675331116
0.04170208424329758
0.0586761012673378
0.052746985107660294
0.12227493524551392
0.002788783982396126
0.8299501538276672
0.01425260677933693
1.1853244304656982
0.006739233620464802
0.5559564828872681
0.021590525284409523
0.6567097306251526
0.012108087539672852
1.5836235284805298
0.007558658719062805
0.0030185801442712545
1.6101653575897217
2.043262243270874
1.5129348039627075
1.5533427000045776
0.002079287078231573
1.2464631795883179
0.010621740482747555
1.011804223060608
0.7669993042945862
1.323592185974121
0.01140102930366993
0.9125192165374756
0.004008592572063208
0.05707361921668053
0.003398685483261943
0.39108651876449585
0.002409311244264245
0.008212833665311337
0.002525122370570898
0.019355177879333496
0.00041325503843836486
0.0880771353840828
0.0018561972538009286
0.25440293550491333
0.0086448909714818
0.015232120640575886
0.015000177547335625
0.062104031443595886
0.0010825860081240535
0.06957357376813889
0.0030565904453396797
0.13806043565273285
0.0003671540762297809
0.06488345563411713
0.0025976882316172123
0.1345578134059906
0.005551813170313835
0.1993195116519928
0.01716943271458149
0.10997431725263596
0.010000988841056824
0.191964253783226
0.012893475592136383
0.14064650237560272
0.004457531962543726
0.49177080392837524
0.010920712724328041
0.10739846527576447
0.0014024546835571527
0.03917831927537918
0.0030024806037545204
0.022832367569208145
0.011705862358212471
0.9646769165992737
0.00535154901444912
1.0368573665618896
0.008882202208042145
0.12057626247406006
0.008729778230190277
0.33573922514915466
0.0040942770428955555
0.001251725945621729
0.035807184875011444
0.0067640626803040504
0.000984763028100133
0.010447093285620213
0.008967923000454903
0.01461576484143734
0.0013127373531460762
0.049597349017858505
0.026709236204624176
0.3186173141002655
0.0015043282182887197
0.20586945116519928
0.0030339451041072607
0.12038929015398026
0.0025438934098929167
1.3715389966964722
0.0038662473671138287
1.1190528869628906
0.002925099804997444
0.7052974104881287
0.003746339585632086
0.5565555095672607
0.3067164421081543
1.8184027671813965
0.11290475726127625
1.6141570806503296
0.02993224747478962
1.177950143814087
0.042822666466236115
0.9478240609169006
0.008199607953429222
0.6185768842697144
0.01956338807940483
0.6488505601882935
0.023362331092357635
0.2544727027416229
0.005225941073149443
0.29977136850357056
0.5805132985115051
0.4014890491962433
0.8579232692718506
0.28414198756217957
0.5408482551574707
0.12428510934114456
0.3991827964782715
0.07213770598173141
0.0010141311213374138
0.136318176984787
0.0019253459759056568
0.407516747713089
0.0002551052311901003
0.026490312069654465
0.0004320209554862231
0.09330187737941742
0.01031810324639082
0.22234341502189636
0.02133544348180294
0.26044490933418274
0.006771829444915056
0.3385125696659088
0.00876718107610941
0.5980430245399475
0.0028696798253804445
0.4228828549385071
0.002708136336877942
0.5736561417579651
0.001105208182707429
0.02986583486199379
0.00271376920863986
0.060846954584121704
0.002783806761726737
0.5663567781448364
0.009947900660336018
0.8736740350723267
0.0026252344250679016
0.773222804069519
0.00712348148226738
0.7910023331642151
0.1766507476568222
0.3153879642486572
0.14864692091941833
0.4628641605377197
0.1923287808895111
0.2584133744239807
0.04023248702287674
0.09753046184778214
0.5040717124938965
0.20893627405166626
0.2772684395313263
0.4099998474121094
0.1451287418603897
0.472199022769928
0.14199012517929077
0.2261749505996704
0.01649582013487816
0.33153632283210754
0.23092269897460938
0.2884483337402344
0.13073137402534485
0.007182430475950241
1.087837815284729
0.005887514911592007
0.03681975230574608
0.1258135586977005
0.014113112352788448
0.2360112965106964
0.015299605205655098
0.018770620226860046
0.013149432837963104
0.04903196170926094
0.006401423364877701
0.7705959677696228
0.020619316026568413
0.642180860042572
0.034918561577796936
0.09346140176057816
0.061472564935684204
0.09063327312469482
0.009099293500185013
0.23706084489822388
0.03728572651743889
0.425062358379364
0.3014758825302124
0.07354859262704849
0.20903535187244415
0.045370813459157944
0.0038087619468569756
0.134979709982872
0.035309500992298126
0.2628534734249115
0.05978235974907875
0.025706356391310692
0.020671889185905457
0.10345334559679031
0.0025310073979198933
0.8947715163230896
0.01730729267001152
1.1463532447814941
0.002146753016859293
0.03682078793644905
0.004321052692830563
0.2315957397222519
0.0021625717636197805
1.0438470840454102
0.0036136300768703222
0.8176207542419434
0.001233487855643034
0.26891276240348816
0.00442320853471756
0.34820935130119324
0.045852985233068466
1.7003315687179565
0.04361584782600403
1.344097375869751
0.12915945053100586
1.2141650915145874
0.3560115396976471
0.7984578013420105
0.0697207823395729
0.6086996793746948
0.23019349575042725
0.4568428695201874
0.2683427929878235
0.13789492845535278
0.4939006268978119
0.26854702830314636
0.053796183317899704
0.13323475420475006
0.07593201100826263
0.37021133303642273
0.07528149336576462
0.21444371342658997
0.0683419406414032
0.2789033353328705
0.0020422153174877167
0.5042759776115417
0.10023210942745209
1.5960543155670166
0.04366272687911987
0.3459356129169464
0.2826947569847107
0.7564050555229187
0.012428552843630314
0.001425872789695859
0.19191239774227142
0.006686805281788111
0.0011535314843058586
0.00216806773096323
0.008719481527805328
0.0028772021178156137
0.008750504814088345
0.42147278785705566
0.011089857667684555
0.32192033529281616
0.021301256492733955
0.034949660301208496
0.01928286999464035
0.12148212641477585
0.0034893150441348553
0.5229424238204956
0.003174355486407876
0.6565539240837097
0.0017244857735931873
0.023873550817370415
0.0072265504859387875
0.06683308631181717
0.032768577337265015
0.127315491437912
0.08941172063350677
0.018047180026769638
0.04105895757675171
0.003389541059732437
0.041670750826597214
0.0070650228299200535
0.0012085613561794162
0.641342043876648
0.001711537130177021
1.0976355075836182
0.0013778195716440678
0.5166274905204773
0.0009663822129368782
0.5175135135650635
0.0007820510654710233
0.6648527383804321
0.002008255571126938
0.780842661857605
0.008388057351112366
0.14932209253311157
0.007636664435267448
0.27438846230506897
0.08493338525295258
0.15997053682804108
0.08311237394809723
0.3248102068901062
0.43339312076568604
0.914348304271698
0.4745461642742157
1.03878915309906
0.026116326451301575
0.24174624681472778
0.11116613447666168
0.36979052424430847
0.005254867486655712
0.2345772385597229
0.0077044181525707245
0.36296871304512024
0.18050219118595123
1.4789228439331055
0.27226653695106506
1.763363242149353
0.043793436139822006
0.5021982192993164
0.07088299840688705
1.4921389818191528
0.1034569963812828
0.43092334270477295
0.0374067947268486
0.3295349180698395
0.25183767080307007
0.09197770059108734
0.04995378851890564
0.04237969592213631
0.02461315505206585
0.6355463862419128
0.007348851300776005
0.49258288741111755
0.06644260883331299
0.3305513858795166
0.023372171446681023
0.5071468353271484
0.022372672334313393
1.1407132148742676
0.061993468552827835
0.5985502004623413
0.06797217577695847
0.1326286643743515
0.005798972677439451
0.013744974508881569
1.19772469997406
0.21019446849822998
0.8203278183937073
0.1772146224975586
1.3017719984054565
0.24814358353614807
0.9188103079795837
0.04161251336336136
0.012395115569233894
0.4300422966480255
0.04648217931389809
0.4123193025588989
0.012514887377619743
0.023340493440628052
0.04851016402244568
0.03099401481449604
0.006809597834944725
0.08196189999580383
0.006429014727473259
0.2108207494020462
0.0033850392792373896
0.0046882713213562965
0.002707355422899127
0.017706841230392456
0.0024099196307361126
0.4573192894458771
0.0006296681822277606
0.29053622484207153
0.0007453745929524302
0.0025076826568692923
0.0007773243123665452
0.015282688662409782
0.0006124209612607956
0.5787479877471924
0.009290765970945358
0.3143455982208252
0.0007922109216451645
0.598598301410675
0.0010969169670715928
0.15137267112731934
0.001543202088214457
0.01192048192024231
0.004595130681991577
0.0075121247209608555
0.0020016611088067293
0.10610269010066986
0.005514328368008137
0.26065516471862793
0.0028112244326621294
0.004317387938499451
0.003236383432522416
0.016535567119717598
0.0029873873572796583
1.1002012491226196
0.0061509693041443825
0.37660104036331177
0.027869828045368195
0.5852932929992676
0.5257619619369507
1.0305476188659668
0.03926778957247734
0.14683008193969727
0.9215559363365173
1.1006338596343994
0.008340702392160892
0.5631901621818542
0.0016570492880418897
1.2535439729690552
0.054594095796346664
0.17853516340255737
0.039431940764188766
1.047082543373108
0.0017430551815778017
0.4423121213912964
0.028702108189463615
0.6562192440032959
0.0030918100383132696
0.233289897441864
0.1273806095123291
0.42823588848114014
0.08025804162025452
0.27460211515426636
0.2870960235595703
0.7575622200965881
0.11930898576974869
0.33780303597450256
0.1615184247493744
0.41781890392303467
0.0037681893445551395
2.156207799911499
0.010921739041805267
2.1342568397521973
0.14165470004081726
2.017083168029785
0.1520249992609024
1.7724460363388062
1.0246227979660034
0.6580535769462585
0.8901150822639465
0.8952668309211731
0.038594286888837814
0.2205270230770111
0.035795778036117554
0.4467601478099823
0.005717656575143337
0.35286855697631836
0.0016497664619237185
0.1090782880783081
0.001968714175745845
0.007196463644504547
0.002917908364906907
0.02522343210875988
0.0063620926812291145
0.7814514636993408
0.0012673349119722843
0.5803596377372742
0.004060215316712856
0.42843329906463623
0.0004034767916891724
0.20329499244689941
0.009475935250520706
0.0306915994733572
0.09175064414739609
0.03757559508085251
0.022355761379003525
0.004788797348737717
0.053009890019893646
0.019890546798706055
0.0016259041149169207
0.01960841752588749
0.023669283837080002
0.26478978991508484
0.0030392624903470278
0.05757788196206093
0.007315196096897125
0.22546540200710297
0.0008877631044015288
0.03940073028206825
0.014258739538490772
0.01711815595626831
0.005780812818557024
0.01657133921980858
0.01296168565750122
0.03688507899641991
0.001563353929668665
0.004336382728070021
0.027339598163962364
0.038197413086891174
0.003131296020001173
0.0025150529108941555
0.045509468764066696
0.008074158802628517
0.00528089702129364
0.07941382378339767
0.019335927441716194
0.08024469763040543
0.0023951842449605465
0.0054414705373346806
0.0021686209365725517
0.0026578675024211407
0.040240149945020676
0.07173814624547958
0.13758012652397156
0.09383169561624527
0.0014526380691677332
0.038336627185344696
0.001159502542577684
0.013209360651671886
0.0007736791158095002
0.07082925736904144
0.001269704313017428
0.01983072981238365
0.0007355666602961719
0.024924082681536674
0.0021488144993782043
0.024736996740102768
0.00592670077458024
0.22796237468719482
0.023513926193118095
0.32215583324432373
0.004903314635157585
0.04052707552909851
0.010343675501644611
0.04998760297894478
0.0006653721211478114
0.0753176137804985
0.0021037431433796883
0.08418291807174683
0.007325020618736744
0.003093771170824766
0.01305149495601654
0.008421617560088634
0.0023246468044817448
0.6982762217521667
0.006459665950387716
0.9337378144264221
0.0029828697443008423
0.6810365319252014
0.0045438287779688835
0.8123511672019958
0.0010332228848710656
0.7391151189804077
0.0007727486081421375
0.4509335160255432
0.0007028623949736357
0.005435297265648842
0.001272840891033411
0.04452924057841301
0.0014075624058023095
0.04860217869281769
0.0008527048048563302
0.25265395641326904
0.0022015292197465897
0.7510961294174194
0.0005895766662433743
1.3270750045776367
0.0229512806981802
0.11081814765930176
0.021077420562505722
0.21742671728134155
0.004568071104586124
0.057918936014175415
0.016105802729725838
0.01248464547097683
0.0659092366695404
0.021075986325740814
0.14490094780921936
0.044714540243148804
0.10805519670248032
0.15316808223724365
0.09480244666337967
0.2883792519569397
0.09784625470638275
0.4198589324951172
0.8373101949691772
1.0275934934616089
0.006251129787415266
0.3951915204524994
0.35138368606567383
0.6015496850013733
0.247045636177063
0.1717737913131714
0.8121378421783447
0.8871728777885437
0.40386199951171875
0.4348292350769043
0.817192554473877
1.0043281316757202
0.0010910609271377325
0.6028369665145874
0.0022247275337576866
0.6184555888175964
0.00734760332852602
0.034032344818115234
0.005111283157020807
0.027526196092367172
0.0013215596554800868
0.060639578849077225
0.0012309961020946503
0.1597990095615387
0.010023119859397411
0.05998508259654045
0.015168767422437668
0.1546562761068344
0.0010163204278796911
0.16119486093521118
0.008109791204333305
0.3623389005661011
0.0005347111145965755
0.04770873859524727
0.0025540259666740894
0.052617162466049194
0.004755640402436256
0.38421669602394104
0.0036667706444859505
0.42844873666763306
0.01591234840452671
0.0623612254858017
0.01674552634358406
0.08562137186527252
0.004288394469767809
0.3108300268650055
0.006229783874005079
0.30853980779647827
0.007801959756761789
0.009198642335832119
0.011000665836036205
0.0328403040766716
0.016285577788949013
0.13934993743896484
0.007722879759967327
0.6316766738891602
0.0016765955369919538
0.4143025875091553
0.002244077157229185
1.0202000141143799
0.001628082012757659
0.38396894931793213
0.03325941786170006
0.1290901154279709
0.004155210219323635
0.028475545346736908
0.022757314145565033
0.029047777876257896
0.001578254159539938
0.006486906670033932
0.018538476899266243
0.36653468012809753
0.0028193150646984577
0.008051504381000996
0.013001308776438236
0.12646597623825073
0.01888180896639824
0.33946824073791504
0.14372365176677704
0.3333691954612732
0.02039385959506035
0.32879093289375305
0.06135309115052223
0.49822598695755005
0.29316678643226624
0.12477006018161774
0.302304744720459
0.4229602813720703
0.16403454542160034
0.37090104818344116
0.19461669027805328
0.46709054708480835
0.0032769578974694014
0.26138079166412354
0.0034231352619826794
0.27622678875923157
0.05106080323457718
0.005307425744831562
0.005108666606247425
0.034078121185302734
0.008679806254804134
0.6754502058029175
0.00689755380153656
0.8161770105361938
0.0027722653467208147
0.3316250145435333
0.0022933254949748516
0.2182142436504364
0.0033477917313575745
0.050659529864788055
0.0016936523607000709
0.02030589058995247
0.005602582823485136
0.05107615888118744
0.0017885752022266388
0.03652229905128479
0.025849755853414536
0.22324049472808838
0.008644213899970055
0.0946381539106369
0.00610889820381999
0.007131424732506275
0.0026715826243162155
0.007466105278581381
0.0014510593609884381
0.007715574465692043
0.0007273449446074665
0.013943488709628582
0.38740625977516174
0.003181725973263383
1.3216675519943237
0.0036848068702965975
0.001148186274804175
0.26363131403923035
0.001683663111180067
0.8676556348800659
0.006201629526913166
0.025512108579277992
0.002874197904020548
0.008852506056427956
0.001126893563196063
0.3111356496810913
0.0018867913167923689
0.439906507730484
0.0005205627530813217
0.01721930131316185
0.0012351084733381867
0.032345082610845566
0.01888418383896351
0.11866692453622818
0.014231840148568153
0.15352264046669006
0.0039978004060685635
0.14005309343338013
0.009093779139220715
0.41431567072868347
0.001114788930863142
0.38004159927368164
0.0017859211657196283
0.7457767128944397
0.0014369655400514603
0.07275134325027466
0.0017961438279598951
0.1371733695268631
0.0005686728982254863
0.15715095400810242
0.002066301181912422
0.14043350517749786
0.0025164447724819183
0.0283079594373703
0.006641617510467768
0.08061552792787552
0.7708624601364136
1.2125797271728516
1.2860172986984253
1.455198884010315
0.031181486323475838
0.7026622295379639
0.5415633916854858
1.2401177883148193
1.544710636138916
0.6603144407272339
1.6880648136138916
1.6810801029205322
1.1078325510025024
0.4027037024497986
1.4309210777282715
1.3920191526412964
0.016872698441147804
1.1047077178955078
0.026088740676641464
1.5262608528137207
0.0033705097157508135
0.4334409236907959
0.011250212788581848
0.4371292293071747
0.016502240672707558
0.2681145668029785
0.016455549746751785
0.2934059500694275
0.0013441344490274787
0.1045038029551506
0.00400848314166069
0.08205422759056091
0.007936215959489346
0.4456017017364502
0.014278617687523365
0.2972676455974579
0.10764304548501968
0.29584717750549316
0.06334773451089859
0.20585420727729797
0.005049675703048706
0.1738244593143463
0.010188696905970573
0.18875858187675476
0.008092131465673447
0.020559411495923996
0.05569102242588997
0.10820698738098145
0.0004955636686645448
1.0157899856567383
0.0008462299010716379
1.6139501333236694
0.004109146539121866
0.0933559313416481
0.01992194727063179
0.34759265184402466
0.004819311201572418
0.08670206367969513
0.23396381735801697
0.29472923278808594
0.00279321800917387
0.3719480037689209
0.012422442436218262
0.41184166073799133
0.0005438417429104447
0.6117820143699646
0.0031990499701350927
0.2688857316970825
0.0011413817992433906
0.12163933366537094
0.005161140114068985
0.3887198269367218
0.0015569941606372595
0.20654995739459991
0.004301031120121479
0.2159413844347
0.0038823438808321953
0.06299558281898499
0.009576598182320595
0.08376068621873856
0.0018052649684250355
0.4265671372413635
0.00811258889734745
0.2922488749027252
0.002169544342905283
0.12194368243217468
0.008741822093725204
0.13493278622627258
0.0064699165523052216
0.03596389293670654
0.015071132220327854
0.16844019293785095
0.0020301316399127245
0.006501523777842522
0.008586824871599674
0.006941081490367651
0.00036014363286085427
0.15373311936855316
0.0009842034196481109
0.25945189595222473
0.023359449580311775
0.07206477224826813
0.01052156463265419
0.0341937281191349
0.0009500753367319703
0.17936065793037415
0.011201795190572739
0.25030720233917236
0.007560553029179573
0.06682144105434418
0.031208587810397148
0.09378460794687271
0.0023973467759788036
0.08352598547935486
0.004264252260327339
0.027579214423894882
0.010854890570044518
0.029378829523921013
0.0012574265711009502
0.03757043555378914
0.013781877234578133
0.18977391719818115
0.004836823791265488
0.5422934889793396
0.009883349761366844
0.10807874798774719
0.0016941088251769543
0.16485899686813354
0.03566059470176697
0.7665657997131348
0.027156610041856766
0.44185587763786316
0.1308859884738922
0.197651669383049
0.07306243479251862
0.10344043374061584
0.15667885541915894
0.2925441861152649
0.1512651890516281
0.5003474354743958
0.2418697327375412
0.26524657011032104
0.20699165761470795
0.2867743968963623
0.00626395596191287
0.4627319276332855
0.007559985853731632
0.4307856559753418
0.01003897376358509
0.006831083446741104
0.010858172550797462
0.017063286155462265
0.0019504965748637915
0.16289348900318146
0.01088208332657814
0.502794086933136
0.00967308972030878
0.132119819521904
0.00688994862139225
0.13396577537059784
0.0008983809966593981
0.007738044485449791
0.002511265454813838
0.10893819481134415
0.0021867272444069386
0.008660167455673218
0.0017142153810709715
0.006503471173346043
0.0027355661150068045
0.09696893393993378
0.002948036650195718
0.14454002678394318
0.0022024959325790405
0.4307372272014618
0.004269875586032867
0.44043228030204773
0.015444103628396988
1.135249137878418
0.30434319376945496
1.1508746147155762
0.08256009966135025
0.033057231456041336
0.20901620388031006
0.2227434366941452
0.002177700400352478
0.7266157865524292
0.0037687751464545727
0.9272611737251282
0.002955415053293109
0.37258467078208923
0.0035535255447030067
0.4326983094215393
0.0011941208504140377
0.11546136438846588
0.009521779604256153
0.5254813432693481
0.05441166087985039
0.06613292545080185
0.03433692455291748
0.09510524570941925
0.019769446924328804
0.0014978951076045632
0.22672297060489655
0.060177285224199295
0.0056767649948596954
0.006264196243137121
0.048927802592515945
0.19589650630950928
0.001756440382450819
0.06786907464265823
0.007367580663412809
0.057332735508680344
0.003502868814393878
0.12476794421672821
0.0027834184002131224
0.064730703830719
0.0013866666704416275
0.10985618829727173
0.006083089858293533
0.26131728291511536
0.0015723489923402667
0.053256142884492874
0.005344529170542955
0.02853754162788391
0.12355846166610718
0.20603348314762115
0.30114448070526123
0.4203950762748718
0.053659021854400635
0.06407579034566879
0.07976208627223969
0.18986189365386963
0.0018203025683760643
0.5378327965736389
0.03849055990576744
0.5463547110557556
0.006971308961510658
0.4411952495574951
0.008783992379903793
0.3044050931930542
0.0032441988587379456
0.9206908941268921
0.03812004253268242
0.7171177864074707
0.01224593911319971
0.062112826853990555
0.03805818036198616
0.04683909937739372
0.0019638403318822384
0.12725651264190674
0.010185863822698593
0.4769658148288727
0.002503087976947427
0.056237876415252686
0.00326083623804152
0.12676692008972168
0.055167701095342636
1.1244162321090698
0.05340377986431122
0.6054596304893494
0.09010285139083862
0.24023650586605072
0.05317158252000809
0.22511211037635803
0.03231959044933319
0.38742464780807495
0.017849333584308624
0.5291662812232971
0.009836618788540363
0.47287189960479736
0.00478809280321002
0.3227221965789795
0.0020097773522138596
0.1873054951429367
0.004130618646740913
0.3608502447605133
0.0021794100757688284
0.12876036763191223
0.004019907675683498
0.4365665912628174
0.026335518807172775
0.008387790992856026
0.06853614002466202
0.08214657753705978
0.0021285386756062508
0.0017253932310268283
0.008641860447824001
0.001538426848128438
0.0009954539127647877
0.188384011387825
0.001370596350170672
0.2358028143644333
0.005203804466873407
0.049213703721761703
0.0060162534937262535
0.040216114372015
0.005613728426396847
0.00493369996547699
0.010484944097697735
0.017697419971227646
0.00213488913141191
0.012867135927081108
0.004518063738942146
0.32342591881752014
0.006730137392878532
0.13782455027103424
0.008105854503810406
0.223660409450531
0.003360322443768382
0.11240585148334503
0.0025945291854441166
0.05874381214380264
0.042319487780332565
0.10648824274539948
0.10296650230884552
0.49033159017562866
0.008957297541201115
0.00668563786894083
0.00771835632622242
0.021928707137703896
0.0008840685477480292
0.021029209718108177
0.0013561270898208022
0.013689744286239147
0.002249949611723423
0.03426286578178406
0.009390967898070812
0.2045304924249649
0.005358006805181503
0.09186190366744995
0.0039083510637283325
0.4197345972061157
0.004892850294709206
0.006599329877644777
0.007922418415546417
0.022250743582844734
0.0017952146008610725
0.6917619109153748
0.000982227735221386
0.710202693939209
0.002737418981269002
0.051668256521224976
0.002015069592744112
0.04532882571220398
0.2335931658744812
0.06900333613157272
0.009759834036231041
0.4997103214263916
0.07520069181919098
0.31321749091148376
0.009447213262319565
0.23554450273513794
0.04565805569291115
0.1386680155992508
0.12588542699813843
0.38863468170166016
0.018806755542755127
0.0522092767059803
0.04949517175555229
0.056791067123413086
0.020011739805340767
0.6038913130760193
0.03743298724293709
0.8502801656723022
0.004812765866518021
0.15158934891223907
0.007633919827640057
0.09475895762443542
0.008582551032304764
0.09235777705907822
0.02955981157720089
0.08683834969997406
0.0027983207255601883
0.03075644187629223
0.019636601209640503
0.08629637211561203
0.045876652002334595
0.07335531711578369
0.13196510076522827
0.22817470133304596
0.13729359209537506
0.35927334427833557
0.15168249607086182
0.6102737784385681
0.008291148580610752
0.4843711853027344
0.0061093163676559925
0.6956987380981445
0.006179792806506157
0.1491868793964386
0.004875827115029097
0.37185153365135193
0.007149979472160339
0.011216639541089535
0.03310393542051315
0.007682019844651222
0.005533870775252581
0.04769662022590637
0.017471522092819214
0.046935588121414185
0.0013429998653009534
0.030247189104557037
0.0015395676018670201
0.015770960599184036
0.0074647776782512665
0.02270263247191906
0.019521143287420273
0.033531058579683304
0.020918918773531914
0.025425992906093597
0.020420104265213013
0.0642508715391159
0.014962505549192429
0.021279219537973404
0.006993112154304981
0.07887956500053406
0.0019702506251633167
0.4584971070289612
0.0007973485044203699
0.49841880798339844
0.0009423273149877787
0.04224793612957001
0.00023123127175495028
0.07078655809164047
0.01945650577545166
0.07612469792366028
0.014643712900578976
0.1975838541984558
0.009007696993649006
0.016342226415872574
0.01252011302858591
0.19081072509288788
0.04050800949335098
0.0613311231136322
0.5259785056114197
0.37195324897766113
0.003693819046020508
0.0924142599105835
0.03342906013131142
0.07648138701915741
0.3191373646259308
0.3784812092781067
0.7418864369392395
1.2739253044128418
0.10009973496198654
0.7214529514312744
0.28747811913490295
1.156059980392456
0.10477180778980255
0.4695168733596802
0.09844107180833817
1.0523674488067627
0.01432019006460905
0.03226692974567413
0.004572865553200245
0.01868566870689392
0.6297865509986877
0.20980310440063477
1.007089614868164
0.5377664566040039
0.396808922290802
0.3717057406902313
0.490962415933609
0.20811478793621063
0.0009613072033971548
0.8204562067985535
0.001036383444443345
0.5976098775863647
0.001582239754498005
0.016806941479444504
0.0012202985817566514
0.007941393181681633
0.003729821415618062
0.8702036738395691
0.001816568081267178
1.5296909809112549
0.00472168019041419
0.03817596286535263
0.0023062480613589287
0.29881468415260315
0.014318732544779778
0.5040178894996643
0.05073109269142151
0.49795499444007874
0.025249741971492767
0.046037137508392334
0.12662379443645477
0.1744559109210968
0.012617864646017551
0.10089898109436035
0.02243841625750065
0.20259080827236176
0.09806697070598602
0.10059667378664017
0.11008258163928986
0.150522381067276
0.0013364767655730247
0.08388592302799225
0.0072158584371209145
0.057568762451410294
0.0015313138719648123
0.011090986430644989
0.00417542178183794
0.04147389158606529
0.019844651222229004
0.008481206372380257
0.016935478895902634
0.08020903170108795
0.0669892206788063
0.15012578666210175
0.08037008345127106
0.25236836075782776
0.009204676374793053
0.2154717743396759
0.00920866522938013
0.4482477903366089
0.0020091766491532326
0.005320700816810131
0.0008747858228161931
0.02920423448085785
0.033832404762506485
1.582017183303833
0.14229026436805725
1.492186188697815
0.19315922260284424
0.44123658537864685
0.3950912356376648
0.2804349362850189
0.03205012157559395
0.16475720703601837
0.02445647120475769
0.05366237461566925
0.015195431187748909
0.0274189542979002
0.013881543651223183
0.08819301426410675
0.01290417555719614
0.7847063541412354
0.006287926342338324
1.0154619216918945
0.006478275638073683
0.22651100158691406
0.0027052387595176697
0.4291418492794037
0.23927104473114014
2.1955556869506836
0.4643385708332062
2.2429535388946533
0.15220221877098083
1.4518463611602783
0.2737673223018646
1.1885584592819214
0.5851505398750305
1.0747625827789307
0.7513409852981567
2.335430860519409
0.34879764914512634
0.24326884746551514
0.48838651180267334
0.9904879331588745
0.004817324690520763
0.06407114118337631
0.006129697896540165
0.031133785843849182
0.004975985735654831
0.04536452144384384
0.004483141005039215
0.06297766417264938
0.003846259554848075
0.025445831939578056
0.003959739115089178
0.16856499016284943
0.006897451356053352
0.03499565273523331
0.00809440203011036
0.0916614755988121
0.057984933257102966
2.42448353767395
0.008297329768538475
1.9904658794403076
0.0316031388938427
1.3164846897125244
0.03546537831425667
0.8918372392654419
0.44459524750709534
0.6139519810676575
0.7061273455619812
0.4736160635948181
0.5936899781227112
0.05145849660038948
0.5650054216384888
0.02980884164571762
0.022252526134252548
0.7002864480018616
0.4477803111076355
1.1291965246200562
0.0863332450389862
0.5213136672973633
0.27073603868484497
0.7703779339790344
0.5944522619247437
0.15348021686077118
1.0775765180587769
0.5257404446601868
1.2009576559066772
0.39354363083839417
1.3156710863113403
1.3513675928115845
0.0023521233815699816
0.6169549226760864
0.0014843661338090897
0.24473227560520172
0.0018644819501787424
0.01584656350314617
0.002202551579102874
0.07507208734750748
0.007339799776673317
0.0030071944929659367
0.004497411195188761
0.004817131906747818
0.03101348876953125
0.01622052490711212
0.010293764993548393
0.009495838545262814
0.002221514470875263
0.37971004843711853
0.002313243690878153
0.0641835555434227
0.0017399631906300783
0.021267665550112724
0.0018329807789996266
0.01597023196518421
0.0032659133430570364
0.3405490815639496
0.005284272134304047
0.5647079944610596
0.003104603383690119
0.09308779984712601
0.005106692668050528
0.2087739109992981
0.00884326733648777
0.2796691358089447
0.014422659762203693
0.6745020747184753
0.010290327481925488
0.014868811704218388
0.031502798199653625
0.049991901963949203
0.006946527399122715
0.02131912112236023
0.007925080135464668
0.03449263796210289
0.02168041653931141
0.040339067578315735
0.010559885762631893
0.08836207538843155
0.01391285378485918
0.3308483958244324
0.02463340200483799
0.03085256740450859
0.029429253190755844
0.01909877359867096
0.023176319897174835
0.039885006844997406
0.004255716223269701
0.26207274198532104
0.011751796118915081
0.3974900543689728
0.001641492242924869
0.14582033455371857
0.004340643063187599
0.29373812675476074
0.04868929088115692
1.5994949340820312
0.04725465923547745
1.8631186485290527
0.035924747586250305
1.2280714511871338
0.09337165951728821
1.4362387657165527
1.6218485832214355
0.1671772450208664
1.770018458366394
0.5730003714561462
0.6259468793869019
0.013886422850191593
0.8736459612846375
0.008565457537770271
0.16654078662395477
0.9933279752731323
0.3590609133243561
1.1570230722427368
0.2333296537399292
0.22192741930484772
0.4636099934577942
0.5200774669647217
0.22092175483703613
0.24773836135864258
0.32586055994033813
0.7998408079147339
0.1643516719341278
0.1740129590034485
0.3248409032821655
0.42472606897354126
0.0033131304662674665
0.11703724414110184
0.023428380489349365
0.2580825090408325
0.006149685475975275
0.040975406765937805
0.005655686836689711
0.08421867340803146
0.07380585372447968
0.10759087651968002
0.14463235437870026
0.16750405728816986
0.006982537917792797
0.007971333339810371
0.010410511866211891
0.02185666374862194
1.2955864667892456
1.5700715780258179
1.7711974382400513
2.001923084259033
0.7554291486740112
0.9257450103759766
1.1701242923736572
1.2210301160812378
1.6344022750854492
1.3364617824554443
1.965357780456543
1.6434602737426758
1.1746166944503784
0.4811002314090729
1.3789691925048828
1.1661171913146973
0.000747310055885464
0.01630251109600067
0.0012929716613143682
0.017536301165819168
0.0011624256148934364
0.006284086499363184
0.0025887165684252977
0.008013016544282436
0.016056733205914497
0.23846764862537384
0.005587575025856495
0.3921259939670563
0.01215057261288166
0.1438104659318924
0.0029696321580559015
0.470214307308197
0.43868914246559143
0.6543843746185303
0.6028479337692261
0.8229300379753113
0.17113091051578522
0.01742776483297348
0.44592323899269104
0.03872105851769447
0.0025594932958483696
0.5016888380050659
0.004813790321350098
0.42766812443733215
0.01774018257856369
0.08003838360309601
0.10397842526435852
0.42768925428390503
0.15074996650218964
1.6351914405822754
0.6416319012641907
1.3129136562347412
0.03819521889090538
0.8032879829406738
0.3762791156768799
1.1042815446853638
1.038395881652832
0.4325605630874634
0.9909023642539978
0.9213677644729614
0.7475309371948242
0.3378724157810211
0.7963758111000061
0.6322765350341797
0.0001767018693499267
0.02638484537601471
0.010921753011643887
0.17397931218147278
0.0003043919859919697
0.004446015227586031
0.02308684214949608
0.07258129864931107
0.0023518335074186325
0.0012115121353417635
0.050573114305734634
0.00637709628790617
0.00918969139456749
0.0025921291671693325
0.2013111561536789
0.029249615967273712
0.11082325875759125
0.4949544370174408
0.06183359771966934
0.44551292061805725
0.23730440437793732
0.19672267138957977
0.04461082071065903
0.08873791247606277
0.20027314126491547
0.7387924194335938
0.027133576571941376
0.6465590596199036
0.10278309136629105
0.719535768032074
0.006374631077051163
0.8000679612159729
0.0014158650301396847
0.2227148711681366
0.021012740209698677
0.15738870203495026
0.00981078576296568
0.02304544299840927
0.01915699802339077
0.08478299528360367
0.005147780291736126
0.002810083795338869
0.08075479418039322
0.01926197111606598
0.009631252847611904
0.01888945698738098
0.020349755883216858
0.05417739227414131
0.0005874821217730641
0.5152550339698792
0.006379358470439911
0.7732771635055542
0.023212172091007233
0.3284324109554291
0.023781640455126762
0.2641740143299103
0.0031752230133861303
0.08200094103813171
0.009799106046557426
0.1669546216726303
0.00101448071654886
0.09750644862651825
0.0018235829193145037
0.0560513474047184
0.037664517760276794
0.6672055721282959
0.07952996343374252
0.8169963955879211
0.05751505866646767
0.3606014549732208
0.08475884050130844
0.7174829244613647
0.21649286150932312
0.3282286524772644
0.4798145294189453
0.7391922473907471
0.09434027969837189
0.09596149623394012
0.20898675918579102
0.1559973657131195
0.0007632424240000546
0.4418671131134033
0.0007252631476148963
0.228135347366333
0.0016559440409764647
0.01670563593506813
0.002096452284604311
0.0163807924836874
0.011467025615274906
0.012874968349933624
0.002097097458317876
0.017461389303207397
0.003056298242881894
0.008158278651535511
0.0010648007737472653
0.004779648967087269
0.0035204002633690834
0.052565306425094604
0.023570001125335693
0.11317382752895355
0.057666316628456116
0.08739916980266571
0.1576721966266632
0.20917591452598572
0.1477677822113037
0.005307572893798351
0.35230451822280884
0.0730014219880104
0.1727813482284546
0.06931396573781967
0.3326740860939026
0.09758260846138