0.0036061075516045094
0.03531971201300621
0.02437112107872963
0.10351874679327011
0.009584535844624043
0.04799294471740723
0.04285706579685211
0.35820382833480835
0.003903420642018318
0.10729793459177017
0.058795828372240067
0.41666045784950256
0.0010536187328398228
0.41642099618911743
0.0019891182892024517
0.04533751681447029
0.004111099988222122
0.031220609322190285
0.027966268360614777
0.05294657126069069
0.04986021667718887
0.5170138478279114
0.013543522916734219
0.11239667236804962
0.11952251940965652
0.7471108436584473
0.010890139266848564
1.1281110048294067
0.1270763874053955
0.013926871120929718
0.023314055055379868
0.0031359358690679073
0.25125178694725037
0.015164656564593315
0.47060248255729675
0.04959621652960777
0.06152012571692467
0.0032516703940927982
0.3048107922077179
0.04920748248696327
0.00919268000870943
0.0009668254060670733
0.005832867231220007
0.0050751157104969025
0.008619168773293495
0.00490103755146265
0.07737951725721359
0.014163173735141754
0.7510546445846558
0.09039564430713654
0.747925877571106
0.6703658103942871
1.132788062095642
1.4926246404647827
0.6331287026405334
0.5058515071868896
0.0009224466630257666
0.0402899906039238
0.004370670299977064
0.09862890094518661
0.010106785222887993
0.693726658821106
0.26500287652015686
0.44769522547721863
0.0064218416810035706
0.03730889409780502
0.016022631898522377
0.66239333152771
0.004722958896309137
0.31509271264076233
0.0008903391426429152
0.11455387622117996
0.002367933513596654
0.022423697635531425
0.008469386026263237
0.7207567691802979
0.2153862863779068
0.29344677925109863
0.035417359322309494
0.04233169183135033
0.028624946251511574
0.4777662456035614
0.00978162419050932
0.2200964242219925
0.0017348037799820304
0.027641914784908295
0.004522185306996107
0.0031209676526486874
0.023520151153206825
0.014123284257948399
0.2106228619813919
0.3030462861061096
0.0023099971003830433
0.002613377058878541
0.20581413805484772
0.049799177795648575
0.005401996895670891
0.003146813716739416
0.0009300473611801863
0.1399078518152237
0.005409175530076027
0.004423180595040321
0.02957705780863762
0.017919031903147697
0.46275198459625244
0.8719391822814941
0.5026354193687439
0.8621765971183777
0.7904050350189209
1.1403326988220215
0.4012892544269562
0.7351481914520264
0.02058335207402706
0.008281084708869457
0.005038389470428228
0.014184175059199333
0.010807404294610023
0.005961098708212376
0.0052796476520597935
0.01034562662243843
0.002165490761399269
0.0027871381025761366
0.019154351204633713
0.12659049034118652
0.001206679968163371
0.090596042573452
0.003710855031386018
0.02185882441699505
0.0018737295176833868
0.017995072528719902
0.009746966883540154
0.01915164664387703
0.023689156398177147
0.14367172122001648
0.005741584114730358
0.020480366423726082
0.04405464604496956
0.24369046092033386
0.002079601865261793
0.16178961098194122
0.004924421664327383
0.036583490669727325
0.0027260894421488047
0.0015685481484979391
0.005626391619443893
0.010127479210495949
0.012882412411272526
0.01047541480511427
0.00334744225256145
0.0034493596758693457
0.10146317631006241
0.08849820494651794
0.010059081017971039
0.0012839023256674409
0.002725390251725912
0.007323667407035828
0.0033875368535518646
0.002026940928772092
0.0037579545751214027
0.006347774527966976
0.0329151451587677
0.03011835366487503
0.2995262145996094
0.5898687839508057
0.8414210081100464
0.869249165058136
0.1827395260334015
0.5072089433670044
0.00870821438729763
0.01604098454117775
0.022142749279737473
0.03167617321014404
0.0069830152206122875
0.12557964026927948
0.02472475916147232
0.0056802681647241116
0.0016530707944184542
0.001287103514187038
0.028137223795056343
0.006171772722154856
0.002298598177731037
0.5028166174888611
0.0024341726675629616
0.036064840853214264
0.009124044328927994
0.013222908601164818
0.011457760818302631
0.31415730714797974
0.04361344873905182
0.011717929504811764
0.021540362387895584
0.010729791596531868
0.09844332933425903
0.032765526324510574
0.006043140310794115
0.626483678817749
0.07132971286773682
0.004347220994532108
0.007101402152329683
0.0028797180857509375
0.08954169601202011
0.015024133957922459
0.007657983340322971
0.04836135730147362
0.0009335548966191709
0.001610473613254726
0.009201311506330967
0.025407925248146057
0.0196212287992239
0.003223462263122201
0.01796090416610241
0.0015423927688971162
0.009527087211608887
0.004715641960501671
0.11753477901220322
0.012079617939889431
0.15305911004543304
0.7287454009056091
0.034409280866384506
0.8138526082038879
0.5280791521072388
1.1777526140213013
0.029754821211099625
0.5213609933853149
0.0016109202988445759
0.014092707075178623
0.0028474763967096806
0.018917735666036606
0.004387353081256151
0.0471763014793396
0.3015406131744385
0.9170990586280823
0.017490720376372337
0.0021249614655971527
0.007993347942829132
0.02981097809970379
0.014602688141167164
0.0064293211326003075
0.003385022981092334
0.04741179198026657
0.001145056332461536
0.010559994727373123
0.0031904520001262426
0.05150888115167618
0.3252374529838562
1.0614488124847412
0.0934404581785202
0.011767006479203701
0.007910412736237049
0.035431332886219025
0.05282595381140709
0.023307938128709793
0.0004629623726941645
0.007196231745183468
0.0020160486456006765
0.0010615428909659386
0.01737457886338234
0.015024530701339245
0.9884838461875916
0.2810453176498413
0.0016649349126964808
0.00445992685854435
0.03756239637732506
0.012025410309433937
0.0037746126763522625
0.00591382198035717
0.0010387905640527606
0.05882566422224045
0.0017061133403331041
0.0028298976831138134
0.015783263370394707
0.046674199402332306
1.5961918830871582
0.9109396934509277
0.5253702998161316
0.5273473858833313
0.45901215076446533
0.33371472358703613
0.042763177305459976
0.05628305673599243
0.022374417632818222
0.2693970799446106
0.019496586173772812
0.20322947204113007
0.1280929148197174
0.1284177601337433
0.07976770401000977
0.832275927066803
0.21475020051002502
0.5318616628646851
0.025409018620848656
0.330038458108902
0.009187815710902214
0.3203999400138855
0.008230727165937424
0.30358976125717163
0.0036777511704713106
0.18693582713603973
0.02625841274857521
0.21587508916854858
0.10519514977931976
0.5702827572822571
0.140893816947937
0.41782146692276
0.04928130656480789
0.6071645021438599
0.025388648733496666
0.85088050365448
0.017936525866389275
0.1345149129629135
0.004052917938679457
0.16478440165519714
0.016369512304663658
0.2532557249069214
0.36540645360946655
0.05744243413209915
0.14947646856307983
0.37207838892936707
0.17719699442386627
0.03072505258023739
0.1855844259262085
0.010548078455030918
0.0010113375028595328
0.015552063472568989
0.005738808773458004
0.021390367299318314
0.005804945714771748
0.11479625850915909
0.6397993564605713
0.310155987739563
0.11830451339483261
0.34128615260124207
0.4908241629600525
0.5238664746284485
0.190606027841568
0.38516321778297424
0.007841907441616058
0.031857576221227646
0.0071837399154901505
0.15441058576107025
0.0033137905411422253
0.006067190784960985
0.07930687069892883
0.021833574399352074
0.006318768952041864
0.0038102855905890465
0.043796103447675705
0.09777423739433289
0.005075353197753429
0.01859075203537941
0.0022596882190555334
0.03922128677368164
0.002980586839839816
0.00043800962157547474
0.06430938094854355
0.0126842325553298
0.0027523012831807137
0.0020226805936545134
0.0005773885059170425
0.014812275767326355
0.007436615414917469
0.031063754111528397
0.009444176219403744
0.03313973918557167
0.0192427858710289
0.02583436667919159
0.0054371533915400505
0.004576318431645632
0.3282758295536041
0.12545278668403625
0.10613346099853516
0.3052913546562195
0.0006646352121606469
0.004741004202514887
0.009211904369294643
0.006136453244835138
0.03921760991215706
0.005066678859293461
0.0039000059477984905
0.0007484593079425395
0.000510877463966608
0.005015749484300613
0.06848374754190445
0.1771193891763687
0.0028378672432154417
0.0018125604838132858
0.00033289132989011705
0.0022628463339060545
0.02418576367199421
0.007648796308785677
0.016782023012638092
0.0028988069389015436
0.25225186347961426
0.043799933046102524
0.5917426943778992
0.7597948908805847
1.220476746559143
0.9793112277984619
0.27740922570228577
0.2155108004808426
0.001372765633277595
0.01428753137588501
0.00393762718886137
0.028249286115169525
0.0035424670204520226
0.009422799572348595
0.008863191120326519
0.0027222556527704
0.0016539599746465683
0.0015646115643903613
0.005609747488051653
0.003768314840272069
0.0011809058487415314
0.003617367008700967
0.0004320019797887653
0.051909320056438446
0.0005880387616343796
0.023174075409770012
0.00328575330786407
0.0982682928442955
0.034769825637340546
0.02323216199874878
0.008536052890121937
0.013596965931355953
0.011267133988440037
0.013408983126282692
0.004857526160776615
0.01515243947505951
0.0002690002729650587
0.016262685880064964
0.0020311311818659306
0.0032590278424322605
0.0040787579491734505
0.015579630620777607
0.0005079947877675295
0.006929120514541864
0.0013247663155198097
0.0032989084720611572
0.016577156260609627
0.0066674454137682915
0.0020033675245940685
0.0023262305185198784
0.00030608935048803687
0.11605145037174225
0.0013239739928394556
0.002402904909104109
0.0026302854530513287
0.008560378104448318
0.5997003316879272
0.8991864323616028
0.22244825959205627
0.5099782943725586
0.7004821300506592
0.9917278289794922
0.3430923521518707
0.341826856136322
0.06667846441268921
0.014262644574046135
0.006656440440565348
0.04648624360561371
0.004592523444443941
0.19074757397174835
0.23598021268844604
0.06198176369071007
0.0065470486879348755
0.024166828021407127
0.02280852198600769
0.04259546473622322
0.002007392467930913
0.003153406549245119
0.004491331987082958
0.07093458622694016
0.0013014626456424594
0.01334432139992714
0.006590202450752258
0.08436895906925201
0.07233741134405136
0.17399463057518005
0.012551739811897278
0.007306236773729324
0.029279911890625954
0.024493437260389328
0.012299207039177418
0.011337331496179104
0.006229212041944265
0.04870123788714409
0.002363131381571293
0.011593828909099102
0.02715064212679863
0.01570434868335724
0.0870441198348999
0.11472509801387787
0.0008879063534550369
0.0014921339461579919
0.045927923172712326
0.022987667471170425
0.0010663648135960102
0.0011797568295150995
0.0031606056727468967
0.038647063076496124
0.0022562891244888306
0.006615397520363331
0.01523911114782095
0.023217996582388878
1.007218599319458
1.2121176719665527
0.20753811299800873
0.5234431624412537
0.5613706707954407
0.8764033913612366
0.2557637095451355
0.433389812707901
0.0005115167004987597
0.053503625094890594
0.012724993750452995
0.07231020927429199
0.0050453622825443745
0.004408085718750954
0.022394627332687378
0.043846894055604935
0.003282743040472269
0.0009221015498042107
0.061143744736909866
0.006665974389761686
0.0009285784908570349
0.003180187661200762
0.0006972612463869154
0.042031679302453995
0.003076746128499508
0.027153663337230682
0.00850981380790472
0.010098816826939583
0.017087914049625397
0.054768066853284836
0.010185831226408482
0.011632486246526241
0.10918595641851425
0.015159941278398037
0.004775536246597767
0.0058724540285766125
0.0002356316108489409
0.06088767945766449
0.01730896718800068
0.005775104276835918
0.006265081465244293
0.015524927526712418
0.006148330867290497
0.004069930873811245
0.0010612005135044456
0.001321028103120625
0.013894190080463886
0.09662991017103195
0.0018467456102371216
0.000827571377158165
0.000387942127417773
0.04898061603307724
0.017808012664318085
0.0051226262003183365
0.005456135142594576
0.0036510778591036797
0.15726126730442047
0.5688565373420715
0.09994325041770935
0.3238203823566437
0.5768994688987732
1.0968140363693237
0.22100374102592468
0.3133382797241211
0.2130826711654663
0.133038729429245
0.15506869554519653
0.08220341056585312
0.023740898817777634
0.23165766894817352
0.12338355928659439
0.4131518602371216
0.01528523862361908
0.017136190086603165
0.0071783713065087795
0.025316210463643074
0.018213728442788124
0.019357042387127876
0.0030472746584564447
0.017210207879543304
0.052810873836278915
0.010466664098203182
0.02884276770055294
0.12657469511032104
0.08268002420663834
0.08666923642158508
0.013265656307339668
0.03902712091803551
0.004629615228623152
0.010741842910647392
0.02418331988155842
0.031117549166083336
0.038126371800899506
0.05511457100510597
0.05962340161204338
0.005000865552574396
0.06907883286476135
0.2985403835773468
1.650846242904663
0.1620515137910843
0.001781337894499302
0.023459719493985176
0.0012699904618784785
0.0134159279987216
0.007043929770588875
0.038291964679956436
0.0062051559798419476
0.004495167173445225
0.0012210420100018382
0.14402462542057037
0.07902363687753677
0.05214938148856163
0.0042647491209208965
0.07135551422834396
0.0015007953625172377
0.010487018153071404
0.0014405612600967288
0.009424587711691856
0.0057646664790809155
0.02471032738685608
0.5377345085144043
0.7382857799530029
0.4117303788661957
0.7946720123291016
1.0042318105697632
1.2863425016403198
0.40887412428855896
0.7388913035392761
0.00555956969037652
0.06057386100292206
0.02680552564561367
0.1922769695520401
0.00901038944721222
0.10094523429870605
0.0161049272865057
0.14030426740646362
0.012188885360956192
0.011163960210978985
0.028550483286380768
0.2226121425628662
0.0017226567724719644
0.0365765243768692
0.011986356228590012
0.03921585530042648
0.017917830497026443
0.05532725527882576
0.008418763056397438
0.05501136928796768
0.032930124551057816
0.09786275029182434
0.018341973423957825
0.023261161521077156
0.04322878643870354
0.07965745776891708
0.0565122552216053
0.08421428501605988
0.0016070615965873003
0.01251092180609703
0.010000012814998627
0.012215334922075272
0.02108605019748211
0.037421632558107376
0.030815931037068367
0.02097513899207115
0.00337822618894279
0.0070918831042945385
0.040077198296785355
0.007248908281326294
0.004273350816220045
0.0005878261290490627
0.002748846774920821
0.06041296198964119
0.013024304993450642
0.026609567925333977
0.015122604556381702
0.015304498374462128
0.10716814547777176
0.04594774916768074
0.04717317223548889
0.03395509347319603
0.12625932693481445
0.1369202882051468
0.01014429796487093
0.023033136501908302
0.007352432236075401
0.01400744542479515
0.06553904712200165
0.1624966710805893
0.07723744213581085
0.18520411849021912
0.028563061729073524
0.01778179034590721
0.0026372955180704594
0.0012011992512270808
0.012974655255675316
0.02900961972773075
0.10312125831842422
0.014840987510979176
0.007953489199280739
0.0631694570183754
0.006691602058708668
0.02827533707022667
0.052827149629592896
0.20779728889465332
0.024270251393318176
0.037289850413799286
0.004782757721841335
0.05416455864906311
0.024222655221819878
0.17281396687030792
0.08203703910112381
0.547031044960022
0.01942826248705387
0.0673164576292038
0.0059830681420862675
0.021319175139069557
0.05366482958197594
0.0871618241071701
0.010700084269046783
0.01584450900554657
0.0009138443856500089
0.0035523034166544676
0.06966212391853333
0.01576046831905842
0.0007905038073658943
0.017478762194514275
0.052584242075681686
0.024178344756364822
0.010448205284774303
0.012591692619025707
0.09088720381259918
0.05921483412384987
0.7192955017089844
0.6710167527198792
0.6077107787132263
0.9200718998908997
1.1584370136260986
0.9678524136543274
0.6913899183273315
0.5167854428291321
0.0027690506540238857
0.002705363789573312
0.007875707931816578
0.12274516373872757
0.039373867213726044
0.028058530762791634
0.002258563879877329
0.0324966125190258
0.0011113694636151195
0.24370859563350677
0.09048891067504883
0.4728963077068329
0.0018076697597280145
0.11713866144418716
0.002336278324946761
0.013749057427048683
0.003651561914011836
0.15072554349899292
0.04164895787835121
0.029413679614663124
0.005853759124875069
0.042688582092523575
0.0038508393336087465
0.37978821992874146
0.1565461903810501
0.817193329334259
0.024954184889793396
0.45374003052711487
0.0021645284723490477
0.0011742254719138145
0.0477302223443985
0.0016452601412311196
0.006319986656308174
0.031115494668483734
0.0025649629533290863
0.005532116629183292
0.043596334755420685
0.0018018735572695732
0.04239073023200035
0.006727029103785753
0.01119314320385456
0.0010548545978963375
0.0005078838439658284
0.0026721609756350517
0.03557661548256874
0.0035748304799199104
0.002413495909422636
0.00991121493279934
0.2373329997062683
0.6710096597671509
0.7948787212371826
0.46101924777030945
0.7368494868278503
0.9669243693351746
0.2597445547580719
0.2424604445695877
0.004032894037663937
0.14158523082733154
0.01812564767897129
0.23701143264770508
0.01773117110133171
0.0034981356002390385
0.4927719235420227
0.6392816305160522
0.0032564790453761816
0.03737673908472061
0.031191715970635414
0.11453428864479065
0.04050290957093239
0.011000847443938255
0.08855532854795456
0.008376087062060833
0.004967140033841133
0.11180168390274048
0.9307894110679626
0.35774388909339905
0.717131495475769
0.3737240135669708
0.0032284304033964872
0.3322129249572754
0.047215308994054794
0.06438272446393967
0.013919134624302387
0.016210662201046944
0.044991832226514816
0.1192466989159584
0.011756785213947296
0.5351740121841431
0.6102533340454102
0.8078319430351257
0.5002248287200928
0.9438694715499878
0.019585495814681053
0.010839144699275494
0.034743085503578186
0.07651539891958237
0.009543980471789837
0.06562687456607819
0.015988893806934357
0.04120432585477829
0.2171541005373001
0.02196461334824562
0.3790704607963562
0.8473384976387024
0.2629351317882538
0.5237180590629578
0.011631477624177933
0.007227899506688118
0.027085864916443825
0.16504965722560883
0.06001776084303856
0.01740504615008831
0.43834206461906433
0.7174186706542969
1.0936520099639893
0.6727696061134338
1.4264459609985352
1.44699227809906
1.0305858850479126
0.8660988211631775
0.0048327199183404446
0.11815831065177917
0.016643477603793144
0.27999797463417053
0.019972261041402817
0.36785465478897095
0.006336627062410116
0.06206957623362541
0.0006131900590844452
0.23068416118621826
0.04097570851445198
0.058612797409296036
0.005234120413661003
0.012530938722193241
0.0020072448533028364
0.22320815920829773
0.0035156786907464266
0.13235607743263245
0.005590439774096012
0.16260167956352234
0.09488070756196976
0.08269956707954407
0.009955345652997494
0.04218899458646774
0.0511438325047493
0.08181571960449219
0.02573537267744541
0.023185135796666145
0.005326087586581707
0.016988929361104965
0.006451246328651905
0.006747495848685503
0.01897726021707058
0.05417831242084503
0.01005249097943306
0.001916216337122023
0.0029784345533698797
0.0007330809021368623
0.14253339171409607
0.026348499581217766
0.0013660236727446318
0.0004257810360286385
0.0015111950924620032
0.08506422489881516
0.004930478520691395
0.006316802464425564
0.013726369477808475
0.017887847498059273
0.7304078936576843
0.8377902507781982
0.167725071310997
0.45277532935142517
0.6089164614677429
0.7872734069824219
0.2842770218849182
0.162440687417984
0.0007666644523851573
0.008592355065047741
0.006034505553543568
0.08642344176769257
0.005489870440214872
0.004934389144182205
0.003790029790252447
0.01354772225022316
0.0028497292660176754
0.001317154965363443
0.015902673825621605
0.004862869158387184
0.00185727933421731
0.005353390239179134
0.0011478899978101254
0.03381644934415817
0.0010494847083464265
0.010083833709359169
0.005213283468037844
0.008748401887714863
0.01629483327269554
0.02289527840912342
0.009939409792423248
0.011309993453323841
0.037142619490623474
0.028165016323328018
0.03503957763314247
0.10664305835962296
0.0008780655916780233
0.0642704963684082
0.0022899657487869263
0.0030334193725138903
0.004919068422168493
0.01492976862937212
0.0063868132419884205
0.0035575784277170897
0.0008119067060761154
0.0010063238441944122
0.004736675880849361
0.020014135167002678
0.0013541069347411394
0.0015519869048148394
0.001662427675910294
0.050909336656332016
0.0032702062744647264
0.004361128434538841
0.004412800073623657
0.005354927387088537
0.40610504150390625
0.5116203427314758
0.3594058156013489
0.38133636116981506
0.38399142026901245
0.582478404045105
0.18759344518184662
0.16810353100299835
0.0012190286070108414
0.01231495663523674
0.011429744772613049
0.13069482147693634
0.002559112152084708
1.9734574556350708
0.010012896731495857
0.025968382135033607
0.0015379713149741292
0.052732862532138824
0.034288790076971054
0.4564014673233032
0.0015491878148168325
0.41933274269104004
0.0021641342900693417
0.017347577959299088
0.0032904234249144793
0.011271481402218342
0.004559765104204416
2.060802698135376
0.018168523907661438
0.03039623610675335
0.009881986305117607
0.01462114043533802
0.0413987822830677
0.29757803678512573
0.00663804030045867
0.3687891662120819
0.0004225688462611288
0.00806484930217266
0.005450117401778698
0.00848393514752388
1.4220224618911743
0.023283323273062706
0.00431077042594552
0.0013935641618445516
0.0013049145927652717
0.001676018931902945
0.04684517905116081
0.0696781724691391
0.017572753131389618
0.0005901189288124442
0.0005093354848213494
0.00967980083078146
0.0025650332681834698
0.005004377104341984
1.6698368787765503
0.013198668137192726
0.2029355764389038
0.41568276286125183
0.1327737420797348
0.4054512679576874
0.5844044089317322
0.9651755094528198
0.17359919846057892
0.38943353295326233
0.0015246077673509717
0.00989000964909792
0.004731214139610529
0.16757792234420776
0.01251203753054142
0.03729945793747902
0.0044937715865671635
0.00249306857585907
0.0025046677328646183
0.0014646736672148108
0.2058505266904831
0.03578368201851845
0.1443750411272049
0.4880944788455963
0.0012024911120533943
0.10812754184007645
0.002289149444550276
0.03991975262761116
0.012454250827431679
0.038713254034519196
0.009398513473570347
0.014560422860085964
0.008062017150223255
0.004136990290135145
0.3159904181957245
0.2014000564813614
0.3605109751224518
0.8146398663520813
0.000541639281436801
0.0363534614443779
0.007228062488138676
0.005626012571156025
0.08930032700300217
0.03646059334278107
0.0008403145475313067
0.012828363105654716
0.0006186575046740472
0.009736498817801476
0.03540428355336189
0.24469245970249176
0.009981553070247173
0.04740302637219429
0.00036158564034849405
0.03261895105242729
0.003013384295627475
0.004581383429467678
0.029708093032240868
0.014885185286402702
0.3342827558517456
0.028486032038927078
0.47354409098625183
0.5054532885551453
0.5941082239151001
0.7254296541213989
0.09597250074148178
0.11112156510353088
0.005634404253214598
0.01879790797829628
0.005809541791677475
0.06567056477069855
0.005193323828279972
0.007722753100097179
0.9923251271247864
1.0665866136550903
0.006546016316860914
0.1521378606557846
0.02871382236480713
0.1809130609035492
0.0071660359390079975
0.027000512927770615
0.007590627763420343
0.006535112392157316
0.0015382998390123248
0.034501347690820694
0.02377619594335556
0.3103109896183014
0.006936216726899147
0.05555954948067665
0.0008686629589647055
0.23149126768112183
0.0035887218546122313
0.06634586304426193
0.006861300673335791
0.026700859889388084
0.014275428839027882
0.004254376981407404
0.011961910873651505
0.04806214198470116
0.09458030015230179
0.4142243266105652
0.017706597223877907
0.01991788111627102
0.09002692997455597
0.00808109249919653
0.053190700709819794
0.004331814590841532
0.03354751318693161
0.02657700702548027
0.002193212043493986
0.008202017284929752
0.006962914019823074
0.0028413329273462296
0.04198019951581955
0.05743394419550896
0.001665430492721498
0.004488312639296055
0.03295701742172241
0.0040198261849582195
0.01128376554697752
0.00421138247475028
0.025517934933304787
0.014443465508520603
0.8292121291160583
1.1241568326950073
0.68120938539505
0.9637422561645508
1.050789475440979
1.073330283164978
0.5779663920402527
0.9477161765098572
0.0019093237351626158
0.004729794804006815
0.006483849603682756
0.011457376182079315
0.0012994786957278848
0.000787932425737381
0.37586766481399536
0.3369100093841553
0.003265018342062831
0.018880043178796768
0.008572934195399284
0.11541803181171417
0.004260888788849115
0.009955395944416523
0.035460423678159714
0.04080367460846901
0.0020502859260886908
0.010804145596921444
0.007846128195524216
0.0058114780113101006
0.0069320062175393105
0.008589563891291618
0.0012536512222141027
0.08866734802722931
0.001342547358945012
0.036857184022665024
0.0038134229835122824
0.007734156213700771
0.034455232322216034
0.07842954993247986
0.006180127151310444
0.01023793127387762
0.018015939742326736
0.015860026702284813
0.006682255771011114
0.020675810053944588
0.0007712974329479039
0.028816185891628265
0.0021299906075000763
0.0015083800535649061
0.004167560487985611
0.011994052678346634
0.005980712361633778
0.0025952046271413565
0.0014829154824838042
0.0032711715903133154
0.003657986642792821
0.008475632406771183
0.0020529688335955143
0.0017634324030950665
0.0006412648363038898
0.11970409005880356
0.0020873378962278366
0.005939544644206762
0.0029327599331736565
0.013769018463790417
0.4073830246925354
0.12632718682289124
0.13774676620960236
0.15919065475463867
0.7385988831520081
0.6367149949073792
0.5634252429008484
0.21103176474571228
0.0012597894528880715
0.022803323343396187
0.006323209498077631
0.026772115379571915
0.005552159622311592
0.08848902583122253
0.007137402426451445
0.0764705017209053
0.0021310634911060333
0.006216639652848244
0.002252178732305765
0.04695599153637886
0.00251216534525156
0.026629885658621788
0.0004985895939171314
0.09018416702747345
0.001279847347177565
0.030876612290740013
0.005327519029378891
0.2023335099220276
0.014062022790312767
0.04363737627863884
0.007001773454248905
0.014664334245026112
0.007823888212442398
0.08100514858961105
0.005931197665631771
0.04262150824069977
0.009507814422249794
0.03229227662086487
0.004609241615980864
0.0008273530984297395
0.01470733992755413
0.10599281638860703
0.006468707695603371
0.009881722740828991
0.003216626588255167
0.005626895930618048
0.08918904513120651
0.0025987601839005947
0.0015885177999734879
0.004102164879441261
0.014733442105352879
0.008522465825080872
0.004025917500257492
0.0012369145406410098
0.016756515949964523
0.009995727799832821
0.546252965927124
0.21598303318023682
0.4855310022830963
0.418805330991745
0.9004820585250854
0.5740565657615662
0.5884127616882324
0.16117675602436066
0.008211735635995865
0.022554393857717514
0.004019021522253752
0.04795663058757782
0.003103237133473158
0.002869358751922846
0.4561871290206909
0.47085705399513245
0.05145809054374695
0.01630629412829876
0.0441376231610775
0.029980674386024475
0.014723069965839386
0.1026538535952568
0.5087414979934692
0.40021637082099915
0.031506381928920746
0.06645889580249786
0.03480709716677666
0.03886663168668747
0.006511328276246786
0.006998897530138493
0.49958986043930054
0.5115183591842651
0.004766772035509348
0.0044747404754161835
0.009309375658631325
0.07668822258710861
0.01947929710149765
0.05926521122455597
0.009690975770354271
0.08736635744571686
0.002455294830724597
0.009107531979680061
0.015812329947948456
0.019005168229341507
0.0006890480290167034
0.12493940442800522
0.0011056929361075163
0.14107954502105713
0.0022650889586657286
0.04467913880944252
0.024220479652285576
0.13027706742286682
0.017140373587608337
0.1728840172290802
0.002824431285262108
0.019198935478925705
0.057809021323919296
0.043182458728551865
0.004612160846590996
0.23101404309272766
0.0011837336933240294
0.0043641566298902035
0.0021023298613727093
0.008320574648678303
0.003972573205828667
0.04380672052502632
0.022612016648054123
0.01435616984963417
0.0012311789905652404
0.002137160860002041
0.031187022104859352
0.09012261778116226
0.004294799640774727
0.0013051532441750169
0.0005609059589914978
0.004526141565293074
0.002649656031280756
0.007770877797156572
0.004282000474631786
0.011469980701804161
0.3545733392238617
0.5702890753746033
0.6634013056755066
0.7049064636230469
0.9749568104743958
1.0930429697036743
0.6713712811470032
0.4326407015323639
0.027374954894185066
0.011636101640760899
0.005628479178994894
0.04148050770163536
0.009215318597853184
0.008859388530254364
0.0019836709834635258
0.013962557539343834
0.0014670358505100012
0.002336542820557952
0.007692796643823385
0.012171951122581959
0.0017197115812450647
0.0032669981010258198
0.003064871998503804
0.11569099128246307
0.0020331067498773336
0.02797088585793972
0.013051682151854038
0.02378849685192108
0.007692172657698393
0.04951358959078789
0.0033958505373448133
0.006791999097913504
0.017253270372748375
0.06365696340799332
0.015239034779369831
0.459312379360199
0.0007828121306374669
0.11037225276231766
0.001915953354910016
0.0056305755861103535
0.012931316159665585
0.1464928835630417
0.002007515402510762
0.0032883821986615658
0.002722667995840311
0.001207368797622621
0.03624126315116882
0.022508161142468452
0.001755842356942594
0.002310247393324971
0.001922103576362133
0.035235993564128876
0.0020083547569811344
0.002898271195590496
0.006790502462536097
0.029948309063911438
0.3937350809574127
0.8307981491088867
0.6084896922111511
0.731698751449585
0.7624462246894836
1.2960878610610962
0.3557571768760681
0.8371641635894775
0.006823656149208546
0.39675086736679077
0.028608903288841248
0.3543182611465454
0.03053455241024494
0.20696274936199188
0.2848525643348694
0.6145104765892029
0.017258649691939354
0.0045689782127738
0.17886491119861603
0.43239879608154297
0.0779508501291275
0.11849819123744965
0.004040056373924017
0.6860926151275635
0.00495085958391428
0.28648072481155396
0.024088488891720772
0.26919203996658325
0.6907106637954712
0.7417153120040894
0.025869101285934448
0.014037052169442177
0.2427898496389389
0.32991039752960205
0.09729436039924622
0.0766221284866333
0.0260167233645916
0.028868751600384712
0.03136218711733818
0.0061218892224133015
0.11262328922748566
0.056973882019519806
0.3993881344795227
0.4279906451702118
0.0021698123309761286
0.007109090685844421
0.540268063545227
0.2672194540500641
0.02511628530919552
0.011211324483156204
0.06552333384752274
0.16247618198394775
0.06667580455541611
0.006134959403425455
0.17821815609931946
0.016108106821775436
1.4183744192123413
1.2211203575134277
0.25817546248435974
0.5538022518157959
0.7586791515350342
0.90822833776474
0.10946910083293915
0.27146458625793457
0.004680133890360594
0.010435875505208969
0.0029098023660480976
0.02591593563556671
0.0023740867618471384
0.0034401726443320513
0.4531952738761902
0.808659017086029
0.011136135086417198
0.0230823066085577
0.002633428666740656
0.04275185614824295
0.00303093483671546
0.007971609011292458
0.0030003124848008156
0.0025481507182121277
0.00045135404798202217
0.00390456966124475
0.0054820566438138485
0.11332828551530838
0.0025858611334115267
0.050477396696805954
0.0007009620894677937
0.022438425570726395
0.0005202030297368765
0.03901322931051254
0.005329652689397335
0.013776401057839394
0.0051506380550563335
0.00903264805674553
0.002987244399264455
0.01500707771629095
0.01889791525900364
0.2239581197500229
0.010182642377912998
0.0818236693739891
0.0027958916034549475
0.017151132225990295
0.0025817479472607374
0.0008089988841675222
0.005914550274610519
0.034449417144060135
0.007184930145740509
0.002350985538214445
0.026008188724517822
0.0008422606624662876
0.05739535391330719
0.009802392683923244
0.008821357972919941
0.008375552482903004
0.0006745218997821212
0.006306757219135761
0.0015742763644084334
0.000784333620686084
0.004646435379981995
0.004861484281718731
0.023401284590363503
0.2617150843143463
0.4655042290687561
0.7543029189109802
0.6801310181617737
1.0894609689712524
0.36305859684944153
0.7858803272247314
0.00792928971350193
0.0022155684418976307
0.01634318195283413
0.016336847096681595
0.0012129857204854488
0.004125459585338831
0.750379204750061
0.687911868095398
0.049112483859062195
0.20558913052082062
0.13201071321964264
0.325175404548645
0.1774512082338333
0.06599283963441849
0.34295061230659485
0.12828320264816284
0.05694619566202164
0.20739665627479553
0.06159704178571701
0.0362674705684185
0.022625429555773735
0.030727481469511986
0.16617745161056519
0.3964507579803467
0.0529758520424366
0.07534120976924896
0.1915293186903
0.15993845462799072
0.04254240542650223
0.1011541336774826
0.09452465176582336
0.03700327128171921
0.0049261245876550674
0.04004335403442383
0.019525494426488876
0.046921826899051666
0.012480529956519604
0.02874387986958027
0.07530906051397324
0.008969785645604134
0.0006388184847310185
0.0017877357313409448
0.11919236183166504
0.011669320054352283
0.0013222760753706098
0.003621449461206794
0.0006603825022466481
0.05125563219189644
0.0028799097053706646
0.010149320587515831
0.01468263752758503
0.032642900943756104
0.09551388025283813
0.03449424356222153
0.0021879614796489477
0.0054548573680222034
0.0610143281519413
0.021717412397265434
0.011777408421039581
0.009760533459484577
0.0020214966498315334
0.013425841927528381
0.004666275344789028
0.0027014517690986395
0.024422693997621536
0.028991125524044037
0.007525265216827393
0.10294029861688614
0.001490302267484367
0.0006936194840818644
0.05025607347488403
0.12122383713722229
0.0037666403222829103
0.0027222682256251574
0.001036259694956243
0.023430921137332916
0.005599751137197018
0.0028059969190508127
0.030983472242951393
0.021137965843081474
0.4653244912624359
0.6882956624031067
0.2526490390300751
0.6921047568321228
0.5399876236915588
1.061075210571289
0.27478036284446716
0.5180472135543823
0.0020455631893128157
0.006013219710439444
0.025873828679323196
0.18693430721759796
0.012818541377782822
0.0209913682192564
0.0048029981553554535
0.19749213755130768
0.0014689016388729215
0.06803160905838013
0.09936055541038513
0.9752227067947388
0.007233989890664816
1.5668998956680298
0.0026202017907053232
0.04597204551100731
0.00578338373452425
0.03909454494714737
0.007612291723489761
0.03084813430905342
0.005021544173359871
0.14523163437843323
0.005645956378430128
0.019577838480472565
0.4761148691177368
1.1113368272781372
0.12301377207040787
1.954457402229309
0.0005490122130140662
0.00542929582297802
0.008852151222527027
0.004000241402536631
0.006337769329547882
0.027785131707787514
0.005365747958421707
0.0010292280931025743
0.0012957756407558918
0.0005854238988831639
0.6686449646949768
0.2706758677959442
0.9916908740997314
0.00202258606441319
0.0005422882968559861
0.003713692771270871
0.009664337150752544
0.005586487706750631
0.008137841708958149
0.023681318387389183
0.6872551441192627
0.6862179636955261
0.4345438480377197
0.8260359168052673
1.070574402809143
1.6024764776229858
0.7513635754585266
0.6538951992988586
0.0011831357842311263
0.07878728210926056
0.008649054914712906
0.19450737535953522
0.0027910959906876087
0.05841393768787384
0.003920685965567827
0.005459196865558624
0.0010819801827892661
0.0024043824523687363
0.05191527679562569
0.010775442235171795
0.0012835556408390403
0.005658042151480913
0.0020709417294710875
0.10629404336214066
0.0013168284203857183
0.038458485156297684
0.0032441760413348675
0.061648204922676086
0.011137633584439754
0.03154217451810837
0.006129024084657431
0.008898237720131874
0.1572403758764267
0.022159630432724953
0.002575970022007823
0.5159339904785156
0.0005330509738996625
0.008878381922841072
0.020143572241067886
0.0032271845266222954
0.010011274367570877
0.004349192604422569
0.0020352189894765615
0.006397515535354614
0.0009591253474354744
0.001243061269633472
0.0039289421401917934
0.05412325635552406
0.0013830848038196564
0.0009469107608310878
0.0012117607984691858
0.014192747883498669
0.009285127744078636
0.002479496179148555
0.011539400555193424
0.0022457330487668514
0.3472084701061249
0.21325021982192993
0.13369220495224
0.05024730786681175
0.4755050837993622
0.7583155632019043
0.014742806553840637
0.0597701258957386
0.0006238976493477821
0.026399051770567894
0.004173281602561474
0.3103117048740387
0.055000025779008865
0.8664144277572632
0.007987006567418575
0.020134679973125458
0.0004682134895119816
0.0016977133927866817
0.02244916372001171
0.07021120935678482
0.0034692746121436357
0.026302503421902657
0.0007033384754322469
0.12959574162960052
0.002329302718862891
0.15471838414669037
0.0325179360806942
0.4428027868270874
0.013532457873225212
0.08106745034456253
0.0035123347770422697
0.01317248959094286
0.019883373752236366
0.07456295937299728
0.03569136932492256
0.029340820387005806
0.00047055992763489485
0.009714758954942226
0.010333811864256859
0.001425065565854311
0.1360551416873932
0.038458824157714844
0.006426112726330757
0.0037490129470825195
0.0006338515668176115
0.0006224019452929497
0.2293923944234848
0.04379119724035263
0.006696780677884817
0.0010229544714093208
0.0006890749791637063
0.003245127620175481
0.007171539589762688
0.0019010681426152587
0.06535843014717102
0.023095911368727684
0.3023446500301361
0.030624907463788986
0.21292021870613098
0.21502473950386047
0.6948763728141785
0.37071874737739563
0.05118730291724205
0.004956945311278105
0.015941448509693146
0.014675771817564964
0.2202267199754715
0.16726158559322357
0.017898352816700935
0.11405953764915466
0.4470548629760742
0.6894859075546265
0.0028219898231327534
0.006963756866753101
0.004551626276224852
0.010045934468507767
0.0010820566676557064
0.0024674735032022
0.4595814347267151
0.6357256174087524
0.018641775473952293
0.014400875195860863
0.011795951053500175
0.04848972335457802
0.04080178588628769
0.00955875776708126
0.009369254112243652
0.030788376927375793
0.004096840973943472
0.005233903415501118
0.008652420714497566
0.3062628209590912
0.002053676638752222
0.003977809567004442
0.00467640720307827
0.08508816361427307
0.008698884397745132
0.10531927645206451
0.039311982691287994
0.023302540183067322
0.009742635302245617
0.03432561457157135
0.009523669257760048
0.01387608703225851
0.01377608347684145
0.2757044732570648
0.01555730402469635
0.02758345566689968
0.004026792477816343
0.03267638012766838
0.014796599745750427
0.02792525291442871
0.009474869817495346
0.08504904806613922
0.008409136906266212
0.014065229333937168
0.0025530632119625807
0.006983610335737467
0.11923471838235855
0.05851220339536667
0.0007716077961958945
0.0025618665385991335
0.048511095345020294
0.01586916297674179
0.11345608532428741
0.0462806411087513
0.011796047911047935
0.022134212777018547
0.4874138832092285
0.8188878893852234
0.4639492630958557
0.6287361979484558
1.1375716924667358
0.8956329822540283
0.45002439618110657
0.19179444015026093
0.0005213722470216453
0.0035434106830507517
0.01907770149409771
0.138583704829216
0.005693307612091303
0.07488388568162918
0.011627404019236565
0.10816942155361176
0.0007094054599292576
0.0011597740231081843
0.00333491712808609
1.0000712871551514
0.002694605616852641
1.473086953163147
0.000890902301762253
0.04783119261264801
0.003858129261061549
0.023858996108174324
0.009146559052169323
0.13344690203666687
0.0035988916642963886
0.39462482929229736
0.0046010748483240604
0.005443533416837454
0.007914409041404724
1.0803859233856201
0.005633712746202946
1.3098242282867432
0.0015743791591376066
0.0010052109137177467
0.005852908827364445
0.004593549761921167
0.007585267536342144
0.006506369914859533
0.0253132451325655
0.0007238429971039295
0.0008032956975512207
0.0006270168232731521
0.5153795480728149
0.025917254388332367
0.8396539688110352
0.00025307992473244667
0.0011329185217618942
0.00236330134794116
0.0042884270660579205
0.003380207810550928
0.0059929233975708485
0.004306996241211891
0.060383472591638565
0.25698748230934143
0.13863494992256165
0.03646984323859215
0.6305444240570068
0.26020658016204834
0.5304113030433655
0.04656844213604927
0.0022713206708431244
0.009740718640387058
0.02505999431014061
0.07182767242193222
0.0018362950067967176
0.0009642252698540688
0.19970703125
0.15131579339504242
0.015213176608085632
0.09516828507184982
0.010680853389203548
0.18767854571342468
0.005054982379078865
0.27790385484695435
0.0011868559522554278
0.0034469543024897575
0.007047462742775679
0.00743360910564661
0.012938701547682285
0.11199530214071274
0.006229633931070566
0.24836499989032745
0.0006225141696631908
0.08986231684684753
0.002898317761719227
0.04451432079076767
0.0057255178689956665
0.4698651134967804
0.0024474626407027245
0.07771237194538116
0.003638090332970023
0.016521526500582695
0.023298336192965508
0.26201939582824707
0.0035216547548770905
0.22442126274108887
0.003279845928773284
0.00910747330635786
0.012659079395234585
0.004094455856829882
0.12249196320772171
0.16482365131378174
0.003004840575158596
0.004215037915855646
0.004801621660590172
0.0017613725503906608
0.1082887127995491
0.021631011739373207
0.01148595567792654
0.004091633949428797
0.004208104684948921
0.005755300633609295
0.017100099474191666
0.0053121792152523994
0.22742214798927307
0.024605069309473038
0.1699160933494568
0.32811838388442993
0.5365697741508484
0.7385826706886292
0.677746057510376
0.9601749777793884
0.43981462717056274
0.4249959886074066
0.3822982907295227
0.058712609112262726
0.646365761756897
0.1563517153263092
0.25248420238494873
0.6572403311729431
0.4925900995731354
0.8236091136932373
0.06632693111896515
0.028888419270515442
0.27366647124290466
0.05825624614953995
0.023202229291200638
0.1462111473083496
0.18558654189109802
0.8323494791984558
0.0035641409922391176
0.007362562231719494
0.006936688907444477
0.03819973021745682
0.0011238971492275596
0.004085862543433905
0.5191650986671448
0.42460396885871887
0.0038917455822229385
0.011537750251591206
0.0021191718988120556
0.004502621479332447
0.0015501831658184528
0.004283818881958723
0.12401369214057922
0.14908911287784576
0.0023288712836802006
0.0017740936018526554
0.0075056408531963825
0.04984268173575401
0.0008766950340941548
0.001717688748613
0.5145482420921326
0.716367244720459
0.00025386546622030437
0.01486445777118206
0.007418271619826555
0.031103404238820076
0.0015175328589975834
0.015641985461115837
0.014739690348505974
0.2754187285900116
0.002986792242154479
0.31656414270401
0.08221283555030823
0.04245897755026817
0.0017744054784998298
0.708062469959259
0.0008277390734292567
0.028840238228440285
0.0024208936374634504
0.029448723420500755
0.00244214222766459
0.018565595149993896
0.03936270996928215
0.7436299324035645
0.01926238462328911
0.45091184973716736
0.11072567850351334
0.11591271311044693
0.02376285009086132
1.18901789188385
0.0020458789076656103
0.0032894716132432222
0.003411307232454419
0.0015510282246395946
0.005877911578863859
0.006563188508152962
0.11264454573392868
0.024310458451509476
0.25525006651878357
0.0030069260392338037
0.0460481271147728
0.1868971288204193
0.1321708709001541
0.00288390857167542
0.0009488915675319731
0.002620240207761526
0.0033885505981743336
0.0015903109451755881
0.004169085994362831
0.004972809925675392
0.2060646265745163
0.24382498860359192
0.36237379908561707
0.5498756766319275
0.6735047698020935
1.0587776899337769
0.27523329854011536
0.34198200702667236
0.06320027261972427
0.20465637743473053
0.17124265432357788
0.5463337898254395
0.38576990365982056
0.11067789793014526
0.9380106925964355
0.5905329585075378
0.008486073464155197
0.012518825940787792
0.050073910504579544
0.13471101224422455
0.07627727836370468
0.09360069036483765
0.17428673803806305
0.08361253887414932
0.01931845210492611
0.005021544639021158
0.1201363280415535
0.22540326416492462
0.045245442539453506
0.04582871496677399
0.051965806633234024
0.03487897664308548
0.2969132959842682
0.035687405616045
0.09481869637966156
0.17638927698135376
0.2681581974029541
0.04222670942544937
0.027978578582406044
0.016579952090978622
0.2687607705593109
0.3000639081001282
0.12020827829837799
0.0737156867980957
0.004965321626514196
0.04031211882829666
0.00679451460018754
0.09218177199363708
0.03183369338512421
0.024281645193696022
0.01790137216448784
0.06457670778036118
0.0017323177307844162
0.006565921939909458
0.09525202214717865
0.10914701968431473
0.003380996873602271
0.008859659545123577
0.0031449066009372473
0.06801198422908783
0.007165176793932915
0.2383488118648529
0.045070234686136246
0.034315742552280426
0.6525101065635681
0.792384147644043
0.33948031067848206
0.5311658382415771
1.0433779954910278
1.2835538387298584
0.29834166169166565
0.4252530336380005
0.0021920630242675543
0.03659413382411003
0.010571900755167007
0.03524268418550491
0.002639899030327797
0.9664503335952759
0.019742252305150032
0.01402689702808857
0.002253769664093852
0.0042357062920928
0.01276505459100008
0.02085665799677372
0.0027680860366672277
0.04273355379700661
0.0012332116020843387
0.029495462775230408
0.008083670400083065
0.009521584026515484
0.0024889307096600533
0.3456433415412903
0.009463747031986713
0.010590293444693089
0.005193307064473629
0.00820093508809805
0.016482176259160042
0.06290125101804733
0.003450515680015087
0.0724082961678505
0.006057238671928644
0.00195998209528625
0.012553872540593147
0.004564644303172827
0.06072206795215607
0.028402293100953102
0.008092841133475304
0.03425993770360947
0.001960123423486948
0.00220889481715858
0.06053512543439865
0.02894480712711811
0.0025400230661034584
0.0006869975477457047
0.0027592279948294163
0.012980018742382526
0.005667146760970354
0.0029290991369634867
0.012580442242324352
0.018823405727744102
0.4855937361717224
0.5538758635520935
0.20557796955108643
0.7422763705253601
0.8458892107009888
1.0529773235321045
0.12239289283752441
0.2879505157470703
0.006162610836327076
0.008856949396431446
0.061723146587610245
0.05727832019329071
0.0021839505061507225
0.008614488877356052
0.4624679982662201
0.6068384647369385
0.10106104612350464
0.009457822889089584
0.11864206194877625
0.07242997735738754
0.005184211768209934
0.05322589725255966
0.7134936451911926
0.3776553273200989
0.25281649827957153
0.6863465309143066
0.3845963180065155
0.31011080741882324
0.8723723292350769
0.16574735939502716
0.5918462872505188
0.9552105069160461
0.058546505868434906
0.014341982081532478
0.04167433828115463
0.08671507984399796
0.030599098652601242
0.830265998840332
0.041085049510002136
0.9942116141319275
0.0007552789174951613
0.007197252940386534
0.019039859995245934
0.5427765250205994
0.11115089058876038
1.708936333656311
0.01046055369079113
0.014333488419651985
0.015372119843959808
0.030957253649830818
0.040276918560266495
0.9552785158157349
0.058811068534851074
0.8714521527290344
0.0019431135151535273
0.028585363179445267
0.08593142777681351
0.772015392780304
0.05339647829532623
2.0355637073516846
0.001890917425043881
0.12517514824867249
0.006130245514214039
0.07902288436889648
0.17303763329982758
0.04390983656048775
0.15305426716804504
0.037837326526641846
0.0022681911941617727
0.0019197211368009448
0.1788502186536789
0.028924312442541122
1.2380633354187012
0.036500234156847
0.0006489542429335415
0.037797387689352036
0.005430117715150118
0.035108521580696106
0.13531960546970367
0.02097216248512268
0.9997528791427612
0.7801119685173035
0.5071732401847839
0.48530641198158264
1.1722402572631836
0.8551426529884338
1.2595832347869873
0.6117008328437805
0.00795699656009674
0.0804382935166359
0.004623845219612122
0.11176986247301102
0.06397491693496704
0.00325770047493279
0.15880340337753296
0.032812073826789856
0.0037438501603901386
0.007350320462137461
0.09230604767799377
0.021776173263788223
0.003961646463721991
0.14249187707901
0.0032566715963184834
0.13901805877685547
0.003737492486834526
0.0024182198103517294
0.02650034986436367
0.4266294538974762
0.37131842970848083
1.0802807807922363
0.003917865455150604
0.030536072328686714
0.007019864860922098
0.010023864917457104
0.007168850861489773
0.2536134421825409
0.046649277210235596
0.21315787732601166
0.03503996133804321
0.018470102921128273
0.1110682263970375
0.2788955867290497
0.700218915939331
1.5439953804016113
0.0017863374669104815
0.08561088144779205
0.0015153741696849465
0.002839148510247469
0.011152029037475586
0.01834120973944664
0.052235376089811325
0.006203249096870422
0.0009429158526472747
0.005470976699143648
0.18289294838905334
0.07076990604400635
0.02466893382370472
0.009516354650259018
0.0026292845141142607
0.13561539351940155
0.0026895173359662294
0.006583604495972395
0.009233084507286549
0.014835118316113949
0.45746931433677673
0.5314010381698608
0.3445768654346466
0.6410803198814392
0.837432324886322
1.1729120016098022
1.1184953451156616
0.7311885952949524
0.01623491384088993
0.04200320318341255
0.08209890127182007
0.1805613934993744
0.009161541238427162
0.004935870412737131
0.21669740974903107
0.20779645442962646
0.023337656632065773
0.04438907280564308
0.012932890094816685
0.035961974412202835
0.026878880336880684
0.005707612726837397
0.08510830998420715
0.0699998289346695
0.00965664628893137
0.09931507706642151
0.028636343777179718
0.16492782533168793
0.06648004800081253
0.011010972782969475
0.45949146151542664
0.38739830255508423
0.0026610619388520718
0.45447665452957153
0.014301905408501625
0.3919318914413452
0.0065602087415754795
0.9031930565834045
0.0008868331206031144
1.0440773963928223
0.0004087640845682472
0.16680870950222015
0.23252493143081665
0.7358163595199585
0.07592034339904785
1.773499846458435
0.0007899017655290663
0.6400148272514343
0.001956164138391614
0.5244797468185425
0.01524399220943451
1.1653469800949097
0.014040205627679825
1.2018589973449707
0.005161708686500788
0.43744397163391113
0.16771776974201202
1.3074604272842407
0.7322819828987122
2.3354575634002686
0.13791368901729584
0.003447773866355419
0.06972624361515045
0.0029297403525561094
0.6243907809257507
0.014096016064286232
1.036588191986084
0.0006205672398209572
0.07635360211133957
0.00086697016377002
0.5323442220687866
0.23039688169956207
1.7088762521743774
0.12470314651727676
0.366645485162735
0.03743851184844971
0.15644066035747528
0.0019206070574000478
0.7692342400550842
0.007815729826688766
0.3112345039844513
0.0809490829706192
0.4484388828277588
0.5270694494247437
0.6976363658905029
0.5095193982124329
1.19460928440094
0.1449890285730362
0.06160489097237587
0.3022918999195099
0.004001655615866184
0.07016576826572418
0.32110074162483215
0.036224279552698135
0.8119634985923767
0.6671960353851318
0.0014222559984773397
0.007775811944156885
0.13828809559345245
0.06713792681694031
0.002751396968960762
0.0007201774278655648
0.5230823159217834
0.4488041400909424
0.0021377771627157927
0.010699898935854435
0.008114093914628029
0.03690416365861893
0.03423146903514862
0.3065468668937683
0.11135609447956085
0.5282126665115356
0.0031652995385229588
0.0020508207380771637
0.02563784271478653
0.05500940978527069
0.01739238202571869
0.320329874753952
0.0020896056666970253
0.02162451669573784
0.0016666499432176352
0.025854771956801414
0.10351986438035965
0.3381900489330292
0.14279964566230774
0.7977994084358215
0.012010810896754265
0.029986107721924782
0.05972711369395256
0.12850616872310638
0.028001312166452408
0.4689083695411682
0.004216726403683424
0.008330135606229305
0.009112781845033169
0.005825347732752562
0.077116958796978
0.08120319247245789
0.2472248375415802
0.06336282193660736
0.0026051208842545748
0.0429113507270813
0.11276566982269287
0.07615283876657486
0.009017382748425007
0.012137537822127342
0.0033430708572268486
0.009977320209145546
0.006995739880949259
0.0038189180195331573
0.039423618465662
0.07419704645872116
0.4328295588493347
0.14661920070648193
0.155366912484169
0.4301466941833496
0.992014467716217
0.9422077536582947
0.1319689005613327
0.17275464534759521
0.005081094801425934
0.01647154428064823
0.009845288470387459
0.012240414507687092
0.001135926111601293
0.0012518472503870726
0.5374365448951721
0.3309665322303772
0.023221641778945923
0.006481417454779148
0.05321477726101875
0.08725059032440186
0.0015566338552162051
0.017761308699846268
0.19945795834064484
0.5503092408180237
0.013748494908213615
0.010802404955029488
0.06096139922738075
0.07498984783887863
0.0040939971804618835
0.01063944585621357
0.6490024328231812
0.20981793105602264
0.1017053946852684
0.02860329858958721
0.23419177532196045
0.05800953134894371
0.001732854638248682
0.018254730850458145
0.5984302163124084
0.8209304809570312
0.00878080539405346
0.0072581348940730095
0.0065664248540997505
0.007304191589355469
0.00455114059150219
0.010286737233400345
0.15564031898975372
0.4056978225708008
0.004279528744518757
0.38359299302101135
0.03706646338105202
0.1716998815536499
0.11045408993959427
0.001807785127311945
0.2647542655467987
0.4589700400829315
0.035951949656009674
0.5564316511154175
0.2177104949951172
0.7282603979110718
0.19871735572814941
0.06389638781547546
0.7785815596580505
0.6825608015060425
0.0028362912125885487
0.44564947485923767
0.017493965104222298
0.9706897139549255
0.575406014919281
0.0004201331175863743
1.2847965955734253
0.15040116012096405
0.01628943160176277
0.016930745914578438
0.18749895691871643
0.13007622957229614
0.002473300788551569
0.006465379148721695
0.5515553951263428
0.17388959228992462
0.40579095482826233
0.25129804015159607
0.6653591394424438
0.4033113718032837
0.32854998111724854
0.33526280522346497
0.6667096018791199
0.7812803387641907
0.002472457941621542
0.05987270921468735
0.005337356589734554
0.055108875036239624
0.006605012342333794
0.012790299952030182
0.0008239863091148436
0.0028599677607417107
0.0023560100235044956
0.004531198181211948
0.012509690597653389
0.03640815615653992
0.0011535030789673328
0.00670304149389267
0.002205080119892955
0.09061096608638763
0.003216017968952656
0.016133777797222137
0.011111056432127953
0.013387801125645638
0.001934286206960678
0.00879945419728756
0.003131423844024539
0.005447811912745237
0.031865354627370834
0.013797375373542309
0.004088083282113075
0.00553946802392602
0.0005958203109912574
0.033466093242168427
0.00392050389200449
0.008804859593510628
0.006425883620977402
0.007155140396207571
0.002629816997796297
0.0007931809523142874
0.0020362355280667543
0.000857907347381115
0.007926370948553085
0.027200428768992424
0.0021923331078141928
0.000716726528480649
0.0004482074291445315
0.02083725668489933
0.0023935739882290363
0.007621577475219965
0.00555755291134119
0.004980006255209446
0.16496513783931732
0.36570796370506287
0.018972281366586685
0.4014490246772766
0.13753314316272736
0.7809212803840637
0.008653171360492706
0.18976981937885284
0.005223575979471207
0.02308894693851471
0.00699861953034997
0.02281177043914795
0.015175756998360157
0.0044984035193920135
0.03521392121911049
0.016306204721331596
0.018007850274443626
0.021410753950476646
0.6718831062316895
0.027230367064476013
0.0011588962515816092
0.021935569122433662
0.52967768907547
0.49171629548072815
0.007351238280534744
0.009921049699187279
0.004015148617327213
0.008537957444787025
0.002804868621751666
0.002653050934895873
0.030297070741653442
0.04800695180892944
0.009613997302949429
0.08349119871854782
0.09741665422916412
0.28399527072906494
0.2035151571035385
0.0608157180249691
0.3229518234729767
0.19536718726158142
0.019459687173366547
0.006165024824440479
0.01360677182674408
0.01793740876019001
0.004984471946954727
0.0044553023763000965
0.08561098575592041
0.10132309049367905
0.005437093786895275
0.014875728636980057
0.01461587194353342
0.029714297503232956
0.0029179491102695465
0.003718398744240403
0.06436371058225632
0.0946795642375946
0.13337762653827667
0.05536312237381935
0.2686471939086914
0.03368760645389557
0.01200247835367918
0.049962617456912994
0.49452388286590576
0.6642001867294312
0.022737137973308563
0.0947956070303917
0.03431084379553795
0.198751762509346
0.029327571392059326
0.041095755994319916
0.5272250175476074
0.05430203676223755
0.013085875660181046
0.0037379120476543903
0.020727016031742096
0.044495418667793274
0.0008537381654605269
0.06669407337903976
0.5904400944709778
0.2677396535873413
1.2052891254425049
0.5998085737228394
0.8702499270439148
0.304108202457428
0.91389000415802
1.3399943113327026
0.8547075390815735
1.1618435382843018
0.0004211487539578229
0.012896974571049213
0.0025484710931777954
0.1086854487657547
0.004456430673599243
1.0204837322235107
0.0019809268414974213
0.14353607594966888
0.0007870024419389665
0.008369152434170246
0.015150902792811394
0.04682641103863716
0.004836040083318949
0.006638458464294672
0.002833243925124407
0.017665406689047813
0.0008357955375686288
0.012163886800408363
0.006940721534192562
0.5075413584709167
0.029140766710042953
0.06193464249372482
0.004047655966132879
0.022347966209053993
0.008309955708682537
0.023884544149041176
0.014244453981518745
0.048514172434806824
0.0020829858258366585
0.006790797226130962
0.002602467080578208
0.0012434213422238827
0.16150173544883728
0.009751325473189354
0.0013481888454407454
0.0008294610306620598
0.0005666401120834053
0.0017280757892876863
0.0099972914904356
0.007387033198028803
0.002883561886847019
0.0034236840438097715
0.0007132704486139119
0.017078889533877373
0.0009146598167717457
0.002168868202716112
0.020239446312189102
0.016028637066483498
0.292978435754776
0.30219683051109314
0.05660390481352806
0.2293674498796463
0.6031927466392517
0.5420117974281311
0.10122893005609512
0.10705800354480743
0.09275078028440475
0.034256767481565475
0.07528100162744522
0.06982742995023727
0.0028946322854608297
0.07071410864591599
0.09617190062999725
0.12001416832208633
0.04700992628931999
0.055719513446092606
0.2239733338356018
0.324120432138443
0.021539393812417984
0.02693544700741768
0.2778562009334564
0.3885764181613922
0.0077668968588113785
0.006931588053703308
0.01167818158864975
0.01788358762860298
0.0025171630550175905
0.006344282068312168
0.3505565822124481
0.6182286739349365
0.19961966574192047
0.1391991525888443
0.01904962956905365
0.05084267631173134
0.01876922883093357
0.021816236898303032
0.41656050086021423
0.4744497835636139
0.0029096021316945553
0.0021834825165569782
0.006918980740010738
0.01632128842175007
0.0006807117024436593
0.0014759869081899524
0.0566958524286747
0.04523275047540665
0.12544463574886322
1.6649821996688843
0.22897012531757355
0.6043157577514648
1.538238763809204
0.0316614992916584
0.5425674319267273
0.42268404364585876
0.02426731027662754
0.03603368252515793
0.3612063527107239
0.38685017824172974
0.038489535450935364
0.11906877160072327
0.08456757664680481
0.5922645926475525
0.03033634088933468
0.0435602068901062
0.10193093121051788
0.05148206651210785
0.011810650117695332
0.07939247786998749
0.08665858954191208
0.37793248891830444
0.041108205914497375
0.17002145946025848
0.13507860898971558
0.46537646651268005
0.04908967763185501
0.10424818843603134
0.5554380416870117
0.2522229552268982
0.2574974298477173
0.16721835732460022
0.18123109638690948
1.0088180303573608
0.2584809362888336
1.8087692260742188
0.03182219713926315
0.08326198905706406
0.07439853250980377
0.38571932911872864
0.014210054650902748
0.04001643881201744
0.4650477468967438
0.24669146537780762
0.12069586664438248
0.03881204128265381
0.22246646881103516
0.40793877840042114
0.3997315466403961
0.844542920589447
0.10429450124502182
0.2455318123102188
0.24116699397563934
0.2662918269634247
0.007028745952993631
0.04104115068912506
0.19696708023548126
0.6668046116828918
0.04757413640618324
0.11261307448148727
0.19073191285133362
0.07537823915481567
0.4913681447505951
0.05072840675711632
0.007509732153266668
0.14929060637950897
0.15490096807479858
0.1585136204957962
0.004358292557299137
0.016097871586680412
0.3855091631412506
1.3335996866226196
0.04662559926509857
0.6871499419212341
0.15823380649089813
0.8139678239822388
0.01483932789415121
0.6328088045120239
0.0038599909748882055
0.006638991180807352
0.007907036691904068
0.011475369334220886
0.0019178764196112752
0.004097299184650183
0.07080202549695969
0.32815101742744446
0.0016337333945557475
0.007643448654562235
0.0020971358753740788
0.08367405831813812
0.0010765475453808904
0.14874054491519928
0.10694599151611328
0.45907482504844666
0.013405703008174896
0.07687941193580627
0.05173015221953392
0.07625766843557358
0.0013679027324542403
0.010160299018025398
0.0020563523285090923
0.03613092750310898
0.0010400514584034681
0.022904401645064354
0.0020147005561739206
0.01812032051384449
0.16764172911643982
0.6128126978874207
0.0468890480697155
0.11479903757572174
0.055289577692747116
0.10838920623064041
0.016390670090913773
0.25772109627723694
0.0007054202724248171
0.0066840918734669685
0.002330376533791423
0.0010717747500166297
0.026755690574645996
0.0057837883941829205
0.413923978805542
0.024862751364707947
0.006907490082085133
0.002397121163085103
0.09182479232549667
0.04432418942451477
0.0018584728240966797
0.0007069938001222908
0.0006190178100951016
0.015340940095484257
0.002666749758645892
0.0016673621721565723
0.0064093852415680885
0.004711721558123827
0.8368593454360962
0.43863052129745483
0.15756529569625854
0.3774063289165497
0.669966995716095
0.8049495816230774
0.09892582148313522
0.1304786205291748
0.016897495836019516
0.04208315163850784
0.040951065719127655
0.032771650701761246
0.01205419097095728
0.01901625283062458
0.045199405401945114
0.576347291469574
0.1404438614845276
0.11386767029762268
0.3366890549659729
0.5126811265945435
0.26671355962753296
0.2064453810453415
0.4580879211425781
0.4045215845108032
0.025310013443231583
0.11415117979049683
0.05204138532280922
0.2146826684474945
0.175125852227211
0.042281705886125565
0.5286189317703247
0.3821173906326294
0.007745963521301746
0.016719866544008255
0.04262072592973709
0.02427615597844124
0.04460570961236954
0.006550902966409922
0.370313823223114
0.25467467308044434
0.12105418741703033
0.01389818824827671
0.2594926357269287
0.020011015236377716
0.0056803347542881966
0.03240104392170906
0.5579028129577637
0.8916181325912476
0.0015822844579815865
0.0068852524273097515
0.021569231525063515
0.03596808388829231
0.006442431826144457
0.0006995360017754138
0.5636816024780273
0.8442752957344055
0.000783974421210587
0.006387403700500727
0.024430546909570694
0.06103548780083656
0.0010124784894287586
0.0014744439395144582
0.6698417663574219
0.8551180958747864
0.005649401340633631
0.06988918036222458
0.015705576166510582
0.08039833605289459
0.005585339851677418
0.002566973213106394
0.2723141610622406
0.27438002824783325
0.0021121555473655462
0.009873468428850174
0.005941964220255613
0.01075742021203041
0.0014074030332267284
0.0009692844469100237
0.16738910973072052
0.6770881414413452
0.0022568972781300545
0.016345469281077385
0.05590139701962471
0.05707966163754463
0.005670114420354366
0.003181049134582281
0.5773009061813354
0.6783547401428223
0.02117682807147503
0.06799992173910141
0.006303013768047094
0.009338654577732086
0.0029190261848270893
0.002967831213027239
0.7057251334190369
0.449142724275589
0.0046338546089828014
0.0018774063792079687
0.024483513087034225
0.035369597375392914
0.0032531139440834522
0.006362082436680794
0.0021631871350109577
0.032181266695261
0.0020280121825635433
0.0018700913060456514
0.0138781713321805
0.14895009994506836
0.017509089782834053
1.422532081604004
0.0004932813462801278
0.010695690289139748
0.001943767536431551
0.015106335282325745
0.003120606066659093
0.014585278928279877
0.013893351890146732
0.05033484473824501
0.005604404490441084
0.009422584436833858
0.03568892180919647
0.26007571816444397
0.02416868321597576
1.5502142906188965
0.0012647232506424189
0.0032089136075228453
0.0033197945449501276
0.004374884068965912
0.008111771196126938
0.07083328813314438
0.04457664489746094
0.010736467316746712
0.0007285410538315773
0.0014199729776009917
0.06128821149468422
0.01609673723578453
0.6349650025367737
0.003361953655257821
0.0003045191406272352
0.02959280088543892
0.004217708017677069
0.00415676087141037
0.005201195832341909
0.011474239639937878
0.6054139137268066
0.3341183066368103
0.5128544569015503
1.0853666067123413
0.9570850729942322
1.3158845901489258
0.7959739565849304
0.5811623334884644
0.010267209261655807
0.019858183339238167
0.010640453547239304
0.03634197637438774
0.0005616554990410805
0.004403103142976761
0.8372058868408203
0.1265055388212204
0.38548994064331055
0.8328441381454468
0.26034796237945557
0.43691882491111755
0.27286654710769653
0.03711393103003502
0.58388352394104
0.47945767641067505
0.11731861531734467
0.012788275256752968
0.3410598933696747
0.05054350569844246
0.021865809336304665
0.16219595074653625
0.3083118796348572
0.6171419620513916
0.0007267538458108902
0.002047716174274683
0.001811716239899397
0.004026383627206087
0.00044278104905970395
0.0010464072693139315
0.2642468214035034
0.33876413106918335
0.003281890880316496
0.004185554571449757
0.0024770270101726055
0.020148156210780144
0.0006126919179223478
0.00039636041037738323
0.1604434996843338
0.4631655216217041
0.172026127576828
0.07061966508626938
0.24598553776741028
0.44378724694252014
0.010365976952016354
0.3368831276893616
0.3765833377838135
0.8798496723175049
0.006746935658156872
0.02958536148071289
0.007569274865090847
0.013024878688156605
0.003007760737091303
0.001162332366220653
0.1697009950876236
0.5585242509841919
0.03587428480386734
0.10344957560300827
0.09893263131380081
0.09488923102617264
0.02277340367436409
0.044778428971767426
0.050994448363780975
0.08058255910873413
0.0428740568459034
0.5921674966812134
0.027012906968593597
1.1642343997955322
0.3605179488658905
0.016711654141545296
1.0341904163360596
0.3979119658470154
0.0017290438991039991
0.002537363674491644
0.011886409483850002
0.040988482534885406
0.0006934063858352602
0.0005753524019382894
0.5071802735328674
0.4985977113246918
0.0029294476844370365
0.0034651116002351046
0.00599887128919363
0.03631437569856644
0.004866395611315966
0.01113764476031065
0.0689271092414856
0.8527446389198303
0.0020171815995126963
0.0021997329313308
0.014114807359874249
0.017936015501618385
0.005044316407293081
0.020260512828826904
0.0014472213806584477
0.018431583419442177
0.0017773053841665387
0.008967230096459389
0.00950383860617876
0.009978339076042175
0.14501899480819702
1.597367286682129
0.002269442891702056
0.009616515599191189
0.05525674298405647
0.09612821042537689
0.0085831880569458
0.5356828570365906
0.0002925129374489188
0.007280866615474224
0.004162701778113842
0.002365692052990198
0.00933670625090599
0.007750451564788818
0.6397137641906738
0.023961266502738
0.000972031441051513
0.001968532567843795
0.03191075101494789
0.0356023833155632
0.0021216156892478466
0.006529981270432472
0.00021082619787193835
0.017353396862745285
0.003813018323853612
0.003129237564280629
0.0062803542241454124
0.004624199587851763
1.0173847675323486
0.4525468051433563
0.1349364072084427
0.4861784875392914
0.7544980645179749
0.7730841040611267
0.026816364377737045
0.08827407658100128
0.3385625183582306
0.5111817121505737
0.17703422904014587
0.08071184158325195
0.3574199378490448
0.25669509172439575
0.44490376114845276
0.6405119895935059
0.2783973515033722
0.1601802408695221
0.18687200546264648
0.31325969099998474
0.044217534363269806
0.052165787667036057
0.8300999402999878
0.7150776386260986
0.006008871830999851
0.06816357374191284
0.013622645288705826
0.09815116226673126
0.00352477771230042
0.03143820911645889
0.1484326273202896
0.3021799325942993
0.00312780006788671
0.007105160504579544
0.008141661062836647
0.19233305752277374
0.0034178667701780796
0.40010181069374084
0.003011304186657071
0.13649220764636993
0.004625668283551931
0.03430286794900894
0.004818085115402937
0.043799228966236115
0.050267137587070465
0.7642272114753723
0.007472297642379999
0.019350189715623856
0.01735805720090866
0.33077603578567505
0.014559696428477764
1.5032490491867065
0.009004908613860607
0.0063843028619885445
0.007695734966546297
0.006965416017919779
0.009631696157157421
0.0034553618170320988
0.2569555640220642
0.04133816063404083
0.001388567266985774
0.0016278302064165473
0.04725392162799835
0.01287099625915289
0.029408279806375504
0.0022346649784594774
0.02750343270599842
0.014053422957658768
0.010016058571636677
0.0159001387655735
0.00822835136204958
0.0020981961861252785
0.730779230594635
0.13055585324764252
0.4847712516784668
0.14315420389175415
1.2155704498291016
0.6338766813278198
0.4706100523471832
0.39127644896507263
0.020107951015233994
0.00482378713786602
0.010288316756486893
0.031499333679676056
0.0016778132412582636
0.02969992719590664
0.03815826401114464
0.08705215156078339
0.19872598350048065
0.14937296509742737
0.44544684886932373
0.32421252131462097
0.21107377111911774
0.27873972058296204
0.6284192800521851
0.6240825653076172
0.08928517252206802
0.05977246165275574
0.2821773886680603
0.0850895494222641
0.03547128289937973
0.048719801008701324
0.13755354285240173
0.2858828604221344
0.003553422400727868
0.02426055818796158
0.016653921455144882
0.01902761124074459
0.006650028750300407
0.0011382775846868753
0.4889296889305115
0.3580981194972992
0.032343365252017975
0.014137198217213154
0.06419447064399719
0.010092349722981453
0.013611150905489922
0.027938980609178543
0.3640134036540985
0.39712101221084595
0.010999263264238834
0.005753741599619389
0.010178271681070328
0.025198830291628838
0.0034851094242185354
0.009509352967143059
0.4174182713031769
0.4031062722206116
0.07770410180091858
0.5373460054397583
0.09288939833641052
0.6856673359870911
1.3185279369354248
0.1007993221282959
0.6227443218231201
0.19856147468090057
0.2248069941997528
0.19398581981658936
0.13255518674850464
0.5315146446228027
0.24990397691726685
0.18152707815170288
0.9007546901702881
0.6358952522277832
0.001534648472443223
0.06182119995355606
0.019444603472948074
0.011971615254878998
0.015256714075803757
0.0008098444668576121
0.25180092453956604
0.04821255803108215
0.019976172596216202
0.23766621947288513
0.043152354657649994
0.32855209708213806
0.07003896683454514
0.5802919864654541
0.033537037670612335
0.005112755578011274
0.003907768987119198
0.0768962875008583
0.0016761230072006583
0.1961175948381424
0.002985485829412937
0.7545874714851379
0.003926396369934082
0.023665856570005417
0.008391296491026878
0.08556465059518814
0.0594799742102623
0.3891979157924652
0.05460979789495468
0.012408147566020489
0.06447431445121765
0.101778544485569
0.004672004375606775
0.20467926561832428
0.014616928063333035
1.2555423974990845
0.014629538170993328
0.05052294582128525
0.02024320885539055
0.006234629079699516
0.02512590028345585
0.061482176184654236
0.0021168950479477644
0.05288480222225189
0.009106174111366272
0.004098526202142239
0.03429742529988289
0.0026523913256824017
0.4899155795574188
0.002890657866373658
0.0008115281816571951
0.011633255518972874
0.010184316895902157
0.007146098650991917
0.05408691242337227
0.03783489763736725
0.046798791736364365
0.10139628499746323
0.09693508595228195
0.062346380203962326
0.4287516176700592
0.3034268617630005
0.17915447056293488
0.017974428832530975
0.004371896386146545
0.0014720667386427522
0.005540306214243174
0.03749176114797592
0.001814338844269514
0.0025947215035557747
0.15563949942588806
0.10670154541730881
0.0003548698150552809
0.053105488419532776
0.02175452746450901
0.06632756441831589
0.009281246922910213
0.09163008630275726
0.0020154225639998913
0.006191338878124952
0.0015022922307252884
0.5780847668647766
0.02115066908299923
0.38749393820762634
0.0009863970335572958
1.6113945245742798
0.0006482074386440217
0.02066037617623806
0.0026622412260621786
0.018294744193553925
0.0074279638938605785
0.04745831340551376
0.012550788931548595
0.01914135180413723
0.008114267140626907
1.1223989725112915
0.02966632880270481
1.0765283107757568
0.006016828119754791
2.0399909019470215
0.004881853703409433
0.0062375194393098354
0.005431849043816328
0.002874738071113825
0.006799131166189909
0.017992008477449417
0.0006753820925951004
0.0010436217999085784
0.15397696197032928
0.0009754187776707113
0.4049564003944397
0.021106936037540436
0.433374285697937
0.0019029004033654928
0.0033124766778200865
0.04906685650348663
0.0034351274371147156
0.0033140345476567745
0.006027848459780216
0.00837697833776474
0.2266339361667633
0.20639833807945251
0.5620883107185364
0.12692825496196747
1.346708059310913
0.7032168507575989
0.9666717648506165
0.16948992013931274
0.004662669263780117
0.05697592347860336
0.012583870440721512
0.059426479041576385
0.013446205295622349
0.00340792047791183
0.26225408911705017
0.7041568160057068
0.011244320310652256
0.09450118243694305
0.00466956477612257
0.09992650151252747
0.07456493377685547
0.009812070988118649
0.6528118252754211
0.692939043045044
0.07141607999801636
0.8137107491493225
0.05242551118135452
0.6895585656166077
0.6757543683052063
0.1256466507911682
0.9553866386413574
0.43540599942207336
0.020154520869255066
0.012196250259876251
0.07126476615667343
0.20772534608840942
0.01219046488404274
0.045199040323495865
0.49971675872802734
0.12660367786884308
0.16072624921798706
0.027195654809474945
0.4884253442287445
0.23737825453281403
0.17102336883544922
0.48872092366218567
0.5123714804649353
0.7257015705108643
0.08614122122526169
0.003296817885711789
0.017090708017349243
0.04737027361989021
0.003462154883891344
0.009359571151435375
0.4582367539405823
0.7939549088478088
0.04751535505056381
0.9337236285209656
0.09620039165019989
0.9271326065063477
0.8809535503387451
0.10713475197553635
0.4552845060825348
0.32964587211608887
0.0006564079667441547
0.008509183302521706
0.03470480069518089
0.07927939295768738
0.004443384241312742
0.029967665672302246
0.045412834733724594
0.09019917249679565
0.003640195820480585
0.006925709545612335
0.0025948260445147753
0.03615199401974678
0.005475307814776897
0.1816616654396057
0.0015673224115744233
0.021655360236763954
0.0025611775927245617
0.012336377054452896
0.004124687518924475
0.06354614347219467
0.05363902449607849
0.12114240974187851
0.01289031095802784
0.015991777181625366
0.013294268399477005
1.0502018928527832
0.4038618505001068
1.9175910949707031
0.0005970243364572525
0.0017607035115361214
0.009417025372385979
0.0053201219998300076
0.007634447887539864
0.005018852651119232
0.03494877368211746
0.028711210936307907
0.001265142927877605
0.0020655051339417696
0.08210978657007217
0.012466339394450188
0.18667367100715637
0.0019535657484084368
0.000817749067209661
0.003184362780302763
0.0044641816057264805
0.004022554494440556
0.005313874687999487
0.0029844557866454124
0.8807477951049805
0.9484804272651672
0.4858875870704651
0.668327808380127
0.9057800769805908
0.8636119961738586
0.4937225580215454
0.45454826951026917
0.02374069206416607
0.2404577136039734
0.0041037797927856445
0.11289163678884506
0.11183677613735199
0.012589853256940842
0.8480499982833862
0.7573020458221436
0.01249441597610712
0.019901685416698456
0.01215105690062046
0.02143614925444126
0.0055678840726614
0.005900636315345764
0.4701111912727356
0.7528810501098633
0.0032388106919825077
0.01778508350253105
0.022610589861869812
0.05661587417125702
0.0016511405119672418
0.0032945398706942797
0.6250180602073669
0.7062198519706726
0.007384482771158218
0.028963619843125343
0.021068472415208817
0.05388980731368065
0.010541609488427639
0.01868068240582943
0.2806844115257263
0.3903685212135315
0.013183126226067543
0.016096478328108788
0.008418422192335129
0.01820254698395729
0.002352392068132758
0.004894038662314415
0.8276490569114685
0.34045934677124023
0.0929761603474617
0.10079669952392578
0.13051389157772064
0.22025053203105927
0.09825449436903
0.08028808981180191
0.5094654560089111
0.5542484521865845
0.0018191724084317684
0.002298252424225211
0.007307272404432297
0.010939221829175949
0.0014838837087154388
0.0005766008980572224
0.24343159794807434
0.04429979994893074
0.0022516828030347824
0.004625837318599224
0.0108908386901021
0.0189994927495718
0.0031875520944595337
0.001786650624126196
0.03457530215382576
0.035784829407930374
0.06755228340625763
0.021069593727588654
0.17569535970687866
0.0128064826130867
0.0021874061785638332
0.026461955159902573
0.4515685439109802
0.222980335354805
0.005076180212199688
0.05850955843925476
0.034014612436294556
0.1301206797361374
0.022715691477060318
0.0009914339752867818
0.31019100546836853
0.5424573421478271
0.007022134028375149
0.006489268504083157
0.039331335574388504
0.026051396504044533
0.0006538203451782465
0.005467022303491831
0.7023330330848694
0.43852657079696655
0.004731388296931982
0.057686880230903625
0.007860666140913963
0.07651485502719879
0.0240876954048872
0.001176193356513977
0.14032679796218872
0.0071031637489795685
0.015569949522614479
0.021083785220980644
0.0521954707801342
0.01715150661766529
0.0016386685892939568
0.01549885980784893
0.18518349528312683
0.2586360275745392
0.009193302132189274
0.019318507984280586
0.03842322528362274
0.03863348066806793
0.014076067134737968
0.02606041543185711
0.35511088371276855
0.25175797939300537
0.0006674020551145077
0.04393739625811577
0.005419526714831591
0.011786640621721745
0.0008782762452028692
0.00031443798798136413
0.3605177104473114
0.16483914852142334
0.017985567450523376
0.10280057787895203
0.0563417412340641
0.19371992349624634
0.0056068506091833115
0.0046755410730838776
0.7369111180305481
0.8303902745246887
0.23844997584819794
0.15767239034175873
0.22937802970409393
0.08170251548290253
0.010621347464621067
0.07956497371196747
0.07330746203660965
0.4548388421535492
0.0030412767082452774
0.002304254798218608
0.019523387774825096
0.021728776395320892
0.0008552014478482306
0.002526194555684924
0.3338336646556854
0.6448555588722229
0.003784985514357686
0.5275834798812866
0.012595456093549728
0.348686158657074
0.24227097630500793
0.00446662213653326
0.4333482086658478
0.1479717642068863
0.30986976623535156
0.3536134660243988
0.18784554302692413
0.27530214190483093
0.16794028878211975
0.3244863748550415
0.6122936606407166
0.6270893216133118
0.03881188482046127
0.1087074726819992
0.09109613299369812
0.13080106675624847
0.04823334887623787
0.017238805070519447
0.4813763201236725
0.6503307819366455
0.00819365307688713
0.049934156239032745
0.018802855163812637
0.04818805307149887
0.010047746822237968
0.0039211479015648365
0.2237856686115265
0.08260829001665115
0.005116934888064861
0.018599333241581917
0.012611501850187778
0.07087504863739014
0.012351413257420063
0.0018502766033634543
0.16252167522907257
0.5187364220619202
0.010577882640063763
0.0032832762226462364
0.003802719758823514
0.014636149629950523
0.000977876246906817
0.0007698573172092438
0.8425936698913574
0.9857324361801147
0.0012427199399098754
0.0042047202587127686
0.015378139913082123
0.02740989625453949
0.012583265081048012
0.0008101996500045061
0.5950019359588623
0.5034501552581787
0.010455086827278137
0.032262999564409256
0.009210724383592606
0.026268772780895233
0.007527562323957682
0.0013151594903320074
0.32729852199554443
0.05150851234793663
0.09006715565919876
0.31920135021209717
0.010907335206866264
0.2651694416999817
0.15044426918029785
0.025250395759940147
1.5110869407653809
1.081897258758545
0.00532255694270134
0.008006077259778976
0.031476594507694244
0.01356748677790165
0.0569336824119091
0.042756661772727966
0.6283053159713745
0.5351926684379578
0.009975764900445938
0.044274888932704926
0.015287918969988823
0.060372788459062576
0.010898832231760025
0.023408472537994385
0.8345011472702026
0.6965664625167847
0.001886728685349226
0.02931913174688816
0.042544472962617874
0.15932048857212067
0.0009979382157325745
0.0009069971856661141
0.3447315990924835
0.4016627371311188
0.004038768354803324
0.023315666243433952
0.009127605706453323
0.01825009100139141
0.004367786925286055
0.0023810991551727057
0.4429706335067749
0.8105952143669128
0.0035775438882410526
0.0382702574133873
0.02018415927886963
0.0334690697491169
0.021041641011834145
0.0024020366836339235
0.6848769783973694
0.14087985455989838
0.038197070360183716
0.31804341077804565
0.07136795669794083
0.31591299176216125
0.1988992989063263
0.03188784793019295
0.06819616258144379
0.08633813261985779
0.04102567955851555
0.14840416610240936
0.07686587423086166
0.0307783130556345
0.052258145064115524
0.02243453450500965
0.11810726672410965
0.020510923117399216
0.2092982530593872
0.013087725266814232
0.2342274934053421
0.017922408878803253
0.004830152727663517
0.13457590341567993
0.3205065131187439
1.1245293617248535
0.0783521980047226
0.15580564737319946
0.0813385546207428
0.19729328155517578
0.2808097302913666
0.3933385908603668
0.6567933559417725
0.4149339199066162
0.004269218072295189
0.011585716158151627
0.03550216183066368
0.05625764653086662
0.003665117546916008
0.001014537294395268
0.4171661138534546
0.6136067509651184
0.00790433306246996
0.004842209164053202
0.0059074885211884975
0.017473649233579636
0.0021310653537511826
0.0034990364219993353
0.05373602360486984
0.08319541066884995
0.8118665218353271
0.2426454871892929
0.9362553358078003
0.33651676774024963
0.35024595260620117
0.8260551691055298
0.46052682399749756
1.180479884147644
0.006793398875743151
0.07399144023656845
0.034039486199617386
0.4159928858280182
0.004864084534347057
0.02286682464182377
0.5223657488822937
0.377256840467453
0.015801461413502693
0.0307287760078907
0.0829576700925827
0.12894493341445923
0.04734788089990616
0.016367962583899498
0.35193559527397156
0.4372698664665222
0.004180437419563532
0.025020278990268707
0.016622714698314667
0.05001296475529671
0.005515956785529852
0.002545603783801198
0.8931813836097717
0.9424198269844055
0.06882289052009583
0.06696639955043793
0.10796463489532471
0.24768683314323425
0.001701749861240387
0.005923143588006496
0.5886273980140686
1.2376128435134888
0.12305605411529541
0.31893983483314514
0.03777872025966644
0.4658215343952179
0.11109943687915802
0.023620689287781715
0.2158125936985016
0.3158957362174988
0.05801716446876526
0.1845923215150833
0.1386534571647644
0.21622148156166077
0.032924067229032516
0.018128519877791405
0.2271483987569809
0.11343332380056381
0.026695718988776207
0.014054160565137863
0.11881575733423233
0.07230257242918015
0.06448397040367126
0.03818260133266449
0.4583904445171356
0.24625608325004578
0.022888844832777977
0.04487060010433197
0.037479933351278305
0.05971381068229675
0.08438996970653534
0.12811800837516785
0.2780223488807678
0.5345178246498108
0.05003751814365387
0.09510119259357452
0.2094450742006302
0.12270064651966095
0.012928328476846218
0.03636674955487251
0.13808296620845795
0.15140408277511597
0.00462751742452383
0.07858199626207352
0.01870671473443508
0.11349636316299438
0.0034728189930319786
0.000680638593621552
0.23782096803188324
0.5582074522972107
0.0028968225233256817
0.08114362508058548
0.009092304855585098
0.03797082602977753
0.01935533620417118
0.0020082707051187754
0.3864879310131073
0.040477339178323746