6.367333889007568
7.726405620574951
5.824691295623779
7.171279430389404
7.962303161621094
7.956671237945557
6.878762245178223
7.04467248916626
7.0934343338012695
7.141978740692139
6.014932632446289
6.005665302276611
7.468995571136475
8.193443298339844
6.774686336517334
7.390697479248047
6.991860389709473
7.903731822967529
5.94317626953125
6.7490363121032715
6.524156093597412
7.864185333251953
5.944881916046143
7.253073215484619
7.587095260620117
7.937029838562012
6.406983375549316
6.832521915435791
7.432979583740234
7.740926265716553
6.000630855560303
6.513428688049316
7.608885288238525
8.796630859375
6.461773872375488
7.118249416351318
7.115270137786865
6.9335832595825195
6.688416957855225
7.02243185043335
8.127215385437012
8.292683601379395
6.413703918457031
6.74413537979126
8.000322341918945
8.888496398925781
6.570842742919922
7.003772258758545
6.708142280578613
8.004471778869629
6.163554668426514
7.1699700355529785
6.2418951988220215
7.132603168487549
5.535801887512207
6.003561019897461
6.889702796936035
7.51742696762085
6.291923522949219
6.821624279022217
7.585024833679199
8.469263076782227
6.080944061279297
6.626975059509277
7.7263970375061035
7.935330390930176
6.45904541015625
6.72755765914917
7.833780765533447
8.537087440490723
6.4844584465026855
7.255068778991699
6.518166542053223
7.685856342315674
6.219004154205322
7.277696132659912
7.615384101867676
7.70855712890625
6.9579758644104
7.333576202392578
6.108734130859375
7.31597900390625
5.9061360359191895
6.6267595291137695
8.022006034851074
7.811261177062988
7.253477573394775
6.74413537979126
6.028823375701904
7.173074245452881
5.40675163269043
6.670801639556885
7.079293251037598
7.747128963470459
6.284862995147705
6.693508148193359
7.322543621063232
7.810752868652344
6.908266544342041
7.064444065093994
7.556389808654785
7.717801094055176
6.125097751617432
6.628257751464844
6.972072601318359
7.690995693206787
6.481993198394775
7.279672145843506
7.631735324859619
8.593579292297363
6.318194389343262
6.915656566619873
7.637584209442139
7.51348876953125
7.513646125793457
7.553512096405029
7.575200080871582
8.119987487792969
6.2961297035217285
6.993241310119629
6.811108589172363
7.901780128479004
5.730930805206299
6.895984172821045
8.04197883605957
8.341814994812012
6.374610424041748
7.094411849975586
7.2804765701293945
7.386816501617432
6.594855785369873
6.721829891204834
5.970709323883057
7.190115928649902
6.01406192779541
7.343663692474365
7.474090576171875
8.134201049804688
6.069155216217041
6.6718974113464355
7.698835849761963
7.662426948547363
6.440557956695557
6.389692306518555
7.188069820404053
8.436446189880371
6.410447120666504
7.774079322814941
7.292259216308594
7.508418560028076
6.991116523742676
7.221138954162598
7.317821025848389
8.344321250915527
6.4099440574646
7.231725215911865
7.616306304931641
7.928147792816162
8.099257469177246
8.482943534851074
7.448522090911865
7.646058559417725
7.6924920082092285
7.967460632324219
6.3315958976745605
6.547088146209717
6.462186813354492
7.243039608001709
6.054470539093018
7.046299457550049
6.433375835418701
7.883614540100098
6.357180118560791
6.925235748291016
7.009136199951172
6.903792858123779
6.479991436004639
6.244069576263428
6.220302581787109
6.433145999908447
6.140092372894287
6.909578800201416
8.402974128723145
8.372817993164062
7.007265567779541
7.217385768890381
6.662335395812988
7.670386791229248
6.046952247619629
7.610931396484375
7.212047100067139
8.79370403289795
5.821995258331299
6.689333438873291
7.3540143966674805
7.468249320983887
6.377347946166992
6.714897155761719
7.760868549346924
8.167253494262695
6.755126953125
6.957733154296875
6.440089702606201
7.305848598480225
6.4713568687438965
7.408641338348389
7.238861083984375
8.670269966125488
6.167133331298828
7.376351833343506
6.355751991271973
7.024837493896484
6.069173812866211
6.954272270202637
6.073081970214844
6.802332401275635
5.449199199676514
6.18241548538208
6.440001010894775
7.962443828582764
5.771254062652588
7.3530192375183105
6.292870998382568
7.530144691467285
5.882640838623047
7.193886756896973
8.104164123535156
8.402409553527832
6.327606201171875
7.122547149658203
6.589631080627441
7.177773952484131
5.807262897491455
6.400060653686523
6.8171844482421875
7.894681930541992
6.3682050704956055
7.309760570526123
7.225578308105469
7.594359874725342
5.923407077789307
6.255051612854004
6.899206161499023
8.006621360778809
6.4185099601745605
7.134759426116943
8.586270332336426
9.066414833068848
7.476329803466797
7.635400295257568
7.914759159088135
8.859543800354004
6.1317524909973145
6.82367467880249
6.988384246826172
7.654498100280762
6.046949863433838
7.099132537841797
8.428370475769043
9.380942344665527
6.550838470458984
7.664127349853516
7.217271327972412
8.164039611816406
5.74690580368042
6.72645902633667
7.507831573486328
8.236045837402344
6.465365886688232
6.92235803604126
7.678655624389648
8.398882865905762
6.79851770401001
7.533921718597412
7.955766201019287
9.279436111450195
6.759715557098389
7.641697883605957
6.634345531463623
7.734659671783447
5.421878814697266
6.793615341186523
7.539781093597412
8.496253967285156
6.356400489807129
7.039902687072754
8.463047981262207
8.890414237976074
7.642550945281982
7.751750469207764
6.836034774780273
8.187390327453613
5.485267639160156
6.965647220611572
7.5667572021484375
8.267302513122559
6.425236225128174
7.134890556335449
7.233809947967529
7.691439628601074
6.0826568603515625
6.578227996826172
7.113070487976074
7.573662757873535
6.276841640472412
6.511797904968262
7.440232276916504
8.40938663482666
6.518163204193115
7.4171977043151855
7.173983097076416
7.409590721130371
5.953191757202148
6.168737411499023
7.445301055908203
7.343888282775879
6.078037261962891
6.480886936187744
7.062011241912842
8.039093017578125
6.185946941375732
7.315260410308838
6.363302230834961
7.566536903381348
5.905605316162109
6.531808376312256
7.544723033905029
7.5578460693359375
6.859932899475098
7.1193389892578125
7.0522990226745605
7.652740478515625
6.394400119781494
7.120928764343262
6.64992618560791
7.2744140625
5.952906131744385
6.482000350952148
7.508143424987793
7.2241435050964355
6.247683048248291
5.7643723487854
8.291017532348633
8.56726360321045
7.167591094970703
7.795356750488281
6.546135902404785
7.364283561706543
6.3122878074646
7.180531024932861
6.268218517303467
7.061748027801514
6.1144561767578125
6.7415690422058105
6.82670259475708
7.904334545135498
5.790722846984863
7.008686542510986
7.826061248779297
8.570859909057617
6.539577484130859
7.100227355957031
7.280760765075684
8.008203506469727
6.670555114746094
7.336965084075928
7.606626033782959
8.16532039642334
6.579925537109375
6.981776714324951
7.164087772369385
8.146376609802246
6.155335903167725
7.078800201416016
7.216335296630859
8.681036949157715
6.018918991088867
6.857090950012207
7.676535129547119
8.537022590637207
6.437049388885498
7.275933265686035
6.930773735046387
7.724696159362793
6.567706108093262
7.153584003448486
6.619219779968262
7.666477203369141
6.152211666107178
7.081651210784912
7.9898271560668945
7.872828006744385
6.546682834625244
6.576338291168213
6.138026714324951
7.871717929840088
5.922142028808594
7.394649505615234
6.546786308288574
6.880813121795654
5.8986496925354
6.3869242668151855
8.225643157958984
8.52614974975586
7.124530792236328
7.2100067138671875
7.120334625244141
8.429696083068848
6.267158031463623
6.927229881286621
6.754178047180176
7.774500370025635
6.304426670074463
7.160679817199707
6.810938358306885
7.953422546386719
6.546111106872559
7.771612167358398
7.194479942321777
7.75060510635376
6.94913911819458
7.565993785858154
7.061585903167725
7.59188175201416
6.138132095336914
6.750776767730713
6.870907783508301
7.560414791107178
6.1728668212890625
7.023325443267822
7.633229732513428
7.7688493728637695
5.944742679595947
6.167904853820801
6.711694240570068
8.007171630859375
5.706182956695557
7.2176690101623535
6.4923996925354
7.428956508636475
5.632131099700928
6.6613335609436035
7.438022136688232
8.341431617736816
6.7120280265808105
7.324261665344238
7.387868404388428
7.901573181152344
6.574382781982422
7.314579486846924
6.634363651275635
7.092202663421631
5.896548271179199
6.166572093963623
7.607176780700684
7.6016645431518555
6.519715785980225
6.453310966491699
7.66765832901001
7.739766597747803
5.3419413566589355
5.535383224487305
8.335413932800293
8.6475830078125
7.17864990234375
7.287688255310059
8.062294006347656
8.033259391784668
7.037221431732178
7.267158031463623
7.408085823059082
7.306532382965088
6.375722408294678
6.718263149261475
5.811321258544922
6.972050189971924
5.344362735748291
6.719732284545898
7.7289886474609375
8.735478401184082
6.874048709869385
7.886209011077881
7.773549556732178
7.408168792724609
6.759255886077881
6.512746334075928
7.593291759490967
8.82810115814209
5.955024719238281
7.352665901184082
7.203144550323486
8.368243217468262
5.5827484130859375
6.9147257804870605
7.9150309562683105
8.121384620666504
6.318389892578125
6.795687675476074
6.802624702453613
7.199916362762451
6.210233211517334
6.580963134765625
7.264270782470703
7.684147834777832
6.09121561050415
6.495373725891113
7.222165107727051
8.080558776855469
5.954501628875732
6.561828136444092
7.8134613037109375
9.344819068908691
5.8085150718688965
7.44192361831665
6.287622928619385
6.370155334472656
5.805641174316406
6.302346706390381
7.5463714599609375
7.9360151290893555
5.988436222076416
6.614233016967773
7.053349494934082
7.2853312492370605
5.631683349609375
6.077972412109375
6.916906833648682
7.814300060272217
6.538412570953369
7.187963008880615
7.854681491851807
9.079039573669434
6.549429416656494
7.1909942626953125
6.245853900909424
6.440357685089111
6.2366862297058105
6.497450351715088
6.321719646453857
7.693016052246094
5.714324951171875
6.8637824058532715
7.607713222503662
7.9394755363464355
6.463972568511963
6.916077613830566
6.433845043182373
7.199235439300537
6.036755561828613
7.01663064956665
8.251219749450684
7.7686381340026855
6.643107891082764
6.142662525177002
7.28780460357666
8.506531715393066
6.9210028648376465
7.553762912750244
7.2530837059021
8.142359733581543
6.37251615524292
7.095959663391113
7.482848167419434
8.00263786315918
6.355066776275635
6.711845397949219
7.012495517730713
8.250641822814941
6.702051639556885
7.987550258636475
8.063252449035645
8.98343276977539
6.353414058685303
7.186775207519531
7.456364631652832
7.992520809173584
6.089589595794678
6.7247514724731445
7.190748691558838
8.305058479309082
6.6678290367126465
7.776368618011475
7.833067417144775
8.208285331726074
6.704695224761963
7.363958835601807
6.455438137054443
7.143575191497803
6.219052791595459
7.0732035636901855
7.856298923492432
7.594506740570068
6.556692600250244
6.632770538330078
7.66396427154541
7.869561672210693
6.787878513336182
6.760676860809326
7.556756496429443
8.62464427947998
6.428603649139404
7.1552863121032715
8.000626564025879
8.274909973144531
6.2230987548828125
6.608611583709717
7.6687140464782715
8.756855964660645
6.457542419433594
7.4776177406311035
7.562648296356201
8.7570161819458
5.7979817390441895
7.240810394287109
6.6136908531188965
6.932616233825684
5.251136779785156
5.549675941467285
7.812904357910156
8.516020774841309
6.736507415771484
7.016531467437744
6.727721214294434
7.04714298248291
5.8759918212890625
6.446218490600586
8.154179573059082
8.388148307800293
7.435662269592285
7.341127872467041
7.5384979248046875
8.61871337890625
6.488900661468506
7.483103275299072
7.8571367263793945
7.995855808258057
7.069395542144775
7.176739692687988
6.99312686920166
8.345857620239258
5.84661340713501
7.229630947113037
7.216301918029785
7.6215009689331055
6.34563684463501
6.768266201019287
7.291381359100342
8.03780460357666
5.827612400054932
6.16748046875
7.555220127105713
7.091350078582764
6.2891693115234375
6.174202919006348
6.251031398773193
7.5801310539245605
5.776108264923096
7.169326305389404
6.925429344177246
7.604885101318359
5.996671199798584
6.647712707519531
7.401161193847656
8.295428276062012
6.471044063568115
7.490848064422607
6.126811981201172
6.487041473388672
5.756909370422363
6.17578125
7.08220911026001
8.757939338684082
6.705956935882568
7.554652690887451
6.903544902801514
8.302197456359863
5.917134761810303
7.392696380615234
7.623667240142822
8.680024147033691
6.345620632171631
7.11200475692749
6.981446743011475
7.941661834716797
5.784675598144531
6.900428295135498
7.101040840148926
8.201292991638184
6.727519989013672
7.407564640045166
8.088071823120117
9.264459609985352
6.488926887512207
7.21857213973999
7.297895431518555
7.699707984924316
6.153341293334961
6.367543697357178
7.030974864959717
7.610132694244385
6.755741596221924
7.208327293395996
6.713284015655518
7.212141990661621
6.021718978881836
6.853621482849121
7.673666000366211
8.321682929992676
5.920652866363525
6.5641045570373535
6.539980411529541
7.597925662994385
6.782772064208984
7.6513991355896
7.703192234039307
9.047628402709961
5.766940593719482
6.7528300285339355
7.112730503082275
7.944558143615723
6.199379920959473
7.1642374992370605
6.340432643890381
7.859585762023926
6.2687811851501465
7.133091926574707
7.7626872062683105
8.796525955200195
6.448652744293213
7.1369524002075195
8.002156257629395
8.11169147491455
7.104836940765381
7.406190395355225
6.170379638671875
6.294119358062744
5.994382858276367
6.268247604370117
8.268790245056152
8.606474876403809
6.673336982727051
6.935842990875244
7.309057235717773
8.324333190917969
6.789996147155762
7.641010761260986
7.420107364654541
7.780738830566406
6.15793514251709
6.724398136138916
6.349892616271973
6.853612899780273
5.675403594970703
6.620152950286865
7.566516399383545
7.864799499511719
5.9847731590271
6.708337306976318
6.7255988121032715
6.889911651611328
5.309019565582275
5.6198225021362305
7.196540832519531
8.269547462463379
6.629833221435547
7.760941982269287
6.469358921051025
7.480250835418701
6.0324387550354
7.160614013671875
7.307249546051025
8.082180976867676
6.280616283416748
7.482834815979004
7.255486965179443
8.224271774291992
6.778430461883545
7.754156589508057
6.779689788818359
7.849058628082275
7.537362098693848
8.307426452636719
6.678922176361084
7.53916072845459
7.600686073303223
7.838397026062012
6.764988422393799
7.243114471435547
7.1889142990112305
7.8310160636901855
5.817590236663818
6.475683212280273
8.019021987915039
8.612377166748047
6.548557281494141
7.094120979309082
7.114211082458496
7.987411022186279
6.684072017669678
7.322418212890625
7.261216163635254
8.567805290222168
6.33632755279541
7.498424053192139
7.8900322914123535
7.8840436935424805
7.311659812927246
7.665901184082031
7.006932258605957
7.891612529754639
6.672097682952881
7.466418743133545
7.069660663604736
7.934736251831055
5.970029830932617
6.6823883056640625
6.9461188316345215
8.287299156188965
6.153028964996338
6.485250473022461
7.175033092498779
8.649747848510742
6.021759033203125
7.620263576507568
7.908580780029297
8.499978065490723
6.155686378479004
6.907774925231934
6.934781551361084
8.155402183532715
6.005053520202637
7.18393087387085
7.891574382781982
8.931336402893066
6.546734809875488
7.598258972167969
7.07263708114624
7.134906768798828
6.535216808319092
6.463725566864014
7.4181976318359375
7.390303611755371
7.2358317375183105
7.14011812210083
7.734898090362549
8.181315422058105
6.588765621185303
6.911983489990234
7.696774482727051
7.758267402648926
7.129795074462891
7.181514263153076
7.673675537109375
8.11030101776123
5.4946513175964355
6.245080471038818
5.981499671936035
6.777899265289307
6.096389293670654
7.047823429107666
8.154869079589844
7.523390293121338
6.52858304977417
5.9813666343688965
6.9033684730529785
6.897368431091309
5.729796886444092
6.205219745635986
8.3756103515625
8.91353702545166
6.791847229003906
6.889883518218994
7.317918300628662
7.456648826599121
5.971717357635498
6.348649024963379
7.63043737411499
7.627252101898193
6.9042205810546875
7.051155090332031
7.090583801269531
7.435018539428711
5.56148099899292
5.910224437713623
7.159459590911865
7.680182933807373
5.98389196395874
6.420459747314453
7.710967540740967
7.975560188293457
5.859435558319092
6.261127471923828
7.217949867248535
7.638998508453369
5.886033058166504
6.212690353393555
6.551270484924316
6.942269325256348
6.015682697296143
6.5303802490234375
8.340517044067383
8.490509986877441
7.317929744720459
7.516564846038818
8.560968399047852
8.591513633728027
7.281368255615234
7.341294765472412
7.108556747436523
7.598979949951172
6.606056213378906
7.272772789001465
6.6232757568359375
7.993077754974365
5.781332015991211
7.151029109954834
7.532710552215576
8.605792045593262
6.499802589416504
7.49940824508667
7.214324951171875
8.06313705444336
6.129106044769287
7.07228946685791
7.257322311401367
7.601490497589111
6.7260260581970215
7.113875389099121
7.121432781219482
8.247210502624512
6.611212253570557
7.409497261047363
6.482752323150635
7.280644416809082
5.860532760620117
6.7517290115356445
6.521187782287598
7.4320878982543945
5.98446798324585
6.864224910736084
7.052215576171875
7.7054853439331055
6.2131266593933105
7.001664161682129
8.068548202514648
8.097047805786133
7.1434326171875
7.29586124420166
7.039501667022705
7.5447001457214355
6.068211078643799
6.4184889793396
7.222278118133545
7.911187648773193
6.181991100311279
6.683926582336426
6.371450424194336
6.228979110717773
5.76540994644165
5.576086044311523
7.285270690917969
7.8707685470581055
6.139439105987549
6.46669864654541
7.18751335144043
7.548041820526123
5.131555080413818
5.802757740020752
7.116917610168457
7.8262038230896
6.760978698730469
8.001996040344238
7.583359718322754
8.563933372497559
6.563517093658447
7.247016429901123
6.919623851776123
7.6599860191345215
6.114413261413574
7.011362552642822
7.385668754577637
7.1258769035339355
6.063189506530762
6.135404109954834
7.896119117736816
8.955114364624023
6.4823760986328125
7.192664623260498
7.648792743682861
7.885122299194336
6.538902282714844
6.87079381942749
7.454865455627441
8.320796012878418
6.387447834014893
7.225160121917725
6.94149112701416
8.052006721496582
6.165461540222168
7.154606342315674
7.001884460449219
7.480446815490723
6.100497245788574
6.355385780334473
7.488972187042236
7.505134582519531
6.175132751464844
6.406222343444824
6.853745937347412
7.49894380569458
6.054943084716797
6.421311378479004
6.773394584655762
7.2819342613220215
6.2692670822143555
6.680585861206055
6.238663673400879
7.532766342163086
5.890051364898682
7.397172451019287
8.188026428222656
8.09311294555664
7.12002420425415
7.1090264320373535
7.2882890701293945
8.93321418762207
6.0912017822265625
6.998420715332031
6.71489953994751
7.752025604248047
5.7924699783325195
6.6471662521362305
6.5102338790893555
8.109077453613281
5.7916998863220215
7.086503028869629
7.686015605926514
8.673566818237305
6.400698184967041
7.329504489898682
6.265135288238525
7.33662748336792
5.367892742156982
6.370391368865967
8.229418754577637
8.585028648376465
6.823028087615967
6.853909492492676
7.665991306304932
8.927908897399902
7.107034206390381
8.206635475158691
7.329561710357666
8.366494178771973
5.87476110458374
6.449551582336426
7.167655944824219
7.739734649658203
6.315384387969971
6.857222080230713
7.970395088195801
8.423230171203613
6.951104640960693
7.2863664627075195
7.451202392578125
7.806194305419922
5.7384538650512695
6.2352519035339355
7.125101566314697
7.542762756347656
6.89585018157959
7.649581432342529
7.537990093231201
8.445955276489258
6.5758957862854
7.5053839683532715
6.030109882354736
7.091647148132324
5.81456184387207
7.058953285217285
7.132667064666748
8.011256217956543
6.176364898681641
7.088581085205078
7.510674476623535
7.692787170410156
6.325281620025635
6.671538829803467
7.292485237121582
7.70802640914917
6.136157512664795
6.651586055755615
7.30039119720459
7.6787333488464355
6.638189315795898
7.3774566650390625
6.414568901062012
6.584446430206299
5.857229232788086
6.3023505210876465
8.09018611907959
8.274147987365723
6.463450908660889
6.632065773010254
8.195241928100586
9.118914604187012
5.962157726287842
6.750289440155029
7.183652400970459
8.426726341247559
5.7111077308654785
7.439255714416504
6.422588348388672
6.9249587059021
6.027669906616211
6.741326332092285
7.378776550292969
8.347050666809082
6.287546634674072
7.341923713684082
7.066965579986572
6.703139781951904
5.6598005294799805
5.754295825958252
7.256130695343018
7.8212504386901855
6.035265922546387
6.664394378662109
6.351150989532471
7.778630256652832
7.019146919250488
7.973161220550537
7.3893280029296875
8.124645233154297
6.242210388183594
7.1151442527771
7.5514140129089355
7.405710697174072
6.857654571533203
6.594013214111328
6.915552616119385
6.818107604980469
6.279427528381348
6.203487396240234
8.470622062683105
7.984126567840576
6.77777099609375
6.2903361320495605
7.486431121826172
8.791516304016113
6.294408321380615
6.912431240081787
6.657629013061523
7.538021087646484
5.848703861236572
6.7570600509643555
6.7524733543396
6.761496067047119
6.228745937347412
6.283536434173584
7.420890808105469
8.828110694885254
5.580949306488037
6.702888488769531
6.367135524749756
7.17560338973999
6.20187520980835
7.083637237548828
7.654357433319092
8.410955429077148
6.889218807220459
7.991370677947998
7.267203330993652
7.863291263580322
6.202338695526123
7.039742469787598
7.7166008949279785
8.085139274597168
5.6100382804870605
6.286992073059082
7.459219932556152
7.795567989349365
6.938724994659424
7.4049530029296875
6.826239109039307
6.828743934631348
5.9812331199646
6.231479644775391
7.796432018280029
9.019970893859863
6.121531963348389
6.749730110168457
6.743791103363037
7.69167423248291
5.680281639099121
6.6763153076171875
6.5543437004089355
7.841288089752197
6.623879909515381
7.567965030670166
7.429391384124756
7.586528301239014
6.073307991027832
6.245065212249756
7.117349147796631
8.325833320617676
6.0330424308776855
7.230134010314941
8.086691856384277
8.435124397277832
6.888730049133301
7.237532138824463
7.272817134857178
8.27397632598877
6.363744735717773
7.096285343170166
7.550005912780762
7.352419853210449
6.071793556213379
6.0970258712768555
7.576848030090332
8.292895317077637
7.237548351287842
7.460335731506348
7.247064113616943
8.599886894226074
6.388476848602295
7.7187933921813965
6.704006195068359
7.351086139678955
5.192895889282227
6.079630374908447
7.8983964920043945
7.986186981201172
6.149582386016846
6.3942437171936035
7.246004581451416
7.431731224060059
6.4608306884765625
7.00567626953125
7.984110355377197
9.10669231414795
6.898062229156494
7.58558988571167
7.88009786605835
8.26219654083252
6.182469367980957
6.750453472137451
6.902366638183594
8.295509338378906
6.256227016448975
7.302985668182373
7.686802864074707
8.672537803649902
6.55737829208374
7.349318027496338
8.67296314239502
9.278410911560059
7.332115173339844
7.4043869972229
6.460274696350098
7.847984313964844
6.156693458557129
7.35950231552124
7.314426422119141
7.913460731506348
6.917736053466797
7.363370418548584
7.967083930969238
9.199366569519043
6.647410869598389
7.490000247955322
7.322096347808838
7.725752353668213
6.4516496658325195
6.949809551239014
6.21713399887085
7.375672340393066
6.011257171630859
7.014484882354736
7.0808329582214355
7.859399318695068
6.562952995300293
6.968623161315918
7.468604564666748
8.134242057800293
6.543471813201904
6.626585960388184
6.596357822418213
7.94256591796875
5.905430316925049
7.061624050140381
7.579850196838379
8.077126502990723
6.361008644104004
6.5627288818359375
6.314128875732422
6.951000213623047
5.682615280151367
6.3161444664001465
7.515206336975098
8.280965805053711
7.3576507568359375
7.652247905731201
6.728855133056641
7.108152866363525
6.271117687225342
7.629858493804932
5.927670478820801
6.485404968261719
7.264876842498779
7.380532264709473
6.461866855621338
6.874356746673584
7.288253307342529
8.33971118927002
6.141149044036865
7.088996887207031
8.301302909851074
9.386937141418457
6.649330139160156
7.246249675750732
7.117410182952881
8.448452949523926
6.471805095672607
7.490789890289307
8.046294212341309
8.1550874710083
6.608198642730713
6.862818241119385
8.437174797058105
8.983774185180664
7.244162082672119
7.376562595367432
7.705695629119873
7.898097991943359
6.705996036529541
7.15126895904541
6.537950038909912
7.018975734710693
6.186134338378906
6.878639221191406
6.538490295410156
7.387204170227051
5.994412899017334
6.5834550857543945
7.369065284729004
7.0524821281433105
6.411098003387451
6.0781450271606445
7.338000297546387
7.531166076660156
6.331780433654785
6.671764850616455
7.308567047119141
7.414956092834473
6.132863521575928
6.347510814666748
7.055639266967773
8.057513236999512
5.544551849365234
6.4771599769592285
7.281765937805176
8.148480415344238
6.893199443817139
8.139026641845703
8.284673690795898
8.801302909851074
6.703653812408447
7.084725856781006
6.665480136871338
7.667538642883301
6.868222236633301
7.1699652671813965
6.546099662780762
7.0845947265625
6.058396816253662
6.685402870178223
6.763116359710693
7.010875225067139
6.754699230194092
7.195172309875488
6.877310276031494
7.110836982727051
5.751049995422363
5.962920665740967
6.905980110168457
8.016775131225586
6.002015113830566
7.270338535308838
6.653706073760986
7.689078330993652
6.074773788452148
7.441688537597656
6.62447452545166
7.390420436859131
6.4701361656188965
7.350201606750488
7.17287015914917
8.311495780944824
6.14089822769165
7.3681488037109375
7.720752716064453
8.804021835327148
5.903260707855225
6.503361225128174
7.520484924316406
7.83328104019165
6.346175670623779
6.6460418701171875
8.174055099487305
8.350111961364746
6.935523986816406
7.333576202392578
7.145606994628906
8.21834659576416
6.516139984130859
7.336215972900391
7.638314247131348
7.727154731750488
6.755677700042725
6.692209720611572
7.22976541519165
7.558741092681885
6.1027984619140625
6.4729766845703125
6.343597412109375
7.023000240325928
5.508565425872803
6.135887145996094
7.294358730316162
8.373260498046875
6.330880641937256
7.284635066986084
7.342893600463867
8.021480560302734
6.165247440338135
6.966988563537598
7.8641204833984375
8.338162422180176
7.134202480316162
7.6237616539001465
7.053761005401611
7.460760116577148
5.9201178550720215
6.293325424194336
7.33435583114624
8.177886009216309
6.429879188537598
7.210951328277588
6.808022975921631
8.302595138549805
6.182199001312256
7.045132637023926
5.689906120300293
7.190789699554443
5.553749084472656
7.056927680969238
7.059922695159912
8.465703010559082
5.7593536376953125
6.938809394836426
6.982715606689453
7.851500988006592
6.052144527435303
6.960694313049316
6.987063884735107
7.44927978515625
6.052468776702881
6.749119758605957
7.070075511932373
8.180581092834473
5.928299903869629
7.007268905639648
7.752315521240234
7.758003234863281
6.106005668640137
6.0061492919921875
7.152827262878418
7.173316478729248
6.647762298583984
6.5930328369140625
7.499749660491943
8.44127082824707
5.9803853034973145
7.3520050048828125
7.638887882232666
8.08720874786377
6.522567272186279
6.977344036102295
7.661069393157959
7.819381237030029
6.156627178192139
7.20253849029541
6.427244663238525
6.530148983001709
6.397655487060547
6.508162021636963
7.342068672180176
7.517980098724365
6.274789810180664
6.434530735015869
7.921977519989014
8.89384651184082
6.8202033042907715
7.531434535980225
6.732556343078613
7.837156772613525
6.149709224700928
7.2857346534729
7.854162693023682
9.309020042419434
6.475108623504639
7.891580104827881
7.282214641571045
8.78033447265625
6.218469142913818
7.5952911376953125
7.158322811126709
7.528672695159912
6.588263988494873
7.205507755279541
6.6342902183532715
7.981199264526367
5.717113018035889
7.010372161865234
6.7399749755859375
7.0677080154418945
6.793351650238037
6.8997802734375
7.331043720245361
7.402257919311523
6.080996513366699
6.295155048370361
7.380593299865723
8.241137504577637
7.743203639984131
8.744560241699219
7.084774017333984
7.81990385055542
7.608294486999512
8.177260398864746
5.807514667510986
6.116974830627441
7.318532943725586
7.93353796005249
6.354266166687012
7.098823070526123
7.3907599449157715
7.485030651092529
5.938149452209473
6.083703517913818
8.185958862304688
9.24579906463623
6.083166599273682
7.274275302886963
6.814413070678711
7.107469081878662
5.515964984893799
6.588534355163574
7.5720438957214355
8.746994018554688
5.718183994293213
6.7962870597839355
6.724466800689697
7.411323070526123
5.985975742340088
6.790090560913086
7.215508937835693
8.45876693725586
6.575842380523682
7.38277006149292
8.013264656066895
9.1531982421875
6.290429592132568
7.434972286224365
5.8127665519714355
7.036464214324951
6.309106349945068
7.736161708831787
6.277624130249023
7.360024929046631
6.145738124847412
7.602944850921631
6.991522789001465
7.369547367095947
5.960062503814697
6.491308212280273
6.958298683166504
7.554035186767578
5.829676628112793
6.689279079437256
7.3951921463012695
7.689541816711426
6.390873908996582
6.5575103759765625
7.916234493255615
8.162752151489258
7.411726474761963
7.677073955535889
7.363587379455566
8.32980728149414
6.942468166351318
7.6523027420043945
6.672384262084961
7.29164981842041
5.846510410308838
6.5527167320251465
7.971002101898193
9.375383377075195
6.606719493865967
7.3033294677734375
7.485101222991943
8.433389663696289
6.513406276702881
7.3769707679748535
7.578969955444336
7.268869876861572
6.588594913482666
6.300268173217773
7.383017063140869
7.80096960067749
5.800722599029541
6.400615692138672
7.340949535369873
7.313698768615723
7.335689544677734
6.991663455963135
7.41731595993042
8.842373847961426
6.312755107879639
7.207309722900391
7.092667579650879
7.442504405975342
6.264171123504639
6.556666851043701
8.077510833740234
9.313054084777832
6.6984710693359375
7.473412990570068
7.6451544761657715
8.121835708618164
6.7462077140808105
6.971102714538574
7.161786079406738
8.058656692504883
7.619667053222656
8.520224571228027
5.903955936431885
6.992835521697998
6.642180442810059
7.467690944671631
5.3803558349609375
6.406446933746338
6.994602203369141
7.733367443084717
6.489904880523682
7.282940864562988
7.536325931549072
8.452193260192871
6.602477073669434
7.289852619171143
7.728018283843994
8.764121055603027
7.460262298583984
7.932373046875
5.87378454208374
6.4159770011901855
7.052298545837402
7.338779449462891
5.497834205627441
6.648274898529053
7.0771484375
8.190677642822266
6.195107936859131
7.238234043121338
7.242258548736572
8.064136505126953
6.062945365905762
6.842332363128662
6.606226921081543
7.1646552085876465
5.802247524261475
6.565998554229736
7.483432292938232
7.695271968841553
6.241695880889893
6.991529941558838
7.800797939300537
7.940803527832031
5.728604316711426
5.848942756652832
7.381566047668457
8.32310962677002
6.834994316101074
6.937981605529785
5.745589733123779
6.266427040100098
7.912367343902588
8.839591979980469
5.958071708679199
6.948894023895264
6.610392093658447
6.890766620635986
5.920454025268555
6.2005615234375
7.213044166564941
7.06762170791626
6.906190395355225
6.8413286209106445
7.411357402801514
7.790589332580566
5.930388927459717
6.325125217437744
7.0369462966918945
8.018275260925293
6.192892551422119
7.603749752044678
7.070624351501465
7.088746547698975
7.582151889801025
8.427465438842773
6.654791355133057
7.679616451263428
6.556670188903809
7.111264705657959
7.548069953918457
8.475874900817871
5.966457366943359
6.557135105133057
6.886772155761719
7.967353343963623
6.710007667541504
7.254668712615967
6.431811809539795
7.405844211578369
5.858311176300049
6.900325298309326
7.728400707244873
8.525127410888672
6.6767425537109375
7.365087509155273
6.7359795570373535
6.847005844116211
6.021230697631836
6.491308212280273
7.194164276123047
7.304765224456787
7.230273246765137
7.298055648803711
7.915928840637207
8.557479858398438
6.825039863586426
7.252690315246582
7.919232368469238
8.8768949508667
7.645419120788574
8.944777488708496
6.012508869171143
6.852694511413574
6.49890661239624
7.882826805114746
5.981342792510986
7.103232383728027
7.118451118469238
8.185015678405762
6.226595878601074
7.1924967765808105
7.586225509643555
7.800441741943359
6.154763221740723
6.41192102432251
8.032355308532715
8.506576538085938
6.355933666229248
6.88233757019043
7.407289028167725
8.520941734313965
6.038481712341309
6.815927982330322
6.6737895011901855
6.6086578369140625
6.861074924468994
6.810330867767334
7.428712368011475
8.474334716796875
6.381829738616943
7.4306182861328125
8.270915985107422
8.381551742553711
7.307662487030029
7.428742408752441
7.234218597412109
7.187083721160889
6.296214580535889
6.308149814605713
7.21392822265625
8.011387825012207
6.166316986083984
7.175839424133301
6.755723476409912
6.994514465332031
6.056901454925537
6.7105584144592285
7.4375152587890625
8.696222305297852
6.881470680236816
8.246720314025879
6.655567169189453
7.490000247955322
7.7568359375
7.6451005935668945
6.837394714355469
6.660057067871094
7.053150177001953
7.9753031730651855
6.270763397216797
7.168382167816162
6.342555999755859
6.518555641174316
5.71094274520874
6.066397190093994
8.208344459533691
8.235734939575195
6.544860363006592
7.213101863861084
8.180879592895508
8.58326244354248
6.724395751953125
7.188965797424316
7.502017498016357
7.84998083114624
5.845681667327881
6.258120059967041
7.648725986480713
7.856912136077881
6.143024444580078
6.142662525177002
6.79683780670166
7.080830097198486
5.7497758865356445
6.093684196472168
6.033473968505859
7.198691368103027
5.991693019866943
7.334166526794434
7.441481590270996
7.48349142074585
6.252201557159424
6.385779857635498
7.263388156890869
8.370010375976562
7.085231304168701
8.019011497497559
6.410671234130859
6.58721399307251
6.291483402252197
6.661610126495361
6.749336242675781
6.9681220054626465
5.751091957092285
6.2635817527771
6.830206871032715
6.98230504989624
6.183645248413086
6.79186487197876
7.8836212158203125
8.731406211853027
5.786771774291992
6.835025787353516
7.846020698547363
8.78145980834961
6.57948637008667
7.315618991851807
7.312990665435791
8.0949125289917
6.278714656829834
7.143632411956787
7.662921905517578
7.904574871063232
6.17636251449585
6.627072811126709
8.097373962402344
8.201231956481934
6.622998237609863
6.858750820159912
6.982452392578125
7.480188846588135
6.5091872215271
7.004183292388916
7.2868146896362305
7.955111026763916
6.425337314605713
7.202264308929443
6.9821014404296875
8.207976341247559
6.144811153411865
7.2016448974609375
6.313471794128418
6.58330774307251
5.389411449432373
5.997708797454834
5.6829729080200195
6.723836898803711
6.215970993041992
7.0282135009765625
7.903807163238525
8.72951889038086
6.505378246307373
7.406156063079834
7.667128086090088
8.486336708068848
5.783996105194092
6.656344890594482
7.040440559387207
7.844449043273926
6.225984573364258
7.117679119110107
7.070196628570557
7.95648717880249
6.357715129852295
7.278958320617676
6.933480739593506
7.66016149520874
6.457395553588867
7.184112548828125
6.639949798583984
7.502394676208496
5.715206146240234
7.113870143890381
7.004651069641113
7.466514587402344
6.064786434173584
6.406578063964844
7.058041572570801
8.449751853942871
6.417636871337891
7.732417583465576
7.847900390625
8.1738920211792
7.27520751953125
7.336967468261719
6.915236949920654
7.0842766761779785
6.51067590713501
6.609394073486328
7.140769958496094
7.529575824737549
6.529731273651123
6.891508102416992
5.96725606918335
6.888904094696045
6.747260570526123
7.790203094482422
7.021974086761475
7.535327911376953
5.86526346206665
6.379332065582275
7.135949611663818
7.274163722991943
5.749456405639648
6.519914150238037
7.120851039886475
7.156891822814941
6.935383319854736
7.13504695892334
7.146827220916748
8.447914123535156
8.294602394104004
9.370844841003418
6.199279308319092
7.633419990539551
7.243973731994629
7.304246425628662
6.281593322753906
6.260587692260742
5.81723165512085
5.898499965667725
6.149535655975342
7.576254367828369
5.856076717376709
7.31833028793335
7.808319091796875
7.964935302734375
6.441556453704834
6.858142375946045
6.513920307159424
7.287601470947266
6.559442043304443
7.7380499839782715
5.5935378074646
6.952509880065918
6.779812335968018
6.863982200622559
6.325658798217773
6.279879093170166
7.164596080780029
7.515511512756348
6.1961212158203125
6.459420680999756
6.2824387550354
7.604214191436768
5.890869140625
7.0339179039001465
7.111211776733398
7.34541130065918
6.599717140197754
6.877601146697998
6.025721073150635
7.344794750213623
5.600028991699219
6.963866233825684
5.961752414703369
7.324143409729004
5.643329620361328
7.0334320068359375
7.284774303436279
8.660825729370117
6.092311859130859
6.89150857925415
7.327276229858398
8.398869514465332
6.119678974151611
6.842484951019287
6.952685832977295
7.561717510223389
5.516891002655029
6.243781566619873
6.5722222328186035
7.295508861541748
6.175789833068848
7.074280738830566
8.09875774383545
8.026073455810547
6.551064491271973
6.548378944396973
6.950538635253906
7.427189826965332
6.006354808807373
6.701104164123535
6.743074893951416
7.768189907073975
5.7000885009765625
6.681111812591553
6.894224643707275
6.957974433898926
6.026822566986084
5.8887128829956055
7.203641414642334
8.132759094238281
8.191496849060059
8.651911735534668
6.96821928024292
7.340821743011475
7.503931522369385
7.858554840087891
6.019050598144531
6.308511257171631
8.071294784545898
8.473217964172363
7.236420631408691
7.422252178192139
7.269183158874512
7.8773980140686035
6.4142022132873535
7.327620506286621
6.959133625030518
7.263250350952148
5.55164098739624
5.864966869354248
6.629325866699219
7.6618475914001465
6.260731220245361
7.467258930206299
5.186350345611572
6.698461055755615
6.039937496185303
7.402775287628174
6.768197536468506
7.167532444000244
7.159823894500732
7.949337959289551
6.5162835121154785
7.15927267074585
7.126421928405762
7.578023433685303
6.091998100280762
6.707980155944824
8.205330848693848
8.577262878417969
7.8587965965271
7.937568664550781
7.468617916107178
8.076537132263184
6.7439398765563965
7.492464542388916
5.732395648956299
6.32837438583374
7.393886566162109
7.808084011077881
5.897701740264893
6.7217278480529785
7.925296306610107
9.363670349121094
6.771174907684326
7.088061809539795
6.585662841796875
6.846293926239014
7.327406406402588
8.667141914367676
6.627174377441406
7.462342739105225
7.161851406097412
7.9732890129089355
5.6810455322265625
6.620948791503906
6.83616304397583
6.972587585449219
5.79106330871582
6.088348388671875
6.818949222564697
7.6830010414123535
6.433685302734375
7.141444683074951
7.7457594871521
8.792881965637207
6.426617622375488
7.435096740722656
7.5236496925354
8.476672172546387
5.916545391082764
6.6718974113464355
6.959235668182373
7.812482833862305
5.798360824584961
6.442265033721924
6.929436683654785
7.078962802886963
6.782193183898926
7.182538032531738
7.958847999572754
8.462634086608887
6.670256614685059
7.6664652824401855
7.201977252960205
8.29359245300293
7.301765441894531
7.714055061340332
6.0391716957092285
6.405867099761963
5.899047374725342
7.197564601898193
5.669143199920654
6.794169902801514
6.919735908508301
7.8461198806762695
6.258586883544922
7.407105922698975
7.039306640625
8.13306713104248
5.518962860107422
6.993858337402344
7.618598461151123
8.222970008850098
6.542693614959717
6.940110683441162
7.789866924285889
8.854666709899902
5.906780242919922
7.238322734832764
8.326321601867676
8.665069580078125
7.153481960296631
7.259466648101807
7.970306396484375
8.348947525024414
7.197752475738525
7.279038429260254
6.94638204574585
7.58385705947876
6.321221351623535
6.848954200744629
6.8192458152771
7.351803779602051
6.702449321746826
7.028635501861572
8.446589469909668
8.318289756774902
7.3707709312438965
7.075824737548828
6.830471515655518
7.575923919677734
5.7035956382751465
6.616854667663574
6.708416938781738
6.989013195037842
5.935006141662598
6.382415294647217
6.536224365234375
7.201162338256836
5.95832633972168
6.480509281158447
7.35378885269165
8.305678367614746
6.175569534301758
7.247064113616943
5.948501110076904
6.880839824676514
5.4718217849731445
6.4159770011901855
5.231379508972168
6.529889106750488
6.221530437469482
7.354077339172363
6.524156093597412
6.568886756896973
6.295289516448975
6.615596771240234
7.927696228027344
8.033699035644531
7.168664455413818
7.229971408843994
6.975338935852051
7.7361674308776855
6.64117956161499
7.1559906005859375
7.673420429229736
8.096490859985352
8.3688383102417
8.608199119567871
6.946552753448486
7.815001487731934
5.997269630432129
6.759585380554199
7.798321723937988
8.161596298217773
7.0397820472717285
7.373129367828369
7.787381172180176
8.722991943359375
6.674598693847656
7.33819580078125
6.982553005218506
7.498119354248047
6.4084625244140625
7.019851207733154
7.404087543487549
8.347900390625
6.1200690269470215
6.786857604980469
8.471826553344727
8.85173511505127
6.622016906738281
6.666011810302734
7.4981513023376465
7.969089984893799
6.506795406341553
7.08791446685791
6.9683661460876465
7.853687286376953
6.084803581237793
6.9205732345581055
7.356947422027588
7.301808834075928
6.041751384735107
6.034553527832031
7.244537353515625
7.771939754486084
5.580252170562744
6.848125457763672
7.2561540603637695
7.796943664550781
5.992105007171631
6.699398040771484
6.914730548858643
8.10412883758545
5.9312591552734375
6.337023735046387
7.5197906494140625
8.679704666137695
6.058849334716797
7.3569512367248535
6.694429874420166
6.737757205963135
5.9265851974487305
6.155735492706299
6.904966354370117
8.302127838134766
7.329061508178711
8.039169311523438
5.838676452636719
6.51006555557251
5.961756706237793
6.954318046569824
6.911976337432861
6.963789939880371
6.186329364776611
6.282222747802734
7.2797064781188965
8.28063678741455
6.971511363983154
7.145012855529785
7.957158088684082
9.097918510437012
6.1408209800720215
6.909274578094482
6.949950695037842
8.336036682128906
5.901984691619873
6.391152381896973
6.6021857261657715
6.757271766662598
6.327152729034424
6.521505355834961
6.723701000213623
7.934356212615967
5.793141841888428
6.841305732727051
7.735631465911865
8.92418384552002
5.914228916168213
6.798126220703125
7.161201000213623
7.462396144866943
6.406982421875
6.659107208251953
7.642249584197998
7.982083797454834
7.389405727386475
7.560941696166992
6.929180145263672
7.410865306854248
6.3619914054870605
6.7528486251831055
6.8647780418396
7.763552665710449
5.413045883178711
6.419408321380615
7.64984130859375
8.607735633850098
8.36337947845459
8.900586128234863
6.950685024261475
8.509223937988281
6.480931758880615
7.647477626800537
6.7009735107421875
7.788863658905029
5.814612865447998
7.063619613647461
6.84199333190918
7.148096561431885
6.574649810791016
7.045207977294922
6.545013427734375
7.564422607421875
6.154770851135254
6.5243754386901855
6.613706588745117
7.372278690338135
5.8533501625061035
6.617236137390137
7.567606449127197
7.8885040283203125
6.842662334442139
7.367551326751709
7.109960079193115
7.546089172363281
5.8351616859436035
6.678575038909912
6.703002452850342
6.349584579467773
6.5454888343811035
6.553881645202637
6.9646897315979
7.7677321434021
6.20772123336792
6.975722789764404
6.774921417236328
6.927282333374023
6.0179009437561035
6.109618663787842
6.708869457244873
8.115612030029297
5.691209316253662
6.477598667144775
7.416074275970459
8.137948989868164
6.7549147605896
7.127854824066162
7.9242424964904785
8.711856842041016
6.295416355133057
6.71368932723999
7.023568630218506
7.811834812164307
5.895866394042969
6.655068874359131
7.875186443328857
8.330643653869629
6.729434967041016
7.130630016326904
7.023799419403076
7.9472808837890625
6.589961528778076
7.360377788543701
7.3494415283203125
7.928135871887207
6.042180061340332
7.2840471267700195
7.2935943603515625
7.507326602935791
6.375301837921143
6.661703586578369
5.667608737945557
7.2744317054748535
5.580596923828125
6.717038154602051
6.536777496337891
7.585621356964111
5.575974464416504
6.85999059677124
6.648898601531982
7.428648471832275
6.3683037757873535
7.165241241455078
6.786214828491211
8.038019180297852
5.992443084716797
7.077342987060547
7.368962287902832
8.130899429321289
6.715207099914551
7.846362590789795
7.266068935394287
7.798152923583984
6.246822834014893
6.827471733093262
6.919139862060547
8.284421920776367
6.176145076751709
7.359485626220703
6.789501667022705
7.419028282165527
6.1275553703308105
6.65123987197876
7.634225368499756
8.049025535583496
6.338846683502197
6.4702067375183105
7.466970920562744
8.384546279907227
6.8068132400512695
7.451544284820557
7.359473705291748
7.707766532897949
6.225625038146973
6.638999938964844
8.319084167480469
8.691731452941895
7.394802093505859
7.203610897064209
6.2660112380981445
7.136022090911865
8.227118492126465
8.658534049987793
6.578001499176025
6.8232316970825195
7.335085868835449
8.394783020019531
6.25893497467041
6.658944129943848
7.875054836273193
7.9478607177734375
6.018174648284912
6.215081691741943
7.018148422241211
6.988997936248779
5.870168685913086
5.6198225021362305
7.318821430206299
7.164985179901123
6.821658134460449
6.606846332550049
7.406402111053467
7.8063201904296875
6.709262847900391
7.14011812210083
6.736453533172607
7.110572814941406
6.409542083740234
6.799570560455322
6.745213508605957
7.952047824859619
5.960504055023193
7.276332378387451
6.375702857971191
6.775028228759766
8.189497947692871
8.602499008178711
6.636325359344482
7.115849494934082
7.810638427734375
8.153480529785156
7.104459285736084
8.151476860046387
5.919839382171631
6.787438869476318
7.126659393310547
7.487483978271484
6.038841247558594
6.4246320724487305
7.891011714935303
8.715498924255371
6.3133697509765625
6.944793224334717
7.742733955383301
8.681410789489746
6.049182415008545
7.16334867477417
7.070440292358398
7.848182201385498
6.218593597412109
6.873063564300537
7.952760219573975
8.472543716430664
7.422145843505859
7.5997161865234375
7.6336989402771
8.302017211914062
6.705808162689209
7.024938583374023
7.060997009277344
7.096424102783203
5.401525974273682
5.535383224487305
7.838860988616943
8.588655471801758
6.162652015686035
6.901849269866943
7.474650859832764
7.276068210601807
6.896392345428467
7.0847063064575195
7.019156455993652
7.391896724700928
6.2947998046875
6.771897792816162
7.853332042694092
8.731707572937012
5.613714694976807
6.5564727783203125
8.209505081176758
8.530318260192871
7.4798583984375
7.610857963562012
7.759162425994873
7.587578773498535
7.216735363006592
7.17649507522583
6.895198345184326
8.209001541137695
6.471957683563232
7.528584957122803
8.585556030273438
8.921040534973145
6.936366558074951
7.200868129730225
6.754337310791016
7.6804518699646
5.897092342376709
7.191371917724609
7.528444766998291
8.337602615356445
6.09431266784668
6.9672369956970215
7.7245306968688965
8.050529479980469
6.39724063873291
6.835988998413086
5.941493988037109
6.984992027282715
7.190496921539307
7.669583797454834
5.8289923667907715
6.3469157218933105
6.696366310119629
7.488395690917969
6.4908599853515625
7.110491752624512
7.576002597808838
8.769030570983887
6.771472930908203
7.491769313812256
7.067970275878906
7.220279693603516
6.197950839996338
6.48128604888916
7.515193462371826
7.700427532196045
6.418335914611816
6.892228126525879
6.88543701171875
7.712963104248047
5.4718017578125
6.051921844482422
8.195828437805176
8.477622032165527
6.252965450286865
6.4501051902771
6.853675842285156
7.019227027893066
6.345914363861084
6.495161533355713
6.587673664093018
7.551866054534912
6.844708442687988
7.028996467590332
6.9001593589782715
7.8625311851501465
6.335357666015625
7.235568046569824
6.335302352905273
6.675848007202148
6.6834588050842285
7.1937360763549805
7.4384918212890625
7.718630790710449
5.949639797210693
6.417854309082031
7.5505595207214355
8.5506010055542
7.270476818084717
8.200701713562012
6.454742431640625
6.981234073638916
5.886014461517334
6.775774955749512
7.7582902908325195
8.480090141296387
6.2370924949646
7.0652666091918945
7.857839107513428
8.883654594421387
6.8713250160217285
7.523480415344238
7.455630302429199
8.078927040100098
6.246168613433838
6.739991664886475
7.234813690185547
7.724773406982422
6.107479572296143
6.641703128814697
6.769495487213135
7.72666072845459
5.7909464836120605
7.270051002502441
8.172067642211914
9.003649711608887
6.189540386199951
6.682523250579834
7.205455780029297
7.705915927886963
5.491959571838379
6.000020980834961
5.859070777893066
7.406841278076172
7.390394687652588
8.042229652404785
7.040358066558838
7.3681511878967285
6.848728179931641
8.108940124511719
6.5366339683532715
7.2403178215026855
7.761619567871094
8.632481575012207
6.675593852996826
8.046921730041504
5.792616367340088
7.266358852386475
7.852168560028076
8.788628578186035
7.733989238739014
8.796244621276855
6.4286041259765625
7.154623508453369
7.7202959060668945
8.12024211883545
5.752500057220459
6.137502193450928
6.630987167358398
7.512456893920898
6.15276575088501
6.859454154968262
6.71726131439209
6.640397548675537
5.587996959686279
5.44728422164917
6.813303470611572
6.971066951751709
6.38572359085083
6.591612815856934
7.132556915283203
8.172401428222656
5.830130577087402
6.720334529876709
7.510268688201904
7.781185626983643
5.990044593811035
6.495487689971924
7.732420444488525
9.311317443847656
6.247535705566406
7.419063568115234
6.851189613342285
8.150667190551758
5.986120223999023
7.168170928955078
7.395866394042969
8.228697776794434
6.090297222137451
7.109788417816162
6.97605037689209
7.891568660736084
6.459165096282959
7.1775617599487305
6.426084041595459
6.721038818359375
5.223074436187744
5.749633312225342
7.161762237548828
7.390942096710205
5.902410507202148
6.277149677276611
7.0634894371032715
8.018942832946777
6.277797222137451
7.139679908752441
7.581503391265869
7.2919816970825195
6.635617256164551
6.655124187469482
7.662257671356201
8.507884979248047
7.243249416351318
7.723729610443115
7.942939281463623
7.950723171234131
5.831121921539307
6.391402721405029
8.317907333374023
8.820274353027344
6.806706428527832
6.95405912399292
7.2960686683654785
8.273406982421875
6.446340084075928
7.092527866363525
6.982766628265381
7.4381608963012695
7.004039764404297
7.34375
6.084649085998535
7.093132019042969
6.276186943054199
7.016558647155762
7.770143032073975
8.117616653442383
5.910101413726807
6.545060634613037
7.529043674468994
8.585184097290039
6.477768898010254
7.365746974945068
6.273652076721191
7.4775261878967285
7.028919219970703
7.402642250061035
6.3599348068237305
6.6751532554626465
6.857714653015137
7.940896511077881
5.633040904998779
6.791933536529541
7.561988830566406
8.813758850097656
6.368161678314209
7.46637487411499
6.832950592041016
8.283608436584473
6.290970325469971
6.985254764556885
6.718015670776367
7.9447150230407715
5.440804958343506
6.698455333709717
7.78183126449585
9.012004852294922
5.58712100982666
6.698455333709717
7.86804723739624
8.899889945983887
5.777900695800781
7.080108165740967
6.9051432609558105
8.115023612976074
6.132411956787109
6.328583717346191
6.607015132904053
7.665322303771973
5.665188312530518
6.631886959075928
7.461592674255371
7.872732162475586
7.0042033195495605
7.421187400817871
6.72257661819458
7.77484130859375
7.402117729187012
7.698879241943359
6.5196213722229
7.229753017425537
7.513866424560547
7.229238033294678
6.207740306854248
6.539487361907959
7.2232208251953125
8.11455249786377
6.565188884735107
7.656681060791016
6.948921203613281
7.388801574707031
6.580946445465088
6.944793224334717
6.888186931610107
7.740762233734131
7.233745574951172
7.116808891296387
6.219874382019043
6.025238990783691
6.714803695678711
6.373101711273193
6.043379306793213
5.985695838928223
7.702951908111572
8.897784233093262
6.106760501861572
7.117849826812744
7.592079162597656
7.89868688583374
6.848790168762207
7.450192451477051
6.886165142059326
8.15930461883545
6.521228313446045
7.874533176422119
7.55389928817749
8.747170448303223
6.240361213684082
7.834953308105469
7.07846212387085
7.407407283782959
5.844274520874023
6.212857723236084
6.387516498565674
6.8970746994018555
6.1731085777282715
6.672645568847656
7.09536075592041
7.940016746520996
6.02002477645874
6.909757137298584
7.533702373504639
8.6138334274292
6.253887176513672
7.181997776031494
7.6616082191467285
8.170531272888184
6.353890895843506
7.3426408767700195
7.273438930511475
8.53650188446045
6.05975866317749
7.049355983734131
7.8370866775512695
7.9918670654296875
6.6316819190979
7.189247131347656
7.9907684326171875
7.493564128875732
6.260595798492432
6.172968864440918
6.534977436065674
7.973954677581787
7.330757141113281
7.9414896965026855
6.281391620635986
6.9271674156188965
6.991620063781738
7.764621734619141
5.995720863342285
7.023142337799072
6.201592445373535
7.244912147521973
5.920830726623535
6.832521915435791
6.9192657470703125
7.053962707519531
6.692866325378418
6.643224716186523
7.436440944671631
8.217497825622559
6.48070764541626
7.256118297576904
7.0014328956604
7.997674465179443
6.328366756439209
7.390628337860107
6.967665195465088
7.081111431121826
6.606621742248535
6.748834133148193
8.04240894317627
8.908256530761719
6.646058082580566
7.129197120666504
6.08328104019165
7.4035325050354
5.509459972381592
6.784549236297607
8.42575740814209
8.832465171813965
7.38271427154541
7.556283473968506
6.745574951171875
7.7398223876953125
5.780670166015625
6.692255973815918
6.591526985168457
7.374141216278076
6.185399532318115
7.117061138153076
7.251662731170654
8.123193740844727
6.223607540130615
7.108920574188232
6.874367713928223
7.988150596618652
6.100501537322998
6.8622894287109375
6.97300386428833
8.119821548461914
5.798946857452393
6.4556989669799805
6.667616844177246
7.5813164710998535
4.8175883293151855
6.319484710693359
6.658688545227051
7.506659030914307
6.234956741333008
7.063584804534912
7.32504415512085
8.093899726867676
5.76386022567749
6.687743186950684
6.7653045654296875
7.799328327178955
6.458439350128174
7.684451103210449
8.20544147491455
8.396225929260254
6.909584999084473
7.036808013916016
6.424899578094482
6.384462356567383
6.214986324310303
5.9274139404296875
7.07927942276001
7.084853649139404
6.3098464012146
6.320346355438232
7.280942916870117
7.385730743408203
6.077158451080322
6.375617504119873
6.114608287811279
7.275302886962891
6.264616012573242
6.955865383148193
7.251575946807861
7.552483558654785
5.416650295257568
5.898257255554199
8.182833671569824
8.41954517364502
6.62770414352417
7.139939785003662
7.590025424957275
8.309012413024902
6.528542995452881
7.150210857391357
7.830214500427246
7.741921424865723
6.588043212890625
6.379446506500244
7.414307594299316
7.862003326416016
5.508509159088135
6.140215873718262
7.530431747436523
8.901829719543457
6.11971378326416
6.90472412109375
7.195984840393066
7.556068420410156
5.677324295043945
6.291784763336182
6.975301265716553
8.4830904006958
6.227453708648682
7.575479030609131
7.116372108459473
7.238085746765137
5.9633331298828125
6.200869083404541
7.151513576507568
8.54965877532959
5.894317150115967
6.914616584777832
7.244992256164551
7.645139217376709
6.079358100891113
6.436684608459473
6.726597309112549
7.601885795593262
6.4624176025390625
7.324220180511475
7.220639705657959
7.18271541595459
6.0524821281433105
6.263530731201172
7.158719539642334
7.44687032699585
6.142560958862305
6.311977386474609
7.175450325012207
8.075486183166504
6.600286960601807
7.616194248199463
7.346295356750488
8.099875450134277
6.230968475341797
7.243939399719238
7.3201189041137695
8.551759719848633
6.494354248046875
7.0200934410095215
6.708351135253906
7.647336006164551
7.02639102935791
8.064805030822754
5.497854232788086
6.766468524932861
7.2835187911987305
8.0664644241333
6.343086242675781
7.07372522354126
8.05832576751709
9.07598876953125
6.588176250457764
7.580901622772217
6.792961120605469
6.853395938873291
5.863185882568359
5.972767353057861
5.508352756500244
7.062307834625244
5.6118645668029785
7.091823577880859
5.51885986328125
5.8972697257995605
6.356479644775391
6.887972831726074
7.211532115936279
8.136726379394531
5.626534938812256
6.595323085784912
6.206416606903076
7.308101177215576
6.2005534172058105
7.51204252243042
6.904117107391357
7.747634410858154
6.035604953765869
7.127840518951416
6.939840316772461
8.376428604125977
6.616466522216797
7.8588385581970215
8.098358154296875
7.885571479797363
6.5009918212890625
6.2208733558654785
7.493169784545898
7.879647731781006
6.2572760581970215
6.62041711807251
7.44838809967041
8.310009956359863
6.055305004119873
6.95184850692749
7.3135528564453125
7.799164772033691
6.238645553588867
6.487811088562012
6.938698768615723
7.426639556884766
6.2349090576171875
7.073046684265137
7.625927925109863
8.863494873046875
6.264936923980713
7.14556884765625
7.093544006347656
7.635843753814697
6.246851921081543
7.0548930168151855
7.880185127258301
8.245376586914062
7.070503234863281
7.054190158843994
6.940603256225586
7.505593776702881
5.924407482147217
6.560624122619629
6.077110290527344
6.676896095275879
6.0047712326049805
6.4076080322265625
7.406772136688232
8.299647331237793
8.049099922180176
8.236440658569336
6.656126499176025
6.890138149261475
7.07033109664917
8.2637357711792
6.257472038269043
7.237532138824463
7.097785949707031
7.973875522613525
7.3478875160217285
8.012301445007324
7.5918707847595215
8.352617263793945
6.135582447052002
6.911441802978516
5.9942121505737305
6.472817897796631
5.9506516456604
6.480624198913574
6.766314506530762
7.572414398193359
6.92147970199585
7.621214866638184
6.662189483642578
7.2667236328125
7.544988632202148
8.466490745544434
5.6331000328063965
6.152065277099609
8.312735557556152
8.356362342834473
6.354203701019287
6.282810211181641
5.958268642425537
6.255293369293213
6.234349727630615
7.020995616912842
7.188512325286865
7.522039890289307
6.010201930999756
6.431102275848389
7.641796112060547
7.996804237365723
5.980404376983643
6.76945161819458
7.344482421875
8.633343696594238
6.168907642364502
7.3253326416015625
7.6805291175842285
8.751384735107422
6.160825252532959
7.106441497802734
7.145694255828857
8.082633018493652
6.988641262054443
7.611203670501709
7.504295349121094
8.43252944946289
6.2742180824279785
7.264577388763428
7.162520408630371
7.747694969177246
6.079290390014648
6.56945276260376
7.165414333343506
7.753363132476807
5.789392471313477
6.426025390625
8.063998222351074
9.127084732055664
6.170584678649902
6.989322185516357
7.673886299133301
8.589186668395996
7.416287422180176
8.436114311218262
6.321147441864014
7.110483646392822
7.378637313842773
7.122222900390625
6.9250311851501465
6.8177924156188965
8.142837524414062
9.269862174987793
6.078125953674316
6.898659706115723
6.414002418518066
6.956133842468262
5.93657922744751
6.596596717834473
7.514431953430176
8.608087539672852
7.156955718994141
8.07054328918457
8.24413013458252
8.977676391601562
6.208835124969482
6.732187747955322
7.895707607269287
8.265378952026367
6.890031337738037
7.497893810272217
6.9211745262146
7.876838684082031
7.076941967010498
7.474635601043701
6.294434070587158
6.924583435058594
7.536355495452881
8.26256275177002
5.943499565124512
6.785029411315918
6.492707252502441
6.841071605682373
5.893346786499023
6.154257297515869
7.277590274810791
8.290719032287598
6.30934476852417
7.085808753967285
6.663274765014648
7.58884859085083
6.136261940002441
6.937686920166016
6.997494220733643
7.5085906982421875
5.852071762084961
6.530550956726074
6.577945709228516
6.758893966674805
5.93585205078125
6.227381229400635
7.763550758361816
8.13883113861084
6.697423458099365
7.331096649169922
7.010953903198242
7.995225429534912
5.949240207672119
6.785358905792236
7.506674289703369
8.506415367126465
5.846319675445557
6.622536659240723
7.112011909484863
8.42465591430664
5.650288105010986
7.1196608543396
7.451623439788818
8.179533004760742
6.892058849334717
7.609286785125732
6.59112024307251
7.629217147827148
6.168982028961182
7.102984428405762
7.467080593109131
8.446537971496582
5.90665864944458
7.125466823577881
7.463587284088135
7.2581024169921875
5.708217620849609
5.683792591094971
6.723216533660889
8.06179141998291
6.159576416015625
7.642655372619629
7.1789960861206055
7.884493827819824
6.372140407562256
7.232766151428223
6.19110107421875
6.988253116607666
7.452967166900635
7.474819183349609
6.077297687530518
6.138433456420898
7.193373203277588
8.201863288879395
6.22541618347168
6.888221263885498
7.391456604003906
7.250526428222656
6.909482002258301
6.7344489097595215
8.233120918273926
8.661029815673828
6.931203365325928
7.221238613128662
8.279656410217285
8.700501441955566
6.869436740875244
7.690460205078125
7.121706485748291
7.93551778793335
6.85786771774292
7.65236234664917
8.414642333984375
8.355533599853516
7.167575836181641
7.261638641357422
7.183230876922607
8.535531044006348
5.526353359222412
6.763468265533447
7.399486541748047
8.572285652160645
5.8793253898620605
7.089138984680176
8.246451377868652
9.473772048950195
6.323915958404541
7.4757866859436035
6.0994110107421875
6.895586967468262
6.8929443359375
7.532652854919434
5.6236186027526855
6.308511257171631
7.058697700500488
8.056507110595703
6.470478057861328
7.825950622558594
7.057302474975586
7.02573299407959
5.9265923500061035
5.973985195159912
6.729854583740234
7.544036388397217
5.868062496185303
6.787861347198486
8.474130630493164
9.525568962097168
6.371320724487305
7.374056339263916
6.463050842285156
6.701053619384766
5.922963619232178
6.244564533233643
6.904419898986816
8.290094375610352
5.984943389892578
7.438118934631348
7.4751296043396
7.535289287567139
6.950564861297607
6.868603706359863
7.5265793800354
8.030919075012207
6.569798946380615
7.1611223220825195
7.566342353820801
7.9706926345825195
7.10836935043335
7.3321661949157715
7.2883405685424805
8.259391784667969
7.148143768310547
7.748749732971191
5.809638977050781
6.416130065917969
7.765093803405762
7.775346279144287
6.328010082244873
6.347510814666748
7.163619518280029
8.123018264770508
5.879690170288086
6.804496765136719
6.906974792480469
7.11004638671875
6.784912109375
7.198295593261719
6.014212131500244
6.915279388427734
6.0974955558776855
6.822556972503662
5.631194114685059
7.299444675445557
5.360381603240967
6.9182868003845215
7.696839332580566
7.825483798980713
6.45156717300415
6.729226589202881
7.277961730957031
8.269190788269043
6.50778341293335
7.240609645843506
6.19779634475708
6.772263526916504
5.846973896026611
6.736530780792236
7.719967842102051
8.827692985534668
6.177299499511719
7.237740516662598
7.245622158050537
7.494089603424072
6.460319519042969
7.150768280029297
6.78226375579834
7.6464762687683105
6.038442611694336
6.216006278991699
7.862060546875
8.482263565063477
6.591922760009766
6.85228967666626
6.841892719268799
7.49548864364624
5.8158087730407715
6.611561298370361
7.358880519866943
7.380053997039795
6.3284478187561035
6.703369140625
7.599679470062256
7.7830634117126465
6.283617973327637
6.513097763061523
6.832176208496094
8.0691499710083
6.17690372467041
7.071569442749023
5.89899206161499
7.233860492706299
7.168578147888184
8.131536483764648
5.833341121673584
6.686347484588623
7.654418468475342
7.5137939453125
6.336086750030518
6.122722148895264
7.575239181518555
8.644952774047852
6.256447792053223
6.949639797210693
7.403361797332764
7.522738933563232
6.4406256675720215
6.56487512588501
7.149888038635254
8.103666305541992
6.636296272277832
7.661205291748047
6.909888744354248
7.623400688171387
6.430213451385498
6.930884838104248
6.72757625579834
7.93891716003418
6.341216564178467
7.357481956481934
7.155290126800537
8.095870018005371
6.045621395111084
6.919780254364014
7.31475305557251
8.2676362991333
6.577543258666992
7.422698974609375
7.746745586395264
9.026951789855957
5.544116973876953
7.197888374328613
6.834187030792236
8.1360445022583
5.711989879608154
6.771993637084961
6.628472328186035
7.676229476928711
5.721676349639893
6.179386615753174
7.098455429077148
8.12518310546875
5.454537868499756
6.377492427825928
7.402125358581543
8.07937240600586
6.091233253479004
6.733335494995117
6.881305694580078
8.103005409240723
6.9980998039245605
7.842779636383057
5.963033676147461
6.935842990875244
7.132107734680176
7.460141181945801
6.4529619216918945
6.686641216278076
7.7506103515625
8.006856918334961
6.485754013061523
6.924544811248779
5.848686218261719
6.229734897613525
5.525637626647949
5.973410129547119
7.661756992340088
8.014323234558105
6.729517459869385
7.497839450836182
7.75584077835083
8.092808723449707
6.118653297424316
6.317290782928467
6.4377031326293945
6.686587810516357
5.846948146820068
6.05855655670166
7.526436805725098
7.73726749420166
6.53936767578125
6.909308433532715
8.245217323303223
9.402203559875488
6.445123195648193
7.0126214027404785
7.966482639312744
8.2932710647583
6.418687343597412
7.049350738525391
7.096330165863037
7.063989162445068
6.557851314544678
6.768538475036621
6.882232189178467
7.789498329162598
6.907233715057373
7.749131679534912
5.702391147613525
6.349290370941162
6.8647050857543945
7.342381477355957
5.870729446411133
6.559271335601807
8.551094055175781
8.518980979919434
7.21130895614624
7.039468288421631
7.703246593475342
7.610588073730469
6.87450647354126
6.981017589569092
7.534014701843262
7.222300052642822
6.417515277862549
6.4071455001831055
7.025302886962891
7.340219974517822
6.267465114593506
6.703100204467773
6.684092044830322
7.54080057144165
6.926846981048584
7.568305492401123
6.42540979385376
7.204484462738037
6.8898024559021
7.593266487121582
6.116275787353516
7.064476013183594
7.81603479385376
8.059680938720703
6.413882255554199
6.8177924156188965
7.5256242752075195
8.50232982635498
6.720427989959717
7.9686713218688965
6.608983993530273
6.901658058166504
5.971100807189941
6.316456317901611
7.614448547363281
8.663948059082031
6.410175800323486
7.328527450561523
6.670875072479248
7.67999792098999
5.3878889083862305
6.098791122436523
7.611853122711182
8.024909973144531
6.114326477050781
6.341738224029541
7.135530948638916
7.451436996459961
6.393144130706787
6.488345146179199
8.009467124938965
7.7014689445495605
7.463625431060791
7.262560844421387
6.214318752288818
7.086953163146973
5.930379390716553
6.993858337402344
7.587212562561035
7.68482780456543
6.69332218170166
7.013523578643799
6.464921474456787
7.440258026123047
5.989634037017822
6.977824687957764
7.200674533843994
7.358689308166504
5.928523540496826
6.1039018630981445
7.379862308502197
7.642260551452637
5.94000244140625
6.449948787689209
7.840981960296631
8.889544486999512
6.787100315093994
7.878751277923584
7.150447845458984
7.741474628448486
6.22185754776001
6.681974411010742
7.013680934906006
7.234655857086182
6.925001621246338
7.113091945648193
8.212660789489746
8.580218315124512
6.6918559074401855
6.799551486968994
6.158237934112549
6.417672634124756
5.591430187225342
5.865198612213135
6.751696586608887
7.85013484954834
5.995326042175293
6.877291679382324
7.537578105926514
9.202934265136719
6.977315425872803
8.343729972839355
8.141741752624512
8.249133110046387
7.060276508331299
7.126430988311768
6.0198073387146
6.808117389678955
6.343544960021973
7.336643218994141
7.380603790283203
8.49755573272705
6.107621669769287
6.771993637084961
6.993697643280029
8.477852821350098
5.646785736083984
6.892125129699707
5.577455043792725
7.053532600402832
6.199484348297119
6.8669586181640625
7.520954608917236
8.13729476928711
6.545681476593018
6.904415130615234
7.036945343017578
7.600927352905273
6.746906280517578
7.326202392578125
6.943149566650391
8.096314430236816
7.189451694488525
8.576601028442383
7.406661033630371
8.198498725891113
6.654186248779297
7.493183612823486
6.680020809173584
8.120390892028809
6.231692314147949
7.423290252685547
7.895533084869385
9.04532241821289
6.654778957366943
7.59282922744751
6.605025768280029
7.7170729637146
6.184573650360107
7.145852565765381
7.59372091293335
7.345411777496338
6.376824378967285
5.892697811126709
6.758365631103516
7.326744079589844
6.0533127784729
6.7247514724731445
7.438053607940674
7.930418968200684
6.308889389038086
6.442513465881348
6.965807914733887
7.112758636474609
6.0210723876953125
6.465627670288086
6.279072284698486
6.56524133682251
6.370874881744385
6.336548805236816
7.508220672607422
8.126032829284668
7.663575649261475
8.912622451782227
6.9226274490356445
7.860890865325928
7.704972743988037
8.542428970336914
6.423603534698486
6.893758773803711
7.966528415679932
9.450552940368652
6.205120086669922
7.622549533843994
7.2304229736328125
6.798175811767578
6.154823303222656
6.005733013153076
7.553834438323975
7.301697731018066
6.506862640380859
6.047370433807373
7.841453552246094
8.845110893249512
6.658133029937744
7.379860877990723
6.611242771148682
7.77785587310791
6.192839622497559
6.962817668914795
6.003608703613281
7.183135986328125
5.959603786468506
7.033583164215088
7.46872091293335
8.814699172973633
7.532668590545654
8.932707786560059
6.321216583251953
6.986349582672119
6.05580997467041
7.140231132507324
5.954360485076904
7.203472137451172
8.142289161682129
8.403376579284668
7.135817050933838
7.279549598693848
6.8357367515563965
6.994439601898193
7.414999485015869
7.281411647796631
6.277970314025879
6.114786148071289
7.4665021896362305
8.279319763183594
6.363687038421631
7.249439239501953
7.870203495025635
7.812197685241699
7.322088241577148
7.680318832397461
5.68140983581543
6.3020172119140625
7.360605716705322
7.963542938232422
6.169262409210205
6.53930139541626
8.737299919128418
9.017232894897461
7.174598217010498
6.989922523498535
7.397678852081299
7.987255096435547
6.379734516143799
6.96622896194458
7.547010898590088
7.90962553024292
5.5368194580078125
6.246034145355225
6.935024261474609
7.695683002471924
6.190186500549316
6.900786876678467
7.642704963684082
9.110480308532715
5.6262030601501465
6.993737697601318
6.7274651527404785
7.452184677124023
5.4522576332092285
6.7650275230407715
6.978099822998047
7.4805521965026855
5.821354389190674
6.463914394378662
6.216937065124512
6.908512115478516
5.658746719360352
6.3449835777282715
7.837029457092285
8.197932243347168
6.10485315322876
6.448446750640869
7.741418361663818
8.036179542541504
7.685616970062256
7.822574138641357
6.24340295791626
6.478299140930176
6.502790451049805
7.071186542510986
6.24218225479126
7.033529281616211
6.705526351928711
7.231714725494385
6.95460844039917
7.737457275390625
6.1114420890808105
6.9320526123046875
7.667060375213623
8.496713638305664
5.504464626312256
6.506269931793213
7.624882698059082
8.534628868103027
8.496297836303711
8.25815486907959
7.057895660400391
6.920472621917725
7.514901161193848
8.305731773376465
5.73274040222168
6.304500579833984
7.956737041473389
8.290118217468262
5.954474925994873
6.92395544052124
7.469753265380859
7.349761009216309
5.9658074378967285
6.2842020988464355
7.326025009155273
7.941283226013184
7.598625183105469
7.8684306144714355
7.84417200088501
8.26215648651123
6.358933925628662
6.8779191970825195
7.972596645355225
8.87264633178711
5.6765265464782715
6.556729316711426
8.024689674377441
8.58828353881836
6.344152450561523
6.709997177124023
6.939916133880615
7.996757507324219
6.383294105529785
7.367795467376709
7.2691497802734375
8.713359832763672
6.277350902557373
7.243810653686523
6.809951305389404
7.591591835021973
6.340151786804199
7.139103412628174
7.429612636566162
7.548178195953369
7.195476055145264
7.23311185836792
7.388949871063232
8.086485862731934
5.908864498138428
7.00491189956665
6.533336639404297
7.296750545501709
7.422611236572266
8.0088472366333
5.946053504943848
6.689813137054443
7.784078598022461
7.635004997253418
6.0717315673828125
5.9916205406188965
7.152134418487549
7.273458480834961
6.020638465881348
6.306976318359375
6.27156925201416
6.686771869659424
6.397050380706787
6.576116561889648
6.602139949798584
7.454588890075684
6.631998538970947
7.185075283050537
7.755721569061279
7.728566646575928
7.227551460266113
7.017855167388916
6.203114986419678
7.712155342102051
7.684967041015625
7.942718505859375
7.2787652015686035
7.462732791900635
8.301438331604004
7.861746311187744
7.083308696746826
6.57675313949585
7.572859764099121
8.650172233581543
6.541256427764893
7.429322719573975
6.89824914932251
8.220763206481934
6.0302252769470215
6.808032989501953
7.539083957672119
8.592501640319824
6.317053318023682
7.053381443023682
7.654236793518066
7.531780242919922
6.15591287612915
6.071143627166748
6.804146766662598
7.670933246612549
6.163026332855225
7.233545780181885
7.547287940979004
8.456348419189453
6.617610931396484
7.224584102630615
6.989474296569824
7.188610076904297