0.0829349011182785
0.07597264647483826
0.015578283928334713
0.011609994806349277
0.015475529246032238
0.05774252116680145
0.018071157857775688
0.01304921880364418
0.20186647772789001
0.010485723614692688
0.0061338189989328384
0.03151808679103851
0.05778166279196739
0.016122041270136833
0.20031346380710602
0.008867311291396618
0.07515833526849747
0.0858645886182785
0.02173927053809166
0.018194157630205154
0.015415042638778687
0.016111254692077637
0.008574794046580791
0.008200697600841522
0.3597436845302582
0.19210658967494965
0.23374934494495392
0.04310230538249016
0.09690148383378983
0.03314797580242157
0.08560126274824142
0.009496213868260384
0.5551794171333313
0.010199293494224548
0.07216005027294159
0.057920318096876144
0.020311806350946426
0.08468073606491089
0.09628788381814957
0.011288485489785671
0.06107863783836365
0.06951844692230225
0.14096945524215698
0.13628552854061127
0.05929094925522804
0.07856332510709763
0.19367021322250366
0.39707323908805847
0.04277690872550011
0.028687404468655586
0.3252137005329132
0.005591914057731628
0.017799900844693184
0.00393690075725317
0.03836092725396156
0.019650189206004143
0.017503701150417328
0.04729444906115532
0.00683646509423852
0.020459726452827454
0.0936240702867508
0.024828985333442688
0.26067236065864563
0.0145408995449543
1.4403764009475708
1.655055046081543
0.02425958961248398
0.03248000890016556
0.012639091350138187
0.011013844050467014
0.07014843821525574
0.01799951121211052
0.4160672724246979
0.021387547254562378
0.010901916772127151
0.01740194484591484
0.028833266347646713
0.02907552383840084
0.6717502474784851
0.005002404097467661
0.014521426521241665
0.013916677795350552
0.05163904279470444
0.006597159430384636
0.009631971828639507
0.005351388826966286
0.004864897113293409
0.005360559560358524
0.7783769965171814
0.1743665635585785
0.22622248530387878
0.0510723777115345
0.06187519431114197
0.11281479895114899
0.48550504446029663
0.010083090513944626
0.01729968748986721
0.12881506979465485
0.1561397910118103
0.12837444245815277
0.16436105966567993
0.08181300759315491
0.9399763345718384
0.2848007380962372
0.03328476846218109
0.008586560375988483
0.0065246159210801125
0.003482131054624915
0.034581270068883896
0.004360641818493605
0.0087043521925807
0.022942127659916878
0.08920763432979584
0.02579522505402565
0.00998026691377163
0.006022877059876919
0.025810718536376953
0.024204380810260773
0.01768535003066063
0.009649436920881271
0.03576429560780525
0.008801275864243507
0.23545914888381958
0.02612912654876709
0.23238670825958252
0.039182327687740326
0.017130086198449135
0.014785137958824635
0.6594007015228271
0.005136372987180948
0.005246827844530344
0.006854275707155466
0.02213362790644169
0.01152140274643898
0.4491017460823059
0.026422031223773956
0.16729852557182312
0.13135717809200287
0.013941315934062004
0.005316468887031078
0.013900114223361015
0.010040892288088799
0.03679003193974495
0.060664284974336624
0.5208961963653564
0.24182642996311188
0.22102946043014526
0.08963760733604431
0.14672721922397614
0.013213953003287315
0.002865721471607685
0.010406266897916794
0.027045344933867455
0.016531387344002724
0.005020884796977043
0.004693863447755575
0.0048647974617779255
0.005345944780856371
0.20806893706321716
0.003482131054624915
0.037151794880628586
0.7265999913215637
0.053622372448444366
0.0030651327688246965
0.046685490757226944
0.029981739819049835
0.13461162149906158
0.03215106576681137
0.47763553261756897
0.010870719328522682
0.2386149764060974
0.049801260232925415
0.06194647401571274
0.018263455480337143
0.010848216712474823
0.02063361182808876
0.0255553238093853
0.10391939431428909
0.009165246039628983
0.028894709423184395
0.02132471837103367
0.0069754221476614475
0.0047235568054020405
0.017764559015631676
0.07590650022029877
0.01692141219973564
0.016519587486982346
0.03216554597020149
0.05096123367547989
0.011225992813706398
0.07649418711662292
0.10695040225982666
0.09763453900814056
0.08941645175218582
0.3827231824398041
0.01459191832691431
0.10353336483240128
0.012632476165890694
0.008901625871658325
0.005342129617929459
0.005946907214820385
0.020163269713521004
0.054262857884168625
0.03857140988111496
0.01189225073903799
0.029028024524450302
0.04349741339683533
0.11914700269699097
0.03612705320119858
0.01892372965812683
0.0199042409658432
0.011916195042431355
0.0046564070507884026
0.0026234732940793037
0.05106902867555618
0.018958576023578644
0.08355232328176498
0.03144534304738045
0.43145012855529785
0.4303489327430725
0.8652881383895874
0.5983023643493652
0.1455121487379074
0.00992853194475174
0.05527951568365097
0.0789327621459961
0.1158735379576683
0.03685743734240532
0.35144197940826416
0.015673941001296043
0.019693750888109207
0.02551237680017948
0.23203317821025848
0.17496998608112335
0.6604962944984436
1.2083061933517456
0.0170652624219656
0.032285504043102264
0.020204845815896988
0.04064347222447395
0.034995727241039276
0.34591054916381836
0.035959839820861816
0.07627100497484207
0.23419710993766785
0.009070886299014091
0.05469411984086037
0.15035510063171387
0.021245261654257774
0.0036531612277030945
0.5409720540046692
0.004693863447755575
0.03699047490954399
0.014226322993636131
0.09967879205942154
0.036468926817178726
0.3294057846069336
0.007824119180440903
0.012660880573093891
0.02041960135102272
0.042998623102903366
0.010795841924846172
0.016275055706501007
0.007064564619213343
0.16261866688728333
0.020202141255140305
0.01116738747805357
0.010086334310472012
0.04518330842256546
0.019906647503376007
0.3402571976184845
0.009749467484652996
0.16257423162460327
0.08412400633096695
0.11416823416948318
0.044808194041252136
0.14685723185539246
0.09006613492965698
0.0056779105216264725
0.036604247987270355
0.019931277260184288
0.035994477570056915
0.007501024752855301
0.009680804796516895
0.009866217151284218
0.04899512231349945
0.2584138810634613
0.007572541944682598
0.016512295231223106
0.02041960135102272
0.02266222983598709
0.10536131262779236
0.006655667908489704
0.02723541483283043
0.9725964069366455
0.671169638633728
0.032568491995334625
0.0031885469797998667
0.03533102944493294
0.012103850021958351
0.008779104799032211
0.02413855865597725
0.030151061713695526
0.016629962250590324
0.4239497184753418
0.03912327438592911
0.138702392578125
0.008021840825676918
0.00583397364243865
0.003942644689232111
0.06519346684217453
0.06420024484395981
0.8811064958572388
0.013330189511179924
0.012524968013167381
0.009859944693744183
0.09220144152641296
0.03729237988591194
0.06579121202230453
0.05699678510427475
0.18581533432006836
0.027911974117159843
0.1568795144557953
0.0470813624560833
0.13634465634822845
0.08031623810529709
0.03443426638841629
0.040104448795318604
0.006267559714615345
0.017334530130028725
0.059995416551828384
0.07145112752914429
0.10415420681238174
0.02017446979880333
0.39963626861572266
0.01732071116566658
0.12588582932949066
0.13986939191818237
0.007191323675215244
0.005215729586780071
0.011006359942257404
0.004653329495340586
0.014558023773133755
0.007016042713075876
0.03258003294467926
0.019995011389255524
0.3169366717338562
0.01135308388620615
0.8572160601615906
1.5523258447647095
0.06741608679294586
0.06951485574245453
0.020650437101721764
0.15018890798091888
0.1193147823214531
0.010322025045752525
0.2167104184627533
0.020329812541604042
0.022345073521137238
0.017029963433742523
0.17682020366191864
0.013483185321092606
0.33777356147766113
0.022162698209285736
0.023002373054623604
0.0765974149107933
0.18751096725463867
0.040998674929142
0.008274191990494728
0.14816218614578247
0.05751428380608559
0.016965214163064957
0.012562020681798458
0.005938981659710407
0.08520130813121796
0.07307775318622589
0.015591912902891636
0.06213343143463135
0.035254333168268204
0.030716348439455032
0.07538256049156189
0.023658759891986847
0.05840369313955307
0.06959749013185501
0.1938844919204712
0.1729772686958313
0.15901778638362885
0.01526220329105854
0.073211170732975
0.04531322419643402
0.011116374284029007
0.015124399214982986
0.18287836015224457
0.01784052699804306
0.059916213154792786
0.04004846513271332
0.09136132150888443
0.055145878344774246
0.005806189030408859
0.0062634944915771484
0.15535680949687958
0.2820585072040558
0.015361430123448372
0.02515232190489769
0.0330202579498291
0.01160182524472475
0.03618628904223442
0.01137036457657814
0.02139122784137726
0.06433883309364319
0.006929641589522362
0.02398739755153656
0.040046703070402145
0.04258285090327263
0.027732059359550476
0.017762349918484688
0.01382329873740673
0.005120871588587761
0.34895971417427063
0.11140191555023193
0.5283330678939819
1.4957563877105713
0.04872966557741165
0.02189755067229271
0.04391294717788696
0.029407093301415443
0.04633593559265137
0.010812635533511639
0.041224513202905655
0.08935701102018356
0.02281239628791809
0.024130025878548622
0.012458641082048416
0.009060519747436047
0.012335533276200294
0.00850674044340849
0.005566501524299383
0.005474082659929991
0.025314422324299812
0.006712215021252632
0.006890354678034782
0.009749467484652996
0.4247337281703949
0.032157085835933685
0.004674166440963745
0.006950246170163155
0.012771790847182274
0.01768377050757408
0.009201386012136936
0.018728401511907578
0.028371579945087433
0.04248674586415291
0.24248568713665009
0.07885882258415222
0.0904904156923294
0.012514750473201275
0.026129530742764473
0.009142150171101093
0.01672370359301567
0.027402522042393684
0.01773090660572052
0.01593763381242752
0.007630843203514814
0.017740372568368912
0.7592900395393372
0.06440874934196472
0.14892369508743286
0.06686370074748993
0.18342450261116028
0.01220228336751461
0.02345884218811989
0.02164134755730629
0.060521453619003296
0.04639754444360733
0.3347971439361572
0.03858442232012749
0.07033975422382355
0.30247727036476135
0.04902117699384689
0.05749046057462692
0.07871901243925095
0.082155242562294
0.04827749729156494
0.008303992450237274
0.35409408807754517
0.008968080393970013
0.0029305382631719112
0.01653539016842842
0.04189596697688103
0.009053267538547516
0.08779594302177429
0.18660512566566467
0.05278550088405609
0.00858401507139206
0.014519534073770046
0.011612605303525925
0.4810492992401123
1.5523258447647095
0.00946742668747902
0.02119687758386135
0.03252922743558884
0.08212865144014359
0.03368217125535011
0.053748030215501785
0.008866354823112488
0.010851802304387093
0.012570610269904137
0.0168991070240736
0.12486498057842255
0.22703738510608673
0.6213752031326294
0.035958487540483475
0.0023815096355974674
0.013956074602901936
0.06033748388290405
0.004738279618322849
0.03548833727836609
0.012784311547875404
0.1407037377357483
0.03999945521354675
0.14980082213878632
0.015692077577114105
0.0381755605340004
0.024026498198509216
0.024074863642454147
0.020472928881645203
0.007428727112710476
0.08183342218399048
0.03614490106701851
0.20111624896526337
0.11481606215238571
0.012031825259327888
0.29234781861305237
0.36453428864479065
0.1052602156996727
0.016372166574001312
0.027156176045536995
0.03610527887940407
0.0496041513979435
0.14429527521133423
0.01206132024526596
0.03140038996934891
0.45292559266090393
0.013383932411670685
0.051536016166210175
0.037440311163663864
0.0962158739566803
0.03324569761753082
0.03803259879350662
0.08084786683320999
0.11407841742038727
0.0164357740432024
0.029553070664405823
0.03500073403120041
0.03600066155195236
0.053384117782115936
0.023348329588770866
0.012745542451739311
0.10651027411222458
0.012685267254710197
0.002786543918773532
0.004904055502265692
0.28804588317871094
0.6557108759880066
0.18979838490486145
0.05605596676468849
0.17452743649482727
0.020858783274888992
0.04065677151083946
0.04117941856384277
0.1510905623435974
0.1981991082429886
0.16726268827915192
0.1908150613307953
0.04173438623547554
0.6627700328826904
0.6068383455276489
0.02935321256518364
0.4890391230583191
0.1655234694480896
0.09489260613918304
0.15505267679691315
0.030712269246578217
0.01538802869617939
0.050508398562669754
0.013210677541792393
0.09301172941923141
0.03262786567211151
0.008636469952762127
0.10913686454296112
0.020673947408795357
0.016842268407344818
0.08928918093442917
0.023159582167863846
0.10606013238430023
0.014217913150787354
0.15139657258987427
0.047832686454057693
0.23700517416000366
0.04040287062525749
0.0519576296210289
0.2852318584918976
0.09988494217395782
0.19849525392055511
0.16359709203243256
0.004583141300827265
0.28358277678489685
0.07835788279771805
0.05188320577144623
0.008705719374120235
0.15295442938804626
0.011976763606071472
0.18839776515960693
0.2880067229270935
0.017381133511662483
0.01548172626644373
0.1057247593998909
0.010586214251816273
0.006596150808036327
0.013225533068180084
0.0049055819399654865
0.008459342643618584
0.009579450823366642
0.0375552773475647
0.018894676119089127
0.0265495702624321
0.006442394573241472
0.007432245649397373
0.03564309701323509
0.2269318401813507
0.8652252554893494
0.006699584424495697
0.015294937416911125
0.011950531974434853
0.02466350980103016
0.06294173747301102
0.8298890590667725
0.7009036540985107
0.060169514268636703
0.04300124943256378
0.7678650617599487
0.01175832748413086
0.2717539668083191
0.5936585664749146
1.1461602449417114
0.2553166449069977
0.006896717939525843
0.006164660677313805
0.017321759834885597
0.02575054205954075
0.040230024605989456
0.018861180171370506
0.01876874454319477
0.021583471447229385
0.04296257719397545
0.009623689576983452
0.012149316258728504
0.01833787001669407
0.017257921397686005
0.011575832031667233
0.16836391389369965
0.016716312617063522
0.3612895905971527
0.018224084749817848
0.3635377585887909
0.4739128649234772
0.08564473688602448
0.009726799093186855
0.009758228436112404
0.022549152374267578
0.5883331894874573
0.9002421498298645
0.018784651532769203
0.03999945521354675
0.012389489449560642
0.006463499274104834
0.307135671377182
0.44639456272125244
0.024612698704004288
0.0483720488846302
0.07032666355371475
0.027883358299732208
0.2767481207847595
0.4164113402366638
0.010614646598696709
0.010086334310472012
0.3510432243347168
0.049193091690540314
0.0948631539940834
0.11843398213386536
0.02601110190153122
0.01108343806117773
0.02190808206796646
0.023770326748490334
0.07760287821292877
0.01664133556187153
0.013715507462620735
0.011722380295395851
0.11250128597021103
0.010006582364439964
0.10191041976213455
0.11480356752872467
0.014934003353118896
0.010980462655425072
0.023674029856920242
0.003603418357670307
0.015838727355003357
0.00912833958864212
0.05056091398000717
0.2316732108592987
0.03761064633727074
0.10835418105125427
0.14384111762046814
0.17804162204265594
0.10883758962154388
0.027757905423641205
0.033214665949344635
0.007809052709490061
0.011516764760017395
0.017769988626241684
0.01280959602445364
0.025295836851000786
0.04751342907547951
0.006303027272224426
0.03359122946858406
0.00896803755313158
0.09509479999542236
0.10581455379724503
0.6164128184318542
0.3723464608192444
0.09899163246154785
0.02602287009358406
0.05074445903301239
0.02476397715508938
0.12784290313720703
0.008953459560871124
0.06510274857282639
0.06439781188964844
0.01884709857404232
0.018926110118627548
0.020165009424090385
0.043176233768463135
0.16586312651634216
0.07575638592243195
0.04526795819401741
0.04744787514209747
0.11544044315814972
0.0582427904009819
0.004708138760179281
0.005575146060436964
0.055380016565322876
0.05209972336888313
0.037917610257864
0.03148581460118294
0.006626787129789591
0.006573928985744715
0.045373935252428055
0.006938321981579065
0.007579534314572811
0.009516277350485325
0.0552489198744297
0.008889502845704556
0.6169523000717163
0.01880994625389576
0.03370886668562889
0.01590355858206749
0.07346982508897781
0.01515205204486847
0.022337723523378372
0.00937101524323225
0.36733096837997437
0.038528308272361755
0.00910917203873396
0.011980999261140823
0.07021888345479965
0.030754169449210167
0.013955127447843552
0.014524871483445168
0.014934497885406017
0.007269381545484066
0.07623418420553207
0.047106340527534485
0.04871867224574089
0.02192697860300541
0.05603083595633507
0.01101370807737112
0.011461126618087292
0.0087198531255126
0.029760556295514107
0.02653675153851509
0.021848442032933235
0.11805665493011475
0.02470562607049942
0.007383574731647968
0.15854883193969727
0.6723170280456543
0.021282197907567024
0.027585122734308243
0.008985579013824463
0.004597267135977745
0.13897845149040222
0.07787157595157623
0.18446312844753265
0.11549372225999832
0.01532868854701519
0.02327958680689335
0.030050795525312424
0.40668484568595886
0.14960454404354095
0.005871580448001623
0.007411474362015724
0.01851016841828823
0.017726227641105652
0.007497951854020357
0.1316860467195511
0.0332794263958931
0.07823503762483597
0.04411235824227333
0.02586987428367138
0.02367262728512287
0.031517691910266876
0.00309521215967834
0.0713605135679245
0.01173397433012724
0.5074247717857361
1.2725188732147217
0.01631971076130867
0.00778157589957118
0.7598921656608582
0.004208207130432129
0.012816851027309895
0.009249701164662838
0.02842666022479534
0.007049626670777798
0.023944135755300522
0.004624442663043737
0.2268589586019516
0.021325696259737015
0.016032332554459572
0.006359292659908533
0.09768292307853699
0.0028715236112475395
0.1084868311882019
0.1688249260187149
0.040153130888938904
0.07425936311483383
0.09336905181407928
0.05946499481797218
0.028683627024292946
0.02479701116681099
0.00337065476924181
0.12091574817895889
0.15780308842658997
0.04365222901105881
0.07762117683887482
0.1459120661020279
0.037496574223041534
0.012672746554017067
0.02946484461426735
0.012998298741877079
0.09014350175857544
0.019777610898017883
0.024401191622018814
0.013320082798600197
0.20517399907112122
0.021456455811858177
0.2553941607475281
0.27097105979919434
0.03815074637532234
0.009430408477783203
0.6105594635009766
0.12462159991264343
0.04592885822057724
0.011602426879107952
0.010840698145329952
0.004993843380361795
0.022449282929301262
0.03404488041996956
0.9586763381958008
0.8827635049819946
0.009835444390773773
0.007323138415813446
0.005459419451653957
0.003942644689232111
0.024472389370203018
0.030766144394874573
0.05866609513759613
0.04242415353655815
0.012177255004644394
0.04975387826561928
0.012482262216508389
0.011429552920162678
0.25932151079177856
0.05542386695742607
0.04152124002575874
0.031091997399926186
0.128181591629982
0.01791997253894806
0.09185317903757095
0.20154112577438354
0.162085622549057
0.043683476746082306
0.2269304096698761
0.06627894192934036
0.17777422070503235
0.03433801978826523
0.032152846455574036
0.052673518657684326
0.035967133939266205
0.013272739946842194
0.02180563099682331
0.009400430135428905
0.14457988739013672
0.1235818862915039
0.00977994129061699
0.012966969050467014
0.06060522049665451
0.017330646514892578
0.012080221436917782
0.004200066905468702
0.007534902077168226
0.10595092922449112
0.05671532452106476
0.016722731292247772
0.21203003823757172
0.019889287650585175
0.10739552974700928
0.022550562396645546
0.04045051336288452
0.06915093958377838
0.1789024919271469
0.250100314617157
0.04090488702058792
0.006689752917736769
0.22368210554122925
0.1543440967798233
0.17970126867294312
0.040294256061315536
0.09393508732318878
0.27757710218429565
0.02084064483642578
0.028188932687044144
0.009559012949466705
0.008462624624371529
0.03220220282673836
0.014097131788730621
0.004381484817713499
0.014963174238801003
0.08734969794750214
0.028402477502822876
0.009672482497990131
0.04214164614677429
0.030439378693699837
0.0076077776029706
0.008402878418564796
0.0981091633439064
0.02168925665318966
0.12091574817895889
0.10108718276023865
0.0035894718021154404
0.08469060808420181
0.6774930357933044
0.019255459308624268
0.033726535737514496
0.05860312283039093
0.07576517760753632
0.0050635505467653275
0.007460490800440311
0.010043872520327568
0.003945666365325451
0.05039433762431145
0.011236133053898811
0.07503538578748703
0.032203420996665955
0.01649654656648636
0.013460954651236534
0.08864881843328476
0.03881268948316574
0.02629712037742138
0.06763431429862976
0.03348926827311516
0.4637868404388428
0.013050832785665989
0.014847179874777794
0.014141682535409927
0.00992016214877367
0.007677695248275995
0.014382373541593552
0.009954754263162613
0.009199639782309532
0.5734854340553284
0.009674259461462498
0.00615285336971283
0.024207381531596184
0.14612531661987305
0.01543622650206089
0.005012013018131256
0.009680804796516895
0.04954414814710617
0.257358580827713
0.011744597926735878
0.00991787575185299
0.1309078335762024
0.02461118996143341
0.20440901815891266
0.0976659506559372
0.03849209100008011
0.014465177431702614
0.08059182018041611
0.028243044391274452
0.027441587299108505
0.03060118481516838
0.01906205341219902
0.009490670636296272
0.010445443913340569
0.010790684260427952
0.01754075102508068
0.0123409079387784
0.025955334305763245
0.017802543938159943
0.045911721885204315
0.21221806108951569
0.01663193106651306
0.024852141737937927
0.011805340647697449
0.02130880579352379
0.022334346547722816
0.008447314612567425
0.06777118146419525
0.059047628194093704
0.013267124071717262
0.006580394692718983
0.016614913940429688
0.01926879584789276
0.058852419257164
0.029933106154203415
0.059401366859674454
0.03287738189101219
0.014259401708841324
0.00478736637160182
0.011384212411940098
0.011019807308912277
0.022651974111795425
0.008021433837711811
0.10649881511926651
0.16243262588977814
0.05001794546842575
0.05362510681152344
0.027018215507268906
0.2011357843875885
0.021693583577871323
0.027603663504123688
0.06373512744903564
0.3466487228870392
0.008402526378631592
0.03054865635931492
0.019210100173950195
0.015386909246444702
0.09267949312925339
0.019330687820911407
0.022597888484597206
0.012344579212367535
0.010010029189288616
0.03223033621907234
0.02875259518623352
0.010803292505443096
0.018005141988396645
0.13970011472702026
0.05435401201248169
0.010363209992647171
0.01980893313884735
0.010042112320661545
0.08584701269865036
0.2424679398536682
0.02143511176109314
0.010097276419401169
0.054111696779727936
0.021955078467726707
0.16358964145183563
0.2138669192790985
0.03151492029428482
0.3861638605594635
0.03517633303999901
0.005876717157661915
0.018712397664785385
0.008664960041642189
0.028277073055505753
0.016103381291031837
0.31603068113327026
0.3799678087234497
0.08358732610940933
0.09724286198616028
1.0425173044204712
0.47381195425987244
0.09616154432296753
0.0584016777575016
0.038721248507499695
0.012766139581799507
0.003592196386307478
0.0035994553472846746
0.06574586778879166
0.00899506825953722
0.031560055911540985
0.011950531974434853
0.1302860677242279
0.28503677248954773
1.0489882230758667
0.6980701684951782
0.022093098610639572
0.08094727993011475
0.002503008581697941
0.006915612146258354
0.3342370390892029
0.0387873575091362
0.009929712861776352
0.06242279335856438
0.008590571582317352
0.05458115041255951
0.24301008880138397
0.8570243120193481
0.08243542909622192
0.1064457893371582
0.4340476393699646
0.052673518657684326
0.08058057725429535
0.11314516514539719
0.014714089222252369
0.07318715751171112
0.03855159878730774
0.03829057142138481
0.05014428868889809
0.036155976355075836
0.05700983852148056
0.03619542717933655
0.007504244334995747
0.00857615564018488
0.06544820219278336
0.03332364186644554
0.45748791098594666
0.615551233291626
0.014555680565536022
0.027284685522317886
0.006731302477419376
0.010859199799597263
0.028530016541481018
0.02741166204214096
0.04893689975142479
0.09626654535531998
0.4392123222351074
0.26688000559806824
0.46500712633132935
0.02266116812825203
0.02016744762659073
0.028030917048454285
0.014652774669229984
0.014698626473546028
0.09754573553800583
0.015938885509967804
0.004665927030146122
0.05163615942001343
0.1981673687696457
0.05919673293828964
0.018689969554543495
0.06051502004265785
0.3192662298679352
0.22608567774295807
0.028955653309822083
0.021017689257860184
0.034446075558662415
0.019759157672524452
0.004988561850041151
0.005031393375247717
0.022440264001488686
0.009246204048395157
0.04314356669783592
0.005625302903354168
0.2625187039375305
0.008626444265246391
0.0068844882771372795
0.0543929859995842
0.1795327216386795
0.12522552907466888
0.015667907893657684
0.017150145024061203
0.06860797852277756
0.15630552172660828
0.07580418884754181
0.23433953523635864
0.006081533618271351
0.011620490811765194
0.03540430963039398
0.022351110354065895
0.06891286373138428
0.11891993135213852
0.022652843967080116
0.003474422264844179
0.015294559299945831
0.04273918271064758
0.056307870894670486
0.15848682820796967
1.30739426612854
1.7634996175765991
0.007456247229129076
0.024752318859100342
0.12472577393054962
0.1543440967798233
0.18455806374549866
0.14833754301071167
0.06394331902265549
0.09666069597005844
0.021603384986519814
0.0341729111969471
0.009498697705566883
0.005229325033724308
0.08725421875715256
0.012999111786484718
0.09386245906352997
0.032861679792404175
0.019636953249573708
0.017148815095424652
0.06365815550088882
0.02036432735621929
0.054923951625823975
0.07574816793203354
0.20037931203842163
0.081342414021492
0.18980303406715393
0.27401092648506165
0.009954100474715233
0.01577090285718441
0.05967288836836815
0.03421969711780548
0.18122582137584686
0.013632702641189098
0.16788771748542786
0.05170884355902672
0.006199277006089687
0.02863467112183571
0.03653925657272339
0.03448858857154846
0.29414501786231995
0.385907381772995
0.02934505231678486
0.015537524595856667
0.005355393048375845
0.057903122156858444
0.020393885672092438
0.14260070025920868
0.06695415079593658
0.037822164595127106
0.019240306690335274
0.03067845106124878
0.03353495895862579
0.09420531243085861
0.008679216727614403
0.005367902107536793
0.09434233605861664
0.03412635251879692
0.009302215650677681
0.05076397582888603
0.11824691295623779
0.12995325028896332
0.04544961452484131
0.025704024359583855
0.10515743494033813
0.04500330984592438
0.061021361500024796
0.047068919986486435
0.0319523811340332
0.029660582542419434
0.034982211887836456
0.29493603110313416
0.5802599191665649
0.39707323908805847
0.07898610085248947
0.06194804236292839
0.012386439368128777
0.006995264440774918
0.7196317911148071
0.5246447324752808
0.015977768227458
0.013360172510147095
0.1906583309173584
0.0455130860209465
0.015776587650179863
0.007383574731647968
0.012538814917206764
0.014215088449418545
0.00426705926656723
0.0036199509631842375
0.13984550535678864
0.23051658272743225
0.5147121548652649
0.7856830358505249
1.0221362113952637
0.14725454151630402
0.04201892390847206
0.3578786551952362
0.07940080761909485
0.022948091849684715
0.08129968494176865
0.030446337535977364
0.07762865722179413
0.08691132068634033
0.015044961124658585
0.07672834396362305
0.11074856668710709
0.0117085762321949
0.007965778931975365
0.017930254340171814
0.10128588229417801
0.015839874744415283
0.008338619023561478
0.03818396478891373
0.0464804545044899
0.01724700629711151
0.04577740281820297
0.007012460380792618
0.010238786228001118
0.005504759959876537
0.03793303295969963
0.011926578357815742
0.23149354755878448
0.05746565759181976
0.007257016375660896
0.017982931807637215
0.2890494167804718
0.0359315499663353
0.4913507401943207
0.5186588764190674
0.09972912073135376
0.008118835277855396
0.017594801262021065
0.01575576886534691
0.04365083575248718
0.06439206749200821
0.029297610744833946
0.005244003143161535
0.06672932207584381
0.005058628506958485
0.026946254074573517
0.008644452318549156
0.10806196928024292
0.046278029680252075
0.15856195986270905
0.15978598594665527
0.30795231461524963
0.2471276968717575
0.08696754276752472
0.0270828939974308
0.13804970681667328
0.04733843728899956
0.009078883565962315
0.012398057617247105
0.06248612329363823
0.029633548110723495
0.3989158570766449
0.20454588532447815
0.34585559368133545
0.30940911173820496
0.04479162395000458
0.02133786492049694
0.07525999844074249
0.11637558043003082
0.11774293333292007
0.032885774970054626
0.022172315046191216
0.005871891044080257
0.08080864697694778
0.03167890012264252
0.023209353908896446
0.040931589901447296
0.04222078621387482
0.2794394791126251
0.012199199758470058
0.014110959134995937
0.01253576297312975
0.018250564113259315
0.062251608818769455
0.012835802510380745
0.04809442162513733
0.10673879086971283
0.19450010359287262
0.024169687181711197
0.007082528434693813
0.018093114718794823
0.08471532166004181
0.2086501568555832
0.09800846129655838
0.05836353451013565
0.019915176555514336
0.012072203680872917
0.05006655678153038
0.048012781888246536
0.01067065168172121
0.03423817455768585
0.03191442787647247
0.015045185573399067
0.6906528472900391
1.2041397094726562
0.4673501253128052
0.5287140607833862
0.03317824751138687
0.024632763117551804
0.04010046645998955
0.029326602816581726
0.005074275657534599
0.0646122619509697
0.0037949010729789734
0.009777026250958443
0.006994159892201424
0.008528814651072025
0.01923735812306404
0.028489472344517708
0.022457946091890335
0.022305572405457497
0.09744775295257568
0.008386053144931793
0.00696179736405611
0.008514989167451859
0.21619200706481934
0.0934089943766594
0.014173348434269428
0.02226337417960167
0.005533240735530853
0.00896762777119875
0.04350519925355911
0.00878152996301651
0.01285275537520647
0.05249670892953873
0.09624259918928146
0.09011989831924438
1.18516206741333
0.6844173669815063
0.027952753007411957
0.013309968635439873
0.06453168392181396
0.02624605782330036
0.10659097880125046
0.01839529164135456
0.01904376782476902
0.025911040604114532
0.015336190350353718
0.0052045416086912155
0.010582713410258293
0.012993000447750092
0.0974656343460083
0.025241132825613022
0.04282708838582039
0.023479320108890533
0.05490540713071823
0.030800335109233856
0.03290063515305519
0.0036946083419024944
0.00449648592621088
0.08251941204071045
0.09449483454227448
0.011791032738983631
0.03874717280268669
0.04064347222447395
0.1793980896472931
0.08462384343147278
2.797255754470825
1.756239891052246
0.061496537178754807
0.07222574204206467
0.043106600642204285
0.0963786244392395
0.005809255875647068
0.00688599469140172
0.020081913098692894
0.009680804796516895
0.027157295495271683
0.01034744642674923
0.004929784685373306
0.05163615942001343
0.018341604620218277
0.09280359745025635
0.0054182736203074455
0.005899871699512005
0.00915597565472126
0.005009457468986511
0.01151538547128439
0.01281416229903698
0.022793881595134735
0.006677758414298296
0.009339195676147938
0.0077836401760578156
0.04826287925243378
0.02464698627591133
0.05275020748376846
0.012346206232905388
0.08378355205059052
0.11476308107376099
0.07574277371168137
0.12316747009754181
0.012992088682949543
0.007081243675202131
0.022273316979408264
0.04330607131123543
0.06211536377668381
0.09396494925022125
0.020220233127474785
0.01659884676337242
0.6579412817955017
0.22336845099925995
0.5997699499130249
0.14315295219421387
0.28979596495628357
0.014207792468369007
0.07529361546039581
0.03164688125252724
0.36452144384384155
0.07698874175548553
0.0730908140540123
0.03060118481516838
0.008801407180726528
0.006118404679000378
0.0070005557499825954
0.06280983984470367
0.01733304001390934
0.023289522156119347
0.04405955597758293
0.025488853454589844
0.016136370599269867
0.022220458835363388
0.13882195949554443
0.3053644895553589
0.046357378363609314
0.01151327509433031
0.014187311753630638
0.0022690463811159134
0.036967553198337555
0.01833595335483551
0.007802953477948904
0.008669735863804817
0.020619316026568413
0.0664672777056694
0.13573069870471954
0.031121574342250824
0.024409687146544456
0.012284453958272934
0.00421406514942646
0.011475679464638233
0.02408120594918728
0.015010428614914417
0.016403663903474808
0.022162698209285736
0.4657015800476074
0.09868255257606506
0.5204722881317139
0.625164806842804
0.06659378856420517
0.01892188936471939
0.022964391857385635
0.04064347222447395
0.064264215528965
0.01595672219991684
0.025402545928955078
0.004503263626247644
0.08004184067249298
0.020232975482940674
0.0379483625292778
0.003873789217323065
0.03418060392141342
0.151553213596344
0.019843554124236107
0.01649925671517849
0.05510275438427925
0.041313838213682175
0.07343485951423645
0.00845313724130392
0.2115156054496765
0.05321227386593819
0.036162372678518295
0.005756131839007139
0.03437817469239235
0.012086138129234314
0.04388205707073212
0.01428118348121643
0.011730881407856941
0.060149889439344406
0.014765260741114616
0.06585543602705002
0.14193405210971832
0.04827689379453659
0.04883623123168945
0.37054628133773804
0.020708609372377396
0.01763293519616127
0.041367486119270325
0.012657368555665016
0.019671054556965828
0.10581813752651215
0.011678347364068031
0.009323546662926674
0.07812005281448364
0.030866391956806183
0.021935243159532547
0.006607446353882551
0.06676964461803436
0.012428632006049156
0.18992067873477936
1.210653305053711
0.006253571715205908
0.012270030565559864
0.034408941864967346
0.012592107057571411
0.008677935227751732
0.007076879031956196
0.030759552493691444
0.060431454330682755
0.004185762256383896
0.003704586997628212
0.04519257694482803
0.05889848619699478
0.022644154727458954
0.005412369966506958
0.9348846077919006
0.7253866791725159
0.024313554167747498
0.028769347816705704
0.04211828112602234
0.012064475566148758
0.03428957238793373
0.009059322997927666
0.01849103532731533
0.005693799816071987
0.07416672259569168
0.021789049729704857
0.11496341973543167
0.08928100019693375
0.05265379697084427
0.02663835883140564
0.3437591791152954
0.3287769854068756
0.024071749299764633
0.007646005600690842
0.012726749293506145
0.031246935948729515
0.0025617084465920925
0.004694899544119835
0.042743392288684845
0.00448062177747488
0.05628841742873192
0.01398102194070816
0.09811288118362427
0.054364051669836044
0.03121730498969555
0.013233420439064503
0.01693946123123169
0.012031825259327888
0.03478594869375229
0.011643895879387856
0.11421132832765579
0.05155918747186661
0.012651052325963974
0.014698626473546028
0.1134076789021492
0.07488372921943665
1.8909682035446167
1.796400785446167
0.022297285497188568
0.017758991569280624
0.00917925126850605
0.011151818558573723
0.04086671024560928
0.020462509244680405
0.13821880519390106
0.04762256518006325
0.3935292363166809
0.7241824269294739
0.24051763117313385
0.256626158952713
0.18036653101444244
0.4741726815700531
0.17659476399421692
0.09285135567188263
0.028949931263923645
0.009438320994377136
0.032034650444984436
0.01930978149175644
0.008272618986666203
0.12068571150302887
0.19021041691303253
0.2066909223794937
0.012363921850919724
0.035837311297655106
0.1538076102733612
0.10431568324565887
0.012836644425988197
0.018129965290427208
0.031876567751169205
0.049988970160484314
0.009774919599294662
0.02313803695142269
0.061817821115255356
0.016899852082133293
0.03695550560951233
0.005625302903354168
0.20000016689300537
0.6054510474205017
0.01022304967045784
0.04879060387611389
0.37078776955604553
0.019441433250904083
0.10684413462877274
0.017222069203853607
0.08833999931812286
0.030221983790397644
0.6631505489349365
1.2521775960922241
0.8673269748687744
0.4715081751346588
0.12493094056844711
0.25116243958473206
0.08607339859008789
0.39136800169944763
0.1805495172739029
0.037440311163663864
0.017833974212408066
0.0199725404381752
0.05073714256286621
0.09315161406993866
0.0066953664645552635
0.0648389458656311
0.021986909210681915
0.02509443275630474
0.04856780543923378
0.050335802137851715
0.03961022198200226
0.024365946650505066
0.13008414208889008
0.010017560794949532
0.008562332950532436
0.011626954190433025
0.0708894431591034
0.0165442805737257
0.010070223361253738
0.01323607750236988
0.11062709242105484
0.007720006164163351
0.05118245258927345
0.03447458893060684
0.017902441322803497
0.01051384024322033
0.01604118011891842
0.17882920801639557
0.027237355709075928
0.010516155511140823
0.019214261323213577
0.029183279722929
0.043168604373931885
0.03294096514582634
0.09355766326189041
0.1618848443031311
0.02087373472750187
0.02494010701775551
0.0678921639919281
0.02119709923863411
0.07733390480279922
0.00861158687621355
0.3410379886627197
0.38309362530708313
0.12708395719528198
0.009591231122612953
0.012386450543999672
0.024125276133418083
0.04251797869801521
0.023775989189743996
0.01965097151696682
0.006552529521286488
0.03290420025587082
0.006431278772652149
0.005411947146058083
0.08925099670886993
0.0327705442905426
0.07740096747875214
0.10964852571487427
0.250100314617157
0.026977824047207832
0.03804536908864975
0.39191481471061707
0.030483152717351913
0.07689756900072098
0.01988433673977852
0.043325286358594894
0.030437814071774483
0.2742828130722046
0.23153486847877502
0.32264575362205505
0.29055240750312805
0.3292228579521179
0.06395009160041809
0.036697544157505035
0.0448700375854969
0.02369115687906742
0.005297994706779718
0.00464651919901371
0.0035994553472846746
0.3900896906852722
0.47381195425987244
0.010726799257099628
0.009550755843520164
0.0072131711058318615
0.003984932787716389
0.014111453667283058
0.02935321256518364
0.01900825835764408
0.022942127659916878
0.0636770948767662
0.0727662518620491
0.028821155428886414
0.005929038394242525
0.32305264472961426
0.14855557680130005
0.1610313355922699
0.012254105880856514
0.06098497286438942
0.3425604999065399
0.01477561704814434
0.058883100748062134
0.010596898384392262
0.01680348441004753
0.048695724457502365
0.8065661191940308
0.043635979294776917
0.023145033046603203
0.05427912622690201
0.07118654996156693
0.06279347836971283
0.017130082473158836
0.03482977673411369
0.009296191856265068
0.004121695179492235
0.007548202760517597
0.07732044160366058
0.046622611582279205
0.03156893327832222
0.023770326748490334
0.03864281624555588
0.04230621084570885
0.11671175807714462
0.1265840232372284
0.010296089574694633
0.00758855976164341
0.009277474135160446
0.006458894349634647
0.05449237301945686
0.016626544296741486
0.12624894082546234
0.023240497335791588
0.05081111565232277
0.09196499735116959
0.1392057240009308
0.04658062383532524
0.04816824197769165
0.13851001858711243
0.3522670567035675
0.034274205565452576
0.9604264497756958
0.027293207123875618
0.03977467864751816
0.04458574205636978
0.017319977283477783
0.07961691915988922
0.8703753352165222
0.3100351393222809
0.034099508076906204
0.005773301236331463
0.04837542399764061
0.005372135434299707
0.0463232584297657
0.00732631329447031
0.010974399745464325
0.012385915033519268
0.08775906264781952
0.013977357186377048
0.6250175833702087
1.7456411123275757
0.011267406865954399
0.01443755254149437
0.03646697476506233
0.0485319085419178
0.009281662292778492
0.03745817020535469
0.0205416027456522
0.015946798026561737
0.012584551237523556
0.05874379724264145
0.00527033070102334
0.014877809211611748
0.12800070643424988
0.010055337101221085
0.010117987170815468
0.01295621320605278
0.04688774049282074
0.010992661118507385
0.01122297067195177
0.06772048026323318
0.007006930187344551
0.02046147733926773
0.0033625259529799223
0.003075052984058857
0.05999557301402092
0.023299042135477066
0.018112637102603912
0.11131557822227478
0.035993218421936035
0.04619782418012619
0.20094546675682068
0.24656082689762115
0.028529327362775803
0.16510650515556335
1.2313507795333862
0.5608428120613098
0.04516427963972092
1.1303367614746094
0.016528774052858353
0.015539957210421562
0.026051849126815796
0.0050615887157619
0.06360611319541931
0.04893328994512558
0.020031370222568512
0.009436728432774544
0.10085269808769226
0.016699019819498062
1.2620474100112915
0.7694919109344482
0.10265176743268967
0.024963194504380226
0.00900707021355629
0.004921846091747284
0.11977173388004303
0.05140383169054985
0.037661608308553696
0.0447203665971756
0.021289443597197533
0.006328035611659288
0.023296626284718513
0.014334216713905334
0.00777575233951211
0.009674259461462498
0.022228745743632317
0.01926879584789276
0.01355197187513113
0.016539057716727257
0.028928449377417564
0.08134356141090393
0.06422725319862366
0.013301622122526169
0.03117925114929676
0.24369080364704132
0.010607005096971989
0.19996774196624756
0.037495024502277374
0.09993892908096313
0.002616523066535592
0.004142764490097761
0.00949781946837902
0.006552529521286488
0.23528403043746948
0.0878027155995369
0.12285162508487701
0.11171241104602814
0.015395483002066612
0.020348545163869858
0.04226701334118843
0.04463757574558258
0.05928102880716324
0.028747746720910072
0.04112023860216141
0.009495937265455723
0.03572624921798706
0.01468645129352808
0.15988582372665405
0.13709500432014465
0.007355168461799622
0.13464978337287903
0.0353977270424366
0.02476397715508938
0.029577121138572693
0.004715030547231436
0.04580627381801605
0.04022875428199768
0.03075331822037697
0.008134977892041206
0.03623577952384949
0.011354384943842888
0.3056245446205139
0.1086558848619461
0.0824505090713501
0.10938871651887894
0.07064134627580643
0.009926908649504185
0.016030162572860718
0.013605812564492226
0.026291469112038612
0.006552529521286488
0.038268398493528366
0.05699678510427475
0.05279063433408737
0.18926486372947693
1.2506626844406128
0.6232241988182068
0.2549190819263458
0.04355859383940697
0.4673195779323578
0.021754834800958633
0.007782582193613052
0.011667557060718536
0.006019319873303175
0.005954287946224213
0.04947696626186371
0.016536235809326172
0.30497461557388306
0.41439709067344666
0.05976245179772377
0.6646450161933899
0.6624746918678284
0.7405134439468384
0.01579533889889717
0.02318517491221428
0.030524805188179016
0.16112369298934937
0.12238872051239014
0.03358665853738785
0.0333167165517807
0.04410675913095474
0.06223226338624954
0.056972429156303406
0.12454338371753693
0.3723464608192444
0.049992043524980545
0.056497689336538315
0.008615375496447086
0.006900716107338667
0.048017002642154694
0.004494247492402792
0.026302047073841095
0.04133032262325287
0.18128912150859833
0.09007330238819122
0.04496845230460167
0.3861638605594635
0.07662558555603027
0.376947820186615
0.3230660855770111
0.06627894192934036
0.17382901906967163
0.047793176025152206
0.629255473613739
0.20491363108158112
0.18164822459220886
0.013055060058832169
0.022836940363049507
0.028780115768313408
0.06798550486564636
0.00843257736414671
0.026452701538801193
0.07689124345779419
0.229146346449852
0.8396092653274536
0.050506167113780975
0.04411235824227333
0.21117337048053741
0.03679053112864494
0.10502993315458298
0.12341222912073135
0.01437209639698267
0.020721033215522766
0.012737981975078583
0.009253785945475101
0.019779521971940994
0.003396951127797365
0.06679894030094147
0.3068407475948334
0.018551034852862358
0.06782793998718262
0.07120602577924728
0.010980314575135708
0.013873484916985035
0.012371114455163479
0.015958985313773155
0.013890975154936314
0.3627243638038635
0.005976125597953796
0.06629283726215363
0.11478572338819504
0.02660324238240719
0.04236482456326485
0.10452811419963837
0.020669832825660706
0.41215887665748596
0.08951728045940399
0.11981342732906342
0.0392984002828598
0.015614790841937065
0.01565343327820301
0.0048645976930856705
0.04446708410978317
0.007789414841681719
0.010874321684241295
0.0059857480227947235
0.025414854288101196
0.7721619009971619
0.3882445693016052
0.2885357737541199
0.038631513714790344
0.31200847029685974
0.08823487907648087
0.014013025909662247
0.01481151394546032
0.03740738704800606
0.007753302343189716
0.010280071757733822
0.005444300826638937
0.017542647197842598
0.012516806833446026
0.006294794846326113
0.006458894349634647
0.006010306067764759
0.015599440783262253
0.2579171359539032
0.020448004826903343
0.07533065229654312
0.014629298821091652
0.013724912889301777
0.02575054205954075
0.04392961785197258
0.014169549569487572
0.037090200930833817
0.03635760024189949
0.008215180598199368
0.0066397287882864475
0.05010605230927467
0.047044552862644196
0.0035775993019342422
0.00532349431887269
0.07952841371297836
0.03326576203107834
0.155244842171669
0.024411920458078384
0.014681803062558174
0.016249530017375946
0.059607867151498795
0.01138248760253191
0.02488774247467518
0.07399623841047287
0.10909190028905869
0.26584357023239136
0.32226502895355225
0.03140521049499512
0.029774650931358337
0.11970393359661102
0.04401019960641861
0.06085671856999397
0.024441994726657867
0.007586497813463211
0.01054680161178112
0.007618403527885675
0.010637764818966389
0.025614438578486443
0.05783899128437042
0.12389811873435974
0.012491368688642979
0.04972760006785393
0.02147149108350277
0.09246505796909332
0.03137626498937607
0.007765814661979675
0.008192860521376133
0.010904981754720211
0.03995538130402565
0.03741874173283577
0.019853785634040833
0.023527411743998528
0.022458724677562714
0.02476397715508938
0.04585379362106323
0.014501705765724182
0.035529643297195435
0.02575054205954075
0.018112294375896454
0.03871778026223183
0.0645735114812851
0.24710214138031006
0.10602812469005585
0.034103624522686005
0.01313752494752407
0.006223728414624929
0.01869945228099823
0.26240894198417664
0.032644450664520264
0.03607327118515968
0.1156216412782669
0.00608123978599906
0.958128809928894
0.052673518657684326
0.07500867545604706
0.024821452796459198
0.015078900381922722
0.051916249096393585
0.0623423270881176
0.03467067703604698
0.032578691840171814
0.0596405528485775
0.07802800834178925
0.03354274481534958
0.02819177322089672
0.17705480754375458
0.47889411449432373
0.48815712332725525
0.07901936769485474
0.024529576301574707
0.04524964466691017
0.21309985220432281
0.26463449001312256
0.06795851141214371
0.023003501817584038
0.043400347232818604
0.12269306182861328
0.24434497952461243
0.03547253832221031
0.09836176037788391
0.19213485717773438
0.7838234901428223
0.061386652290821075
0.04026712477207184
0.06672419607639313
0.055912863463163376
0.1827821433544159
0.0344577319920063
0.005326878745108843
0.08594292402267456
0.04042353853583336
0.154805526137352
0.5560812950134277
0.42490124702453613
0.23336374759674072
0.246172234416008
0.058163102716207504
0.020685425028204918
0.08656790852546692
0.03472381830215454
0.02621244266629219
0.005634136963635683
0.034035537391901016
0.016811553388834
0.17672912776470184
0.18139876425266266
0.27932247519493103
0.3047035038471222
0.07677619159221649
0.01079787127673626
0.028126168996095657
0.08745385706424713
0.04908304661512375
0.012580353766679764
0.011619855649769306
0.019364681094884872
0.10049588233232498
0.01339773740619421
0.011568315327167511
0.010097276419401169
0.06296507269144058
0.04472866654396057
0.03175528720021248
0.01596018671989441
0.05593906342983246
0.010452978312969208
0.1022321805357933
0.1067655012011528
0.1498253047466278
0.014157959260046482
0.015148721635341644
0.014693552628159523
0.13064493238925934
0.021097760647535324
0.11721234023571014
0.05066554620862007
0.012577652931213379
0.01747911609709263
0.06988418102264404
0.005166198126971722
0.008281000889837742
0.21729867160320282
0.10514698922634125
0.06674185395240784
0.056071508675813675
0.2118818759918213
0.01322797778993845
0.011228520423173904
0.010669712908565998
0.06635130941867828
0.38178837299346924
0.2249753177165985
0.028178343549370766
0.009612828493118286
0.3160538375377655
0.09246505796909332
0.04318556562066078
0.009859565645456314
0.0421048179268837
0.12585178017616272
0.023739619180560112
0.020682839676737785
0.12285295128822327
0.01463666558265686
0.01519138365983963
0.009593329392373562
0.08108383417129517
0.0370873287320137
0.07887718826532364
0.1018531545996666
0.019027715548872948
0.10911104828119278
0.00884209293872118
0.013718968257308006
0.016602180898189545
0.029846174642443657
0.15395259857177734
0.055125683546066284
0.015299377031624317
0.0065822177566587925
0.053468555212020874
0.12770573794841766
0.1196332573890686
0.0953478217124939
0.04979268088936806
0.01740194484591484
0.027726929634809494
0.04922453314065933
0.014006106182932854
0.019796282052993774
0.02007710188627243
0.013172280043363571
0.05991717055439949
0.4848979711532593
0.023658255115151405
0.005246149376034737
0.01577131077647209
0.19430135190486908
0.1761363297700882
0.04328174889087677
0.0748920813202858
0.10019132494926453
0.01178728137165308
0.3861638605594635
0.0366072840988636
0.009471778757870197
0.023969203233718872
0.01281416229903698
0.061404645442962646
0.005608148407191038
0.011404312215745449
0.016623616218566895
0.04809705913066864
0.015127361752092838
0.007089986465871334
0.005848584696650505
0.10323912650346756
0.022135376930236816
0.22606797516345978
0.06187761574983597
0.025757424533367157
0.023770326748490334
0.2410527914762497
0.024820271879434586
0.04676613211631775
0.03635618835687637
0.009608054533600807
0.010259832255542278
0.00703440373763442
0.014129243791103363
0.02142782136797905
0.058710161596536636
0.011530889198184013
0.007470152340829372
0.07566115260124207
0.018263079226017
0.051169831305742264
0.006089166738092899
0.40233153104782104
0.24355341494083405
0.028800608590245247
0.10391939431428909
0.007506703492254019
0.005089680198580027
0.06478192657232285
0.015680497512221336
0.04911433160305023
0.03183893859386444
0.008149757981300354
0.015326385386288166
0.019168704748153687
0.005815960466861725
0.013817164115607738
0.003984932787716389
0.08145845681428909
0.01124474685639143
0.8646302819252014
0.3047035038471222
0.12109288573265076
0.037103403359651566
0.02740134485065937
0.22763916850090027
0.012125570327043533
0.10911104828119278
0.025516118854284286
0.04593381658196449
0.006202951073646545
0.011471773497760296
0.1710977852344513
0.02900630235671997
0.013622627593576908
0.012083958834409714
0.16227878630161285
0.030231362208724022
0.009315991774201393
0.01565343327820301
0.02251710370182991
0.04064347222447395
0.08345203101634979
0.07245124876499176
0.08503497391939163
0.09874935448169708
0.580696702003479
0.32793083786964417
0.02988036535680294
0.01281416229903698
0.013443428091704845
0.036253225058317184
0.015048092231154442
0.028609352186322212
0.06609712541103363
0.0929739847779274
0.010676097124814987
0.010097276419401169
0.0073656183667480946
0.005215947981923819
0.5345731973648071
0.08134356141090393
0.0655098557472229
0.027585048228502274
0.05043242126703262
0.21039500832557678
0.04127354919910431
0.04950175806879997
0.03960147500038147
0.09246505796909332
0.07033051550388336
0.3237074613571167
0.02744031511247158
0.003947672434151173
0.11187265068292618
0.015890195965766907
0.1409122794866562
0.017734674736857414
0.17750941216945648
0.08031623810529709
0.04444464296102524
0.02612297050654888
0.010406884364783764
0.08053384721279144
0.07764546573162079
0.031402722001075745
0.5046482682228088
0.2084461897611618
0.02398807555437088
0.008498960174620152
0.018475953489542007
0.00688644964247942
0.026997968554496765
0.00603897450491786
0.00812583602964878
0.0041432748548686504
0.012504017911851406
0.1915876418352127
0.8860049843788147
0.6402420997619629
0.06281139701604843
0.00817872490733862
0.13941632211208344
0.04242723435163498
0.01458456926047802
0.032575007528066635
0.10673688352108002
0.05333409458398819
0.07831700891256332
0.014390043914318085
0.039037175476551056
0.061146605759859085
0.06639716774225235
0.017236599698662758
0.010538375936448574
0.012116711586713791
0.008886519819498062
0.008909601718187332
0.04428691044449806
0.006193972192704678
0.06414736062288284
0.004248970188200474
0.04374895989894867
0.09094548225402832
0.017469335347414017
0.009373936802148819
0.1270311027765274
0.05821584165096283
0.028400273993611336
0.054549816995859146
0.026697272434830666
0.015561266802251339
0.03462489694356918
0.19202393293380737
0.05971793830394745
0.1318845897912979
0.00486836489289999
0.012553987093269825
0.10954974591732025
0.03258814662694931
0.09209802746772766
0.10596948862075806
0.0032166980672627687
0.005383712705224752
0.03559796139597893
0.01107620820403099
0.04408083111047745
0.09652744233608246
0.06342840194702148
0.060664284974336624
0.037613414227962494
0.021821048110723495
0.07446382939815521
0.3279251754283905
0.01101558469235897
0.013999685645103455
0.20965680480003357
0.0464237742125988
0.04673029109835625
0.04004455730319023
0.054008979350328445
0.05946499481797218
0.7288439869880676
0.6647657155990601
0.01863531768321991
0.03360864520072937
0.12892478704452515
0.015386021696031094
0.015145821496844292
0.027738844975829124
0.02144332230091095
0.0444556400179863
0.07033155858516693
0.010967519134283066
0.006765405181795359
0.023105477914214134
0.06694097816944122
0.17988745868206024
0.06863494217395782
0.03079889342188835
0.2001771479845047
0.09621277451515198
0.06476857513189316
0.038527436554431915
0.13000252842903137
0.11976540833711624
0.027243798598647118
0.00880216620862484
0.03738096356391907
0.007610214874148369
0.007580927107483149
0.021074481308460236
0.010581070557236671
0.0030244505032896996
0.11608350276947021
0.0714695155620575
0.16181236505508423
0.027658162638545036
0.017320197075605392
0.006607446353882551
0.017277557402849197
0.025454817339777946
0.1828230917453766
0.20360402762889862
0.009064161218702793
0.023495160043239594
0.07778032124042511
0.08448918908834457
0.08028626441955566
0.017825625836849213
0.536448061466217
0.4848979711532593
0.09360124170780182
0.028269965201616287
0.0868971049785614
0.01387307234108448
1.3755724430084229
1.3669968843460083
0.013748537749052048
0.03743290156126022
0.08178175240755081
0.22720588743686676
0.010225971229374409
0.01180856954306364
0.030176937580108643
0.025295836851000786
0.04972590133547783
0.03247277811169624
0.009419385343790054
0.00688666757196188
0.017410676926374435
0.004921846091747284
0.8932490348815918
0.5610920190811157
0.2089828997850418
0.1543440967798233
0.06344100087881088
0.13203059136867523
0.014296609908342361
0.024933569133281708
0.025158341974020004
0.012690935283899307
0.019363217055797577
0.046580445021390915
1.0192296504974365
1.3124639987945557
0.014169270172715187
0.013339381664991379
0.011960934847593307
0.036084480583667755
0.15844109654426575
0.05824022367596626
0.005362235940992832
0.002909217495471239
0.18597479164600372
0.006188499741256237
0.007648564875125885
0.013330189511179924
0.10085742175579071
0.04199475422501564
0.0060891760513186455
0.004628787748515606
0.09787445515394211
0.4131428301334381
0.13732165098190308
0.05946499481797218
0.014528494328260422
0.011980999261140823
0.06669372320175171
0.01021684892475605
0.03941811993718147
0.01125908363610506
0.013243463821709156
0.018423443660140038
0.026948845013976097
0.02059202827513218
0.07866854965686798
0.07210158556699753
0.10174275189638138
0.012161411345005035
0.09383047372102737
0.08937966078519821
0.0780850201845169
0.043809108436107635
0.0183311365544796
0.03956080973148346
0.02121736668050289
0.016524871811270714
0.018951572477817535
0.01004277728497982
1.3050380945205688
1.1335405111312866
0.06438500434160233
0.12231726199388504
0.00701479846611619
0.039753593504428864
0.007681930437684059
0.0648389458656311
0.010821481235325336
0.03162944316864014
0.01047422457486391
0.007134047336876392
0.05178680643439293
0.013191502541303635
0.028687091544270515
0.024145524948835373
0.016803085803985596
0.03316088393330574
0.1416248232126236
0.03029971569776535
0.14246220886707306
0.1908150613307953
0.2366955578327179
0.01800953596830368
0.00615389971062541
0.011060243472456932
0.05329831689596176
0.009489176794886589
0.23020006716251373
0.3313371539115906
0.08759559690952301
0.007383574731647968
0.47674599289894104
0.38905611634254456
0.01938292197883129
0.0462656207382679
0.16223154962062836
0.04534904658794403
1.7968194484710693
2.0007781982421875
0.022057708352804184
0.016899792477488518
0.028242381289601326
0.008528228849172592
0.709290087223053
0.6844886541366577
0.16062094271183014
0.013776988722383976
0.007533037569373846
0.006463499274104834
0.14497768878936768
0.07473987340927124
0.490103542804718
0.4848979711532593
0.01538554672151804
0.00764439906924963
0.02239329367876053
0.017300555482506752
0.007625059690326452
0.0921834409236908
0.013446902856230736
0.02289506420493126
0.04882114380598068
0.009400241076946259
0.3672667145729065
0.05215459689497948
0.2103997766971588
0.0582427904009819
0.04782804474234581
0.006313642021268606
0.022860025987029076
0.08580651879310608
0.02588430605828762
0.04945960268378258
0.008015449158847332
0.010904981754720211
0.038793064653873444
0.01630277745425701
0.03296378254890442
0.2821975350379944
0.028593357652425766
0.013916677795350552
0.091276615858078
0.04071545973420143
0.16997604072093964
0.5690193772315979
0.17409257590770721
0.22933414578437805
0.025715354830026627
0.013740760274231434
0.14523400366306305
0.036707133054733276
0.010913630947470665
0.10420391708612442
0.0504559725522995
0.027293207123875618
0.020695604383945465
0.010633006691932678
0.01296837069094181
0.008267543278634548
0.042281847447156906
0.12585178017616272
0.14388613402843475
0.025766821578145027
0.024903276935219765
0.025761064141988754
0.01580280438065529
0.005444300826638937
0.03505279868841171
0.04525567218661308
0.02728286013007164
0.0168552715331316
0.04803524911403656
0.04758492857217789
0.11571866273880005
0.010220210067927837
0.007286170497536659
0.005885622929781675
0.0817364826798439
0.08340626955032349
0.12146606296300888
0.01197167206555605
0.016021616756916046
0.049982212483882904
0.04277674853801727
0.013636097311973572
0.23680056631565094
0.18235895037651062
0.3711360991001129
0.2019025832414627
0.02616181969642639
0.11172110587358475
0.009644975885748863
0.011980999261140823
0.010218014009296894
0.007126413285732269
0.11392369866371155
0.3072757124900818
0.06525717675685883
0.01700296439230442
0.1016363576054573
0.7417451739311218
0.41800037026405334
0.12316747009754181
0.01589958183467388
0.017395958304405212
0.044247809797525406
0.021891776472330093
0.0842282772064209
0.1273658275604248
0.06887318193912506
0.03278758004307747
0.0365433469414711
0.029974091798067093
0.027776654809713364
0.023612286895513535
0.0210428424179554
0.022032538428902626
0.13037109375
0.03189199045300484
0.19625678658485413
0.011421477422118187
0.03944016620516777
0.02847949229180813
0.03143991529941559
0.27428027987480164
0.051856327801942825
0.1795690506696701
0.2865515947341919
0.5723348259925842
0.003676073160022497
0.011539836414158344
0.25220635533332825
0.03056957945227623
0.011359919793903828
0.014001632109284401
0.03039088472723961
0.09156308323144913
0.13643887639045715
0.26123741269111633
0.006485584191977978
0.004640791565179825
0.294732004404068
0.44259804487228394
0.08283023536205292
0.02081969752907753
0.09305150806903839
0.03497294336557388
0.021199965849518776
0.023492464795708656
0.007023537997156382
0.02965523488819599
0.00662479642778635
0.004673302639275789
0.030766736716032028
0.011564753949642181
0.07800336927175522
0.05375020205974579
0.017172805964946747
0.010729404166340828
0.12088268995285034
0.054385699331760406
0.006426951847970486
0.0489739365875721
0.027713781222701073
0.01963353529572487
0.1384115070104599
0.02900189533829689
0.011771613731980324
0.034680403769016266
0.011242890730500221
0.027171911671757698
0.03527919575572014
0.005335547029972076
0.026798630133271217
0.015244035981595516
0.28147903084754944
0.18735182285308838
0.14876393973827362
0.13121727108955383
0.2271834760904312
0.014305554330348969
1.9192397594451904
0.6358462572097778
0.11325499415397644
0.08000778406858444
0.10807189345359802
0.06627894192934036
0.006680046673864126
0.010851802304387093
0.0615323968231678
0.4527266323566437
0.02651011012494564
0.023230373859405518
0.011134997941553593
0.06179045885801315
0.014411542564630508
0.011394421570003033
0.006385192275047302
0.02951623499393463
0.10774911195039749
0.016248248517513275
0.3904113173484802
0.03464942052960396
0.005414539482444525
0.0034120329655706882
0.08255477249622345
0.0109152402728796
0.08246331661939621
0.12252101302146912
0.016510270535945892
0.009052249602973461
0.02522222138941288
0.056124161928892136
0.36175301671028137
0.19884970784187317
0.09069214761257172
0.0847710445523262
0.1538732498884201
0.03882315009832382
0.011789487674832344
0.01126019936054945
1.5508041381835938
0.6986642479896545
0.10135713964700699
0.2502990961074829
0.30312809348106384
0.5763066411018372
0.012590031139552593
0.032954491674900055
0.020967017859220505
0.04761320352554321
0.015899481251835823
0.022436635568737984
0.036046236753463745
0.022348375990986824
0.14319056272506714
0.11561352014541626
0.04684744030237198
0.0760795921087265
0.023706234991550446
0.02365957386791706
0.027802608907222748
0.01467658206820488
1.460058569908142
0.6358462572097778
0.0244220532476902
0.016289904713630676
0.13440673053264618
0.27680322527885437
0.009082240052521229
0.013383932411670685
0.04928923770785332
0.04533214494585991
0.08304853737354279
0.07210158556699753
0.05607381463050842
0.1714927703142166
0.010864519514143467
0.006223728414624929
0.012576285749673843
0.007803758140653372
0.03882346302270889
0.013412117026746273
0.03493889048695564
0.062109287828207016
0.31427890062332153
0.1772196739912033
0.0275143813341856
0.4995996057987213
0.04150897637009621
0.035110533237457275
0.010192212648689747
0.005466350354254246
0.09267561137676239
0.006232025101780891
0.1132563054561615
0.055247802287340164
0.06522872298955917
0.076032854616642
0.003992476500570774
0.0073137590661644936
0.12454583495855331
0.25830116868019104
1.174079179763794
1.4021220207214355
0.01789417304098606
0.01605321653187275
0.05720846354961395
0.007373109459877014
0.006417377851903439
0.032072488218545914
0.058165792375802994
0.1493941843509674
0.19054140150547028
0.030673375353217125
0.18730224668979645
0.6182661652565002
0.010804150253534317
0.029904581606388092
0.07256267219781876
0.057487621903419495
0.07629554718732834
0.0236057061702013
0.03161570429801941
0.013368235900998116
0.24918034672737122
0.0056471796706318855
0.006058889906853437
0.044453296810388565
0.006748596206307411
0.009837483987212181
0.012907222844660282
0.021533524617552757
0.08979624509811401
0.028073856607079506
0.0680268183350563
0.004489494487643242
0.013063818216323853
0.0248812735080719
0.03635026514530182
0.011390620842576027
0.2239406704902649
0.00976704340428114
0.06368853151798248
0.010475858114659786
0.017172975465655327
0.014596307650208473
0.34595340490341187
1.1675703525543213
0.06398981064558029
0.04627162963151932
0.010262520983815193
0.034017231315374374
0.1901530921459198
0.03343712165951729
2.2581894397735596
1.756239891052246
0.25238263607025146
0.01502132136374712
0.02019556798040867
0.02361132949590683
0.04845251888036728
0.02752351015806198
0.018098905682563782
0.008867311291396618
0.4963071942329407
0.13438966870307922
1.6188045740127563
1.2595081329345703
0.011756550520658493
0.011985518969595432
0.025614144280552864
0.014300491660833359
0.6073180437088013
0.1297706812620163
0.011480479501187801
0.005154046695679426
0.027555635198950768
0.01220310851931572
0.006269586738198996
0.010641324333846569
0.013889811001718044
0.010854901745915413
0.3854513466358185
0.8570243120193481
0.04107071831822395
0.010813981294631958
0.11449894309043884
0.15549838542938232
1.1013106107711792
0.7122274041175842
0.015218300744891167
0.010149520821869373
0.05724146217107773
0.05480508878827095
0.06597580760717392
0.02657756581902504
1.02289617061615
0.5953107476234436
0.10333916544914246
0.024295885115861893
0.22073204815387726
0.38651177287101746
0.010826733894646168
0.009115783497691154
0.003443703521043062
0.00825941190123558
0.7972809076309204
0.5097243785858154
0.06571540236473083
0.0801372304558754
0.032210834324359894
0.005307625513523817
0.2069438099861145
0.035223156213760376
0.11512073129415512
0.010425901040434837
0.007727000396698713
0.003582804696634412
0.12970712780952454
0.01960352621972561
0.13193723559379578
0.018018564209342003
0.6587712168693542
0.20850998163223267
0.15265220403671265
0.023077061399817467
0.007321160286664963
0.008481025695800781
0.02390231378376484
0.00632545305415988
0.17441508173942566
0.055055923759937286
0.05472295731306076
0.015822116285562515
0.04721992835402489
0.17882920801639557
0.07974880933761597
0.007903062738478184
0.1565191000699997
0.09803425520658493
0.10311122983694077
0.07633403688669205
0.012722938321530819
0.005807085428386927
0.04875665530562401
0.10319007933139801
0.08650865405797958
0.025083117187023163
0.09077389538288116
0.5864911675453186
0.006019827909767628
0.007579664699733257
0.05111923813819885
0.028445839881896973
0.302546888589859
0.3789212703704834
0.0209086574614048
0.01281416229903698
0.032929398119449615
0.06824618577957153
0.00953557901084423
0.02551233023405075
0.01348544005304575
0.012045979499816895
0.01099273469299078
0.007157470099627972
0.0444231741130352
0.012246334925293922
0.02232765033841133
0.044595442712306976
0.0031100637279450893
0.024222614243626595
0.018502432852983475
0.11638333648443222
0.05773476883769035
0.006182394456118345
0.013395247980952263
0.00630953861400485
0.10386795550584793
0.015076353214681149
0.3748185634613037
0.14149464666843414
0.013141368515789509
0.011562919244170189
0.01467721164226532
0.03298521786928177
0.015029766596853733
0.014698626473546028
0.04192081838846207
0.15864533185958862
0.2285819947719574
0.0567702054977417
0.14170198142528534
0.07210158556699753
0.02812860906124115
0.015233958140015602
0.0443001314997673
0.05331391841173172
0.02054327353835106
0.01292033027857542
0.008626293390989304
0.06654725968837738
0.19120365381240845
0.011969076469540596
1.529626488685608
2.0126051902770996
0.02527788281440735
0.016228917986154556
0.017132647335529327
0.009327290579676628
0.30598223209381104
0.07399481534957886
0.046856917440891266
0.09675583243370056
0.0323767364025116
0.1255626529455185
1.3599121570587158
0.21662741899490356
0.028247106820344925
0.035753387957811356
0.018755830824375153
0.02365957386791706
0.17384298145771027
0.011572157964110374
0.17360621690750122
0.0808725655078888
0.08249203860759735
0.20528313517570496
0.04098100960254669
0.37642768025398254
0.06356391310691833
0.07057798653841019
0.006138666067272425
0.04414825513958931
0.017998874187469482
0.009381664916872978
0.1468120515346527
0.0063748909160494804
0.031644366681575775
0.059432245790958405
0.023627039045095444
0.29645630717277527
0.04395883530378342
0.0217338465154171
0.2662141025066376
0.07991232722997665
0.016193661838769913
0.00693845096975565
0.020725904032588005
0.017930254340171814
0.025311866775155067
0.01972830668091774
0.039698123931884766
0.024632763117551804
0.04564899951219559
0.15727591514587402
0.010728680528700352
0.0034751398488879204
0.21889491379261017
0.10105960071086884
0.017598308622837067
0.015935664996504784
0.01705910824239254
0.011846065521240234
0.004659411963075399
0.02327958680689335
0.028748899698257446
0.03279310464859009
0.005916772875934839
0.03189348056912422
0.03473780304193497
0.01839669607579708
0.07338114827871323
0.008289258927106857
0.04344983026385307
0.030042067170143127
0.05953805893659592
0.007189764175564051
0.05187370255589485
0.49485716223716736
0.07557206600904465
0.021891776472330093
0.243407741189003
0.20401440560817719
0.02597298100590706
0.5907354354858398
0.009586529806256294
0.010207265615463257
0.006030553951859474
0.006384129170328379
0.024248754605650902
0.029158275574445724
0.05685345456004143
0.3843821883201599
0.026942739263176918
0.032894495874643326
0.0646103024482727
0.00991787575185299
0.1889582872390747
0.2030174434185028
0.29522570967674255
0.29134106636047363
0.024894578382372856
0.06711061298847198
0.014740966260433197
0.003799683414399624
0.022140569984912872
0.011864937841892242
0.1536097675561905
0.015631437301635742
0.0319497212767601
0.06533915549516678
0.021610647439956665
0.01864788308739662
0.006971508264541626
0.010729517787694931
0.0782221332192421
0.045011915266513824
0.18296000361442566
0.08002398163080215
0.014144416898488998
0.03250576928257942
0.14639562368392944
0.01716826856136322
0.008821777999401093
0.08916018903255463
0.10169857740402222
0.16503657400608063
0.10940758138895035
0.03212931379675865
0.1481834203004837
0.1176745817065239
0.03378482908010483
0.46993517875671387
0.20189416408538818
0.12876541912555695
0.010517592541873455
0.015890195965766907
0.1643502414226532
0.3240774869918823
0.005789593793451786
0.039182327687740326
0.03812845051288605
0.11197167634963989
0.6388864517211914
0.018526505678892136
0.15746940672397614
0.022306736558675766
0.003745456226170063
0.0646122619509697
0.08031155169010162
0.02476397715508938
0.15864774584770203
0.007136736065149307
0.04138835519552231
0.02864949218928814
0.08000299334526062
0.25280967354774475
0.05199950560927391
0.37613222002983093
0.01694948598742485
0.07434753328561783
0.43760019540786743
0.2941407859325409
0.7253937125205994
0.6358462572097778
0.007583546917885542
0.006492847576737404
0.0766565352678299
0.060136884450912476
0.006826306693255901
0.011036206036806107
0.0823625773191452
0.019794810563325882
0.09682592749595642
0.04811498150229454
0.028937317430973053
0.0569133423268795
0.04479043185710907
0.02082391083240509
0.24389436841011047
0.0785612016916275
0.005907127633690834
0.03190061077475548
0.009221657179296017
0.009428245946764946
0.06392192095518112
0.018290674313902855
0.0237689558416605
0.02863467112183571
0.02197817526757717
0.024632763117551804
0.01266078557819128
0.00421471893787384
0.008756222203373909
0.017930254340171814
0.17796039581298828
0.03820619359612465
1.0832350254058838
0.8387994170188904
0.06771059334278107
0.14619095623493195
0.021546360105276108
0.0038122604601085186
0.4955690801143646
0.47172555327415466
0.018477309495210648
0.020721033215522766
0.09512986242771149
0.01757662743330002
0.024088801816105843
0.028638683259487152
0.48861825466156006
0.09645683318376541
0.10547278076410294
0.09136192500591278
0.3881155848503113
0.5136303305625916
0.4262893795967102
0.5146880149841309
0.07916491478681564
0.00896409060806036
0.009962748736143112
0.012182091362774372
0.006053361110389233
0.019699716940522194
0.018901947885751724
0.007337869144976139
0.12368927150964737
0.052430663257837296
0.16580331325531006
0.3323216140270233
0.014995817095041275
0.010624316520988941
0.009188557043671608
0.044752296060323715
0.09008824080228806
0.12464398145675659
0.016088880598545074
0.023527411743998528
0.5791440606117249
0.7130716443061829
0.030259016901254654
0.014094890095293522
0.13741327822208405
0.07255130261182785
0.0977364182472229
0.008771020919084549
0.01394510269165039
0.03256619721651077
0.019877051934599876
0.012401876039803028
0.028425030410289764
0.05699678510427475
0.0542910173535347
0.012347981333732605
0.008580426685512066
0.006897506769746542
0.17311066389083862
0.026671603322029114
0.06014971435070038
0.01406589150428772
0.07553857564926147
0.11673576384782791
0.2154805213212967
0.019674526527523994
0.11386814713478088
0.48902982473373413
0.014232564717531204
0.016081631183624268
0.0621916837990284
0.3701336085796356
0.1441105306148529
0.037846896797418594
0.018819594755768776
0.02312036231160164
0.18266838788986206
0.17463025450706482
0.0034922147169709206
0.0027242000214755535
0.508711040019989
0.02968352660536766
0.10178591310977936
0.03787989541888237
0.013053079135715961
0.022115860134363174
0.07085233926773071
0.022959575057029724
0.012126990593969822
0.01093371119350195
0.03377579152584076
0.031018078327178955
0.02144097164273262
0.22644595801830292
0.4033745229244232
0.07230699062347412
0.021079296246170998
0.01927032694220543
0.015080439858138561
0.0145408995449543
0.02575741335749626
0.02126219868659973
0.007005218416452408
0.016623616218566895
0.0069178128615021706
0.12091574817895889
0.18565906584262848
0.11465267837047577
1.20306396484375
0.9513602256774902
0.20923008024692535
0.010890023782849312
0.05911436676979065
0.08026659488677979
0.03704451024532318
0.00609186477959156
0.024776268750429153
0.004973446484655142
0.06023372337222099
0.019662078469991684
0.08106875419616699
0.015680618584156036
0.07697755098342896
0.6402420997619629
0.020814845338463783
0.006813214626163244
0.01979394443333149
0.021394571289420128
0.03680117428302765
0.009782012552022934
0.007285702507942915
0.020731376484036446
0.005355701316148043
0.006965041160583496
0.012240825220942497
0.057357605546712875
0.05301395431160927
0.0582427904009819
0.06209444999694824
0.010448102839291096
0.01766895316541195
0.021152766421437263
0.006552435457706451
0.0021636118181049824
0.08857119828462601
0.07022623717784882
0.02285226248204708
0.09158562123775482
0.08168892562389374
0.016544248908758163
0.09861566871404648
0.012754824012517929
1.5581841468811035
1.3728418350219727
0.14036713540554047
0.10311093181371689
0.015506792813539505
0.029455402866005898
0.007372184656560421
0.040746401995420456
0.008494077250361443
0.03887034207582474
0.11060041189193726
0.06502211838960648
0.011009305715560913
0.041970327496528625
0.009441651403903961
0.005350765772163868
0.010338791646063328
0.005336564965546131
0.11152003705501556
0.05440777912735939
0.15859997272491455
0.26611483097076416
0.08903754502534866
0.0591665543615818
0.23931501805782318
0.016867972910404205
0.021275386214256287
0.11077272891998291
0.04812927916646004
0.2815100848674774
0.5643928050994873
0.4131825268268585
0.02065662294626236
0.00789660681039095
0.014016244560480118
0.012382237240672112
0.02223963662981987
0.006681802216917276
0.01011340320110321
0.07322408258914948
0.05075521767139435
0.03642658144235611
0.012596198357641697
0.0158273633569479
0.03881615772843361
0.06598831713199615
0.06205116957426071
0.04416322708129883
0.01774103194475174
0.019139904528856277
0.12955942749977112
0.02486800216138363
0.04183296114206314
0.01649925671517849
0.009024407714605331
0.06782793998718262
0.03436652943491936
0.022755613550543785
0.006816633976995945
0.012850672006607056
0.02890668623149395
0.006553824990987778
0.12671537697315216
0.2342698872089386
0.046679120510816574
0.02125881239771843
0.009617898613214493
0.008653203025460243
0.5627796053886414
0.13363246619701385
0.035690002143383026
1.6495505571365356
0.011236121878027916
0.10658373683691025
0.0017136300448328257
0.012325989082455635
0.2375246286392212
0.022073380649089813
0.25976914167404175
0.015173937194049358
0.13066931068897247
0.05720747634768486
0.029115818440914154
0.034928832203149796
0.7631324529647827
0.7036159038543701
0.056013647466897964
0.028181076049804688
0.03034926764667034
0.03164688125252724
0.038670413196086884
0.06287646293640137
1.823014497756958
1.8366049528121948
0.12159182131290436
0.4087745249271393
0.08925211429595947
0.019386090338230133
0.06035424768924713
0.33763542771339417
0.029317690059542656
0.02251017838716507
0.2959326505661011
0.0589938759803772
1.309551477432251
1.5301482677459717
0.018167639151215553
0.05949961021542549
0.01906675100326538
0.013401420786976814
0.1115778237581253
0.04223331809043884
0.008591622114181519
0.008315086364746094
0.037720952183008194
0.009856339544057846
0.15602843463420868
0.18235895037651062
0.07445894926786423
0.14478564262390137
0.02356371283531189
0.21906469762325287
0.015575510449707508
0.02306322194635868
0.04357979819178581
0.14807598292827606
0.02271873503923416
0.06821170449256897
0.22881630063056946
0.20657379925251007
0.10896848887205124
0.008710517548024654
0.04805080220103264
0.1479080468416214
0.010028541088104248
0.010116290301084518
0.012485211715102196
0.015940800309181213
0.02558513544499874
0.016865717247128487
0.045007698237895966
0.013958273455500603
0.00454384321346879
0.014081093482673168
0.07342789322137833
0.007769655901938677
0.01751786097884178
0.009516277350485325
0.021139290183782578
0.053835902363061905
0.031637728214263916
0.01531349029392004
0.04306965693831444
0.027677331119775772
0.20490607619285583
0.41040706634521484
0.008357514627277851
0.007997769862413406
0.0566868856549263
0.013509241864085197
0.0027202388737350702
0.04043133929371834
0.04662414267659187
0.01916717365384102
0.13370828330516815
0.03999945521354675
0.011757280677556992
0.02820836752653122
0.08947230875492096
0.015005731023848057
0.008417028933763504
0.015096625313162804
0.011314244009554386
0.00765849556773901
0.1957685947418213
0.0200392734259367
0.0926661342382431
0.007300638128072023
0.12633948028087616
0.04427573084831238
0.1769292652606964
0.026418333873152733
0.03435735031962395
0.07823759317398071
0.017073076218366623
0.045289650559425354
0.043846577405929565
0.3795856833457947
0.011121584102511406
0.007021017838269472
0.036052849143743515
0.27738791704177856
1.027238368988037
0.4385937750339508
0.01623954065144062
0.07671736180782318
0.013736439868807793
0.018222399055957794
0.01901163160800934
0.015322674065828323
0.012343179434537888
0.004002635832875967
0.01579848676919937
0.007184222340583801
0.04759565740823746
0.016258355230093002
0.03669721633195877
0.0059044198133051395
0.006560052745044231
0.046272970736026764
0.020753808319568634
0.015890195965766907
0.12474999576807022
0.022526109591126442
0.027414629235863686
0.1614556908607483
0.05495625361800194
0.014365000650286674
0.10694529116153717
0.09523722529411316
0.03211480379104614
0.01443653553724289
0.04465024173259735
0.1258765161037445
0.06016859412193298
0.08293447643518448
0.16124844551086426
0.018480733036994934
0.00849382858723402
0.046272970736026764
0.03207109495997429
0.15035931766033173
0.007725818548351526
0.013167480006814003
0.03369176760315895
0.00526842474937439
0.008117957040667534
0.013244293630123138
0.023268431425094604
0.11283157765865326
0.0037875031121075153
0.005138150416314602
0.057862065732479095
0.013568175956606865
0.09401953965425491
0.01849789172410965
0.011415962129831314
0.011411269195377827
0.04309951514005661
0.16790500283241272
0.0675743967294693
0.01056710910052061
0.07691047340631485
0.03670874238014221
0.04312999173998833
0.015713782981038094
0.03270554542541504
0.014984676614403725
0.03002673201262951
0.05539412796497345
0.011644343845546246
0.006874143145978451
0.007711157202720642
0.014028321020305157
0.6884329319000244
0.013119122013449669
0.12580300867557526
0.06848880648612976
0.02732057310640812
0.011236157268285751
0.025685125961899757
0.03307748958468437
0.023468784987926483
0.010922064073383808
0.46521249413490295
0.037245675921440125
0.022427702322602272
0.10615826398134232
0.04715113341808319
0.01604226604104042
0.02937905862927437
0.015783000737428665
0.06472685933113098
0.12285172194242477
0.004557839594781399
0.015177746303379536
0.06742499768733978
0.010408674366772175
0.03175694867968559
0.0444556400179863
0.055644191801548004
0.022095952183008194
0.16124673187732697
0.03533502668142319
0.2792890667915344
0.031520776450634
0.012399607338011265
0.008400442078709602
0.004034749232232571
0.04912327602505684
0.02887473627924919
0.006391841918230057
0.10150261223316193
0.07531663775444031
0.05258866026997566
0.07991232722997665
0.006253293715417385
0.09469880908727646
0.03641878440976143
0.006115531548857689
0.06930744647979736
0.0036548846401274204
0.02241630107164383
0.03383191302418709
0.03123866766691208
0.00983322411775589
0.013869665563106537
0.01319551095366478
0.03213469684123993
0.1645730584859848
0.08045350760221481
0.07429219782352448
0.04135007783770561
0.007314005866646767
0.005802518222481012
0.04879441112279892
0.12077838182449341
0.013302204199135303
0.0358966588973999
0.012619893997907639
0.013414325192570686
0.004353225696831942
0.04877118021249771
0.009886899963021278
0.022238556295633316
0.06478099524974823
0.051491737365722656
0.07394274324178696
0.007645688951015472
0.0062826285138726234
0.019540349021553993
0.009717954322695732
0.019422465935349464
0.011976763606071472
0.007685690652579069
0.020278509706258774
0.06191243976354599
0.03293222934007645
0.0735945925116539
0.05451236665248871
0.010835456661880016
0.044910430908203125
0.03243327885866165
0.3065619468688965
0.009801844134926796
0.141612708568573
0.03949608653783798
0.008163979277014732
0.1085311770439148
0.052430663257837296
0.03631190210580826
0.02800440974533558
0.0229963306337595
0.1949506402015686
0.021285397931933403
0.004991170950233936
0.004041251726448536
0.0659927949309349
0.07562823593616486
0.010590972378849983
0.33309751749038696
0.4539250135421753
0.8093022108078003
0.44717833399772644
0.012186027131974697
0.014187417924404144
0.0791875422000885
0.22995926439762115
0.005599096417427063
0.026011312380433083
0.018378859385848045
0.019605975598096848
0.0844515934586525
0.018378971144557
0.14439253509044647
0.21758806705474854
0.2037297785282135
0.031123198568820953
0.012020937167108059
0.04879441112279892
0.06822522729635239
0.018780730664730072
0.476912260055542
0.09869801998138428
0.03720254823565483
0.10894342511892319
0.1231287345290184
0.4848979711532593
0.535096287727356
0.0929795429110527
0.01917274482548237
0.011236157268285751
0.05466347932815552
0.05969753861427307
0.046505771577358246
0.008739037439227104
0.0321480818092823
0.08095380663871765
0.06182796508073807
0.04170699045062065
0.04597429931163788
0.054206859320402145
0.2437829226255417
0.06247861683368683
0.016301952302455902
0.024963995441794395
0.006631828378885984
0.014382373541593552
0.029702279716730118
0.036899060010910034
0.2947416603565216
0.1480560302734375
0.03188604861497879
0.026790780946612358
0.06453372538089752
0.15164336562156677
0.014932122081518173
0.008803872391581535
0.017350750043988228
0.03212103992700577
0.16790534555912018
0.13624544441699982
0.06702233105897903
0.07639617472887039
0.5541948080062866
0.4897828698158264
0.031721439212560654
0.020226474851369858
0.16450899839401245
0.09682774543762207
0.051912497729063034
0.04196520522236824
0.008314240723848343
0.006555385887622833
0.16752135753631592
0.07280335575342178
0.0926763266324997
0.019402720034122467
0.4375227987766266
0.9699469208717346
0.01585790142416954
0.23255577683448792
0.014283647760748863
0.033430762588977814