0.0037935683503746986
0.027747726067900658
0.003268623258918524
0.01254633441567421
0.07473322004079819
0.060048989951610565
0.1333589255809784
0.03458182513713837
0.015896085649728775
0.02308586612343788
0.021417660638689995
0.22037595510482788
0.012670928612351418
0.010894780047237873
0.13617032766342163
0.12093272805213928
0.10182923823595047
0.02505592070519924
0.0851946771144867
0.12451310455799103
0.04628494754433632
0.026776587590575218
0.01936427876353264
0.10457980632781982
0.017376519739627838
0.05298405513167381
0.007317672949284315
0.01875108666718006
0.01728709600865841
0.067368283867836
0.018392497673630714
0.022439545020461082
0.14216981828212738
0.3427572548389435
0.20601794123649597
0.16840097308158875
0.002081803511828184
0.004948753397911787
0.03642931208014488
0.2594820559024811
0.1268434077501297
0.1945819854736328
0.09074389934539795
0.14049509167671204
0.005982295610010624
0.004608343821018934
0.002810817677527666
0.025198936462402344
0.06686359643936157
0.007411753758788109
0.005284822080284357
0.005426590330898762
0.1225360780954361
0.13305744528770447
0.3447595536708832
0.31249576807022095
0.03475682809948921
0.026951530948281288
0.04845196753740311
0.43026095628738403
0.04734594374895096
0.004827506374567747
0.0059365215711295605
0.00544577743858099
0.014745316468179226
0.05398140847682953
0.02686634659767151
0.08405524492263794
0.005669854115694761
0.005151465069502592
0.004137137439101934
0.01289389282464981
0.04765307903289795
0.08225399255752563
0.07604295760393143
0.04929602891206741
0.14705117046833038
0.11312827467918396
0.05198777839541435
0.18557457625865936
0.039263613522052765
0.1753656566143036
0.005825692322105169
0.08330836892127991
0.10552138835191727
0.02230420894920826
0.0377638079226017
0.021691346541047096
0.0383232943713665
0.004536312073469162
0.04417702928185463
0.01979481615126133
0.0503215417265892
0.10093238949775696
0.08089341968297958
0.08176057040691376
0.04755587875843048
0.11700181663036346
0.02078060619533062
0.01600022427737713
0.05480131506919861
0.1644400656223297
0.05840020626783371
0.16112960875034332
0.011286983266472816
0.010156700387597084
0.042720943689346313
0.247706800699234
0.00758439302444458
0.006633410230278969
0.0136377839371562
0.1906004399061203
0.03931453824043274
0.05182776227593422
0.09713765233755112
0.31439995765686035
0.06121799722313881
0.04461098834872246
0.014239839278161526
0.06650874763727188
0.4711148142814636
0.44422924518585205
0.051253482699394226
0.09843146055936813
0.0196885596960783
0.0326690748333931
0.023455752059817314
0.14895310997962952
0.023748653009533882
0.02629217877984047
0.03249485790729523
0.01622689701616764
0.06641721725463867
0.12222389876842499
0.09569525718688965
0.03983006998896599
0.006016389932483435
0.011688411235809326
0.009307127445936203
0.05607016384601593
0.054969221353530884
0.020243067294359207
0.10835933685302734
0.30421578884124756
0.007152734789997339
0.015542042441666126
0.028214626014232635
0.02830023318529129
0.015538115054368973
0.03143436461687088
0.0676550418138504
0.17467336356639862
0.02271578460931778
0.030158009380102158
0.012007653713226318
0.07115156948566437
0.011260922998189926
0.011736057698726654
0.0072405352257192135
0.015672994777560234
0.019233206287026405
0.05566130578517914
0.009116505272686481
0.033792562782764435
0.006137151271104813
0.009416941553354263
0.06814882904291153
0.0190596841275692
0.002469494007527828
0.011435559950768948
0.0025004702620208263
0.02216096594929695
0.01588275283575058
0.013313550502061844
0.060234058648347855
0.029139582067728043
0.536355197429657
0.5360205769538879
0.15272335708141327
0.41942763328552246
0.10284915566444397
0.062218572944402695
0.025802239775657654
0.23373454809188843
0.005256769713014364
0.027790572494268417
0.01313712541013956
0.03240450844168663
0.09215474873781204
0.03064427338540554
0.04897807538509369
0.09960426390171051
0.059373900294303894
0.003865353763103485
0.09557019174098969
0.016960160806775093
0.028425954282283783
0.027198711410164833
0.040146298706531525
0.04613626003265381
0.012945270165801048
0.008226611651480198
0.009031484834849834
0.01761988177895546
0.013849586248397827
0.03440332040190697
0.005605464335530996
0.05757720395922661
0.0442073717713356
0.013688643462955952
0.0198470838367939
0.049719423055648804
0.05456257611513138
0.013991709798574448
0.057813338935375214
0.04950490593910217
0.006333350203931332
0.007002294063568115
0.01381794735789299
0.10519927740097046
0.0031470477115362883
0.035078663378953934
0.009025068953633308
0.01784522831439972
0.39819490909576416
0.3584407866001129
0.17239706218242645
0.9647414088249207
0.023213369771838188
0.03736290708184242
0.006886261980980635
0.3811977803707123
1.3560770750045776
0.3300020694732666
1.0004619359970093
0.21336691081523895
0.00363341486081481
0.005628048442304134
0.006796286907047033
0.03424179181456566
0.09603582322597504
0.1606234610080719
0.04708796739578247
0.1851925104856491
0.003651763778179884
0.015283885411918163
0.00898719485849142
0.30206528306007385
0.05501926690340042
0.1330949366092682
0.08047853410243988
0.022689923644065857
0.219850555062294
0.31811195611953735
0.06403080374002457
0.4097824692726135
0.010922259651124477
0.013880518265068531
0.03128315508365631
0.055934369564056396
0.038147784769535065
0.030028199777007103
0.025995641946792603
0.0338711142539978
0.05940141901373863
0.24628153443336487
0.031047413125634193
0.0879334881901741
0.21163931488990784
0.43045753240585327
0.0667363777756691
0.10037178546190262
0.03904377669095993
0.23199710249900818
0.08566365391016006
0.11112324893474579
0.11928360164165497
0.019887743517756462
0.2582412660121918
0.0905766412615776
0.15853960812091827
0.11926308274269104
0.15420934557914734
0.532113790512085
0.09908892214298248
0.036640655249357224
0.2679387927055359
0.11683910340070724
0.3133423626422882
0.058359477669000626
0.24042949080467224
0.0881941169500351
0.00465047312900424
0.023338017985224724
0.006291696801781654
0.03250115364789963
0.08548402041196823
0.02264675870537758
0.018693281337618828
0.18730653822422028
0.004683339968323708
0.014381338842213154
0.013307170942425728
0.1316588819026947
0.009269524365663528
0.05483552813529968
0.05471020191907883
0.03468630462884903
0.021411960944533348
0.004787194076925516
0.020193228498101234
0.028457671403884888
0.07122670114040375
0.06513098627328873
0.04743096977472305
0.0829138457775116
0.039243366569280624
0.06849530339241028
0.0036452440544962883
0.1738676279783249
0.028963249176740646
0.025478150695562363
0.018977804109454155
0.03163447231054306
0.08314596116542816
0.21241585910320282
0.11954795569181442
0.861777663230896
0.003915852401405573
0.11551303416490555
0.00767735717818141
0.02102697640657425
0.006334444507956505
0.006348069291561842
0.014208998531103134
0.017109055072069168
0.008807186037302017
0.031122151762247086
0.01853063702583313
0.12411471456289291
0.05406646803021431
0.053023237735033035
0.06087775155901909
0.0653645396232605
0.008482420817017555
0.01870836690068245
0.03044491820037365
0.42778727412223816
0.04272861033678055
0.027931833639740944
0.007985025644302368
0.1065393015742302
0.06553180515766144
0.28036198019981384
0.05304224044084549
0.124715156853199
0.004033246543258429
0.011623387224972248
0.026717498898506165
0.11156940460205078
0.12359859049320221
0.04254753887653351
0.20720121264457703
0.16480092704296112
0.0065579782240092754
0.005550564732402563
0.04990025609731674
0.5116081833839417
0.01842821016907692
0.011793886311352253
0.021767478436231613
0.020302075892686844
0.05719245597720146
0.013820343650877476
0.06662112474441528
0.08722369372844696
0.0030239438638091087
0.005344456993043423
0.0032653012312948704
0.05250728875398636
0.01659153401851654
0.0252990759909153
0.01469915546476841
0.2357761114835739
0.004421549383550882
0.01961136795580387
0.006699067540466785
0.19953346252441406
0.05667628347873688
0.048855092376470566
0.032597772777080536
0.036795005202293396
0.007228650618344545
0.06820397824048996
0.02257290855050087
0.024013465270400047
0.16136038303375244
0.019006388261914253
0.04322883486747742
0.02407858893275261
0.018320493400096893
0.02638537622988224
0.10050160437822342
0.02708505466580391
0.03319915384054184
0.017265982925891876
0.045868881046772
0.052067019045352936
0.12031710892915726
0.07195589691400528
0.06012841686606407
0.6481938362121582
0.0032465022522956133
0.009115166962146759
0.012897735461592674
0.04025983065366745
0.21114197373390198
0.3079938590526581
0.1167510598897934
0.16620740294456482
0.19070439040660858
0.3094429671764374
0.3107222318649292
0.4257678687572479
0.13371549546718597
0.014670904725790024
0.007790678180754185
0.006183267571032047
0.007258075755089521
0.015869833528995514
0.02459016814827919
0.18126347661018372
0.009525157511234283
0.008783737197518349
0.05116209387779236
0.005548018030822277
0.04451880231499672
0.10742039233446121
0.014367146417498589
0.008123358711600304
0.11021026968955994
0.1679099202156067
0.05463629961013794
0.08402284234762192
0.18773339688777924
0.028597168624401093
0.25141358375549316
0.05403122305870056
0.038063328713178635
0.05782920494675636
0.031821198761463165
0.07934306561946869
0.058653101325035095
0.02608097530901432
0.01990634575486183
0.024198278784751892
0.010261896066367626
0.03685113042593002
0.016107378527522087
0.11176329106092453
0.006464509759098291
0.014187694527208805
0.006705939304083586
0.19155362248420715
0.005863221827894449
0.007030650041997433
0.02680273912847042
0.09772425144910812
0.1029856726527214
0.06229047477245331
0.022961607202887535
0.03237059712409973
0.008104938082396984
0.01974024996161461
0.05103422701358795
0.42057299613952637
0.005051212850958109
0.009911183267831802
0.0034440418239682913
0.023694369941949844
0.004558767657727003
0.005790521390736103
0.003471900476142764
0.010885564610362053
0.01081332378089428
0.016070226207375526
0.008107416331768036
0.03125832974910736
0.0029423898085951805
0.00873561017215252
0.012452863156795502
0.015118706040084362
0.25192874670028687
0.04514234885573387
0.06358912587165833
0.02712278626859188
0.4177052080631256
0.07266351580619812
0.31119170784950256
0.16691163182258606
0.015481051057577133
0.018139436841011047
0.014070603996515274
0.056381504982709885
0.05333629623055458
0.08945076912641525
0.0546162873506546
0.0953962504863739
0.017644524574279785
0.014039221219718456
0.0173556637018919
0.017656145617365837
0.23139093816280365
0.04389034956693649
0.1218244880437851
0.07579144835472107
0.018669208511710167
0.1884576678276062
0.005396575666964054
0.006667143199592829
0.1212945207953453
0.08510447293519974
0.1355391889810562
0.04662473499774933
0.019240383058786392
0.008320128545165062
0.00832265242934227
0.006235807202756405
0.20624366402626038
0.005945255979895592
0.02562221884727478
0.0242607444524765
0.011032497510313988
0.027301300317049026
0.010588806122541428
0.05551547929644585
0.030247120186686516
0.012327104806900024
0.034020211547613144
0.014600224792957306
0.012738351710140705
0.016652211546897888
0.021532705053687096
0.007483291439712048
0.05765913799405098
0.06745472550392151
0.020586198195815086
0.3043714165687561
0.023740245029330254
0.018593842163681984
0.011534343473613262
0.20357179641723633
0.04479103535413742
0.06075639650225639
0.031804293394088745
0.19779714941978455
0.02158297784626484
0.016943303868174553
0.03326955437660217
0.054684098809957504
0.25965696573257446
0.03355471417307854
0.19385823607444763
0.07448701560497284
0.052253250032663345
0.1159553974866867
0.050009310245513916
0.4785742461681366
0.03190350905060768
0.020128309726715088
0.01960434392094612
0.019195139408111572
0.011181625537574291
0.005049876403063536
0.020427947863936424
0.008824320510029793
0.017187872901558876
0.020923582836985588
0.01599137671291828
0.03205960988998413
0.43047305941581726
0.6292027831077576
0.14554089307785034
0.4543689489364624
0.039016831666231155
0.04248996451497078
0.05353719741106033
0.058400169014930725
1.3807084560394287
0.3193596303462982
0.8856779336929321
0.7262033820152283
0.010509875603020191
0.15920454263687134
0.009392866864800453
0.37702760100364685
0.009798991493880749
0.015885118395090103
0.0132606765255332
0.2278030812740326
0.015723662450909615
0.03558254987001419
0.03745722770690918
0.05242116376757622
0.2161441445350647
0.037303727120161057
0.05227001756429672
0.07145482301712036
0.005136642139405012
0.006065254099667072
0.013514649122953415
0.01089666411280632
0.027362095192074776
0.2952764332294464
0.03202372044324875
0.03962559998035431
0.03222393989562988
0.017303084954619408
0.030228184536099434
0.19923609495162964
0.033227596431970596
0.07941792160272598
0.0663953423500061
0.03318564593791962
0.0657782107591629
0.06094357371330261
0.03611350059509277
0.08972969651222229
0.00931592471897602
0.02949913591146469
0.01083425059914589
0.028685471042990685
0.004543776158243418
0.0062958779744803905
0.006085469387471676
0.009708109311759472
0.007132789120078087
0.03825290501117706
0.010940919630229473
0.2183225005865097
0.44737645983695984
0.48614048957824707
0.05682546645402908
0.16881629824638367
0.008902757428586483
0.03216036036610603
0.010433664545416832
0.0051159244030714035
0.008016358129680157
0.0062869456596672535
0.006417523603886366
0.024221358820796013
0.015625637024641037
0.0030587157234549522
0.06722366064786911
0.019638948142528534
0.127506822347641
0.011333695612847805
0.023967482149600983
0.00931546837091446
0.06718310713768005
0.03449611738324165
0.06330343335866928
0.07125256955623627
0.07410884648561478
0.013297055847942829
0.035884514451026917
0.011105949990451336
0.033707212656736374
0.14068394899368286
0.010311849415302277
0.026522286236286163
0.010953694581985474
0.0043786438181996346
0.007251003757119179
0.014868649654090405
0.04500338435173035
0.037756048142910004
0.025199178606271744
0.03796777129173279
0.012138823978602886
0.00955607183277607
0.011039030738174915
0.2457752227783203
0.4309057295322418
0.1940331757068634
0.07275684922933578
0.39660629630088806
0.033006321638822556
0.052819881588220596
0.02714596316218376
0.21987313032150269
0.722237765789032
0.08154037594795227
0.5852568745613098
0.6206661462783813
0.08949925005435944
0.035709358751773834
0.08297886699438095
0.02466951310634613
0.02327902987599373
0.013092570938169956
0.08230336755514145
0.05845991522073746
0.11043369770050049
0.21273255348205566
0.04344423487782478
0.19735310971736908
0.18576833605766296
0.0062129138968884945
0.06866688281297684
0.1536751389503479
0.08739111572504044
0.007857603020966053
0.22364547848701477
0.21889346837997437
0.03392602503299713
0.026536423712968826
0.01240627747029066
0.037192221730947495
0.00798023957759142
0.009494743309915066
0.012188788503408432
0.04250272735953331
1.119642972946167
0.936476469039917
0.8966074585914612
0.9906999468803406
0.258100688457489
0.4748169779777527
0.20094646513462067
0.314583957195282
0.08328256011009216
0.2330610454082489
0.043521687388420105
0.0900251492857933
0.04094742238521576
0.17586398124694824
0.05168142169713974
0.12007126212120056
0.02830338105559349
0.04656510427594185
0.37181341648101807
0.008843101561069489
0.030131272971630096
0.0033122876193374395
0.2668248116970062
0.4175409972667694
0.014152259565889835
0.011424699798226357
0.013902682811021805
0.0745636522769928
0.11125552654266357
0.08727376163005829
0.10385142266750336
0.18638992309570312
0.21200862526893616
0.3890784680843353
0.12550990283489227
0.09924525767564774
0.06353014707565308
0.30509501695632935
0.030630990862846375
0.2705073356628418
0.23774224519729614
0.05065756291151047
0.06659679859876633
0.21869222819805145
0.3328195810317993
0.010753712616860867
0.30170464515686035
0.10144179314374924
0.007564048748463392
0.012394522316753864
0.06802865117788315
0.07264694571495056
0.5000172853469849
0.4185967445373535
0.3142845630645752
0.3369370996952057
0.09320848435163498
0.01698160171508789
0.10591872036457062
0.11567462980747223
0.0920785441994667
0.012312674894928932
0.040119629353284836
0.02738436497747898
0.03942396119236946
0.10531821846961975
0.037488169968128204
0.03158344328403473
0.1540815532207489
0.7664840817451477
0.00952829048037529
0.07608211040496826
0.010960521176457405
0.06662128865718842
0.007066871505230665
0.030708741396665573
0.06774629652500153
0.04826633259654045
0.01647651195526123
0.006496173329651356
0.0028351617511361837
0.009942254051566124
0.01308584213256836
0.04427262768149376
0.07947833836078644
0.03625917434692383
0.04662881791591644
0.0219888873398304
0.021852653473615646
0.045162133872509
0.013673132285475731
0.0034160299692302942
0.003421596484258771
0.015957176685333252
0.048259489238262177
0.04187273979187012
0.23313233256340027
0.2878708839416504
0.018665799871087074
0.009479227475821972
0.015425574965775013
0.046865321695804596
0.013175283558666706
0.008849936537444592
0.035469844937324524
0.1841290295124054
0.009010507725179195
0.004802694544196129
0.007795545272529125
0.02747371420264244
0.10435532033443451
0.03119836375117302
0.08354687690734863
0.39595818519592285
0.011475327424705029
0.024330519139766693
0.018771039322018623
0.031125789508223534
0.032547708600759506
0.0067510660737752914
0.02917245402932167
0.013337399810552597
0.6596648097038269
0.8590916395187378
0.23968224227428436
0.12490548938512802
0.07608171552419662
0.09773589670658112
0.017674991860985756
0.23104986548423767
0.010287574492394924
0.005452915094792843
0.03363220393657684
0.1293240189552307
0.015050592832267284
0.020465847104787827
0.013967987149953842
0.20002374053001404
0.02175326459109783
0.026991423219442368
0.014929401688277721
0.07923674583435059
0.054455190896987915
0.005732410587370396
0.05199321359395981
0.009043571539223194
0.010912232100963593
0.027573509141802788
0.028624987229704857
0.024143842980265617
0.11878807097673416
0.05109715834259987
0.1444690227508545
0.09774067252874374
0.5539292693138123
0.533807635307312
0.39414891600608826
0.3884223997592926
0.009653734043240547
0.010418391786515713
0.016569623723626137
0.02706676721572876
1.2566965818405151
0.7256680130958557
1.0085508823394775
0.8527252674102783
0.005166271701455116
0.02813895232975483
0.03249373286962509
0.0855659544467926
0.04578806832432747
0.056240059435367584
0.03967023640871048
0.11942429840564728
0.16603203117847443
0.007937036454677582
0.1223183423280716
0.12112539261579514
0.004685076419264078
0.00971466675400734
0.04260844737291336
0.12651726603507996
0.011161714792251587
0.00979997031390667
0.03293437883257866
0.10864534974098206
0.0075361467897892
0.037276070564985275
0.02699819579720497
0.031335361301898956
0.020981784909963608
0.021570606157183647
0.013934189453721046
0.023464424535632133
0.04979318380355835
0.059223584830760956
0.05596406012773514
0.03920614719390869
0.013125261291861534
0.01033318042755127
0.010144910775125027
0.011538412421941757
0.13364428281784058
0.08987166732549667
0.10673712939023972
0.1810619831085205
0.008261625654995441
0.026531722396612167
0.007606254890561104
0.023965490981936455
0.06747313588857651
0.16045057773590088
0.08436722308397293
0.24640090763568878
0.021603580564260483
0.023013466969132423
0.022731676697731018
0.18367362022399902
0.09128211438655853
0.015514382161200047
0.05276967212557793
0.14923067390918732
0.17366567254066467
0.024461789056658745
0.18543095886707306
0.22680552303791046
0.02112884633243084
0.30886146426200867
0.008488906547427177
0.408597469329834
0.04848141595721245
0.21539424359798431
0.17802558839321136
0.2317156046628952
0.00258079101331532
0.006395198870450258
0.037907782942056656
0.05486617609858513
0.11004476994276047
0.012315218336880207
0.008739768527448177
0.061168886721134186
0.014844512566924095
0.01794605702161789
0.06399063766002655
0.05504484474658966
0.26147451996803284
0.5903955698013306
0.11738001555204391
0.2073063850402832
0.04472852870821953
0.010043167509138584
0.06770743429660797
0.06380745768547058
0.01731877401471138
0.012894801795482635
0.009066518396139145
0.05325571447610855
0.031168293207883835
0.022758621722459793
0.05764929950237274
0.04994213581085205
0.0893765389919281
0.18886816501617432
0.04200182855129242
0.19201292097568512
0.7624446749687195
0.04557054117321968
0.8749258518218994
0.671311616897583
0.032193899154663086
0.03852340206503868
0.01877959445118904
0.0701460987329483
0.09935083240270615
0.12285168468952179
0.09975568950176239
0.10714685171842575
0.1599975824356079
0.24738258123397827
0.037470899522304535
0.4526556730270386
0.032315243035554886
0.0458807609975338
0.00819083210080862
0.09616135060787201
0.14519336819648743
0.265174001455307
0.1268761157989502
0.16415783762931824
0.013341160491108894
0.012145808897912502
0.007441199384629726
0.13602150976657867
0.006945933680981398
0.010968285612761974
0.014498129487037659
0.03148142248392105
0.04224715381860733
0.018497923389077187
0.019308052957057953
0.03225601464509964
0.0060782162472605705
0.02008591592311859
0.01854361966252327
0.014375833794474602
0.09430275112390518
0.022649245336651802
0.039424486458301544
0.02796073816716671
0.08321259915828705
0.13147073984146118
0.06402238458395004
0.11039654910564423
0.042934972792863846
0.004465101752430201
0.012442586943507195
0.06152017042040825
0.022453252226114273
0.013640903867781162
0.0024235048331320286
0.0373920202255249
0.009793447330594063
0.014115464873611927
0.05201321467757225
0.03099847212433815
0.03799520432949066
0.019914384931325912
0.018595702946186066
0.03757472336292267
0.009138890542089939
0.008032907731831074
0.00996149331331253
0.024101706221699715
0.041339293122291565
0.13309387862682343
0.010389478877186775
0.019934771582484245
0.01958388090133667
0.0664411410689354
0.0918111726641655
0.06818560510873795
0.1477614790201187
0.22921454906463623
0.1385878324508667
0.24001476168632507
0.004353854805231094
0.010167315602302551
0.005191549193114042
0.018686285242438316
0.05877026170492172
0.07813850790262222
0.04710070416331291
0.04036403447389603
0.035475313663482666
0.05642241984605789
0.027143601328134537
0.07626759260892868
0.008873018436133862
0.2257719486951828
0.4886123836040497
0.027989309281110764
0.044333942234516144
0.04415053129196167
0.12399395555257797
0.1192379742860794
0.005801228806376457
0.00476774200797081
0.014299308881163597
0.0071685416623950005
0.02086453139781952
0.009724928997457027
0.00303408270701766
0.03083546832203865
0.05959514155983925
0.042791299521923065
0.023802360519766808
0.0337950736284256
0.01046291645616293
0.06598728895187378
0.029470879584550858
0.13192273676395416
0.22901012003421783
0.11152417957782745
0.14657272398471832
0.3018372654914856
0.01719949208199978
0.0281391479074955
0.0045680636540055275
0.02417706698179245
0.003314150497317314
0.004590708762407303
0.013420472852885723
0.05684912949800491
0.004129230976104736
0.00766625814139843
0.10297708958387375
0.033528197556734085
0.04321673884987831
0.16722390055656433
0.02626759186387062
0.03864513710141182
0.0657288134098053
0.0508604533970356
0.0340888611972332
0.23753783106803894
0.11504194140434265
0.21073321998119354
0.10838014632463455
0.28100526332855225
0.5251367688179016
0.8338150382041931
0.016313249245285988
0.0821048691868782
0.030596397817134857
0.050737250596284866
0.06510914862155914
0.07261161506175995
0.041509415954351425
0.004919394385069609
0.006822986528277397
0.29418084025382996
0.00896610040217638
0.006858831271529198
0.009182984940707684
0.01710386760532856
0.12695685029029846
0.2830788195133209
0.05193525180220604
0.41907602548599243
0.4781661927700043
0.4883379340171814
0.2534475326538086
0.47953271865844727
0.5736739039421082
0.03909692168235779
0.10016003251075745
0.35401999950408936
0.019646979868412018
0.05817281827330589
0.02349073253571987
0.12342139333486557
0.004030672367662191
0.047883521765470505
0.0038603791035711765
0.016612648963928223
0.11102377623319626
0.12263517081737518
0.16232767701148987
0.13321374356746674
0.007021162658929825
0.026241904124617577
0.014914490282535553
0.16399028897285461
0.07943645119667053
0.10592853277921677
0.07175847142934799
0.07943270355463028
0.03504598140716553
0.13297778367996216
0.035869527608156204
0.07377531379461288
0.02781677432358265
0.10658661276102066
0.010047553107142448
0.08860898017883301
0.0026428631972521544
0.006327694281935692
0.0035209516063332558
0.0030323085375130177
0.05575263500213623
0.11536361277103424
0.07127446681261063
0.2065097689628601
0.5986902713775635
0.07616978883743286
0.6978940367698669
1.4536889791488647
0.19840304553508759
0.7593066096305847
0.19348463416099548
0.6254121661186218
0.02858736366033554
0.006121078971773386
0.023650527000427246
0.07249027490615845
0.020102038979530334
0.008361938409507275
0.023665351793169975
0.020112451165914536
0.011778400279581547
0.14129924774169922
0.016331102699041367
0.05683888867497444
0.03087693825364113
0.023008517920970917
0.04365117475390434
0.08896592259407043
0.031017208471894264
0.1025458350777626
0.03818121179938316
0.04823265224695206
0.05277874693274498
0.07308804243803024
0.008929641917347908
0.041748858988285065
0.2283277064561844
0.04305524751543999
0.009090150706470013
0.06606024503707886
0.07664868235588074
0.022571874782443047
0.02063554897904396
0.07234900444746017
0.02162773534655571
0.10185415297746658
0.009029547683894634
0.02148432284593582
0.0037315781228244305
0.016944395378232002
0.008189121261239052
0.035359784960746765
0.14973805844783783
0.07729575783014297
0.22316375374794006
0.09150075912475586
0.011441031470894814
0.04365147650241852
0.011802601628005505
0.043028756976127625
0.046768561005592346
0.06786274909973145
0.017408162355422974
0.2486763298511505
0.0064017558470368385
0.006683623418211937
0.026294022798538208
0.02456565760076046
0.02143934741616249
0.08447383344173431
0.038079287856817245
0.29008233547210693
0.012118224054574966
0.014210570603609085
0.013158525340259075
0.03322048485279083
0.0013919989578425884
0.005548031069338322
0.005463749170303345
0.008564092218875885
0.17592599987983704
0.038572609424591064
0.026447545737028122
0.25858205556869507
0.03257977217435837
0.10027280449867249
0.0398007296025753
0.0396769717335701
0.00805659405887127
0.03437907621264458
0.0454159751534462
0.7292150259017944
0.011814486235380173
0.026034649461507797
0.020698485895991325
0.17890112102031708
0.01871178299188614
0.03106580674648285
0.0264949481934309
0.06538565456867218
0.009707621298730373
0.00776714738458395
0.020512139424681664
0.054168958216905594
0.5905385613441467
0.49449336528778076
0.277482271194458
1.0284044742584229
0.03555075079202652
0.015077805146574974
0.01746593788266182
0.008053733967244625
0.015039624646306038
0.009147134609520435
0.00739276735112071
0.026776745915412903
0.015645939856767654
0.01851307414472103
0.026947667822241783
0.10368353128433228
0.08452996611595154
0.03904334828257561
0.02510838396847248
0.029292333871126175
0.12278580665588379
0.09176286309957504
0.03223114088177681
0.22597122192382812
0.21740418672561646
0.21373899281024933
0.38792961835861206
0.1828829050064087
0.08076004683971405
0.07701517641544342
0.03918022662401199
0.059126731008291245
0.08699185401201248
0.034376416355371475
0.09979360550642014
0.3401951789855957
0.004250835161656141
0.009459725581109524
0.003023279132321477
0.010002566501498222
0.03977435082197189
0.010425696149468422
0.015837494283914566
0.039241693913936615
0.034818362444639206
0.01771910861134529
0.07434526085853577
0.05980996415019035
0.26613736152648926
0.1441013365983963
0.1099383533000946
0.27525198459625244
0.31868505477905273
0.027354763820767403
0.20410218834877014
0.013366402126848698
0.31853872537612915
0.47108399868011475
0.49420279264450073
0.35209202766418457
0.046784304082393646
0.09164164960384369
0.03901226073503494
0.044556211680173874
0.09206858277320862
0.01955515705049038
0.07931852340698242
0.1402619183063507
0.06579418480396271
0.11557429283857346
0.07731238752603531
0.4342781603336334
0.03647735342383385
0.07086232304573059
0.017311539500951767
0.025460872799158096
0.03459903970360756
0.0626104474067688
0.03302592411637306
0.1861332356929779
0.7684016823768616
0.2922329008579254
1.3510717153549194
0.568146824836731
0.010963944718241692
0.018711255863308907
0.12186872214078903
0.10882967710494995
0.6097821593284607
0.04687243327498436
0.6901814341545105
0.5442854762077332
0.054189372807741165
0.28296178579330444
0.6880956888198853
1.2974879741668701
0.055438220500946045
0.01796361617743969
0.016838544979691505
0.047929856926202774
0.15205994248390198
0.47292131185531616
0.5389267802238464
0.4158206880092621
0.05379139259457588
0.05859718099236488
0.1114993542432785
0.04681624099612236
0.009236472658813
0.02609921246767044
0.01104691345244646
0.15363052487373352
0.04210464283823967
0.014617281965911388
0.013707645237445831
0.013204890303313732
0.01216190680861473
0.028183091431856155
0.032734017819166183
0.04875212535262108
0.07129780948162079
0.06465061008930206
0.04718786105513573
0.054900817573070526
0.0328521691262722
0.012836058624088764
0.0148105937987566
0.005574905779212713
0.033780165016651154
0.005224720574915409
0.010854212567210197
0.014619356021285057
0.023636657744646072
0.01995651051402092
0.03579666465520859
0.05598151311278343
0.4288969039916992
0.2078329175710678
0.22871454060077667
0.2324533760547638
0.006366735324263573
0.018267035484313965
0.064102903008461
0.016365839168429375
0.03392760828137398
0.07564961910247803
0.007426008116453886
0.13456371426582336
0.13046254217624664
0.15232831239700317
0.086899533867836
0.039686236530542374
0.05145007744431496
0.029299039393663406
0.034820541739463806
0.04829418659210205
0.5425996780395508
0.2947555482387543
0.12027627974748611
0.050109852105379105
0.009134301915764809
0.012597336433827877
0.015162233263254166
0.0624731183052063
0.6110841035842896
0.12368614971637726
0.637263834476471
1.201297402381897
0.08148973435163498
0.06442209333181381
0.1180075854063034
0.10485740005970001
0.09534904360771179
0.040143705904483795
0.0439506471157074
0.06885719299316406
0.018802396953105927
0.052435170859098434
0.00975518487393856
0.05907699838280678
0.2038215696811676
0.03376525267958641
0.046162307262420654
0.029879674315452576
0.12085579335689545
0.03323895484209061
0.01708785817027092
0.012620712630450726
0.6823681592941284
0.3120207190513611
0.8186313509941101
0.7146300077438354
0.009409848600625992
0.015176239423453808
0.016926292330026627
0.4693719148635864
0.09200524538755417
0.14528578519821167
0.08521710336208344
0.3535245656967163
0.023111237213015556
0.0029907291755080223
0.004954525735229254
0.004965865518897772
0.07055932283401489
0.05341889336705208
0.03357817977666855
0.18290391564369202
0.07068103551864624
0.00781263317912817
0.029388228431344032
0.008779952302575111
0.017159907147288322
0.012299350462853909
0.005068597383797169
0.04825497418642044
0.009548968635499477
0.019372910261154175
0.005925030913203955
0.29219895601272583
0.03734409064054489
0.009294470772147179
0.019265756011009216
0.014296031557023525
0.02479664608836174
0.03401816636323929
0.10069605708122253
0.08680232614278793
0.055555544793605804
0.08411065489053726
0.07453487068414688
0.053499989211559296
0.03086278960108757
0.030144518241286278
0.019290223717689514
0.016109466552734375
0.10454834252595901
0.07818161696195602
0.025257624685764313
0.19893476366996765
0.009850866161286831
0.041750501841306686
0.020718729123473167
0.0473959855735302
0.10363966226577759
0.024504154920578003
0.026597436517477036
0.3553345799446106
0.08173930644989014
0.09476934373378754
0.05199506878852844
0.07136812061071396
0.3711067736148834
0.20130114257335663
0.46736276149749756
0.16489684581756592
0.1347157210111618
0.13724859058856964
0.03292396292090416
0.13987217843532562
0.015446675010025501
0.007442714646458626
0.007788437884300947
0.29770568013191223
0.2994990050792694
0.20638075470924377
0.17353633046150208
0.17256413400173187
0.02539287880063057
0.0357014499604702
0.058472998440265656
0.15372173488140106
0.34119296073913574
0.4966334402561188
0.06017490476369858
0.23493129014968872
0.034199561923742294
0.07147819548845291
0.023564843460917473
0.5201208591461182
0.01925048977136612
0.005192046519368887
0.012342615984380245
0.025222158059477806
0.019519411027431488
0.06650687009096146
0.0059505063109099865
0.2681354880332947
0.01374974474310875
0.009441910311579704
0.02702425606548786
0.01261249091476202
0.02376449853181839
0.1628951132297516
0.042369019240140915
0.5782249569892883
0.05727933719754219
0.08647271990776062
0.03831852227449417
0.01257728599011898
0.16926628351211548
0.10380114614963531
0.07795482873916626
0.16820396482944489
0.00890873558819294
0.0068718683905899525
0.11506855487823486
0.02095453441143036
0.059594325721263885
0.05401793122291565
0.16087990999221802
0.24907194077968597
0.027907317504286766
0.026281697675585747
0.11439341306686401
0.10434615612030029
0.015161721035838127
0.02632591687142849
0.014663025736808777
0.12947648763656616
0.03652920946478844
0.012965911999344826
0.04638668894767761
0.03675609827041626
0.34311291575431824
0.32670697569847107
0.3570507764816284
0.0691489428281784
0.02044704370200634
0.024077998474240303
0.024833545088768005
0.1269351691007614
0.2231188863515854
0.37261104583740234
0.07031654566526413
0.3132134974002838
0.02243274822831154
0.007664548233151436
0.019384829327464104
0.028091955929994583
0.004551124759018421
0.01054084487259388
0.018218789249658585
0.018444031476974487
0.05528726056218147
0.018612844869494438
0.07215650379657745
0.8567394614219666
0.011339932680130005
0.006501695606857538
0.02970733307301998
0.20548395812511444
0.08798020333051682
0.14784511923789978
0.07372716069221497
0.10192660987377167
0.1403885930776596
0.2416802942752838
0.0664062649011612
0.07288110256195068
0.09406542778015137
0.362986296415329
0.014655285514891148
0.018797416239976883
0.10403140634298325
0.07209978252649307
0.17561593651771545
0.36452195048332214
0.08547042310237885
0.09752263873815536
0.09520473331212997
0.18624232709407806
0.20641976594924927
0.07958384603261948
0.04540247470140457
0.08372639119625092
0.02382069267332554
0.016234785318374634
0.032202258706092834
0.03289948031306267
0.011384964920580387
0.025630498304963112
0.08286740630865097
0.04796522483229637
0.04238789156079292
0.028530169278383255
0.02119923010468483
0.038883864879608154
0.015548008494079113
0.06914400309324265
0.017975442111492157
0.07670872658491135
0.00790949072688818
0.19821934401988983
0.02629251778125763
0.029435381293296814
0.00385741563513875
0.011676862835884094
0.011781036853790283
0.05957317352294922
0.02423957921564579
0.08408425003290176
0.03171229362487793
0.04104410856962204
0.064948670566082
0.15108641982078552
0.38925549387931824
0.006714696995913982
0.3860914409160614
0.43462443351745605
0.040781162679195404
0.05875649303197861
0.006493668537586927
0.02819182351231575
0.006985213607549667
0.02185409516096115
0.023569202050566673
0.24902331829071045
0.0035817709285765886
0.05078203231096268
0.05277078598737717
0.17550678551197052
0.0019485384691506624
0.029745634645223618
0.025869103148579597
0.017796069383621216
0.021413464099168777
0.12720820307731628
0.04652423784136772
0.09620401263237
0.022640768438577652
0.11265456676483154
0.03950440138578415
0.1263946294784546
0.02649393491446972
0.24288558959960938
0.015613767318427563
0.008557580411434174
0.02172757498919964
0.09643955528736115
0.032068729400634766
0.05620747059583664
0.010975468903779984
0.02018001675605774
0.059381239116191864
0.023669831454753876
0.016605393961071968
0.07251422107219696
0.01916460692882538
0.02244589664041996
0.03847835585474968
0.08772848546504974
0.01868247427046299
0.026839949190616608
0.021188443526625633
0.15330050885677338
0.061150923371315
0.025353452190756798
0.012284495867788792
0.1840522736310959
0.00883763749152422
0.00985842663794756
0.06543927639722824
0.054079554975032806
0.020756062120199203
0.08503446727991104
0.08385320752859116
0.10127732157707214
0.497894823551178
0.05713901296257973
0.136831596493721
0.5002492070198059
0.027324296534061432
0.029736917465925217
0.0284433513879776
0.13329419493675232
0.01485251635313034
0.013121914118528366
0.04191569983959198
0.0311552993953228
0.07076811790466309
0.39097267389297485
0.05539963021874428
0.06996946781873703
0.03246384859085083
0.07529791444540024
0.02526719681918621
0.05357532948255539
0.005965617019683123
0.009227624163031578
0.07085354626178741
0.1189083606004715
0.01177991833537817
0.01942756399512291
0.008960998617112637
0.0436684750020504
0.19971029460430145
0.3475925326347351
0.23251555860042572
0.4330049157142639
0.004250593017786741
0.02228921838104725
0.018202796578407288
0.034850310534238815
0.05272069200873375
0.09617197513580322
0.014049213379621506
0.0456644706428051
0.01741856522858143
0.05436994135379791
0.11387744545936584
0.19700279831886292
0.009902061894536018
0.005296377465128899
0.004035066347569227
0.0058732908219099045
0.21400140225887299
0.0377972237765789
0.0159698948264122
0.0632895678281784
0.013500727713108063
0.006968650966882706
0.0037238462828099728
0.01260325126349926
0.03437783569097519
0.07724033296108246
0.04687483236193657
0.278874933719635
0.003967886324971914
0.015459557063877583
0.006907961796969175
0.01403567660599947
0.006508252117782831
0.024944016709923744
0.13139748573303223
0.008445162326097488
0.03804543614387512
0.008322414942085743
0.06230504810810089
0.15105503797531128
0.10695742070674896
0.04906770959496498
0.0915021225810051
0.07318442314863205
0.009411279112100601
0.0057515609078109264
0.006819358095526695
0.004240259528160095
0.03815218061208725
0.1932959258556366
0.025590665638446808
0.29012179374694824
0.006552352104336023
0.021621443331241608
0.009998583234846592
0.03213819861412048
0.055461253970861435
0.11633838713169098
0.048623666167259216
0.13183052837848663
0.02419932745397091
0.009387887082993984
0.011534075252711773
0.04575967416167259
0.011911076493561268
0.025079524144530296
0.01599150523543358
0.0786142349243164
0.03599104657769203
0.048680733889341354
0.02710120379924774
0.14648553729057312
0.005490070208907127
0.005274513736367226
0.004100929945707321
0.04701591655611992
0.06095123663544655
0.019770897924900055
0.030650867149233818
0.05615967512130737
0.00812155194580555
0.05146479234099388
0.05835811793804169
0.29775476455688477
0.049993354827165604
0.017333677038550377
0.06393338739871979
0.1872970461845398
0.06461076438426971
0.02694624289870262
0.049166686832904816
0.02331448346376419
0.0076521290466189384
0.06799821555614471
0.010562150739133358
0.02800176292657852
0.022369908168911934
0.037967339158058167
0.012851281091570854
0.038654811680316925
0.09527420997619629
0.10692765563726425
0.04018469154834747
0.5115695595741272
0.016043374314904213
0.09687681496143341
0.10161691904067993
0.11885740607976913
0.22383815050125122
0.3112746477127075
0.14092202484607697
0.12443669885396957
0.13503479957580566
0.28865063190460205
0.051050107926130295
0.12152115255594254
0.017194338142871857
0.0392913743853569
0.02063126303255558
0.11899437755346298
0.060286637395620346
0.010937359184026718
0.11276835203170776
0.056178268045186996
0.07527756690979004
0.16548241674900055
0.04929342120885849
0.6237012147903442
0.0018650866113603115
0.012035654857754707
0.0014356619212776423
0.00784280151128769
0.0715368390083313
0.04690394550561905
0.09047532826662064
0.07609857618808746
0.01717166230082512
0.040796954184770584
0.0235940869897604
0.11331969499588013
0.1299937218427658
0.1540103703737259
0.04227589815855026
0.0490650050342083
0.005170213524252176
0.011330817826092243
0.16092482209205627
0.1001940667629242
0.2359040081501007
0.09048584848642349
0.34652814269065857
0.03854696452617645
0.14299069344997406
0.010660751722753048
0.019056253135204315
0.16228708624839783
0.08792083710432053
0.08126287907361984
0.03727119788527489
0.11149585992097855
0.24070097506046295
0.17324979603290558
0.29053422808647156
0.27440470457077026
0.12317277491092682
0.04434020817279816
0.09748168289661407
0.1278986930847168
0.0070284511893987656
0.004438846372067928
0.01215243898332119
0.009008337743580341
0.011484898626804352
0.012570261023938656
0.0166481863707304
0.032333217561244965
0.003996924962848425
0.013676401227712631
0.008990434929728508
0.04055236279964447
0.007402671501040459
0.017245154827833176
0.03495316952466965
0.039469022303819656
0.03796016797423363
0.1496465653181076
0.027514629065990448
0.1334860920906067
0.009319144301116467
0.11898833513259888
0.043566178530454636
0.14145538210868835
0.0905635729432106
0.05807550251483917
0.6105974912643433
0.08589720726013184
0.018487021327018738
0.012298795394599438
0.14238213002681732
0.09074204415082932
0.010611921548843384
0.012786743231117725
0.01936628483235836
0.03326225280761719
0.011431600898504257
0.026894276961684227
0.009333228692412376
0.3974831998348236
0.013191746547818184
0.04418572783470154
0.03419646620750427
0.09670887887477875
0.004309575539082289
0.010366622358560562
0.0019855641294270754
0.13914860785007477
0.018690578639507294
0.052849143743515015
0.03662034869194031
0.16362161934375763
0.010484983213245869
0.05992429330945015
0.021359018981456757
0.28812718391418457
0.01011351216584444
0.1124916523694992
0.006274333689361811
0.02666105329990387
0.009181171655654907
0.00992532353848219
0.009033111855387688
0.023236213251948357
0.0347382016479969
0.08007214218378067
0.21095781028270721
0.15146735310554504
0.14070625603199005
0.01888955943286419
0.09991057217121124
0.12705355882644653
0.028771035373210907
0.02807333879172802
0.03056499920785427
0.024729739874601364
0.02355406992137432
0.027369096875190735
0.020421676337718964
0.21765172481536865
0.09646356105804443
0.13470351696014404
0.028752533718943596
0.044697221368551254
0.03022381290793419
0.015389489009976387
0.013490168377757072
0.027494028210639954
0.0032047764398157597
0.010441035032272339
0.005238266661763191
0.07727527618408203
0.12803515791893005
0.2619638741016388
0.002999474061653018
0.02039846032857895
0.4053954482078552
0.09233368933200836
0.10766632854938507
0.04776826500892639
0.003620067611336708
0.013118446804583073
0.012737583369016647
0.1513374149799347
0.0048143560998141766
0.00641363300383091
0.08410810679197311
0.04852338135242462
0.014971205033361912
0.004462861455976963
0.04749717935919762
0.10244452953338623
0.058985088020563126
0.061357904225587845
0.10000346601009369
0.08827787637710571
0.20149590075016022
0.18168184161186218
0.04797941446304321
0.0763770192861557
0.01242578960955143
0.023256605491042137
0.007394980639219284
0.061258986592292786
0.029173515737056732
0.06604448705911636
0.02892286330461502
0.037419505417346954
0.09137023985385895
0.06525793671607971
0.024901943281292915
0.09231057018041611
0.2159138172864914
0.49795326590538025
0.2315807044506073
0.5772750973701477
0.008031660690903664
0.007288544438779354
0.009626995772123337
0.2880259156227112
0.04123867303133011
0.039281681180000305
0.08324141055345535
0.10443134605884552
0.014400097541511059
0.01452475506812334
0.049967702478170395
0.08321283757686615
0.015750998631119728
0.048966918140649796
0.012848707847297192
0.18406014144420624
0.013921467587351799
0.014437554404139519
0.04217155650258064
0.3602240979671478
0.013106931000947952
0.011001203209161758
0.03255133330821991
0.039645276963710785
0.0765809714794159
0.023845430463552475
0.030713755637407303
0.04847359657287598
0.10999015718698502
0.01614009402692318
0.017513267695903778
0.15450605750083923
0.012179913930594921
0.022516872733831406
0.023587869480252266
0.01640234887599945
0.004453842993825674
0.013903258368372917
0.011426536366343498
0.06997920572757721
0.25774621963500977
0.28665655851364136
0.36555564403533936
0.16904373466968536
0.1168069913983345
0.19621600210666656
0.0488852858543396
0.08734740316867828
0.012765326537191868
0.017024090513586998
0.009091886691749096
0.19141462445259094
0.04442892223596573
0.02704676426947117
0.10725095123052597
0.16032443940639496
0.008562836796045303
0.04907836392521858
0.030843092128634453
0.023093676194548607
0.10875401645898819
0.1061839759349823
0.02720683440566063
0.0511445514857769
0.0979171097278595
0.2241276502609253
0.02369518205523491
0.12049706280231476
0.011403275653719902
0.019391406327486038
0.01659693755209446
0.09569860994815826
0.017615703865885735
0.035624533891677856
0.012390502728521824
0.008518251590430737
0.026720771566033363
0.0479591004550457
0.023430731147527695
0.3082907199859619
0.0024352120235562325
0.021537605673074722
0.003007839433848858
0.3338542580604553
0.015314680524170399
0.009389090351760387
0.02075173519551754
0.17981606721878052
0.01654084026813507
0.09235146641731262
0.08639334887266159
0.027318598702549934
0.005435255356132984
0.01621118001639843
0.007222328335046768
0.012540998868644238
0.005082297138869762
0.009566551074385643
0.015489167533814907
0.06106257066130638
0.025216057896614075
0.044828493148088455
0.08915835618972778
0.02671237848699093
0.006559530273079872
0.012525999918580055
0.015148638747632504
0.01925325021147728
0.15498857200145721
0.014024898409843445
0.004619888961315155
0.008204339072108269
0.08835333585739136
0.013946453109383583
0.017528221011161804
0.023905843496322632
0.15006202459335327
0.04938355088233948
0.05347245931625366
0.028845665976405144
0.003982774913311005
0.01561983022838831
0.0035213041119277477
0.016930855810642242
0.028478262946009636
0.03393460437655449
0.01736593060195446
0.03181742504239082
0.010730091482400894
0.04605014622211456
0.00521564856171608
0.011421862058341503
0.004815791733562946
0.10094624757766724
0.4995339810848236
0.2012728750705719
0.038082055747509
0.047218289226293564
0.008925748988986015
0.04940461367368698
0.008115613833069801
0.049809738993644714
0.014800319448113441
0.03477839380502701
0.03871454298496246
0.05225486680865288
0.009565417654812336
0.08386670798063278
0.04175562411546707
0.017299283295869827
0.09681639075279236
0.051684074103832245
0.5282062292098999
0.5007493495941162
0.21743592619895935
0.1941906362771988
0.023148994892835617
0.057799339294433594
0.041208814829587936
0.02168123424053192
0.024160467088222504
0.008105332031846046
0.014612200669944286
0.01712171360850334
0.6835352182388306
0.5020275115966797
0.41378334164619446
0.8019195199012756
0.02623436227440834
0.01480582170188427
0.02250586822628975
0.016715753823518753
0.25689202547073364
0.34909623861312866
0.06994380056858063
0.28429529070854187
0.5260519981384277
0.5110432505607605
0.5156695246696472
0.3142726421356201
0.005973412189632654
0.028109656646847725
0.3328193426132202
0.05085160583257675
0.013493000529706478
0.09147728979587555
0.0354110524058342
0.11155714839696884
0.014510279521346092
0.022986160591244698
0.01796542853116989
0.025454333052039146
0.007850308902561665
0.16189439594745636
0.047859445214271545
0.1335557997226715
0.01953987032175064
0.06247308477759361
0.029384879395365715
0.20673367381095886
0.05367256700992584
0.005513474345207214
0.14778929948806763
0.01299698930233717
0.008082437328994274
0.07193095237016678
0.010104499757289886
0.2477116882801056
0.004384688567370176
0.024886762723326683
0.013970266096293926
0.0687912106513977
0.010197967290878296
0.01066848449409008
0.016169417649507523
0.05761200189590454
0.028883816674351692
0.009662755765020847
0.0035555241629481316
0.005288337357342243
0.011875199154019356
0.047947049140930176
0.024980727583169937
1.1201510429382324
0.026433665305376053
0.0790703296661377
0.01583251729607582
0.04300497844815254
0.12246891856193542
0.026593299582600594
0.09954619407653809
0.10200747102499008
0.04765503853559494
0.02013571187853813
0.031337130814790726
0.04858681559562683
0.05798286199569702
0.013227707706391811
0.028813635930418968
0.027574973180890083
0.023191016167402267
0.021923702210187912
0.009580067358911037
0.007090121041983366
0.04607223719358444
0.07541533559560776
0.04059033840894699
0.1518590748310089
0.03216251730918884
0.012877128086984158
0.011201854795217514
0.02130458503961563
0.06763513386249542
0.03963342308998108
0.20878639817237854
0.04489335045218468
0.07243959605693817
0.015027155168354511
0.040022529661655426
0.10953113436698914
0.04799899458885193
0.01805984228849411
0.007685731165111065
0.02076590619981289
0.2395419180393219
0.3101262152194977
0.21645709872245789
0.16498129069805145
0.06067262589931488
0.011046533472836018
0.014183616265654564
0.016089007258415222
0.0166024137288332
0.030375463888049126
0.030589327216148376
0.24300944805145264
0.024138063192367554
0.011214218102395535
0.025724787265062332
0.08429940044879913
0.3053041994571686
0.14718995988368988
0.1811911016702652
0.2706398367881775
0.008464809507131577
0.20141460001468658
0.010436511598527431
0.4787612557411194
0.0369032621383667
0.09329216182231903
0.01955711469054222
0.02356494404375553
0.012466094456613064
0.07379176467657089
0.012987902387976646
0.061940185725688934
0.003191647818312049
0.0030290221329778433
0.0020757473539561033
0.0029511619359254837
0.02944541722536087
0.040813226252794266
0.04678892344236374
0.16309264302253723
0.021001087501645088
0.009648662991821766
0.02605648897588253
0.13609890639781952
0.016738396137952805
0.017701011151075363
0.019924605265259743
0.035363249480724335
0.014277179725468159
0.0032990409526973963
0.02182338945567608
0.04288525506854057
0.20644836127758026
0.042608942836523056
0.026093274354934692
0.05707133933901787
0.11360198259353638
0.0372500903904438
0.07592184096574783
0.06115980073809624
0.03546367958188057
0.036309290677309036
0.006017731502652168
0.00900945719331503
0.006841718219220638
0.032217808067798615
0.026670217514038086
0.00885089486837387
0.003948125522583723
0.09860929846763611
0.008120405487716198
0.03644140809774399
0.1103203147649765
0.22269263863563538
0.06877762824296951
0.3170836865901947
0.01934824138879776
0.0326971597969532
0.056080617010593414
0.06996381282806396
0.08531934767961502
0.07559151202440262
0.05613749474287033
0.16167166829109192
0.010163472965359688
0.020751770585775375
0.023703839629888535
0.12040594220161438
0.08134329319000244
0.005468291230499744
0.09012177586555481
0.10829367488622665
0.03313412144780159
0.027341026812791824
0.027462566271424294
0.03592273220419884
0.011834672652184963
0.011847452260553837
0.03424132987856865
0.07448264211416245
0.011139556765556335
0.005269333720207214
0.01337592862546444
0.13150456547737122
0.014377751387655735
0.01243397407233715
0.006329593248665333
0.018703624606132507
0.126799076795578
0.020349813625216484
0.01712944358587265
0.006789643783122301
0.007780855987221003
0.008346637710928917
0.01604459434747696
0.048254333436489105
0.01833449676632881
0.012380036525428295
0.03908229619264603
0.07523935288190842
0.04889442026615143
0.08474843949079514
0.04975409805774689
0.029286816716194153
0.28459641337394714
0.03930152580142021
0.15140840411186218
0.18920600414276123
0.08701401203870773
0.3431661128997803
0.025379018858075142
0.05152697488665581
0.010623461566865444
0.005036104470491409
0.005546795204281807
0.03721116483211517
0.042498841881752014
0.08771719038486481
0.023091360926628113
0.13236676156520844
0.006457748357206583
0.006382604129612446
0.004545141011476517
0.004144544713199139
0.19365820288658142
0.4004588723182678
0.11596254259347916
0.2201530933380127
0.03921325504779816
0.017253747209906578
0.036354176700115204
0.052735310047864914
0.08061549067497253
0.022242700681090355
0.028957270085811615
0.029266679659485817
0.01984657533466816
0.07485629618167877
0.06940194964408875
0.14396566152572632
0.011655457317829132
0.10791713744401932
0.01634996198117733
0.20140962302684784
0.1771840751171112
0.15287601947784424
0.06502300500869751
0.44991612434387207
0.018339043483138084
0.014370412565767765
0.0099026532843709
0.30564433336257935
0.02188674360513687
0.009478484280407429
0.023396693170070648
0.04649200290441513
0.019596990197896957
0.041413936764001846
0.04261351749300957
0.2960180342197418
0.12329623103141785
0.1138639748096466
0.12685391306877136
0.12982793152332306
0.08773225545883179
0.519451916217804
0.007571171037852764
0.06422542035579681
0.09341640770435333
0.008254222571849823
0.12047385424375534
0.0035812172573059797
0.006519105285406113
0.023368366062641144
0.017066974192857742
0.07878801971673965
0.03517928346991539
0.022639114409685135
0.09738048166036606
0.02112354151904583
0.009537960402667522
0.020316192880272865
0.013038381934165955
0.04027199372649193
0.03179684653878212
0.01880430243909359
0.0717340037226677
0.009680836461484432
0.04574179649353027
0.0563526451587677
0.07806787639856339
0.2865060865879059
1.5115735530853271
0.5473593473434448
1.623701810836792
0.7260693311691284
0.7999379634857178
0.7634124159812927
0.6529068350791931
0.8196244835853577
0.42306357622146606
0.008274050429463387
0.34532102942466736
0.013784052804112434
0.02620275318622589
0.04894359037280083
0.018729547038674355
0.09158985316753387
0.012168520130217075
0.01094266027212143
0.015681594610214233
0.022090544924139977
0.1104542687535286
0.03512091189622879
0.17303596436977386
0.020703915506601334
0.020184511318802834
0.0567251592874527
0.10005481541156769
0.03122141771018505
0.05449533089995384
0.021076207980513573
0.01409950852394104
0.024516543373465538
0.06434955447912216
0.5704478621482849
0.044066570699214935
0.2964496314525604
0.036936141550540924
0.12079650163650513
0.04794193059206009
0.038861170411109924
0.05163901671767235
0.027303531765937805
0.11927737295627594
0.0072562540881335735
0.12489299476146698
0.07308365404605865
0.14715152978897095
0.1895417869091034
0.11859002709388733
0.5098707675933838
0.16884660720825195
0.4208962321281433
0.07370301336050034
0.14782750606536865
0.08196200430393219
0.04587876796722412
0.050590623170137405
0.02783091366291046
0.05350937694311142
0.05020920932292938
0.283419132232666
0.34646159410476685
0.3153096139431
0.3865031599998474
0.11812447756528854
0.33030202984809875
0.05600311607122421
0.08454550802707672
0.08468779176473618
0.018756598234176636
0.05272449925541878
0.017363443970680237
0.15657001733779907
0.1322823166847229
0.0924883782863617
0.12860174477100372
0.08438440412282944
0.24474157392978668
0.13743579387664795
0.5430411696434021
0.09266386181116104
0.03207133710384369
0.12082080543041229
0.06030511111021042
0.07114221155643463
0.06319045275449753
0.02757575362920761
0.3906831741333008
0.01681775413453579
0.02261042594909668
0.0365418903529644
0.16570045053958893
0.03887346759438515
0.018930993974208832
0.009408720768988132
0.03204687312245369
0.030906589701771736
0.04569123685359955
0.05752585455775261
0.0753631442785263
0.02406090497970581
0.021725917235016823
0.015794089064002037
0.24582752585411072
1.1251065731048584
1.2003523111343384
0.9196218252182007
0.9576272368431091
0.7802473306655884
0.2891484797000885
1.6736042499542236
0.9642906188964844
0.014782406389713287
0.10492311418056488
0.007236369885504246
0.07786637544631958
0.15055714547634125
0.37555962800979614
0.03273503854870796
0.1901690512895584
0.16221661865711212
0.3042305111885071
0.25434666872024536
0.1764749437570572
0.00842934101819992
0.015665708109736443
0.009913190267980099
0.00983879342675209
0.15226352214813232
0.20122550427913666
0.23765334486961365
0.22620370984077454
0.012524054385721684
0.04817825183272362
0.024656929075717926
0.21918992698192596
0.0237068310379982
0.0753948763012886
0.026244211941957474
0.12997369468212128
0.5006885528564453
0.05264806002378464
0.20257453620433807
0.040438324213027954
0.009550396353006363
0.012793219648301601
0.014461436308920383
0.010736333206295967
0.01781737245619297
0.00924594234675169
0.047358524054288864
0.027896221727132797
0.016595272347331047
0.03934511914849281
0.025426214560866356
0.10595814883708954
0.6339629292488098
0.23114468157291412
0.2297857254743576
0.24367031455039978
0.04029408469796181
0.10097479075193405
0.017774473875761032
0.04787086695432663
0.005692345555871725
0.010852884501218796
0.011593639850616455
0.2190759927034378
0.24068854749202728
0.23881931602954865
0.17982164025306702
0.43068426847457886
0.1520448625087738
0.024777574464678764
0.12793506681919098
0.11259350925683975
0.007170685566961765
0.023124778643250465
0.021918753162026405
0.0465988889336586
0.009068365208804607
0.004836563486605883
0.012458160519599915
0.011015461757779121
0.047143276780843735
0.05995206534862518
0.03287800773978233
0.16918085515499115
0.009618179872632027
0.07400138676166534
0.005423552822321653
0.6528421640396118
0.012550661340355873
0.010664825327694416
0.023601515218615532
0.014665070921182632
0.026224559172987938
0.017678152769804
0.011400171555578709
0.18364131450653076
0.03224702551960945
0.14411263167858124
0.02181711606681347
0.15859436988830566
0.11482518166303635
0.20057804882526398
0.11477981507778168
0.22721479833126068
0.019080307334661484
0.050455059856176376
0.021475544199347496
0.10882395505905151
0.07917295396327972
0.04374723881483078
0.04255577176809311
0.05414850637316704
0.09379364550113678
0.04591970890760422
0.08758849650621414
0.05710821598768234
0.05194317549467087
0.050453945994377136
0.14125555753707886
0.1480686515569687
0.027379566803574562
0.014880172908306122
0.013621948659420013
0.010831567458808422
0.13613764941692352
0.11245152354240417
0.029912611469626427
0.31787776947021484
0.0071050673723220825
0.005034810863435268
0.0760691910982132
0.020995188504457474
0.034400664269924164
0.013360339216887951
0.029023868963122368
0.020969705656170845
0.059254322201013565
0.10077078640460968
0.16301463544368744
0.2253769040107727
1.2636183500289917
0.22378751635551453
1.2446002960205078
0.1423206329345703
0.008729526773095131
0.031941257417201996
0.005709060933440924
0.009330425411462784
0.11304286122322083
0.10236666351556778
0.07548409700393677
0.29152026772499084
0.044844143092632294
0.17039883136749268
0.03493577614426613
0.157803475856781
0.00860541220754385
0.03140109404921532
0.004150852560997009
0.008802850730717182
0.16343851387500763
0.04966709390282631
0.017560267820954323
0.07850311696529388
0.055533841252326965
0.04186117276549339
0.06666218489408493
0.13958153128623962
0.00334390951320529
0.011583092622458935
0.004912115167826414
0.04944702610373497
0.16464713215827942
0.3226437568664551
0.12323252111673355
0.2449015974998474
0.10679781436920166
0.1415357142686844
0.08555040508508682
0.07706873118877411
0.037071190774440765
0.1158042848110199
0.03751533105969429
0.18282370269298553
0.008160067722201347
0.019149653613567352
0.011852394789457321
0.16877564787864685
0.023531204089522362
0.030673231929540634
0.05400926619768143
0.09838227927684784
0.010128605179488659
0.010546602308750153
0.047335099428892136
0.10788123309612274
0.015186400152742863
0.012362797744572163
0.0012075554113835096
0.036011770367622375
0.06787104904651642
0.019831562414765358
0.04524903744459152
0.023356975987553596
0.1294461190700531
0.014260401017963886
0.020162824541330338
0.0033005361910909414
0.051068015396595
0.027213217690587044
0.07530726492404938
0.09456808865070343
0.033987779170274734
0.031175779178738594
0.016390759497880936
0.1707555502653122
0.02631005458533764
0.00790788047015667
0.021881546825170517
0.014855064451694489
0.011959968134760857
0.01495372410863638
0.016689259558916092
0.04764486104249954
0.023672988638281822
0.01278743613511324
0.013646045699715614
0.06862230598926544
0.0036519188433885574
0.012259691022336483
0.0023644007742404938
0.026152953505516052
0.06147562339901924
0.03967057913541794
0.34062522649765015
0.029873967170715332
0.10491723567247391
0.0493759848177433
0.047597505152225494
0.019544176757335663
0.2216610163450241
0.04488087818026543
0.01839706301689148
0.1091521829366684
0.029778052121400833
0.02392098866403103
0.18291932344436646
0.42936351895332336
0.038198743015527725
0.134506493806839
0.014785220846533775
0.05920904502272606
0.3301013112068176
0.4056125283241272
0.7321881055831909
1.1232340335845947
0.01940440759062767
0.010516885668039322
0.021694710478186607
0.008958420716226101
0.008366365917026997
0.0565529391169548
0.020092831924557686
0.035390790551900864
0.009254882112145424
0.014766473323106766
0.012481216341257095
0.01260194182395935
0.004535978194326162
0.04230702668428421
0.012515527196228504
0.02516530267894268
0.024274123832583427
0.053376514464616776
0.00694267125800252
0.015172180719673634
0.21764050424098969
0.1583404541015625
0.13781417906284332
0.3352399170398712
0.0034452765248715878
0.007926101796329021
0.004138319753110409
0.022425973787903786
0.015770528465509415
0.011344793252646923
0.04148482531309128
0.025029415264725685
0.010437673889100552
0.010986585170030594
0.004111815709620714
0.008816521614789963
0.0314149335026741
0.013526384718716145
0.016101613640785217
0.04555166885256767
0.029176875948905945
0.2493707537651062
0.022496722638607025
0.029801493510603905
0.03575042635202408
0.022334961220622063
0.05063454434275627
0.09665509313344955
0.00745439063757658
0.02191658318042755
0.049672119319438934
0.05597992241382599
0.006208962760865688
0.01961517333984375
0.03237415477633476
0.03390030190348625
0.010936780832707882
0.008502607233822346
0.01196272298693657
0.11950447410345078
0.13138407468795776
0.1985151320695877
0.4583430290222168
0.3795262575149536
0.19216787815093994
0.13603761792182922
0.06300573796033859
0.3278159499168396
0.009898126125335693
0.006423878017812967
0.008507651276886463
0.01692049950361252
0.0375782810151577
0.009242470376193523
0.012575834058225155
0.019559798762202263
0.08201887458562851
0.02412191405892372
0.022031234577298164
0.013371709734201431
0.0363442599773407
0.05927949771285057
0.011409162543714046
0.1254228800535202
0.01543869823217392
0.019334975630044937
0.05606302618980408
0.2129366248846054
0.16245611011981964
0.07956107705831528
0.004022832028567791
0.07996974885463715
0.06269800662994385
0.045526131987571716
0.015728555619716644
0.014912635087966919
0.09550181031227112
0.01922621764242649
0.44923529028892517
1.21909761428833
0.013838292099535465
0.010329079814255238
0.008778812363743782
0.4222186803817749
0.34172433614730835
0.06204129755496979
0.05303255841135979
0.1584557443857193
0.13572759926319122
0.3441004455089569
0.058993156999349594
0.09128737449645996
0.06458314508199692
0.044498588889837265
0.0536833330988884
0.1728440374135971
0.02307116985321045
0.03506266325712204
0.014832871034741402
0.16074275970458984
0.18522119522094727
0.06145760416984558
0.11360844224691391
0.2852928340435028
0.05687360838055611
0.02997630462050438
0.04373090714216232
0.1930314004421234
0.004324570298194885
0.009418201632797718
0.007663543336093426
0.021118763834238052
0.052357353270053864
0.003795160446316004
0.004560520406812429
0.004534076899290085
0.00778286624699831
0.0066542960703372955
0.005509068723767996
0.012536736205220222
0.04429006949067116
0.041419025510549545
0.08625148236751556
0.03708767518401146
0.08524156361818314
0.043972499668598175
0.01777428574860096
0.026846976950764656
0.30588704347610474
0.32940635085105896
0.23301690816879272
0.43695980310440063
0.5112836360931396
0.13201983273029327
0.6101270914077759
0.10063690692186356
0.0484560988843441
0.011246788315474987
0.03707979992032051
0.013447580859065056
0.024921473115682602
0.0069942050613462925
0.05080969259142876
0.21584881842136383
0.033708248287439346
0.042658958584070206
0.02382597140967846
0.0648842379450798
0.07239937782287598
0.0827416330575943
0.06909799575805664
0.2932244539260864
0.26020243763923645
0.19833557307720184
0.08356935530900955
0.1108335480093956
0.05253586545586586
0.004375047981739044
0.026806339621543884
0.018418088555336
0.012869017198681831
0.03508559614419937
0.00791942235082388
0.39445599913597107
0.050284236669540405
0.008704238571226597
0.021998314186930656
0.21423152089118958
0.010122153908014297
0.007929638028144836
0.009247669018805027
0.025190729647874832
0.024492915719747543
0.020049333572387695
0.030605053529143333
0.19149625301361084
0.011100717820227146
0.011666429229080677
0.007479227147996426
0.008002502843737602
0.057369694113731384
0.04644383490085602
0.04422582685947418
0.04417680948972702
0.054263025522232056
0.014546601101756096
0.02108803018927574
0.06332124769687653
0.020365532487630844
0.02188049629330635
0.02188381366431713
0.0699584037065506
0.06230355426669121
0.0487079843878746
0.12044838815927505
0.36008891463279724
0.25079581141471863
0.3316165506839752
0.04695300757884979
0.12366221845149994
0.013125892728567123
0.02116283029317856
0.050451286137104034
0.1170455664396286
0.024005606770515442
0.012141533195972443
0.022272970527410507
0.023958798497915268
0.008613054640591145
0.022165823727846146
0.2792961001396179
0.04056162387132645
0.03233776241540909
0.024431336671113968
0.04079343006014824
0.020149920135736465
0.016158070415258408
0.03332887962460518
0.012373028323054314
0.09801140427589417
0.1781219094991684
0.049228377640247345
0.22453710436820984
0.07465557754039764
0.04852558672428131
0.045459482818841934
0.03852764889597893
0.05911286920309067
0.041098035871982574
0.06946585327386856
0.12869511544704437
0.1152614951133728
1.208135962486267
0.2398047298192978
0.5657625794410706
0.1486952304840088
0.01993146352469921
0.018343055620789528
0.012707671150565147
0.08099591732025146
0.015866782516241074
0.24372197687625885
0.008043890818953514
0.045656200498342514
0.04845438897609711
0.028214309364557266
0.028191624209284782
0.03443463146686554
0.013713890686631203
0.007147738244384527
0.025861069560050964
0.02506636083126068
0.020649423822760582
0.018944790586829185
0.00681047048419714
0.059467870742082596
0.023993033915758133
0.019987689331173897
0.05006171390414238
0.013541500084102154
0.014332599937915802
0.024898765608668327
0.028803866356611252
0.14028558135032654
0.046838607639074326
0.0324687696993351
0.05015387386083603
0.04061981290578842
0.38832059502601624
0.15003006160259247
0.17726115882396698
0.5117552280426025
0.064993716776371
0.04068143293261528
0.03585906699299812
0.03252909332513809
0.008694708347320557
0.008382854983210564
0.12398260086774826
0.01399368979036808
0.04411337897181511
0.10958638787269592
0.02962622605264187
0.09979768842458725
0.03308213874697685
0.029546115547418594
0.014630171470344067
0.07795258611440659
0.025481928139925003
0.023977164179086685
0.017947230488061905
0.08295942842960358
0.04942096397280693
0.10953395068645477
0.034523140639066696
0.06582406908273697
0.752642810344696
0.268460214138031
0.6190856099128723
0.9256904125213623
0.03451843932271004
0.04182548448443413
0.018631745129823685
0.06726265698671341
0.03078051283955574
0.03414677083492279
0.017058972269296646
0.0368424728512764
0.016239196062088013
0.08070077002048492
0.02246154472231865
0.41115134954452515
0.23740510642528534
0.328591912984848
0.056087907403707504
0.08590157330036163
0.007304930128157139
0.05349968746304512
0.012363562360405922
0.12839581072330475
0.07376427948474884
0.043580587953329086
0.05223811790347099
0.0574849396944046
0.01577122136950493
0.034450724720954895
0.010859689675271511
0.3515011668205261
0.032753635197877884
0.06422114372253418
0.011420298367738724
0.10722330212593079
0.14716607332229614
0.2508523464202881
0.07960588485002518
0.06409165263175964
0.04582424461841583
0.02889210544526577
0.058610718697309494
0.1477344036102295
0.016817469149827957
0.010835214518010616
0.03432067483663559
0.013404729776084423
0.01641583815217018
0.015869662165641785
0.015791604295372963
0.028168631717562675
0.3047868311405182
0.041128095239400864
0.23997771739959717
0.13329678773880005
0.01251028198748827
0.017672188580036163
0.013048147782683372
0.028632840141654015
0.06920503824949265
0.06846082210540771
0.15690889954566956
0.12688279151916504
0.014690857380628586
0.020292306318879128
0.022270582616329193
0.024309754371643066
0.061104096472263336
0.1287546157836914
0.02252291701734066
0.17518918216228485
0.12637969851493835
0.2313193380832672
0.20496320724487305
0.2863464951515198
0.022696005180478096
0.05051229149103165
0.01876627281308174
0.132795050740242
0.04984286054968834
0.01617729663848877
0.025598855689167976
0.04006103426218033
0.023870525881648064
0.00412538880482316
0.07886715233325958
0.1863732933998108
0.20313751697540283
0.41384896636009216
0.11963851004838943
0.07518132776021957
0.05638322979211807
0.008196386508643627
0.09047219157218933
0.004755611531436443
0.0043529244139790535
0.006264408119022846
0.01783260889351368
0.0058774566277861595
0.09071218222379684
0.08725156635046005
0.07432040572166443
0.611167311668396
0.15929129719734192
0.19383929669857025
0.3606595993041992
0.9688385725021362
0.019675875082612038
0.08650749176740646
0.04922683537006378
0.06093999743461609
0.04597090929746628
0.22458267211914062
0.1102697029709816
0.12770608067512512
0.008773930370807648
0.011839085258543491
0.01901291310787201
0.1081586480140686
0.00978358555585146
0.018143704161047935
0.0043064444325864315
0.01758413389325142
0.027322808280587196
0.004290158860385418
0.027997689321637154
0.011072035878896713
0.01649508997797966
0.027901923283934593
0.011019996367394924
0.05163203179836273
0.35015809535980225
0.11077147722244263
0.2446383237838745
0.5165041089057922
0.9627378582954407
0.8240547776222229
0.820496141910553
0.9936044812202454
0.013638249598443508
0.024945072829723358
0.03910350427031517
0.04237043857574463
0.14976590871810913
0.5226462483406067
0.10999219119548798
0.321773499250412
0.21553340554237366
0.14183802902698517
0.3085912764072418
0.266780823469162
0.025130676105618477
0.032477203756570816
0.014990564435720444
0.25695085525512695
0.05668649822473526
0.20631073415279388
0.0513722226023674
0.06078481301665306
0.047664642333984375
0.24746811389923096
0.10750571638345718
0.6083369255065918
0.07180509716272354
0.5353555679321289
0.0721481442451477
0.10614946484565735
0.31248340010643005
0.6979084014892578
0.23008063435554504
0.5666088461875916
0.056323856115341187
0.10627305507659912
0.03369566425681114
0.14129331707954407
0.452702134847641
0.9259374141693115
0.14993859827518463
0.4025025963783264
0.34959596395492554
0.9144814014434814
0.12802913784980774
0.15869081020355225
0.014078957028687
0.03322642669081688
0.028351133689284325
0.3041786253452301
0.43970373272895813
0.09425549954175949
0.020667750388383865
0.05157586932182312
0.02481427602469921
0.02556929551064968
0.5704042315483093
0.14041326940059662
0.6816341876983643
0.41298380494117737
0.33400338888168335
0.3053947687149048
0.2126169055700302
0.09932427108287811
0.08414686471223831
0.5765356421470642
0.017136212438344955
0.07152655720710754
0.02199050411581993
0.08483991026878357
0.042708128690719604
0.04298382252454758
0.04047941789031029
0.08817446231842041
0.010980590246617794
0.008839905261993408
0.01688646525144577
0.02693936973810196
0.12336709350347519
0.13901157677173615
0.05093120038509369
0.060262974351644516
0.028627675026655197
0.02468745782971382
0.5344564318656921
0.41936904191970825
0.2665143609046936
0.4012850522994995
0.3858621418476105
0.15545690059661865
0.3678266108036041
0.1096569076180458
0.03611350059509277
0.0191272534430027
0.014229740016162395
0.04967302083969116
0.03556542098522186
0.027249382808804512
0.005746258422732353
0.028056137263774872
0.05282768979668617
0.013477925211191177
0.03720177710056305
0.034394290298223495
0.003511085407808423
0.012127015739679337
0.012739758938550949
0.10148816555738449
0.03884247690439224
0.07310435175895691
0.022052284330129623
0.047113776206970215
0.076353520154953
0.28623172640800476
0.04271373897790909
1.045311450958252
0.0046863192692399025
0.005274024326354265
0.010867354460060596
0.009245925582945347
0.04913923889398575
0.021485889330506325
0.16667215526103973
0.06187976896762848
0.105006143450737
0.02812633104622364
0.09832575172185898
0.09407232701778412
0.4984903037548065
0.7939373254776001
0.6358807682991028
0.6216819882392883
0.35317227244377136
0.4788866937160492
0.42054232954978943
0.8932809233665466
0.07654780149459839
0.036227237433195114
0.11230552196502686
0.1972530335187912
0.04312886670231819
0.030803237110376358
0.01823646016418934
0.0473739430308342
0.10759086906909943
0.024115733802318573
0.18906539678573608
0.06765633821487427
0.3178694248199463
0.15217658877372742
0.11714205145835876
0.31333595514297485
0.03420570492744446
0.1388252228498459
0.014080451801419258
0.15003076195716858
0.009412447921931744
0.008120226673781872
0.00672527588903904
0.030689500272274017
0.6744093298912048
0.8567492961883545
0.25111275911331177
0.7205245494842529
0.06073338910937309
0.011995288543403149
0.01223860215395689
0.024481480941176414
0.002374842530116439
0.008227270096540451
0.005352674052119255
0.025130145251750946
0.1538882553577423
0.06667429208755493
0.12229281663894653
0.1062452644109726
0.032753556966781616
0.16597382724285126
0.10094155371189117
0.29110056161880493
0.7623000144958496
0.5817991495132446
0.19164922833442688
0.16222751140594482
0.12037939578294754
0.01558718178421259
0.030745770782232285
0.02526986598968506
0.07095587998628616
0.04236818104982376
0.05178441107273102
0.04975268989801407
0.02474719099700451
0.07953856885433197
0.04322834312915802
0.16971072554588318
0.004307372495532036
0.05385268107056618
0.004540686495602131
0.21366126835346222
0.008382176980376244
0.02319427765905857
0.025702854618430138
0.10971015691757202
0.02063927799463272
0.03267272189259529
0.03710571303963661
0.3248243033885956
0.03965363651514053
0.06292185187339783
0.021158410236239433
0.08205773681402206
0.0023473557084798813
0.006003495771437883
0.020388444885611534
0.045329660177230835
0.062303461134433746
0.012169095687568188
0.011836864054203033
0.005776412785053253
0.07926648110151291
0.21668501198291779
0.24325792491436005
0.4377422034740448
0.0068894000723958015
0.013539524748921394
0.054591305553913116
0.2952321767807007
0.06562374532222748
0.1315600872039795
0.057357508689165115
0.08787566423416138
0.022675061598420143
0.04077865555882454
0.04330559819936752
0.1974041908979416
0.01847231388092041
0.03389081358909607
0.03522128984332085
0.049354638904333115
0.05529293790459633
0.03729835897684097
0.021277539432048798
0.03487856686115265
0.009235204197466373
0.08021647483110428
0.1339208036661148
0.03978455811738968
0.2182352989912033
0.272493451833725
0.09065115451812744
0.05522634834051132
0.3799360394477844
0.192580446600914
0.2897636592388153
0.5562622547149658
0.2580433785915375
0.1443449705839157
0.16303963959217072
0.02310068905353546
1.2067677974700928
0.8544807434082031
0.4612259864807129
0.41141027212142944
0.005583404563367367
0.004954938776791096
0.009306473657488823
0.14879432320594788
0.01288536936044693
0.018369974568486214
0.01144087128341198
0.011856491677463055
0.018027590587735176
0.015081909485161304
0.027130063623189926
0.04747438430786133
0.019890181720256805
0.003924010321497917
0.06481830775737762
0.007791466079652309
0.03138444572687149
0.003447359660640359
0.00434216158464551
0.0412486232817173
1.4637179374694824
0.26855751872062683
0.7558042407035828
0.1907639056444168
0.0029120012186467648
0.006208667065948248
0.01585288718342781
0.02600661851465702
0.4498266577720642
0.10815557837486267
0.16355405747890472
0.20415058732032776
0.05127530172467232
0.08404616266489029
0.05692968890070915
0.1407972276210785
0.01841975748538971
0.012408358044922352
0.006720853503793478
0.01770635135471821
0.18999072909355164
0.3011251389980316
0.21559374034404755
0.21981686353683472
0.03851163387298584
0.02125658467411995
0.03403983265161514
0.15129104256629944
0.05922766029834747
0.05099678412079811
0.014539635740220547
0.019739774987101555
0.029521530494093895
0.020215526223182678
0.016380682587623596
0.17234337329864502
0.022320713847875595
0.012659789063036442
0.031120851635932922
0.019868051633238792
0.431449294090271
0.47147834300994873
0.24085256457328796
0.39786991477012634
0.4044303297996521
0.753252387046814
0.1367703378200531
0.5733720660209656
0.02847210317850113
0.051117099821567535
0.06892870366573334
0.3048327565193176
0.018411440774798393
0.009656580165028572
0.005543448030948639
0.05249793827533722
0.0750303566455841
0.07124252617359161
0.2894251346588135
0.05192068591713905
0.17313262820243835
0.08785781264305115
0.05044308304786682
0.0996350571513176
0.011988920159637928
0.015148989856243134
0.005071468651294708
0.02175145596265793
0.05358581617474556
0.08305929601192474
0.18700766563415527
0.26888084411621094
0.032233405858278275
0.01938178949058056
0.003978529945015907
0.027344590052962303
0.005283114034682512
0.012786699458956718
0.005413898732513189
0.2541320025920868
0.02775396779179573
0.033305488526821136
0.02460918389260769
0.1666434109210968
0.017291799187660217
0.013531931675970554
0.024352675303816795
0.02267337404191494
0.01285333838313818
0.11795150488615036
0.0184903834015131
0.46000999212265015
0.033005811274051666
0.017378244549036026
0.08504848927259445
0.013342518359422684
0.055852025747299194
0.1602664738893509
0.052792198956012726
0.0946984589099884
0.11731192469596863
0.28637686371803284
0.03930119425058365
0.05082041025161743
0.01369903888553381
0.013047901913523674
0.014597851783037186
0.09959961473941803
0.017232056707143784
0.01541806012392044
0.03098854050040245
0.08304250240325928
0.11881491541862488
0.10887522995471954
0.035175204277038574
0.049240417778491974
0.11617866158485413
0.1713024079799652
0.014226977713406086
0.3137114346027374
0.052279915660619736
0.011929337866604328
0.05803581699728966
0.014479599893093109
0.058654576539993286
0.0038569977041333914
0.02159186266362667
0.009756590239703655
0.004249154590070248
0.011348173022270203
0.013420864939689636
0.026155035942792892
0.20651894807815552
0.2088724672794342
0.3882942795753479
0.2368440479040146
0.025294199585914612
0.04378969967365265
0.03300298750400543
0.06794333457946777
0.07452715933322906
0.0627249926328659
0.02033999189734459
0.05219762772321701
0.008014609105885029
0.010285659693181515
0.007572606205940247
0.012433829717338085
0.027663616463541985
0.06935615092515945
0.04237569868564606
0.38053131103515625
0.005532997194677591
0.013043287210166454
0.011216058395802975
0.027347426861524582
0.11397594958543777
0.06449500471353531
0.12071671336889267
0.052869535982608795
0.011572552844882011
0.0482608936727047
0.014137285761535168
0.013994449749588966
0.09157244116067886
0.06093066558241844
0.17704471945762634
0.37108850479125977
0.046969346702098846
0.21581204235553741
0.02257653698325157
0.5477244853973389
0.04923054948449135
0.13364331424236298
0.3367954194545746
0.10386752337217331
0.053297847509384155
0.010546980425715446
0.018863657489418983
0.038281962275505066
0.018930714577436447
0.017585817724466324
0.017432626336812973
0.018404759466648102
0.033460430800914764
0.026595745235681534
0.0562000535428524
0.1699209213256836
0.02286750078201294
0.00809169840067625
0.03539225086569786
0.02187260240316391
0.2280169427394867
0.5993908047676086
0.0796077623963356
0.161182701587677
0.0031624191906303167
0.0066597252152860165
0.0068404218181967735
0.025768226012587547
0.0785515159368515
0.02501639351248741
0.032504934817552567
0.03150593489408493
0.0051677594892680645
0.006432534661144018
0.026704860851168633
0.023107774555683136
0.04230114817619324
0.06648099422454834
0.044249724596738815
0.026813503354787827
0.05538618192076683
0.24159632623195648
0.019184961915016174
0.03057659976184368
0.010723378509283066
0.0030459892004728317
0.0914066806435585
0.03507329523563385
0.2032446712255478
0.2539219260215759
0.010414423421025276
0.017049208283424377
0.1555088758468628
0.2754354476928711
0.002355871954932809
0.0056529780849814415
0.02775910496711731
0.11240948736667633
0.10533284395933151
0.20576488971710205
0.10154769569635391
0.8310565948486328
0.015663210302591324
0.0032083450350910425
0.015762021765112877
0.011232567951083183
0.06560961902141571
0.055464006960392
0.08303672075271606
0.15759573876857758
0.12596625089645386
0.03104996494948864
0.03281775116920471
0.058219365775585175
1.4665184020996094
0.4510232210159302
0.47942379117012024
0.7504518628120422
0.006454498041421175
0.015615170821547508
0.008597208186984062
0.010133117437362671
0.04943058267235756
0.05343114957213402
0.021981025114655495
0.00848300289362669
0.01479052659124136
0.014407885260879993
0.026155781000852585
0.03388515114784241
0.0702308639883995
0.0207208264619112
0.03715844824910164
0.0304273571819067
0.020214274525642395
0.02159922569990158
0.01893417350947857
0.04092518985271454
0.039049964398145676
0.0284177977591753
0.038377437740564346
0.1326967030763626
0.023587847128510475
0.025527510792016983
0.022749800235033035
0.06324025243520737
0.2723684012889862
0.2774498760700226
0.08283925801515579
0.8045281171798706
0.0027843876741826534
0.0048348489217460155
0.005997102241963148
0.005630996078252792
0.007604083977639675
0.008672825992107391
0.04408242553472519
0.15646599233150482
0.002201929222792387
0.010054451413452625
0.0023495624773204327
0.0213105957955122
0.7401100993156433
0.10883606970310211
0.11723922193050385
0.9059680700302124
0.34484338760375977
0.0876355916261673
0.8595415949821472
0.9730318784713745
0.2310284525156021
0.14243999123573303
0.39060425758361816
0.45390594005584717
0.06421511620283127
0.025025032460689545
0.08466266840696335
0.023257117718458176
0.0643644630908966
0.1834777295589447
0.08426770567893982
0.1741148829460144
0.09161534160375595
0.037102360278367996
0.06241138279438019
0.037329867482185364
0.15879127383232117
0.010138594545423985
0.10009221732616425
0.030443783849477768
0.07064498215913773
0.031827859580516815