-58.59761595726013
-58.948166489601135
-63.36558651924133
-66.77147245407104
-53.59245678782463
-68.46206903457642
-55.979816198349
-70.09030401706696
-67.75482761859894
-80.09373617172241
-52.74339139461517
-55.4313907623291
-50.7059131860733
-56.257532835006714
-48.31457316689193
-53.4917683750391
-49.53324742615223
-56.20997506380081
-71.7325758934021
-71.43257713317871
-56.78456377983093
-64.52375745773315
-47.09734320640564
-61.65592709183693
-77.31988027691841
-85.28439426422119
-62.36121844127774
-76.7225284576416
-73.64602905511856
-65.78411293029785
-48.37171577475965
-54.94724249839783
-65.9832398891449
-72.17796039581299
-69.12368023395538
-73.01047849655151
-62.48804150521755
-68.77749904990196
-39.31082880496979
-51.71913731098175
-74.9799336194992
-85.33711051940918
-63.48398917913437
-69.22025775909424
-64.3189628124237
-62.828877449035645
-52.05812269449234
-61.016759634017944
-61.02062630653381
-62.22561073303223
-54.77505087852478
-82.42027473449707
-55.78849983215332
-68.66876459121704
-71.02096128463745
-79.21088027954102
-69.80418682098389
-68.40488243103027
-35.53301875293255
-58.862993240356445
-62.84059691429138
-66.37993741035461
-60.32258566096425
-66.78261208534241
-55.566691637039185
-67.42833209037781
-58.28096675872803
-64.38820219039917
-64.57241785526276
-68.35131216049194
-44.45674289017916
-62.34288954734802
-59.02236430346966
-74.06043529510498
-42.577977895736694
-60.07438117265701
-45.03318773210049
-58.83934110403061
-57.64466351270676
-73.62012434005737
-50.1361218765378
-66.50026226043701
-59.295200169086456
-67.23350143432617
-57.06580352783203
-65.98337936401367
-47.233920246362686
-64.22932434082031
-55.16310632228851
-67.120192527771
-54.76953625679016
-75.50400876998901
-43.55533409118652
-58.03675425052643
-42.04825735092163
-49.48923635482788
-49.28897500038147
-56.43259525299072
-67.8723464012146
-72.69336032867432
-43.15866503119469
-63.11434602737427
-63.849480628967285
-72.33669805526733
-47.25856214761734
-56.381715297698975
-65.12169361114502
-78.86091613769531
-45.38742345571518
-55.722891449928284
-67.26282322406769
-65.87009382247925
-54.09471605718136
-70.04359865188599
-70.98934721946716
-70.02466678619385
-57.72567975521088
-64.16172170639038
-52.84327980875969
-71.01004457473755
-49.586071848869324
-55.60512152686715
-60.636103704571724
-69.1257553100586
-63.10874021053314
-65.67119646072388
-51.95537096261978
-72.1615560054779
-64.9396892786026
-70.1315221786499
-62.72459411621094
-72.10022783279419
-68.23994818329811
-79.96610355377197
-44.755479373037815
-53.91943910717964
-47.75846588611603
-58.68173864483833
-40.833415903151035
-53.42467413470149
-57.81485092639923
-62.18094062805176
-54.22073197364807
-64.80539608001709
-52.37202453613281
-69.75518152117729
-62.46795396506786
-68.7938868701458
-55.390180230140686
-72.96887493133545
-58.29462456703186
-66.51832818984985
-64.41050815582275
-58.7544002532959
-73.37727046012878
-67.4786467552185
-60.43518781661987
-63.586631059646606
-51.4334976375103
-70.30029082298279
-63.05601513385773
-78.97333574295044
-71.68152266740799
-69.54981327056885
-67.87625658512115
-77.37146854400635
-69.65439343452454
-75.24399757385254
-70.1216950416565
-74.96397876739502
-68.29704761505127
-64.91186714172363
-49.51287063956261
-60.10908079147339
-60.187161922454834
-68.89797019958496
-48.256571769714355
-56.6361620426178
-46.82037107646465
-57.328243255615234
-64.0998866558075
-73.23908710479736
-63.76961022615433
-75.06185173988342
-59.99718600511551
-59.69358205795288
-62.83000409603119
-73.5367841720581
-52.13596796989441
-63.53705358505249
-57.63965490460396
-72.05086421966553
-56.837681263685226
-66.55787706375122
-62.557253800332546
-64.94271302223206
-48.40696193277836
-56.41432410478592
-71.12782716751099
-74.54449415206909
-62.52195429801941
-70.30183529853821
-49.45862792432308
-64.28395390510559
-66.77557921409607
-71.43911170959473
-53.04602932929993
-56.80372142791748
-64.54501128196716
-65.90291357040405
-63.64971324801445
-65.67028522491455
-60.996132999658585
-75.47910261154175
-56.790439784526825
-66.50541377067566
-65.93647110462189
-72.6526198387146
-57.63963484764099
-70.82935535907745
-59.52259039878845
-62.14362612366676
-54.03048628568649
-62.67666059732437
-61.80595022439957
-67.1118860244751
-60.3036994934082
-70.43135786056519
-45.105842888355255
-63.933552742004395
-62.14364109933376
-78.46599864959717
-60.5985141992569
-66.94294619560242
-67.995858669281
-69.55604863166809
-63.97386062145233
-66.30555772781372
-43.84283633902669
-46.217419400811195
-50.22925506532192
-63.2210281714797
-61.51652121543884
-70.18912363052368
-69.97410063445568
-77.14944362640381
-64.03534030914307
-63.21781396865845
-51.62366944551468
-68.44179677963257
-77.93259710073471
-84.19593620300293
-47.061610490083694
-57.442391872406006
-59.15339779853821
-67.26411485671997
-67.72423553466797
-63.39669132232666
-53.87432861328125
-66.92988967895508
-62.0411601960659
-74.55875277519226
-53.48224627971649
-55.11860126256943
-53.392259798943996
-63.02482485771179
-43.727226972579956
-54.5113525390625
-57.12685215473175
-71.22302794456482
-53.66453641653061
-64.64616870880127
-61.7165961265564
-62.93601036071777
-46.39874190092087
-55.356289863586426
-56.5859591960907
-58.43984115123749
-37.5886250436306
-50.073986291885376
-52.26911771297455
-60.741743087768555
-66.41224944591522
-74.9663667678833
-48.44602797925472
-67.18892335891724
-55.497212409973145
-60.95790243148804
-66.61280834674835
-76.63550472259521
-54.49196004867554
-62.68077754974365
-65.82862401008606
-76.91744804382324
-39.483572497963905
-52.75580644607544
-41.144423484802246
-57.59079024195671
-43.73802435398102
-60.660937786102295
-60.546228885650635
-72.11599731445312
-58.223428666591644
-76.53030109405518
-64.81155526638031
-70.25703859329224
-44.36618626117706
-57.2958664894104
-45.4848752990365
-69.0152907371521
-64.67402362823486
-69.96086883544922
-59.65890220552683
-68.22544145584106
-44.57971370220184
-52.27676510810852
-50.94173065130599
-54.67525188624859
-56.57407021522522
-64.42469215393066
-54.58499729633331
-56.966522216796875
-55.476005617529154
-59.25739261507988
-47.2307885736227
-62.47974729537964
-59.8216657936573
-79.06413507461548
-53.67131730169058
-62.60429883003235
-61.319247245788574
-61.186124324798584
-43.53134402818978
-62.55928993225098
-50.95407101511955
-54.597781755030155
-46.1876323223114
-64.36469984054565
-52.68117529153824
-65.24437046051025
-54.98646747134626
-58.68892014026642
-35.6710971519351
-41.54606185108423
-55.11264193058014
-61.51268756389618
-52.71808868646622
-58.825532376766205
-56.78747534751892
-61.39730143547058
-41.273281663656235
-47.394291669130325
-57.16041415929794
-66.62744998931885
-39.985623175278306
-51.82932864129543
-56.05734610557556
-79.17256832122803
-55.72092866897583
-61.92282062768936
-58.41750502586365
-60.9982213973999
-74.29397773742676
-75.80839347839355
-56.71984130144119
-66.4601708650589
-46.56490468978882
-60.78036040067673
-60.67432701587677
-71.04981708526611
-49.54446885921061
-52.64982062578201
-64.11552745103836
-76.5804214477539
-65.71176552772522
-71.55434131622314
-61.5318877696991
-66.99433481693268
-48.71593952178955
-55.656892985105515
-63.26400899887085
-72.11462092399597
-38.34617304801941
-60.92179775238037
-75.55712461471558
-79.23458814620972
-45.22262990474701
-58.433609664440155
-62.25085425376892
-76.84577941894531
-63.766804814338684
-61.9993292093277
-60.15460368990898
-71.019935131073
-46.83284278959036
-70.3220386505127
-62.03542947769165
-68.727041721344
-48.9125440120697
-57.01947045326233
-52.80154538154602
-65.75026679039001
-69.18504810333252
-65.09275150299072
-51.14880320895463
-58.49516847357154
-75.42768049240112
-76.54642963409424
-55.32545495033264
-58.78263568878174
-50.13724631071091
-58.9134566783905
-47.46932911872864
-63.67534387111664
-50.086270816624165
-67.33174800872803
-41.40251910686493
-63.883355766534805
-57.78956105560064
-57.29601302742958
-59.40481209754944
-66.1429500579834
-55.66307616233826
-69.41100215911865
-46.76263999938965
-67.16981768608093
-64.96493631601334
-69.78537082672119
-50.38041961193085
-47.605764269828796
-57.187631979584694
-62.28266058862209
-64.81195390224457
-67.34079074859619
-48.86863225698471
-57.96593388915062
-72.79466414451599
-74.48648738861084
-54.9958233833313
-61.61851239204407
-46.78989464044571
-59.58324861526489
-69.86331415176392
-67.44014072418213
-54.70832872390747
-74.38298034667969
-83.26166158914566
-84.68069553375244
-65.10884338617325
-70.95726799964905
-62.96615529060364
-65.9698121547699
-34.18741779215634
-44.174004919826984
-64.74342706799507
-77.45945072174072
-45.97565275430679
-66.1597547531128
-62.03215038776398
-59.22197079658508
-50.30537033081055
-70.89025592803955
-75.27460408210754
-67.84754252433777
-67.75977849960327
-75.47521734237671
-59.678293347358704
-65.71611452102661
-58.01855742931366
-66.68135738372803
-72.40665197372437
-72.3859121799469
-61.70520877838135
-67.5093903541565
-52.970539301633835
-65.08818936347961
-59.88515827059746
-63.333937644958496
-56.33534552156925
-67.62854528427124
-68.26301658153534
-62.395852863788605
-63.32711759209633
-75.0950779914856
-54.32023358345032
-61.17144441604614
-64.37185680866241
-71.30629682540894
-63.592645049095154
-62.71445819735527
-52.04255881905556
-68.0199670791626
-44.397443652153015
-63.08706712722778
-61.642494797706604
-63.69486904144287
-47.775413513183594
-57.081933438777924
-68.48732177913189
-83.47696781158447
-69.75543212890625
-73.38953447341919
-60.87649130821228
-67.7152509689331
-60.47779870033264
-57.72807788848877
-65.47868752479553
-61.73423624038696
-57.46412846446037
-71.10440301895142
-57.58003377914429
-59.002326250076294
-67.2676836848259
-70.66427516937256
-76.75663375854492
-71.72714185714722
-51.721796065568924
-56.160205364227295
-60.171691715717316
-66.42108297348022
-49.55347874760628
-68.3823094367981
-53.86837728321552
-73.50953531265259
-66.26892066001892
-76.93129348754883
-50.150914430618286
-52.950392723083496
-50.255612060427666
-67.95737266540527
-66.31275457143784
-80.34970188140869
-54.86693787574768
-68.35939884185791
-57.532247483730316
-67.20616674423218
-45.616846818476915
-54.02196317911148
-55.80549621582031
-62.02011214196682
-62.31553316116333
-65.47729539871216
-47.06672567129135
-63.11325120925903
-66.69446724653244
-71.6475043296814
-56.3634295463562
-66.51417827606201
-65.93218410015106
-79.65958213806152
-66.29581236839294
-79.46118354797363
-63.25450563430786
-69.48025035858154
-63.49346613883972
-68.52676486968994
-66.57085955142975
-71.54923248291016
-67.75662696361542
-77.12784719467163
-45.690138936042786
-53.093804121017456
-50.7056710422039
-76.34185218811035
-55.844876646995544
-67.55585765838623
-57.89635920524597
-67.52219104766846
-41.114995658397675
-57.491092681884766
-62.9397696852684
-78.82880640029907
-67.76360261440277
-62.945329427719116
-50.93180924654007
-64.07609421014786
-62.873771488666534
-64.76783895492554
-46.665306551381946
-63.20506191253662
-72.9779269695282
-67.98888301849365
-63.77904894948006
-72.83961009979248
-72.78804159164429
-76.6365122795105
-47.998669942840934
-51.888032391667366
-71.77382290363312
-71.51359510421753
-48.40141120553017
-67.89195656776428
-53.463326424360275
-70.53054642677307
-44.9657541513443
-62.933202624320984
-78.42642557621002
-78.18469047546387
-52.632877349853516
-60.150296211242676
-46.50068640708923
-60.85549211502075
-57.4032147526741
-60.35508894920349
-84.31337904930115
-85.01053619384766
-47.595408856868744
-54.281187534332275
-62.679236739873886
-68.49685621261597
-58.853710889816284
-57.45844632387161
-54.11953258514404
-67.94921267032623
-53.991323471069336
-60.322205781936646
-44.95376658439636
-63.09731864929199
-38.49816808104515
-61.642396211624146
-56.90011739730835
-74.59849405288696
-49.41997313499451
-57.650423645973206
-62.86724042892456
-63.91838979721069
-53.47844386100769
-65.37321186065674
-50.67209313809872
-62.94534635543823
-44.59542663395405
-60.60867786407471
-62.900498151779175
-68.56615972518921
-77.25360298156738
-74.49683141708374
-70.85090744495392
-74.04559850692749
-64.82124100625515
-72.71091628074646
-70.58716574311256
-66.48677110671997
-45.922169510275126
-52.51049569249153
-47.6635080575943
-73.36566853523254
-50.03054320812225
-67.65465021133423
-70.67224907875061
-65.50050783157349
-57.97066879272461
-71.81274890899658
-66.07434415817261
-67.12575006484985
-63.022074699401855
-68.24613451957703
-48.68138288706541
-57.53489062190056
-46.17158944904804
-54.97128462791443
-63.56399148143828
-67.58828428387642
-38.265924751758575
-50.769322872161865
-80.60023498535156
-75.64151334762573
-73.12040781974792
-85.8714828491211
-55.063053131103516
-58.48145842552185
-55.61811423301697
-64.15963411331177
-47.93925899267197
-65.63364624977112
-48.57293824851513
-52.722227677702904
-49.23734627664089
-68.33594751358032
-71.8547191619873
-76.39533996582031
-69.51700764894485
-73.81124639511108
-57.38791288435459
-64.967125415802
-34.83860509470105
-52.732753217220306
-61.142547726631165
-75.87742233276367
-66.2785552740097
-66.77416276931763
-57.66802132129669
-67.04074382781982
-66.37950468063354
-68.12465238571167
-57.96146011352539
-61.98785138130188
-56.03356432914734
-65.87312412261963
-53.330702781677246
-60.80637717247009
-54.95270937681198
-74.94647932052612
-54.78090298175812
-80.86943650245667
-72.4545429944992
-72.90859317779541
-69.20902109146118
-70.57098436355591
-67.98714745044708
-75.56412506103516
-66.38714569807053
-72.63220548629761
-51.51462745666504
-64.8978328704834
-50.43555688858032
-64.23892545700073
-56.6986419018358
-59.90757021307945
-37.63783858716488
-58.52245807647705
-43.615550545975566
-47.03011107444763
-41.93744298070669
-64.00847959518433
-47.804850339889526
-68.18112134933472
-72.31062841415405
-74.7932858467102
-72.49110651016235
-62.37389397621155
-54.77998273074627
-63.261611580848694
-60.99526685476303
-66.93959760665894
-51.02642944455147
-69.74147367477417
-63.28704643249512
-60.89530801773071
-49.35345034301281
-56.28577978909016
-56.068516224622726
-55.49438887834549
-48.41372632980347
-55.678872756659985
-61.47301232814789
-68.5121603012085
-60.991519927978516
-63.05379939079285
-45.833186127245426
-59.84509152173996
-59.63545644283295
-69.80208969116211
-71.66286015510559
-66.5256233215332
-46.42827546596527
-56.723516047000885
-51.84575867652893
-57.59313488006592
-56.719741344451904
-70.20730924606323
-54.15323334932327
-57.77803039550781
-52.97820711135864
-61.5994975566864
-65.6471351981163
-79.32422351837158
-56.16969254612923
-69.59114050865173
-56.93730640411377
-66.06867122650146
-76.72894787788391
-66.63120222091675
-64.07588362693787
-71.34358882904053
-45.80738079547882
-52.56290489435196
-62.02555871009827
-68.25284767150879
-50.70105195045471
-56.3246488571167
-54.89655876159668
-62.86890411376953
-63.338401556015015
-69.12284088134766
-55.58277249336243
-62.33625888824463
-45.02569630742073
-57.41788303852081
-46.929213523864746
-59.37685686349869
-61.01635366678238
-63.056243777275085
-37.30385899543762
-55.13535029441118
-63.28906720876694
-71.15764451026917
-58.44907236099243
-66.60479545593262
-53.96199578046799
-61.149208068847656
-43.18773675709963
-51.6321377530694
-58.844680830836296
-74.32330513000488
-60.46813988685608
-66.42193794250488
-68.7152727842331
-78.82790660858154
-49.130930840969086
-70.00548601150513
-62.81332737207413
-76.67768478393555
-46.47668547555804
-53.24696287512779
-53.194481670856476
-62.948482036590576
-52.77349090576172
-52.32911962270737
-61.8203399181366
-59.04724860191345
-69.96876382827759
-61.8467001914978
-71.86666655540466
-82.5658769607544
-68.2581070959568
-72.3310980796814
-49.60800361633301
-60.812583923339844
-55.17565858364105
-58.238625288009644
-52.57882881164551
-69.2672610282898
-57.49258840084076
-73.2110104560852
-61.70442771911621
-72.70757961273193
-51.611109390854836
-65.70052242279053
-56.73137527704239
-69.93623065948486
-54.28688341751695
-66.41406112909317
-67.87398362159729
-66.00522232055664
-60.83810530602932
-72.80416440963745
-40.150845378637314
-59.26546335220337
-57.167598366737366
-51.549896001815796
-44.76221543550491
-60.090288162231445
-58.32228818535805
-76.32089900970459
-70.83411955833435
-69.82898950576782
-47.761078000068665
-57.627471923828125
-56.99040198326111
-74.31585264205933
-72.63441878557205
-72.66491842269897
-45.92029098421335
-73.25403022766113
-66.22854578495026
-75.75084161758423
-57.647765934467316
-63.80629229545593
-80.26205658912659
-71.6583776473999
-44.11215414106846
-49.53512325882912
-52.09619720093906
-70.81032466888428
-47.892114877700806
-58.5294771194458
-60.68401122093201
-66.52592241764069
-64.43850660324097
-71.78800392150879
-48.31503915786743
-56.439721286296844
-58.72501027584076
-65.29881429672241
-63.59263837337494
-77.04850196838379
-58.864221811294556
-69.22941732406616
-48.8389847278595
-64.99714660644531
-56.45550322532654
-61.46773052215576
-60.255555629730225
-69.8347156047821
-42.65582558512688
-67.77815771102905
-58.52364468574524
-64.81194067001343
-56.66920709609985
-64.14482736587524
-53.96622824948281
-55.94438940286636
-55.914450883865356
-61.712533950805664
-53.217899560928345
-69.96421098709106
-53.903438329696655
-58.80002403259277
-55.685572393238544
-74.62764644622803
-49.27112948894501
-69.11171531677246
-47.10190400853753
-68.80626356601715
-59.32329022884369
-68.14912366867065
-59.81099274754524
-67.90206146240234
-54.58068513870239
-69.6110668182373
-72.88611698150635
-73.87966394424438
-37.60038822889328
-52.11542358994484
-71.75593912601471
-61.538522243499756
-47.081919516436756
-48.57501354813576
-61.85402059555054
-67.01652240753174
-45.231923043727875
-60.51025080680847
-60.71520292758942
-78.78008890151978
-45.143151968717575
-62.1594181060791
-58.151479721069336
-68.96198558807373
-42.227954655885696
-54.474131405353546
-77.43271541595459
-80.9856812953949
-30.205956108868122
-47.052917808294296
-59.864264249801636
-78.0342378616333
-65.18054166436195
-73.80306386947632
-55.60301958024502
-67.48836541175842
-59.14103817939758
-62.004244804382324
-68.74772870540619
-75.98808097839355
-43.903733253479004
-55.66641592979431
-40.79890486598015
-57.66048902273178
-74.65010070800781
-88.37489318847656
-39.70806872844696
-56.101749897003174
-60.22629737854004
-74.85849523544312
-67.91669940948486
-63.96944975852966
-58.45437288284302
-71.68818616867065
-69.17333030700684
-71.05188083648682
-64.89738047122955
-65.08221626281738
-43.70448077470064
-56.37816025316715
-55.83338779211044
-77.01813316345215
-57.22662729024887
-59.35550355911255
-54.12131005525589
-61.22729444503784
-64.8926842212677
-68.93977212905884
-64.86259722709656
-60.00112819671631
-59.70858693122864
-69.67768082022667
-65.31225076317787
-77.46746873855591
-51.21987673640251
-65.00101232528687
-45.926570892333984
-61.57634496688843
-46.29608982428908
-60.493199586868286
-58.56158745288849
-70.023512840271
-70.53419828414917
-70.85293292999268
-58.526288986206055
-68.57877922058105
-67.56703531742096
-76.85513114929199
-48.52005778439343
-54.1525514125824
-62.10375094413757
-65.38210010528564
-62.15024471282959
-74.72687530517578
-69.63130211830139
-77.27958154678345
-69.49568009376526
-65.25324535369873
-63.154009491205215
-67.50660228729248
-57.23817539215088
-70.0136284828186
-35.06474883109331
-50.31878304481506
-36.38815642520785
-64.06931114196777
-69.68350434303284
-78.468674659729
-63.65937340259552
-64.2619743347168
-41.600561439991
-60.71540069580078
-68.59236168861389
-69.55166053771973
-74.75112926959991
-72.71232795715332
-67.46396020054817
-66.56512260437012
-80.68758189678192
-74.5110387802124
-41.6971054058522
-50.76292245090008
-65.60754871368408
-73.48358035087585
-47.90551081299782
-52.83970656991005
-49.976022839546204
-61.46879863739014
-62.13338625431061
-80.4973816871643
-51.017679803073406
-74.80070877075195
-63.476428769528866
-83.2947587966919
-66.7494245171547
-83.46890830993652
-43.55034774634987
-55.39514425396919
-69.00900590419769
-83.28491687774658
-72.11038780212402
-71.63897800445557
-63.281004786491394
-76.1154203414917
-62.27927851676941
-74.38156795501709
-46.52186179161072
-56.625630617141724
-63.12540102005005
-64.00225925445557
-49.319539211690426
-66.46670055389404
-70.46271681785583
-77.91298818588257
-67.01973587274551
-70.68743801116943
-51.24720175564289
-67.74902391433716
-54.617899514734745
-50.96559086441994
-48.33049929141998
-56.67842721939087
-51.53607881069183
-57.78591126203537
-54.23308153823018
-62.01078017055988
-59.53531074523926
-64.64069604873657
-70.89126098155975
-67.69781064987183
-58.65308904647827
-62.24831819534302
-58.649699449539185
-66.97683477401733
-54.831361055374146
-66.92365884780884
-48.16224551200867
-68.84803223609924
-65.63396108150482
-71.79288578033447
-54.797327756881714
-58.48733425140381
-54.4360528588295
-67.76053619384766
-54.16629669815302
-54.46283608675003
-54.773619413375854
-57.19879746437073
-59.16157329082489
-66.78494501113892
-47.65350103378296
-53.7707154750824
-56.89538550376892
-60.654221296310425
-64.35408681631088
-70.4072322845459
-52.10540336370468
-62.45406246185303
-73.88946914672852
-78.68630027770996
-47.926828384399414
-64.24285578727722
-34.00715184211731
-48.166456282138824
-52.23628902435303
-61.14471173286438
-55.80309176445007
-69.38877809047699
-51.70789588987827
-62.646382331848145
-42.651811599731445
-57.33623504638672
-57.96643877029419
-65.67934942245483
-46.00999966263771
-52.223598808050156
-63.18068017065525
-74.76668357849121
-72.65316724777222
-71.1726622581482
-65.54581268131733
-87.18173742294312
-52.363235771656036
-74.94302415847778
-73.96355509757996
-73.33789682388306
-46.06729646027088
-51.97577492892742
-60.551881074905396
-66.54062485694885
-60.09394371509552
-64.93882942199707
-62.39231085777283
-64.26958656311035
-43.10058116912842
-64.55311441421509
-72.91773718595505
-72.92664432525635
-62.412065863609314
-71.1723575592041
-55.83533477783203
-60.32405936717987
-54.56378701329231
-56.14250898361206
-61.278520449995995
-76.71477317810059
-40.948318623006344
-57.230436474084854
-63.10739556699991
-73.05788326263428
-51.53875494003296
-65.94584035873413
-71.0752363204956
-85.35692977905273
-51.694642782211304
-58.454458713531494
-67.64852595329285
-76.1897611618042
-75.29299259185791
-65.65498876571655
-64.00521624088287
-79.52377891540527
-47.96222639083862
-58.379343681037426
-77.86818414926529
-80.65974712371826
-72.92823362350464
-73.25082159042358
-64.33233070373535
-73.5467586517334
-56.49509239196777
-62.28843116760254
-65.92959915101528
-67.03644800186157
-72.54297733306885
-78.59681510925293
-66.76910018920898
-73.46426296234131
-58.53854352235794
-78.07665348052979
-65.89974218606949
-68.263338804245
-49.175206899642944
-59.75518989562988
-59.475340500473976
-57.39129111170769
-59.29255986213684
-60.36344265937805
-64.203378200531
-68.8298692703247
-68.83678030967712
-72.83235883712769
-46.10165210440755
-63.4493625164032
-54.63854169845581
-60.99653458595276
-57.409763403236866
-64.07817959785461
-72.93813693523407
-78.25131177902222
-62.04226851463318
-62.37572431564331
-46.841726914048195
-63.209749698638916
-63.67440056800842
-75.0188045501709
-39.56910955905914
-61.39545440673828
-59.95438793301582
-58.998094499111176
-53.06882035732269
-71.87713313102722
-67.57378566265106
-70.75679397583008
-61.32342076301575
-70.81935596466064
-55.33005332946777
-62.798230826854706
-48.234904050827026
-55.34017771482468
-71.00584506988525
-72.6126914024353
-63.84254741668701
-65.74319553375244
-49.70540609955788
-61.461704313755035
-44.992852402850986
-55.49145030975342
-62.32986491918564
-63.921950340270996
-68.17266404628754
-80.07927989959717
-62.93797034025192
-72.19137239456177
-60.80532678961754
-58.92922480404377
-55.06711268424988
-69.09663486480713
-68.02366542816162
-70.22438526153564
-69.21328544616699
-84.26595687866211
-52.2169086933136
-68.57163953781128
-46.28297162055969
-64.2566168308258
-50.92703175544739
-58.04707074165344
-45.43323606625199
-53.862820856273174
-64.88533043861389
-79.36901235580444
-71.97556233406067
-72.36591863632202
-40.325944900512695
-62.541924238204956
-54.02568817138672
-65.42255687713623
-66.19893383979797
-68.93515205383301
-69.56067848205566
-71.24648678302765
-73.07692605257034
-75.32471752166748
-68.062195956707
-76.8318862915039
-61.5521702170372
-79.80178117752075
-57.29536950588226
-70.91824126243591
-60.66107177734375
-66.57700061798096
-38.40855377539992
-47.489290326833725
-54.250100791454315
-58.34518599510193
-63.10582181811333
-67.77830672264099
-53.95162379741669
-65.82591581344604
-56.112254321575165
-65.038130402565
-48.42783546447754
-49.484092473983765
-59.651265025138855
-65.26486682891846
-45.076142033562064
-53.60798367857933
-59.64728623628616
-68.97832202911377
-64.67791283130646
-75.76185846328735
-62.952250957489014
-67.70331954956055
-38.24533222988248
-60.27586555480957
-73.9827971458435
-67.86170029640198
-41.34533676505089
-49.32948350906372
-38.472123086452484
-64.86984777450562
-59.37837052345276
-64.5397264957428
-62.8390588760376
-74.05793237686157
-59.12278348207474
-59.02759122848511
-79.98867154121399
-78.6520619392395
-66.87469655275345
-72.99610614776611
-62.02288204431534
-68.85635089874268
-59.552948236465454
-63.21832466125488
-49.33824187517166
-53.62694016098976
-48.098980724811554
-71.24829813838005
-73.13633346557617
-69.70448899269104
-41.841159120202065
-59.79243618249893
-50.79696900397539
-68.1810302734375
-66.20648646354675
-68.34663152694702
-62.38319504261017
-67.51597738265991
-60.80577975511551
-75.38808584213257
-69.78430604934692
-77.14025259017944
-70.11091414093971
-69.94259071350098
-56.39763820171356
-74.6714859008789
-63.87245723605156
-72.7532205581665
-66.05306386947632
-67.20337057113647
-72.77040554583073
-77.89599895477295
-66.30128347873688
-74.27079486846924
-59.306671380996704
-61.14200973510742
-80.44951820373535
-69.57190656661987
-52.55530917644501
-58.61898708343506
-64.13839149475098
-67.50532245635986
-65.5311770439148
-80.48491191864014
-52.055946081876755
-62.170515060424805
-49.26549553871155
-59.43552543222904
-53.32514959573746
-64.50803327560425
-59.5342743396759
-70.33332526683807
-62.36434006690979
-66.65371370315552
-70.30877530574799
-71.57929277420044
-60.95502192899585
-67.52649882435799
-57.785105377435684
-66.45020008087158
-68.20953464508057
-68.8121268749237
-59.02940022945404
-54.90567374229431
-60.46094712615013
-73.28336238861084
-59.19972038269043
-66.11729431152344
-63.268319487571716
-61.24678421020508
-59.84851759672165
-59.99789381027222
-49.04297284781933
-55.80605894327164
-52.70759171247482
-77.65204906463623
-63.7068452835083
-72.22345018386841
-62.60541009902954
-75.51383256912231
-47.613261222839355
-68.66770887374878
-63.32652246952057
-70.18127536773682
-53.73903524875641
-68.50592064857483
-60.4833505153656
-68.60624074935913
-63.827815532684326
-68.68731117248535
-48.27814741618931
-62.479115426540375
-46.635739862918854
-63.11346435546875
-46.03231716156006
-64.9904294013977
-68.63362240791321
-78.88450336456299
-77.31839954853058
-70.97847080230713
-46.75599190592766
-67.01472616195679
-67.91576302051544
-79.57852745056152
-51.194566547870636
-65.61653304100037
-63.436476677656174
-63.327024936676025
-52.01681987941265
-72.42869758605957
-42.163888309150934
-49.645440608263016
-62.25935500860214
-65.21457767486572
-50.71194529533386
-70.38923692703247
-49.71267127990723
-58.47210073471069
-57.23697116971016
-63.81770658493042
-44.175952553749084
-63.57716703414917
-67.57410407066345
-63.657347083091736
-57.33322089910507
-63.89095115661621
-53.887322783470154
-68.4527850151062
-47.83704960346222
-64.73367857933044
-64.4420474767685
-75.57087516784668
-60.54728579521179
-68.14535140991211
-67.90226554870605
-82.37437772750854
-46.931984558701515
-63.860525131225586
-39.66914353519678
-53.14262127876282
-66.18797266483307
-75.46530294418335
-68.59439849853516
-72.7343111038208
-63.970770105719566
-65.2149543762207
-44.76662877202034
-55.37839862704277
-70.14866149425507
-71.52330374717712
-51.98959231376648
-67.0471293926239
-63.23023313842714
-64.96724939346313
-49.058689653873444
-59.33557844161987
-68.9907820224762
-66.31363868713379
-53.752522110939026
-60.84606099128723
-59.094119906425476
-59.47174692153931
-55.74236208200455
-70.51442813873291
-67.06446838378906
-69.27495694160461
-67.64491891860962
-72.24835300445557
-45.12143701314926
-63.29123592376709
-48.92290544509888
-61.01079559326172
-55.15676298364997
-72.90273332595825
-47.94084733724594
-59.544641733169556
-70.70260289311409
-65.3837480545044
-60.53409481048584
-68.61516427993774
-66.14366626739502
-74.823495388031
-68.07104730606079
-62.63548231124878
-53.887322664260864
-71.13923025131226
-46.24995309114456
-62.40331697463989
-56.822568848729134
-70.93210124969482
-47.66589646786451
-71.82858562469482
-44.34509302675724
-66.18783235549927
-47.85796836018562
-57.073838002979755
-65.39975291490555
-81.21247959136963
-70.66975209116936
-70.06713533401489
-54.632076144218445
-61.03062605857849
-49.709692005068064
-56.679421573877335
-49.49476170539856
-66.60825443267822
-55.81431984901428
-60.80743956565857
-66.10268831253052
-63.49278211593628
-59.26762807369232
-71.7240891456604
-61.226359844207764
-63.73408126831055
-50.20269501209259
-67.56865453720093
-66.21979105472565
-64.67523908615112
-49.44145292043686
-57.3940212726593
-63.052332401275635
-62.791261196136475
-60.71842961572111
-60.730507493019104
-62.69552992284298
-80.93807792663574
-52.226974695920944
-62.55924129486084
-72.12512278556824
-71.85463762283325
-41.84655998647213
-55.80676484666765
-47.31020901352167
-56.02884538471699
-49.298147678375244
-59.129215240478516
-46.44745492935181
-63.72332525253296
-57.769209146499634
-67.68052577972412
-58.33894181251526
-60.39468193054199
-71.16870713233948
-69.30524444580078
-69.4842199087143
-62.95122480392456
-55.040431559085846
-69.47521162033081
-49.15586805343628
-53.80745983123779
-55.40400815010071
-54.755340218544006
-58.485084891319275
-74.36134004592896
-49.61931753158569
-62.18269395828247
-58.3976229429245
-60.20999002456665
-43.04028207063675
-53.020270586013794
-58.40213968232274
-66.04161596298218
-58.08165869116783
-57.809833250939846
-59.388089656829834
-71.23205089569092
-36.33789700269699
-49.40150201320648
-42.04881166294217
-55.260717794299126
-38.23348826169968
-59.19880294799805
-59.08099627494812
-61.87739157676697
-60.73450756072998
-61.64945697784424
-40.14300784468651
-55.550496101379395
-48.902804374694824
-60.88103699684143
-60.09852695465088
-55.236289501190186
-63.796817779541016
-75.06145095825195
-61.02782070636749
-72.93685293197632
-70.33824110031128
-67.20517992973328
-52.517703115940094
-70.48375272750854
-48.608044147491455
-65.19755566120148
-66.14717721939087
-63.46358525753021
-56.12756156921387
-72.46629858016968
-63.86577224731445
-66.53972887992859
-49.38617604970932
-57.98369121551514
-62.62579655647278
-70.1389594078064
-59.162771701812744
-65.3137845993042
-62.24311423301697
-71.10294914245605
-49.5767485499382
-63.34071922302246
-68.13669288158417
-74.48729753494263
-56.063355937600136
-74.10441732406616
-50.178665697574615
-56.49802875518799
-57.24676275253296
-74.91427993774414
-47.22566907852888
-63.06044527888298
-67.28317737579346
-74.18318223953247
-55.60140240192413
-63.27247905731201
-46.3754757642746
-58.50622236728668
-51.96130384877324
-63.060248136520386
-55.68146479129791
-69.05194807052612
-61.08296328783035
-70.50611352920532
-55.86940956115723
-72.90090847015381
-56.22110915184021
-67.44817066192627
-60.295569717884064
-65.67989158630371
-41.699387550354004
-56.27609086036682
-59.690177738666534
-65.00601434707642
-72.07951039075851
-84.38221549987793
-66.8137491941452
-80.70699834823608
-64.99837970733643
-67.41069459915161
-60.29099917411804
-63.99509286880493
-73.53590142726898
-78.29520463943481
-64.30102245509624
-79.22378396987915
-68.56766152381897
-59.311442375183105
-58.32872915267944
-58.2165122628212
-46.24899364262819
-55.33989964425564
-46.457762433215976
-54.92495973408222
-60.66003620624542
-74.63618278503418
-58.98638558387756
-64.60495615005493
-55.71138209104538
-69.5331138074398
-57.31616586446762
-64.90223360061646
-66.062713265419
-66.76885986328125
-69.97979497909546
-72.5537371635437
-49.59162902832031
-63.93294167518616
-66.68649101257324
-66.26119613647461
-57.92263013124466
-59.85792517662048
-67.7824912071228
-76.4741587638855
-51.5419262945652
-62.63453435897827
-58.24727463722229
-57.501479148864746
-47.73199898004532
-57.6639439612627
-63.66127061843872
-71.0411729812622
-73.5598883330822
-82.25871181488037
-62.04252219200134
-64.69094514846802
-49.79051747918129
-77.71598768234253
-65.43004322052002
-65.1094262599945
-68.17408061027527
-75.65217685699463
-54.653832137584686
-59.93092107772827
-65.41725087165833
-64.93817353248596
-69.25527143478394
-69.73700189590454
-50.84018421173096
-63.73064661026001
-62.281149208545685
-76.37443161010742
-60.362990856170654
-69.60479831695557
-72.5437742471695
-68.80923461914062
-49.328263549134135
-55.71035283058882
-70.67800390720367
-77.09135437011719
-63.488021701574326
-57.74498987197876
-48.47698789834976
-58.575594425201416
-42.8023362159729
-57.855172634124756
-44.428161948919296
-65.24321341514587
-48.09189176559448
-57.16517788171768
-42.10274916887283
-49.85300350189209
-65.52600955963135
-75.38083505630493
-63.271108746528625
-72.64847755432129
-34.68030110746622
-56.2215214073658
-49.81555975973606
-58.953490257263184
-46.021189868450165
-62.31469774246216
-68.59847736358643
-75.61805176734924
-56.55377769470215
-65.07383632659912
-60.40681140124798
-70.96595430374146
-63.05274033546448
-74.81798553466797
-61.498889207839966
-65.80716198682785
-62.30789768695831
-73.32604694366455
-59.596115469932556
-62.64127159118652
-43.943488121032715
-54.46389365196228
-37.950696885585785
-62.326264679431915
-58.7129248380661
-61.073447585105896
-64.85995435714722
-62.84102153778076
-36.612370029091835
-48.6116119325161
-64.84477883577347
-80.49783420562744
-76.41464161872864
-65.98413228988647
-67.35484546422958
-82.60876369476318
-50.73348593711853
-60.22032141685486
-49.237878531217575
-69.58010482788086
-52.41348820924759
-59.72964859008789
-66.13306939601898
-70.5505862236023
-51.845064759254456
-70.87169647216797
-52.1892172396183
-66.55518794059753
-57.75889644026756
-64.1286826133728
-74.29960632324219
-75.78562545776367
-68.90162217617035
-71.91363048553467
-68.8386379480362
-68.2600965499878
-36.321562469005585
-45.73131722211838
-61.94965302944183
-71.07269430160522
-50.13028359413147
-63.50019645690918
-54.29453952610493
-66.99198722839355
-64.63232111930847
-69.77896451950073
-44.25545448064804
-54.32638901844621
-61.03090441226959
-67.31566190719604
-61.833975076675415
-63.332608222961426
-65.49116250500083
-75.18066930770874
-46.791714891791344
-64.26145333051682
-75.27643084526062
-74.49450397491455
-54.47765827178955
-68.13600793480873
-60.56312385201454
-62.49497866630554
-47.670995473861694
-67.84355521202087
-52.14828544855118
-68.94483375549316
-58.792195200920105
-66.37235689163208
-59.08646872639656
-59.84334272146225
-47.65264755487442
-65.62439097464085
-56.94438011944294
-63.44971454143524
-55.60136604309082
-71.42166137695312
-62.20866101980209
-74.64123821258545
-61.75202664732933
-72.90895223617554
-49.069998264312744
-53.49760103225708
-55.366238951683044
-65.7264895439148
-65.2882182598114
-75.99783706665039
-53.95352339744568
-71.25617718696594
-59.12079477310181
-60.86425733566284
-48.12552881240845
-63.48322772979736
-62.88758236169815
-68.53632497787476
-64.69563621282578
-72.16142988204956
-53.29745841026306
-71.67811727523804
-52.34845878183842
-66.28528356552124
-58.384907484054565
-62.804319858551025
-55.15907037258148
-66.2136869430542
-58.046152114868164
-59.099603950977325
-48.70232654362917
-71.26549053192139
-54.71664720773697
-65.71781635284424
-49.1984521150589
-62.61325454711914
-66.36357831954956
-67.32980060577393
-61.43704567849636
-65.42999958992004
-71.9435378909111
-68.87896084785461
-71.99449557065964
-77.71484756469727
-68.94752585887909
-67.53078317642212
-41.7917190566659
-68.42046928405762
-43.29020595550537
-59.47236442565918
-65.36819195747375
-64.87836158275604
-72.74538868665695
-81.28020000457764
-79.09421122074127
-83.23357915878296
-61.750033378601074
-64.70328855514526
-50.257985323667526
-65.12240839004517
-65.04197478294373
-74.55559015274048
-48.48179578781128
-53.320589542388916
-59.59672826528549
-66.1758303642273
-56.62696772813797
-69.93159008026123
-69.49261736869812
-61.56777620315552
-55.06709122657776
-52.37512922286987
-46.3698448240757
-64.56164598464966
-62.706849098205566
-61.137547969818115
-53.358898401260376
-65.65030106902122
-54.10600566864014
-62.47293758392334
-56.43303629755974
-68.21725606918335
-69.89737117290497
-78.06311798095703
-54.921061635017395
-69.388352394104
-39.39948907494545
-51.85351212322712
-60.23021733760834
-66.6161720752716
-52.53231382369995
-60.38025689125061
-45.58493363112211
-53.65134996175766
-60.19834080338478
-64.91734725236893
-54.463448241353035
-75.88056325912476
-55.265147283673286
-70.89739918708801
-66.77013540267944
-73.04995536804199
-72.72513949871063
-79.68084192276001
-44.809050269424915
-54.14695128798485
-47.14645341783762
-68.86028289794922
-49.36606764793396
-62.929152965545654
-46.737048134207726
-67.41712546348572
-71.26100754737854
-78.54161262512207
-73.33473801612854
-72.65698623657227
-68.51745986938477
-64.3637924194336
-58.170610189437866
-62.03536796569824
-67.95635905861855
-84.4692029953003
-63.73158377408981
-60.71044731140137
-50.76456014811993
-75.1739296913147
-63.904963970184326
-71.10347986221313
-47.137704610824585
-57.96063423156738
-57.657624676823616
-73.6608419418335
-54.698994874954224
-73.36524057388306
-50.312496807426214
-52.32063791155815
-49.82573354244232
-67.84841012954712
-46.08572268486023
-56.40417504310608
-54.24473760277033
-63.05145454406738
-71.9266487956047
-71.3031210899353
-57.74849081039429
-61.43771195411682
-65.90246760845184
-68.4927568435669
-63.33060264587402
-66.27235507965088
-49.153963439166546
-54.17550078034401
-73.32621002197266
-84.54355430603027
-56.49134209752083
-55.36378790438175
-55.412779808044434
-60.35572099685669
-66.12508171796799
-66.43722677230835
-69.38554185628891
-71.1290979385376
-79.47384905815125
-83.94235706329346
-56.184988498687744
-61.75590801239014
-49.87140893936157
-66.13135051727295
-48.00332701206207
-62.19956350326538
-65.75939869880676
-64.11578369140625
-55.52765208482742
-68.29906558990479
-57.98764371871948
-63.27590036392212
-54.54395616054535
-70.98176145553589
-70.14019107818604
-75.73792839050293
-53.239903926849365
-60.20911359786987
-49.79178261756897
-52.70042484998703
-54.256506741046906
-63.52507911622524
-54.23920037411153
-58.09579712152481
-33.28903877735138
-43.02123558521271
-60.13006508350372
-78.12018549442291
-64.39344644546509
-75.87004137039185
-50.50559363514185
-68.63549333810806
-53.30445905774832
-75.41733601689339
-61.10038445517421
-79.80458736419678
-67.26924622058868
-77.7488374710083
-55.426625311374664
-67.76179122924805
-70.99512934684753
-80.48104286193848
-49.74201748147607
-52.629426166415215
-66.30987536907196
-74.9827651977539
-60.435052156448364
-64.25149869918823
-53.308605909347534
-55.79651165008545
-55.62879705429077
-65.37874412536621
-54.75674620270729
-72.4083480834961
-57.75384318828583
-63.59428811073303
-50.707695841789246
-62.39008188247681
-54.20143795013428
-60.11617660522461
-61.239856481552124
-72.19641065597534
-56.34734159708023
-59.51836442947388
-55.315962702035904
-70.74754095077515
-67.51755079627037
-68.86012029647827
-63.07604002952576
-71.11722755432129
-60.3000274784863
-69.82571315765381
-64.1773074567318
-72.48428392410278
-37.810593008995056
-55.535118371248245
-66.54522633552551
-75.98635172843933
-64.4216502904892
-64.73171043395996
-40.53354786336422
-60.42196178436279
-63.00453492999077
-63.945608615875244
-54.91555058956146
-73.70454454421997
-45.86643970012665
-58.4942187666893
-50.47230541706085
-69.46985721588135
-37.2042086571455
-65.91256856918335
-59.44908285140991
-59.701655626297
-70.89396452903748
-76.17736053466797
-62.245731964707375
-58.03412842750549
-56.03360557556152
-64.7136800289154
-58.60373330116272
-58.07385611534119
-34.54927006363869
-59.319069266319275
-43.909278832376
-69.30093765258789
-82.84902948141098
-74.79014933109283
-51.2139208316803
-71.38632726669312
-50.95800733566284
-60.058902740478516
-62.63713301718235
-79.68817090988159
-54.884355902671814
-66.4712290763855
-56.846093878149986
-70.30674886703491
-66.63481831550598
-70.54820346832275
-42.52989661693573
-61.662230491638184
-50.63671636581421
-58.52882957458496
-55.70912420749664
-56.776594161987305
-54.86954706907272
-56.5293692946434
-35.985471308231354
-55.519317984580994
-51.81428283452988
-58.845453798770905
-47.65253767371178
-63.63072223216295
-59.754105389118195
-73.87924599647522
-64.2647020816803
-74.45905780792236
-38.55826883018017
-67.89952945709229
-61.437425911426544
-71.8104920387268
-39.05257731676102
-63.39385223388672
-41.854867462068796
-67.77168318629265
-53.20560610294342
-63.06484413146973
-53.367919921875
-68.12978076934814
-56.2301329895854
-70.99083130061626
-63.60010504722595
-71.413483440876
-51.8451261818409
-66.72109174728394
-51.58625363186002
-58.61866293847561
-68.1289873123169
-66.26428747177124
-63.27819263935089
-69.73637104034424
-54.367360293865204
-74.00219249725342
-54.15907108783722
-70.8961091041565
-73.79027307033539
-78.11816215515137
-60.02150821685791
-68.02738428115845
-48.3169142305851
-67.24143123626709
-53.24483680725098
-59.65980803966522
-62.92213210463524
-62.73577308654785
-68.0024665594101
-73.18146657943726
-70.09617054462433
-76.10504627227783
-50.40481770038605
-62.11641311645508
-33.33067759126425
-45.33142904937267
-61.65394973754883
-60.84944796562195
-54.989065900444984
-61.62212672829628
-40.9307599067688
-54.47446322441101
-54.828100085258484
-70.95069360733032
-60.29639983177185
-64.59338402748108
-41.91205453872681
-51.59777307510376
-44.66895341873169
-59.85112762451172
-60.688093185424805
-75.82084369659424
-58.469377279281616
-65.72311449050903
-48.22680926322937
-58.640235900878906
-57.196036867797375
-65.44923686981201
-66.07909440994263
-77.39720058441162
-55.222804218530655
-62.57648831605911
-62.55093193054199
-66.9713683128357
-56.122706055641174
-65.9141321182251
-64.34644374251366
-78.56843757629395
-59.50517988204956
-62.39441108703613
-59.84958356618881
-70.37721395492554
-58.74953982234001
-57.752947971224785
-61.4856983423233
-71.52157020568848
-33.093267410993576
-45.74186620116234
-46.9513034094125
-60.338892452418804
-65.09965658187866
-83.47567319869995
-58.3426831997931
-67.32953023910522
-49.349380016326904
-62.766822814941406
-58.8198823928833
-67.133065700531
-49.78601914644241
-66.07239866256714
-45.95925676822662
-51.59145212173462
-50.14845708757639
-60.654178991913795
-70.00883293151855
-76.73428440093994
-45.12868446111679
-69.58739423751831
-66.07740306854248
-67.33982586860657
-48.61859154701233
-71.34168815612793
-70.75972259044647
-78.37081384658813
-58.657254200428724
-85.41477584838867
-52.583356857299805
-55.86361885070801
-60.71417909860611
-73.41281795501709
-39.55309171974659
-56.75532394647598
-62.553145587444305
-67.6927900314331
-41.30773220327683
-52.8367673009634
-65.13597118854523
-66.30177211761475
-69.37908506393433
-67.68310594558716
-53.82131561636925
-69.87653541564941
-66.44513535499573
-68.05694818496704
-53.75272345542908
-67.87861013412476
-61.61382580548525
-77.38791847229004
-63.13020849227905
-58.94814348220825
-61.19569706916809
-66.36468505859375
-56.774964570999146
-65.51508235931396
-60.63145661354065
-61.549827575683594
-61.68806767463684
-74.19808864593506
-45.60337170958519
-57.63691806793213
-48.16491627693176
-61.11172151565552
-63.07145667076111
-67.63400840759277
-53.06827163696289
-63.088584899902344
-54.08416002988815
-53.89964771270752
-75.94041502475739
-80.54143905639648
-65.08533430099487
-68.26032650470734
-48.773882150650024
-62.022191524505615
-61.26006156206131
-86.58363199234009
-65.60793447494507
-67.90846109390259
-50.81913381814957
-68.92270278930664
-64.48547887802124
-62.39098870754242
-63.05241644382477
-60.56663155555725
-60.270130932331085
-60.50399994850159
-56.98662310838699
-53.60392916202545
-60.44654583930969
-64.39577436447144
-70.18645650148392
-66.04045963287354
-62.323880672454834
-69.08699560165405
-68.71384763717651
-64.45150792598724
-68.21675086021423
-70.39416074752808
-63.107773184776306
-62.79895257949829
-57.89368939399719
-64.03994035720825
-70.28375448286533
-73.98670196533203
-53.922875851392746
-62.854496002197266
-72.47346937656403
-68.9125611782074
-53.938472270965576
-69.81341075897217
-41.31546413898468
-58.161638021469116
-57.26434001326561
-70.7165846824646
-47.11803078651428
-57.61488914489746
-57.696000814437866
-59.551618218421936
-64.17056918144226
-67.47360706329346
-48.90933680534363
-61.84752178192139
-72.92997527122498
-69.81733703613281
-48.886743143200874
-72.88310527801514
-63.16520336270332
-73.30330181121826
-48.1269747056067
-65.14849454164505
-69.40905857086182
-86.5602765083313
-56.716430773958564
-64.87051141262054
-53.73346519470215
-67.366219997406
-60.49664342403412
-65.48227310180664
-58.779914528131485
-71.78424644470215
-60.752400159835815
-66.20718514919281
-56.91110064834356
-68.19882678985596
-61.96206045150757
-69.86149883270264
-70.82117629051208
-70.79529190063477
-65.40941190719604
-65.78683233261108
-39.04847759753466
-62.70754790306091
-58.65533137321472
-66.82671797275543
-50.95484584569931
-62.67374670505524
-43.70980624854565
-61.72014790773392
-54.13925568014383
-68.21034979820251
-42.62089549843222
-54.119494356215
-67.37862920761108
-65.37758731842041
-45.94607165455818
-54.60159078985453
-52.95802766876295
-59.64216074347496
-41.391053235158324
-49.17881968617439
-62.177329421043396
-64.32111978530884
-47.37751579284668
-58.00172686576843
-56.59703469276428
-58.970542669296265
-68.44588351249695
-66.98670721054077
-61.56137704849243
-67.28441572189331
-74.25224125385284
-71.19879722595215
-64.0985301733017
-65.44765615463257
-65.52459782361984
-79.0614185333252
-67.35708785057068
-71.94815635681152
-65.85063338279724
-73.77726984024048
-53.86262273788452
-74.60249185562134
-59.64175355434418
-58.716059923172
-63.07475423812866
-69.43575954437256
-60.35108292102814
-74.1646203994751
-46.46314871311188
-58.12685698270798
-56.32909595966339
-62.74652338027954
-65.67531920224428
-77.30694913864136
-60.242204546928406
-80.4099006652832
-62.31795334815979
-73.7611141204834
-39.40567014738917
-43.73957496881485
-58.13799965381622
-71.0728725194931
-73.7984516620636
-68.81680154800415
-59.83273044228554
-68.85611248016357
-61.89300608634949
-66.19149589538574
-46.92930951714516
-63.5288562476635
-67.72402912378311
-72.17649221420288
-54.47287905588746
-62.077003702521324
-52.12957341969013
-74.71318277716637
-69.88140523433685
-68.54160404205322
-66.53980922698975
-66.80260562896729
-52.18009305000305
-67.13293981552124
-60.92893409729004
-61.09031057357788
-72.65864199399948
-76.89365482330322
-70.49403548240662
-63.19165515899658
-53.867844223976135
-59.9739408493042
-58.818819642066956
-68.97967833280563
-45.72207301855087
-57.01345670223236
-50.222703855484724
-59.414670780301094
-59.91851449012756
-70.14107370376587
-50.333666905760765
-62.661630630493164
-56.558175694197416
-53.97898110747337
-48.253764390945435
-53.46674144268036
-40.3036989569664
-58.49705266952515
-73.28041982650757
-70.89563798904419
-52.92705017328262
-63.87467551231384
-43.426992416381836
-59.879289865493774
-55.65904051065445
-68.80603897571564
-59.075150325894356
-71.5187029838562
-72.87681519985199
-77.48691463470459
-55.0885506272316
-62.12116503715515
-38.9716734290123
-59.29917934536934
-54.60575449466705
-62.39217621088028
-60.74143695831299
-75.53986930847168
-59.09197688102722
-78.2128438949585
-44.98634973168373
-71.67415428161621
-55.93790417909622
-56.38899767398834
-57.07257068157196
-67.31284809112549
-60.38456627726555
-70.77117133140564
-56.39673274755478
-64.35911530256271
-39.151468113064766
-51.78440302610397
-45.520443975925446
-56.11123275756836
-58.742835521698
-68.1010947227478
-37.47353360801935
-49.294564843177795
-60.2172509431839
-64.81606435775757
-57.686291217803955
-69.50224685668945
-58.34702408313751
-73.87804126739502
-47.82150173187256
-61.86917304992676
-78.27327013015747
-72.29376268386841
-59.03496214747429
-69.58868622779846
-44.35790713876486
-52.29619684815407
-63.25448700785637
-62.664233922958374
-45.60141146183014
-71.57402896881104
-63.07639171183109
-78.05862331390381
-40.33728545345366
-50.06918878853321
-55.565014362335205
-64.53460359573364
-70.40101134777069
-65.63329726457596
-51.338146060705185
-70.04916834831238
-58.91269779205322
-67.36665916442871
-50.3412319123745
-78.82157635688782
-57.21106135845184
-71.19321966171265
-46.24624466896057
-55.73568959534168
-65.67277139425278
-81.54740047454834
-63.67405581474304
-73.92749691009521
-64.65074586868286
-66.11684775352478
-65.65812510251999
-75.11986017227173
-62.47799777984619
-73.53831911087036
-42.924658328294754
-62.87586450576782
-66.22031223773956
-64.1889066696167
-62.63287517428398
-77.0216794013977
-61.9828896522522
-65.95075607299805
-61.60189867019653
-72.24117660522461
-54.53281235694885
-61.21256160736084
-72.21461093425751
-72.03103065490723
-53.866868913173676
-71.73383212089539
-45.52187296748161
-61.60359637439251
-58.530396580696106
-72.42945671081543
-44.87348109856248
-56.39386585354805
-69.67212128639221
-75.62980651855469
-74.60608434677124
-77.60343027114868
-57.82303237915039
-70.52407169342041
-44.396059811115265
-55.98035717010498
-41.94883503206074
-62.80608290433884
-56.29012155532837
-58.45641803741455
-69.29146552085876
-70.2157735824585
-63.292451202869415
-64.98727416992188
-52.386575415730476
-68.12375926971436
-62.18532395362854
-72.78889656066895
-43.12965106964111
-59.12100958824158
-56.11494165658951
-59.03879404067993
-60.863917112350464
-66.75988912582397
-50.00619548559189
-59.92362356185913
-55.794733345508575
-63.178542613983154
-56.45767743885517
-68.09142991900444
-41.53065414726734
-50.13754439353943
-35.15057588368654
-51.99559931084514
-52.15932434797287
-67.92713451385498
-57.08391082286835
-58.346415996551514
-73.42229628562927
-79.33706092834473
-63.336777448654175
-67.1196961402893
-49.068488493561745
-59.369140625
-62.59796166419983
-71.56580924987793
-41.904396533966064
-68.86167669296265
-49.49631170928478
-60.15755748748779
-53.487883269786835
-72.881387591362
-56.59360307455063
-68.920569896698
-69.92857682704926
-58.97806906700134
-46.390571892261505
-66.50727224349976
-66.19803071022034
-69.79323196411133
-51.278823375701904
-56.10187900066376
-67.12387406826019
-70.34682369232178
-61.75003409385681
-65.30704021453857
-53.00707536935806
-60.08638271689415
-49.23342779651284
-64.80462789535522
-56.07612384855747
-63.52208924293518
-64.59834861755371
-71.88182210922241
-66.5575942993164
-64.18768453598022
-60.91192373633385
-74.11524295806885
-47.13777023553848
-59.43736112117767
-68.10388565063477
-80.37796878814697
-37.148756846785545
-58.20596718788147
-51.271251171827316
-68.25433325767517
-65.4386305809021
-75.79322624206543
-56.19165110588074
-68.16596269607544
-65.82462558709085
-63.299851194024086
-68.35529708862305
-71.35605275630951
-67.60847282409668
-70.95774793624878
-45.56594095379114
-53.4855812638998
-58.64886337518692
-61.17523694038391
-53.81865859031677
-75.12414932250977
-58.40611991286278
-76.74494075775146
-53.6401486620307
-60.386634349823
-58.083661913871765
-60.279385566711426
-58.53457069396973
-57.547675132751465
-57.82250201702118
-59.72728514671326
-42.77198523283005
-48.05155563354492
-50.07038462162018
-60.0024531185627
-53.64468312263489
-76.187002658844
-69.02837616205215
-74.40526866912842
-52.29178651422262
-67.30709981918335
-57.497657120227814
-72.12335443496704
-52.90178632736206
-71.64519453048706
-38.48064358904958
-47.559850215911865
-54.26506848633289
-66.0684711933136
-64.43063899874687
-71.80103272199631
-56.61832666397095
-65.89408588409424
-42.92364036291838
-45.585072845220566
-55.60211443901062
-62.7762365937233
-55.95514132082462
-59.65520977973938
-64.08912825584412
-65.32146978378296
-49.44145147502422
-72.75060367584229
-58.12312066555023
-66.21013641357422
-62.24970531463623
-72.15778589248657
-70.1083779335022
-70.83658361434937
-54.71787703037262
-57.14751452207565
-52.94088351726532
-72.07005214691162
-54.89995360374451
-67.75418901443481
-42.01148399710655
-61.79182291030884
-49.874600782990456
-60.46986132860184
-61.15019655227661
-61.76024150848389
-61.530139684677124
-63.317060708999634
-51.24437975883484
-67.15491652488708
-54.21615132689476
-70.92493438720703
-47.94712656736374
-54.41541776061058
-74.96366262435913
-73.33108425140381
-57.62692853808403
-71.5943808555603
-56.26172748953104
-75.34699058532715
-54.27887320518494
-69.17264747619629
-62.41560745239258
-67.87403678894043
-67.71746496856213
-80.70003843307495
-42.92062669992447
-55.32620258629322
-54.23777711391449
-64.38769918680191
-63.94846314191818
-71.20509958267212
-58.3431099653244
-65.90473115444183
-42.73534659296274
-52.314265727996826
-59.80331367254257
-79.53402185440063
-63.936649441719055
-76.70049333572388
-54.4443898499012
-59.78897649049759
-52.136715054512024
-72.22896027565002
-88.53876775503159
-80.20061779022217
-50.12587507069111
-55.48816928267479
-48.396804094314575
-53.900837421417236
-54.56376242637634
-60.04498481750488
-47.35310370475054
-56.082499742507935
-49.095153868198395
-49.4492084980011
-50.30754280090332
-58.33890971541405
-52.40417838096619
-63.21041202545166
-61.6506541967392
-77.18942737579346
-58.98027801513672
-64.59945893287659
-68.99038100242615
-75.22141194343567
-42.55334401130676
-62.739980697631836
-63.408379793167114
-67.7855429649353
-50.585506439208984
-61.255656242370605
-56.14949670433998
-55.83272433280945
-57.4191592335701
-63.703813791275024
-37.254525512456894
-62.14305138587952
-46.80536434054375
-71.12051439285278
-58.011218786239624
-61.814310014247894
-61.173590540885925
-65.90559887886047
-73.2785749733448
-76.4531021118164
-62.66379690170288
-73.13458943367004
-51.02336263656616
-66.5795726776123
-56.81101185828447
-72.99541521072388
-65.60948693752289
-71.81447792053223
-59.99272018671036
-70.8087649345398
-63.15668249130249
-65.59774708747864
-39.18625082448125
-55.153796192258596
-72.53946900367737
-75.48840498924255
-62.75533241033554
-70.99801683425903
-47.48800081014633
-60.59062880277634
-78.36764454841614
-76.04259014129639
-40.680559039115906
-61.32755517959595
-62.722676277160645
-78.18277359008789
-59.69511777162552
-63.47647786140442
-65.54839241504669
-75.42594766616821
-62.13096570968628
-73.85340595245361
-34.72998911514878
-60.13875003904104
-51.82947772741318
-58.85784289240837
-36.98704332113266
-44.57518661022186
-64.55689430236816
-75.80509853363037
-45.39787718653679
-54.37715721130371
-50.622450679540634
-74.73044204711914
-55.393179178237915
-62.02020247280598
-45.75068873167038
-58.23203706741333
-51.076444655656815
-65.33961588144302
-69.28776526451111
-62.83134174346924
-40.081761091947556
-59.93115425109863
-50.12603895366192
-69.39428067207336
-45.72616362571716
-62.42381572723389
-54.28068137168884
-68.18187665939331
-35.185191651806235
-58.011394023895264
-56.307568818330765
-68.57822346687317
-59.99163579940796
-66.65113306045532
-57.31106609106064
-67.41382598876953
-58.97321844100952
-74.21071290969849
-40.463666170835495
-53.16758010536432
-64.29536378383636
-71.27644395828247
-68.0280105471611
-72.36348390579224
-60.89279365539551
-72.98539638519287
-61.838964730501175
-64.58186721801758
-62.6434121131897
-66.41886568069458
-69.6587398648262
-71.83166790008545
-49.81204301118851
-59.32118958234787
-35.286776626482606
-50.51710104942322
-49.23292016983032
-59.706326723098755
-68.00847914814949
-75.43955659866333
-40.04059547930956
-53.43642193078995
-57.158830404281616
-63.87248894572258
-53.099528012797236
-65.0816722214222
-62.171462297439575
-70.67976331710815
-51.77819988131523
-67.51199978590012
-74.15895888209343
-85.42238521575928
-35.517933920025826
-47.28731716424227
-56.28486716747284
-61.188313722610474
-69.2890237569809
-77.94426488876343
-57.32731544971466
-70.42841815948486
-69.58277416229248
-70.48548126220703
-57.787518098950386
-60.533822536468506
-57.872336983680725
-72.50836896896362
-60.661381244659424
-71.75530767440796
-52.78602109849453
-62.18356227874756
-60.61467754840851
-64.63899564743042
-33.60134971141815
-43.59321612492204
-63.462245393544436
-69.78640460968018
-49.201150357723236
-65.72645711898804
-58.556373715400696
-65.46237993240356
-67.58419942855835
-64.65349447727203
-71.45454055070877
-70.13868522644043
-69.59138110280037
-63.988781452178955
-64.75270217657089
-69.9775915145874
-60.61072337627411
-64.84256362915039
-71.92145144939423
-72.37793350219727
-50.00339199602604
-71.45200157165527
-69.06129932403564
-71.43241357803345
-53.026000052690506
-77.22429370880127
-45.28689360618591
-67.92535197734833
-40.6196750998497
-57.94581454992294
-44.85941242799163
-50.47067780792713
-59.425786674022675
-67.92639207839966
-40.39962702989578
-45.973330557346344
-60.16397858969867
-60.18694703280926
-66.97396159172058
-77.82668733596802
-57.71056914329529
-57.46159768104553
-60.556977331638336
-72.88367319107056
-70.66657418012619
-69.48677968978882
-56.784322798252106
-66.3697714805603
-68.84339714050293
-61.62033271789551
-62.90692329406738
-71.88403701782227
-40.95863997936249
-60.26597762107849
-51.35112095950171
-55.9831463098526
-38.735745092853904
-49.85557574778795
-54.49389311671257
-63.57692313194275
-71.703537940979
-70.52673387527466
-46.4829620718956
-52.86518379673362
-51.056795835494995
-51.84722828865051
-61.086982011795044
-76.26990938186646
-59.15366291999817
-71.38502550125122
-76.82440793514252
-73.04722881317139
-57.95236553251743
-67.88707542419434
-52.03403228521347
-47.312073692679405
-70.18202805519104
-79.03746700286865
-58.72538885474205
-64.0018062889576
-68.69402027130127
-64.74736285209656
-52.54668080434203
-56.043807700276375
-51.29678665846586
-63.00458714365959
-61.08607840538025
-60.99389934539795
-55.61510992050171
-64.7285647392273
-62.170443058013916
-62.349438548088074
-70.98776936531067
-66.98290944099426
-59.301825284957886
-68.77101612091064
-46.27325215935707
-59.80106782913208
-52.77589485049248
-65.94781398773193
-54.98208725452423
-63.722100257873535
-68.21970105171204
-67.7890887260437
-60.930169343948364
-68.64225149154663
-49.6058714389801
-51.16376447677612
-49.97313714027405
-53.703158378601074
-61.336960315704346
-72.51992750167847
-60.00716233253479
-69.68633937835693
-44.425856828689575
-55.35910338163376
-63.370866537094116
-74.8349027633667
-52.232132256031036
-65.72444343566895
-70.72514510154724
-65.74365282058716
-57.30523383617401
-56.164583683013916
-72.69557917118073
-75.01828384399414
-65.35887908935547
-72.06193542480469
-72.79968944191933
-81.28331279754639
-64.07015025615692
-65.37004137039185
-58.007043957710266
-69.36238074302673
-43.6675181388855
-59.12427258491516
-64.8478512763977
-75.19980192184448
-44.83176386356354
-58.95950412750244
-49.1055385004729
-53.15630054473877
-49.00218415260315
-59.92819929122925
-69.85600566864014
-68.12475824356079
-61.469160318374634
-64.28388738632202
-46.32391272857785
-57.50018975138664
-56.587545454502106
-59.16774344444275
-53.15514072775841
-68.77240753173828
-39.809217917732894
-41.450793735682964
-55.08880615234375
-66.47793102264404
-46.67898507416248
-60.564363956451416
-58.11952090263367
-56.885398387908936
-54.08066463470459
-69.48039531707764
-52.22400110960007
-65.9037561416626
-59.35938119888306
-68.51311492919922
-53.66334220767021
-68.07547426223755
-49.04454356431961
-61.340868294239044
-41.45850628614426
-48.10665675997734
-48.91687202453613
-53.01468372344971
-56.778488874435425
-73.67625188827515
-37.75766050815582
-52.116277396678925
-62.516279220581055
-65.79592847824097
-52.38360345643014
-59.97415831685066
-39.41312001645565
-56.16717326641083
-75.36719918251038
-78.8601713180542
-46.966852843761444
-56.74857050180435
-40.34375958144665
-57.982585310935974
-60.15067398548126
-68.18157076835632
-48.49530464410782
-55.483492851257324
-46.99189227074385
-56.0803120136261
-50.85568803548813
-66.76428651809692
-50.73306694626808
-48.031070958822966
-48.87776044011116
-62.71868896484375
-52.14592516422272
-63.80592441558838
-50.271302700042725
-59.238662630319595
-61.55587410926819
-68.84266483783722
-52.2281578630209
-67.88028907775879
-68.21592283248901
-70.87071514129639
-64.53045830503106
-56.929178923368454
-60.68133997917175
-71.79884195327759
-66.18539202213287
-65.35566473007202
-38.18714854121208
-50.36936017870903
-54.894695572555065
-78.37823057174683
-51.08758395910263
-59.928863525390625
-56.91294330358505
-58.3373908996582
-51.009282149374485
-61.21006894111633
-44.33637913689017
-54.27041754871607
-61.127318382263184
-66.93560457229614
-57.656211376190186
-72.13927459716797
-48.71428816020489
-55.15922200679779
-38.46196087449789
-48.79056235216558
-62.58957087993622
-67.58922290802002
-65.58118572831154
-75.79719257354736
-49.966034173965454
-72.42345905303955
-62.9653185904026
-73.35875034332275
-75.50368118286133
-74.37335634231567
-59.953221559524536
-69.83972501754761
-49.58508038520813
-57.6535165309906
-53.95050925016403
-58.44871664047241
-63.861379623413086
-68.03335094451904
-60.14727547764778
-75.56185531616211
-50.61079794168472
-63.77546286582947
-60.30456340312958
-75.32184648513794
-63.9375887028873
-74.8566780090332
-67.64488387107849
-62.88270807266235
-59.7292657494545
-66.04476118087769
-67.10514056682587
-71.98948240280151
-61.79314859211445
-75.90230655670166
-53.02190192043781
-63.09489670395851
-37.66141785681248
-51.98268365859985
-44.86850753426552
-55.108874797821045
-54.05165922641754
-58.22756814956665
-63.056506752967834
-64.13705158233643
-62.19105990231037
-68.11458945274353
-39.7595157623291
-57.82714292407036
-61.33807023242116
-62.61689043045044
-54.771002888679504
-61.02545380592346
-42.9059516787529
-50.04649567604065
-58.93491242825985
-65.39890158176422
-62.079681634902954
-61.736106395721436
-59.300363179296255
-62.61752796173096
-52.54746496677399
-62.3427836894989
-58.568961292505264
-61.30839246511459
-64.67146891355515
-71.74508666992188
-61.62488627433777
-62.903937458992004
-55.90901108086109
-63.102595925331116
-51.986902460455894
-69.56575083732605
-46.23884296417236
-60.15096473693848
-76.98969811201096
-73.04911851882935
-60.0860435962677
-75.42942953109741
-69.65962240099907
-85.68477439880371
-47.31173965334892
-63.63811552524567
-36.903863191604614
-56.703184366226196
-44.33722651004791
-71.62054061889648
-35.477320075035095
-50.481245934963226
-58.123049795627594
-64.7908502817154
-50.96753001213074
-71.9177827835083
-46.49092781543732
-58.05645227432251
-51.04889154434204
-61.074228048324585
-65.02575540542603
-63.99689435958862
-38.32127667963505
-55.37088483572006
-45.3718247115612
-52.531907454133034
-50.571065187454224
-58.373961448669434
-50.81446760892868
-67.48013353347778
-63.10291290283203
-69.33382177352905
-48.04096645116806
-66.97586345672607
-58.921630561351776
-63.29640072584152
-56.94307887554169
-72.03411555290222
-44.887252636253834
-65.65100812911987
-72.74054506421089
-84.09256601333618
-62.78602612018585
-73.41999363899231
-57.64222955703735
-66.17292499542236
-56.17735183238983
-66.66567039489746
-56.71921634674072
-64.16087865829468
-77.93545895814896
-84.85721969604492
-65.43185663223267
-66.63487577438354
-76.26776337623596
-75.57373046875
-61.36575457453728
-73.38789224624634
-68.69184947013855
-77.80668687820435
-66.78692317008972
-69.00841999053955
-70.27166825532913
-82.83859872817993
-45.11308181285858
-54.76091283559799
-64.74067485332489
-71.78044033050537
-60.83527588844299
-56.81204876303673
-39.85543155670166
-47.00851549208164
-49.78394767642021
-52.3446289896965
-63.86970090866089
-72.75968170166016
-66.18712415546179
-66.0251262485981
-60.27520179748535
-76.11693382263184
-50.49368458613753
-64.6863739490509
-64.64522969722748
-74.58660364151001
-48.12576770782471
-61.63353216648102
-62.27207398414612
-72.00259256362915
-65.50201189517975
-66.71554565429688
-34.01734008640051
-48.816739805042744
-49.69992971420288
-57.19356298446655
-43.25776296854019
-53.78716015815735
-63.463119983673096
-74.62374114990234
-50.969233920797706
-66.09274888038635
-69.36385613679886
-70.80614751577377
-54.13682378642261
-62.7376392185688
-52.934712171554565
-60.19372296333313
-51.093040227890015
-58.70256185531616
-35.760412810370326
-43.43379484862089
-66.6369209587574
-75.85855960845947
-68.28211259841919
-61.72762179374695
-48.3853919506073
-61.47671604156494
-70.61283755302429
-66.17127656936646
-69.70475435256958
-76.36852216720581
-62.525620847940445
-65.77875995635986
-60.759886741638184
-74.77324533462524
-48.51244640350342
-63.25278902053833
-66.9613870382309
-63.64360845088959
-42.866482973098755
-49.59839963912964
-52.09426712989807
-57.38173770904541
-61.11486196517944
-75.3523497581482
-68.01904809474945
-75.28230667114258
-50.04592490196228
-61.54427480697632
-69.42041650414467
-82.44482183456421
-37.91857290267944
-54.618844509124756
-58.71987196803093
-58.71590542793274
-57.361308097839355
-65.34734201431274
-54.58643960952759
-56.15458583831787
-54.378490813076496
-59.69712579250336
-46.09854793548584
-62.091116577386856
-61.592293083667755
-73.20269012451172
-55.85094904899597
-75.48450374603271
-59.85395680181682
-66.50252169370651
-52.59060525894165
-62.47035765647888
-68.10338366031647
-69.92930483818054
-56.27896475791931
-56.6664342880249
-68.61361074447632
-70.32194495201111
-51.00290012359619
-57.952645897865295
-66.5972843170166
-68.31559181213379
-67.65224123001099
-74.61437225341797
-58.91304308921099
-75.24053144454956
-52.95948012173176
-65.75510215759277
-52.67060041427612
-69.51645278930664
-62.22254526615143
-76.9417667388916
-55.036994367837906
-63.81513547897339
-70.71520462632179
-71.60127782821655
-41.38652062416077
-54.02509903907776
-56.36657387018204
-72.51099109649658
-59.61487939953804
-69.34844827651978
-52.70698523521423
-66.0978353023529
-73.36824032664299
-84.63018608093262
-65.5926239490509
-67.58471059799194
-49.18467015028
-73.20038795471191
-41.00469969213009
-56.11907675862312
-62.32304513454437
-62.907296657562256
-44.09738555923104
-50.17596860229969
-63.61911082267761
-66.22450399398804
-48.590134143829346
-59.127015590667725
-68.67496109008789
-75.2323408126831
-54.636366575956345
-68.25107526779175
-62.2136607170105
-71.56717872619629
-63.64203068614006
-72.2610535621643
-73.34831357002258
-67.68983507156372
-61.66193728148937
-65.98912000656128
-60.46068358421326
-54.48657535761595
-71.69992971420288
-68.82242679595947
-73.51724481582642
-60.408506631851196
-61.44484984874725
-70.25221538543701
-50.97876365482807
-69.5943078994751
-46.30299377441406
-68.82540702819824
-47.33062908425927
-63.0997080206871
-70.12171185016632
-73.9074935913086
-63.0792875289917
-73.69145941734314
-70.97141623497009
-72.85824871063232
-60.26476179808378
-70.57123708724976
-64.70939975976944
-63.62212872505188
-74.51167249679565
-72.94014835357666
-40.64502568915486
-45.45285421051085
-76.40392237901688
-75.08634757995605
-36.60816973075271
-44.016204580664635
-54.84983619302511
-68.49381303787231
-67.09838259220123
-76.44243288040161
-48.63753668963909
-66.9167423248291
-73.07618008553982
-77.06521654129028
-46.13504886627197
-60.76883411407471
-48.605451464653015
-54.60327762365341
-58.99252712726593
-65.21599578857422
-51.79062557220459
-61.090763568878174
-57.171919107437134
-61.1253342628479
-58.55457162857056
-69.0300989151001
-65.84045505523682
-65.24198985099792
-55.80245931446552
-61.78276538848877
-64.24534630775452
-65.35195302963257
-42.23482543230057
-61.67336177825928
-65.24118328094482
-65.50675559043884
-54.28374207019806
-56.71338081359863
-67.24047315120697
-73.28900194168091
-66.41687059402466
-68.44133615493774
-53.90145622193813
-72.45938777923584
-74.55870878696442
-72.73027086257935
-43.51425301656127
-55.873366355895996
-61.11511570215225
-74.97075510025024
-59.950011074543
-66.23978996276855
-57.07499808073044
-66.88776874542236
-38.89134755730629
-57.370635986328125
-66.45046734809875
-73.06215858459473
-57.93736720085144
-58.90206527709961
-57.496079325675964
-58.28392696380615
-70.3745665550232
-74.84042119979858
-68.09041225910187
-73.59803915023804
-64.51304960250854
-64.22924995422363
-67.73231530189514
-71.14176940917969
-73.96973395347595
-67.21939134597778
-72.91851902008057
-79.1824312210083
-59.31724661588669
-66.72334051132202
-59.84117603302002
-57.532950043678284
-63.653228878974915
-81.02304983139038
-41.48298538476229
-57.178030490875244
-56.58563446998596
-57.692020893096924
-62.31391990184784
-77.44791078567505
-47.550768449902534
-60.82191038131714
-60.96840399503708
-70.6691620349884
-54.55958616733551
-58.41364109516144
-52.56399655342102
-70.45502471923828
-64.63218784332275
-63.262245655059814
-44.851530000567436
-57.377864956855774
-50.72283769771457
-65.95605194941163
-58.64350724220276
-65.07207345962524
-62.332531452178955
-59.96041449904442
-64.78229910135269
-69.0475721359253
-45.840766499750316
-63.97060525417328
-69.47438222169876
-68.17031288146973
-62.48282641172409
-75.66776180267334
-52.77150525152683
-76.02730703353882
-50.33771824836731
-61.24865913391113
-64.88822138309479
-75.15653038024902
-66.94990062713623
-73.23344612121582
-48.40355861186981
-62.66272258758545
-57.7944700717926
-57.524131298065186
-71.6645827293396
-67.27247190475464
-63.53412592411041
-64.18775749206543
-50.52765370905399
-56.877071499824524
-69.56434690952301
-69.8372597694397
-62.7534396648407
-75.33395481109619
-58.595508098602295
-62.709590673446655
-71.9936752319336
-65.91188478469849
-38.004387989640236
-54.12208592891693
-64.78335213661194
-51.5132839679718
-53.876068472862244
-68.6352276802063
-62.39964246749878
-59.34835910797119
-48.61665868759155
-60.16748933494091
-62.18963813781738
-68.92482852935791
-61.682087659835815
-62.19696366786957
-64.48496675491333
-63.17435550689697
-65.93721708655357
-71.23746371269226
-67.4073646068573
-69.46654111891985
-61.804285764694214
-67.76435089111328
-48.4533007144928
-65.838050365448
-72.40236431360245
-75.159592628479
-66.83519089221954
-66.60420560836792
-68.54047673940659
-70.0079345703125
-69.38556265830994
-63.769437313079834
-66.73412013053894
-74.86769437789917
-69.22343587875366
-67.4857530593872
-51.226951241493225
-65.56834936141968
-69.78385782241821
-68.17861461639404
-48.47506882250309
-59.411757215857506
-61.5359787940979
-67.39996480941772
-48.38941168785095
-60.56229591369629
-56.084282994270325
-50.801605224609375
-68.90533173084259
-68.85245084762573
-66.82050657272339
-67.08290338516235
-62.17058006674051
-68.27400350570679
-61.59032726287842
-71.62067675590515
-73.25563967227936
-62.28766393661499
-52.40352690219879
-61.30027675628662
-55.44019675254822
-59.86545121669769
-50.854611694812775
-52.070412158966064
-56.53954616189003
-54.71455544233322
-65.16110968589783
-65.2508373260498
-54.20350378751755
-64.05193328857422
-48.43541647866368
-67.47081455588341
-66.44159150123596
-67.94857168197632
-49.39105838537216
-66.6501579284668
-65.79078698158264
-73.49617528915405
-63.948445320129395
-66.87652635574341
-60.65399360656738
-61.13153123855591
-58.8641391992569
-65.28069543838501
-51.14279264211655
-54.51945126056671
-65.96894836425781
-66.59459972381592
-54.01599454879761
-68.3630188703537
-58.172724321484566
-68.73259544372559
-58.30611503124237
-65.39972686767578
-47.86310216784477
-62.60692739486694
-63.14527463912964
-75.10718059539795
-59.239674150943756
-73.63725709915161
-71.64596605300903
-73.470139503479
-67.54169154167175
-63.64462852478027
-55.386356830596924
-57.383809089660645
-68.56626617908478
-64.95671606063843
-54.11666488647461
-65.36378455162048
-61.72863531112671
-64.43500697612762
-56.619192481040955
-60.245452880859375
-56.79887294769287
-70.35094833374023
-60.38850021362305
-67.45464944839478
-55.748796224594116
-65.31973949074745
-64.49662983417511
-74.27140808105469
-73.21004939079285
-78.92080354690552
-61.73313534259796
-77.66034412384033
-57.37064790725708
-72.60313034057617
-64.85348933935165
-69.98238563537598
-66.67663890123367
-69.35390949249268
-46.58955532312393
-66.53253531455994
-59.234100341796875
-66.84401416778564
-39.90519508719444
-62.92378520965576
-55.1106136366725
-58.84649585187435
-57.74627411365509
-68.19961500167847
-59.099931478500366
-72.12247276306152
-60.80109882354736
-70.71724700927734
-43.00760620832443
-58.408165991306305
-70.57818531990051
-63.14633226394653
-45.6246287599206
-54.65179596841335
-68.9051947593689
-72.91415828466415
-64.77255547046661
-67.90006875991821
-47.411941573023796
-54.36115747690201
-59.86653196811676
-60.70670557022095
-47.978784918785095
-69.72529697418213
-44.43566355109215
-63.56773567199707
-57.470643639564514
-63.97983407974243
-45.855305671691895
-57.163466453552246
-68.95498886704445
-83.35211181640625
-63.91818141937256
-73.4215612411499
-62.42804288864136
-66.80377864837646
-58.64791262149811
-69.99257564544678
-53.173774003982544
-61.891905784606934
-72.21674633026123
-69.29263925552368
-60.232497692108154
-71.92316210269928
-59.366305470466614
-63.009543895721436
-58.65946054458618
-64.01822543144226
-45.74183011054993
-72.22217178344727
-52.24101209640503
-60.72645616531372
-59.483520686626434
-71.86662101745605
-52.64004397392273
-56.25826978683472
-66.21826505661011
-73.4056453704834
-57.99599361419678
-68.08977150917053
-66.40694165229797
-67.79546165466309
-39.84649637341499
-46.70440357923508
-57.55991816520691
-57.31086177378893
-41.01349585596472
-57.115579694509506
-71.0619677901268
-77.45387077331543
-65.63438177108765
-68.54284572601318
-61.57633352279663
-67.73991203308105
-45.573431476950645
-53.367501735687256
-62.19510293006897
-62.549060344696045
-48.58226950094104
-69.44057673215866
-48.60968819260597
-60.31350886821747
-52.35049843788147
-56.23694723844528
-40.33370156027377
-49.275066278874874
-68.38337111473083
-79.54724550247192
-54.303091168403625
-73.25397825241089
-49.43762580212206
-44.63074696995318
-51.36363211274147
-65.96058642864227
-79.40601074695587
-75.35044479370117
-61.98299241065979
-62.95376491546631
-51.74968218803406
-60.244953870773315
-52.119348376989365
-58.685386538505554
-49.39161515235901
-67.4912257194519
-44.72693379223347
-66.87145853042603
-59.02570414543152
-58.22192859649658
-56.967020597308874
-67.06309485435486
-52.8102412968874
-60.283819034695625
-64.37414693832397
-72.02542114257812
-72.46461701393127
-75.04014730453491
-44.05992355942726
-61.25502252578735
-71.72389215230942
-83.70637559890747
-58.970148131251335
-68.8184928894043
-64.17135834693909
-79.06585025787354
-62.20639085769653
-54.27770161628723
-63.457316629588604
-71.79432964324951
-52.83559308946133
-66.68140715360641
-49.425832241773605
-67.2928695678711
-67.50802719593048
-79.04384469985962
-64.54448992013931
-71.07775640487671
-73.19429349899292
-80.99799633026123
-62.29817819595337
-58.41722059249878
-42.31208610534668
-57.66730737686157
-60.46063232421875
-66.83094596862793
-57.446024656295776
-69.71867847442627
-48.047996044158936
-67.1798267364502
-56.96116065979004
-67.10491093993187
-59.80532348155975
-64.38303327560425
-64.98043036460876
-80.06422901153564
-64.05866032838821
-74.90203261375427
-61.04051335155964
-66.7635555267334
-47.09582298994064
-49.089554488658905
-53.071932792663574
-60.761340379714966
-58.734923362731934
-56.878315448760986
-52.404155254364014
-65.85344123840332
-65.83312465250492
-75.91625547409058
-48.02496762573719
-78.6244044303894
-38.183029532432556
-54.558589935302734
-77.78069639205933
-72.66447591781616
-50.45301550626755
-69.63553237915039
-58.603960156440735
-68.33631134033203
-69.6482846736908
-65.96705865859985
-56.60561275482178
-62.89214324951172
-44.47112261503935
-57.76426275074482