-43.01729795336723
-45.7613844871521
-45.26798629760742
-43.7940616607666
-27.15972375869751
-23.786818504333496
-46.077903270721436
-30.584179162979126
-26.15895700454712
-29.027050971984863
-30.316034078598022
-34.356982707977295
-50.44692635536194
-47.88011121749878
-41.12006378173828
-43.02292823791504
-70.08196258544922
-76.87725925445557
-54.99249458312988
-54.05569648742676
-32.76985311508179
-45.657586097717285
-61.005727767944336
-60.28099250793457
-62.53922367095947
-61.69474220275879
-41.56124258041382
-49.49290084838867
-63.977283000946045
-52.29671096801758
-57.8474645614624
-60.97241973876953
-28.927209615707397
-26.970274209976196
-45.63116693496704
-46.78876876831055
-48.5059494972229
-46.95828056335449
-58.470648765563965
-62.05643653869629
-35.99884033203125
-35.58210754394531
-67.54406261444092
-64.95691776275635
-49.823110580444336
-43.96233558654785
-28.889452934265137
-36.59959030151367
-50.58589267730713
-58.19388294219971
-32.687983989715576
-29.99845790863037
-67.60093688964844
-63.43032455444336
-43.030489921569824
-45.68176078796387
-67.12462425231934
-63.8279972076416
-39.222960472106934
-41.50199365615845
-51.63038873672485
-46.73488521575928
-36.84152889251709
-37.21903133392334
-62.627206802368164
-63.93587684631348
-46.22535419464111
-47.69951629638672
-48.02719974517822
-51.32361125946045
-41.73663330078125
-37.53252601623535
-65.60989284515381
-65.4881649017334
-62.15398979187012
-79.47700214385986
-61.73427486419678
-60.723408222198486
-34.36030578613281
-47.630473136901855
-48.07894563674927
-45.43386673927307
-38.84553241729736
-31.416033267974854
-34.37871551513672
-40.254788398742676
-43.02111530303955
-48.31568622589111
-40.59894037246704
-29.16365146636963
-60.95666313171387
-65.36061763763428
-36.210583209991455
-36.519455909729004
-65.9936466217041
-61.652329444885254
-57.3390793800354
-60.14148473739624
-49.166396141052246
-37.189279556274414
-59.97590732574463
-54.01348686218262
-51.58536720275879
-46.6295485496521
-39.88411331176758
-47.29068183898926
-49.6893367767334
-53.14869236946106
-50.359192848205566
-53.92205572128296
-70.7523775100708
-66.23911190032959
-37.70550203323364
-40.08910083770752
-47.978933334350586
-41.06860375404358
-63.42776012420654
-66.16616916656494
-49.01054763793945
-45.74282455444336
-74.68896961212158
-71.93573951721191
-42.03502297401428
-37.1242036819458
-54.445847034454346
-54.6968355178833
-35.02840232849121
-25.86832284927368
-68.46506023406982
-65.02473449707031
-54.16024160385132
-54.44438934326172
-62.84220504760742
-54.79468250274658
-41.087143898010254
-36.37558937072754
-59.89682197570801
-64.35754108428955
-55.77674961090088
-62.876312255859375
-36.12130880355835
-38.70716142654419
-77.09004783630371
-73.79551696777344
-27.71399450302124
-26.536592483520508
-47.69961953163147
-44.670475363731384
-80.44829559326172
-76.11963748931885
-72.42850685119629
-76.87725925445557
-34.589521646499634
-42.78722822666168
-58.103456020355225
-60.991487979888916
-54.01218318939209
-53.90408706665039
-68.51846122741699
-59.504501819610596
-33.45213603973389
-34.34678649902344
-61.007113456726074
-74.17063426971436
-43.78341293334961
-41.637510776519775
-74.80846881866455
-82.77669143676758
-45.71773624420166
-47.13015794754028
-60.808470726013184
-64.54134845733643
-53.88599109649658
-54.25716972351074
-48.76329302787781
-48.050526559352875
-66.06462025642395
-61.01612663269043
-77.04516506195068
-74.95110702514648
-41.97693181037903
-44.30960410833359
-37.62380290031433
-36.23102569580078
-64.21324348449707
-62.05266237258911
-49.12687110900879
-41.36783981323242
-65.36395168304443
-60.202463150024414
-65.58340549468994
-58.24477672576904
-63.62233328819275
-64.63157105445862
-45.48416328430176
-47.239670753479004
-50.33727836608887
-58.69782114028931
-66.34229850769043
-64.01737022399902
-45.709221839904785
-40.726420640945435
-64.59157037734985
-62.093496322631836
-62.99234962463379
-67.35817337036133
-69.28760814666748
-68.749192237854
-42.48559379577637
-47.58427381515503
-54.07947015762329
-52.282578468322754
-53.94103217124939
-44.74808979034424
-61.89166450500488
-65.9439697265625
-56.114041805267334
-54.37474346160889
-31.69624376296997
-34.72329568862915
-61.15496635437012
-50.42928981781006
-35.73550605773926
-31.329439163208008
-65.89792442321777
-66.64200401306152
-60.88670635223389
-59.515493392944336
-62.10371208190918
-49.22546434402466
-55.09886026382446
-52.05437517166138
-49.7965669631958
-47.7969446182251
-70.40231609344482
-78.05657482147217
-27.87152624130249
-25.725648880004883
-67.30113458633423
-65.10034275054932
-43.19019842147827
-45.71358823776245
-64.62957668304443
-65.22515201568604
-30.696297645568848
-29.027050971984863
-45.77339744567871
-46.00191831588745
-25.19106149673462
-33.982598304748535
-59.14777660369873
-55.46441173553467
-56.22291374206543
-49.31675148010254
-26.19152069091797
-32.61991786956787
-39.66550827026367
-52.06181526184082
-66.89816665649414
-60.25699806213379
-59.52717208862305
-61.5789213180542
-33.02582406997681
-32.9773964881897
-48.69959735870361
-47.96189022064209
-66.18562126159668
-62.1039342880249
-46.95465159416199
-57.476420879364014
-39.08316135406494
-38.636210441589355
-69.77250480651855
-58.47001838684082
-49.945682525634766
-51.51851034164429
-72.93744277954102
-64.40442848205566
-58.63032817840576
-59.27643966674805
-64.0725507736206
-62.877657890319824
-67.49944019317627
-74.75668716430664
-29.592973709106445
-28.27316188812256
-36.21933031082153
-31.896326065063477
-52.373207092285156
-51.72746181488037
-45.20812654495239
-45.93357181549072
-37.249430894851685
-31.18287467956543
-43.62366962432861
-32.289042472839355
-64.11695766448975
-56.29450273513794
-63.92682504653931
-59.474284172058105
-70.65299701690674
-68.77569770812988
-37.39371967315674
-32.7855339050293
-67.00875854492188
-75.20128345489502
-26.634063243865967
-34.10964012145996
-26.83359146118164
-34.654293060302734
-70.22478008270264
-74.8501329421997
-46.85239839553833
-46.152302742004395
-60.44473838806152
-66.23063087463379
-63.24175834655762
-70.74420356750488
-31.368659019470215
-28.939032554626465
-44.534451484680176
-45.53152847290039
-39.27062368392944
-36.766963481903076
-57.75000858306885
-59.04770565032959
-72.26810646057129
-75.32393455505371
-38.743003368377686
-39.42080116271973
-42.96895885467529
-43.00249099731445
-59.6140193939209
-64.27802753448486
-38.733027935028076
-45.863221168518066
-69.39300060272217
-81.27336311340332
-49.777549743652344
-48.18952751159668
-57.4497526884079
-49.886691093444824
-38.09063005447388
-29.73201084136963
-35.31995105743408
-44.89001274108887
-46.033324241638184
-49.29153060913086
-69.16274547576904
-58.45162391662598
-40.44996166229248
-42.364086627960205
-35.070698261260986
-32.5195574760437
-41.784706115722656
-45.30278015136719
-43.897568225860596
-44.7371187210083
-65.40239334106445
-69.52611351013184
-41.72687864303589
-42.037434577941895
-34.07605838775635
-32.89076089859009
-42.897494316101074
-40.4593620300293
-53.084266662597656
-57.871384620666504
-69.91633701324463
-63.700987339019775
-36.71343946456909
-34.77346229553223
-59.82640743255615
-50.930901527404785
-38.88187217712402
-44.80830764770508
-69.26887321472168
-63.11604881286621
-53.59438705444336
-47.59769868850708
-69.80313682556152
-61.726651191711426
-51.30839252471924
-41.895856857299805
-37.857547760009766
-43.4844388961792
-44.12582731246948
-42.88664638996124
-51.53623580932617
-42.024831771850586
-76.82708740234375
-69.22780704498291
-38.44305944442749
-24.042851626873016
-68.1792688369751
-62.1105899810791
-39.44952964782715
-34.973326206207275
-56.49569225311279
-48.16709899902344
-73.2382583618164
-66.06134986877441
-27.960474014282227
-22.72519874572754
-41.551626205444336
-41.34999465942383
-39.51692485809326
-25.83634901046753
-38.24774360656738
-39.80042839050293
-58.312256813049316
-63.0343017578125
-46.81121063232422
-49.93872022628784
-44.29708480834961
-46.4487361907959
-57.043283462524414
-55.30794334411621
-40.803884506225586
-33.94268989562988
-67.3214168548584
-61.69930171966553
-45.95740222930908
-42.74213171005249
-52.29706287384033
-50.67598915100098
-62.419007301330566
-62.74571466445923
-33.85124635696411
-35.85619831085205
-62.243529319763184
-72.37101364135742
-75.73160743713379
-73.26711940765381
-27.45483684539795
-32.978190422058105
-30.432387828826904
-48.15260982513428
-31.17356300354004
-29.99845790863037
-62.76055431365967
-63.34879779815674
-51.59228467941284
-53.53495264053345
-49.594459533691406
-60.003777503967285
-36.45802593231201
-24.56102991104126
-29.285075187683105
-29.027050971984863
-30.944438457489014
-40.731252670288086
-41.38088130950928
-52.48750400543213
-62.468199729919434
-68.94855785369873
-64.02536296844482
-62.266164779663086
-43.573830127716064
-44.45111656188965
-76.06787204742432
-60.15907955169678
-57.30840015411377
-54.15601444244385
-54.77705466747284
-62.62147331237793
-63.07067584991455
-57.479875564575195
-40.87635612487793
-39.39634895324707
-41.9166316986084
-44.292561531066895
-60.76487588882446
-60.654025077819824
-52.89697504043579
-51.38392496109009
-69.5005350112915
-64.38998413085938
-54.530470848083496
-51.595276832580566
-19.500909328460693
-30.801417350769043
-38.29274845123291
-22.66680908203125
-42.247673988342285
-47.33056640625
-73.81113147735596
-71.56282711029053
-35.19515419006348
-47.07081604003906
-53.12113571166992
-54.48343086242676
-29.921677112579346
-38.23940849304199
-55.844430923461914
-61.5789213180542
-34.29543685913086
-33.86099720001221
-56.985541343688965
-59.239635944366455
-39.74454975128174
-41.30367374420166
-63.51093292236328
-59.992509841918945
-35.90943908691406
-37.524303913116455
-59.58603096008301
-69.07973384857178
-64.45761108398438
-62.403703689575195
-49.65321111679077
-53.821489334106445
-61.66451358795166
-63.786112785339355
-77.49469375610352
-71.36399555206299
-56.38059186935425
-46.98595333099365
-65.56353998184204
-56.82697343826294
-29.736560106277466
-40.10180473327637
-46.07068347930908
-49.28276062011719
-61.346290588378906
-56.73059272766113
-53.16307258605957
-49.09464073181152
-73.38699054718018
-71.6899905204773
-79.62300395965576
-75.9394178390503
-45.0224609375
-36.02908277511597
-58.31443786621094
-52.452998638153076
-46.46404418349266
-44.23741972446442
-62.531643867492676
-61.89267063140869
-58.89293193817139
-61.013423919677734
-47.20429849624634
-51.51851034164429
-63.226407051086426
-62.96343517303467
-38.29310894012451
-34.17645883560181
-49.347835540771484
-43.32654142379761
-68.8040599822998
-73.65242958068848
-33.693708419799805
-38.384506702423096
-34.87037181854248
-42.155789375305176
-67.00098419189453
-71.74627876281738
-55.727757930755615
-65.52639961242676
-43.5382342338562
-49.78361654281616
-27.21062183380127
-31.121195793151855
-48.65144634246826
-54.22598934173584
-55.745598793029785
-56.38747501373291
-37.9524507522583
-33.47280311584473
-39.191397190093994
-40.70749521255493
-74.36355972290039
-70.32044315338135
-45.99824142456055
-27.549602031707764
-52.4968900680542
-63.071929931640625
-65.32579612731934
-66.68588924407959
-58.336180686950684
-55.88753843307495
-28.336876392364502
-28.26347541809082
-35.2284049987793
-42.06773567199707
-42.89629936218262
-48.758636474609375
-36.61529541015625
-43.17360782623291
-75.04745292663574
-57.69898748397827
-45.42618179321289
-45.65659856796265
-55.78219413757324
-52.96687030792236
-35.652878761291504
-44.26449489593506
-42.358473777770996
-43.080745697021484
-58.602535247802734
-54.049567222595215
-23.63615894317627
-22.72519874572754
-33.784632444381714
-29.603605270385742
-31.530348300933838
-24.08476185798645
-62.38003921508789
-71.06591510772705
-51.73444318771362
-62.87631320953369
-28.035377979278564
-38.926764488220215
-55.503634452819824
-62.892945289611816
-70.03095149993896
-79.71336841583252
-42.356688499450684
-50.78259468078613
-71.43921279907227
-68.1060848236084
-30.82404327392578
-31.240652084350586
-37.541441917419434
-34.12269592285156
-61.28751754760742
-52.91341209411621
-47.91275382041931
-50.70925486087799
-56.85071659088135
-58.663851737976074
-44.07943820953369
-45.863221168518066
-76.01102066040039
-73.36122703552246
-69.40937519073486
-78.92407321929932
-63.18854475021362
-58.8415846824646
-52.74409580230713
-61.50268363952637
-40.7824387550354
-42.5354118347168
-53.790385246276855
-45.61028242111206
-36.03654420375824
-33.3918342590332
-57.45147514343262
-56.712220191955566
-25.658677101135254
-29.16365146636963
-63.262404441833496
-65.3177661895752
-40.65358877182007
-37.53252696990967
-73.63458061218262
-62.25438737869263
-23.593811511993408
-32.61991786956787
-38.93724870681763
-37.91673421859741
-49.31776666641235
-47.952513217926025
-56.09968280792236
-55.25943470001221
-63.12592792510986
-62.847599029541016
-20.78264570236206
-30.014256954193115
-46.129738330841064
-52.79747676849365
-48.04339957237244
-51.59819358587265
-57.73007297515869
-61.07971954345703
-46.35292148590088
-43.99803638458252
-67.80956554412842
-64.33747482299805
-45.57237911224365
-48.60538101196289
-66.49480152130127
-62.403703689575195
-28.690950393676758
-36.63730335235596
-63.444268226623535
-68.28441047668457
-38.692150592803955
-45.44295120239258
-74.72716331481934
-70.19586753845215
-46.87696838378906
-50.870145320892334
-33.39617204666138
-34.50583839416504
-55.56012296676636
-42.71086823940277
-51.81461429595947
-41.32650327682495
-59.048380851745605
-69.95884227752686
-42.302204608917236
-55.22062873840332
-51.86219024658203
-57.49183654785156
-56.948001861572266
-54.138673305511475
-52.13334846496582
-49.37718343734741
-53.354519844055176
-59.86519908905029
-35.28389072418213
-34.836416244506836
-37.8687047958374
-47.26447868347168
-61.7001895904541
-58.386109352111816
-36.914610385894775
-37.524303913116455
-60.71124267578125
-62.99551200866699
-53.704776763916016
-57.464481353759766
-42.78899669647217
-48.98515033721924
-54.91599225997925
-58.00093650817871
-39.78243064880371
-49.195143699645996
-39.84150743484497
-42.88289546966553
-41.066195011138916
-48.299949645996094
-46.15877914428711
-50.497135162353516
-68.26597309112549
-63.94597339630127
-39.12177801132202
-35.54611015319824
-39.031046867370605
-51.25410079956055
-63.77183246612549
-69.73150444030762
-65.80605697631836
-66.26169109344482
-53.79395008087158
-47.224050521850586
-64.79274559020996
-63.529802322387695
-58.808666706085205
-61.76942300796509
-48.74523305892944
-42.38672733306885
-60.699469566345215
-64.0554256439209
-48.273871421813965
-54.95633888244629
-66.80097770690918
-62.48449420928955
-38.23954391479492
-23.68040418624878
-46.183465003967285
-36.378976345062256
-48.381019115448
-45.863221168518066
-77.53864765167236
-66.60400676727295
-32.93056535720825
-27.20310688018799
-50.892282485961914
-42.03804302215576
-78.8472728729248
-63.16839599609375
-71.27980613708496
-61.05793476104736
-55.5999174118042
-55.24258995056152
-34.395634174346924
-36.44759941101074
-71.86747646331787
-71.04866790771484
-42.71427130699158
-56.940574645996094
-47.29698848724365
-40.6552619934082
-53.41423797607422
-45.70566153526306
-43.40476989746094
-42.709839820861816
-68.7666072845459
-78.7193717956543
-46.830257415771484
-42.52115869522095
-72.51648330688477
-64.43807411193848
-29.08581233024597
-35.80055904388428
-24.186975479125977
-28.899654388427734
-60.474281787872314
-59.89642143249512
-53.475914478302
-51.7008318901062
-43.38154458999634
-60.41290855407715
-41.07504177093506
-45.31392478942871
-50.46763372421265
-53.461233139038086
-37.77143096923828
-40.020610332489014
-43.43248462677002
-50.06931686401367
-45.27280306816101
-39.609599590301514
-55.88509273529053
-53.37704801559448
-59.08284378051758
-63.3549919128418
-48.088589668273926
-48.98515033721924
-68.85710668563843
-62.38417673110962
-35.695130348205566
-45.67566394805908
-61.605496406555176
-72.76458358764648
-49.405049324035645
-39.64477872848511
-49.481563568115234
-50.197505950927734
-71.18360042572021
-71.34508800506592
-36.02181816101074
-44.25009059906006
-59.34311771392822
-66.80484199523926
-33.951377391815186
-43.380980491638184
-43.93525171279907
-44.527382612228394
-57.56034803390503
-57.69986915588379
-53.202454566955566
-56.794111251831055
-72.18713283538818
-74.12204170227051
-35.16589593887329
-37.023430824279785
-46.98512291908264
-48.157607316970825
-66.62619304656982
-72.75469017028809
-33.46835708618164
-36.63010597229004
-48.20859479904175
-40.13682270050049
-33.69609320163727
-36.40965461730957
-72.84227848052979
-62.44993877410889
-40.993478775024414
-36.322078704833984
-68.77424049377441
-52.58407688140869
-63.12744092941284
-46.58487558364868
-42.54541230201721
-47.7458975315094
-36.43479824066162
-29.11997079849243
-67.47240543365479
-74.9207592010498
-63.47081470489502
-53.805341720581055
-34.21506071090698
-40.783538818359375
-71.13950634002686
-65.68409156799316
-47.590813636779785
-45.863221168518066
-79.47894287109375
-78.42885971069336
-45.87956666946411
-47.32654809951782
-58.7852668762207
-51.85061740875244
-62.02179527282715
-66.55770206451416
-46.41294574737549
-46.64235782623291
-66.90110731124878
-63.0913782119751
-35.917673110961914
-43.37451648712158
-37.22899532318115
-46.60243797302246
-67.26002502441406
-63.616830825805664
-65.59434223175049
-58.49319267272949
-47.971031188964844
-45.705888748168945
-65.4175615310669
-69.92636394500732
-60.53528022766113
-59.9097204208374
-75.69844627380371
-67.9144058227539
-25.947941660881042
-32.33883082866669
-29.67171812057495
-40.72094440460205
-69.31394100189209
-62.661407470703125
-49.17050361633301
-55.47533130645752
-60.369187355041504
-45.320563316345215
-57.44420337677002
-52.993980407714844
-46.37901496887207
-50.85963773727417
-69.75890064239502
-64.38998413085938
-36.822397232055664
-41.32762908935547
-65.84493637084961
-64.97477722167969
-34.06796836853027
-46.73934841156006
-57.85674524307251
-65.77588081359863
-37.421241760253906
-48.99242067337036
-68.00193881988525
-74.15489292144775
-79.07968997955322
-75.02975368499756
-45.36591720581055
-51.25410175323486
-68.1302661895752
-65.10138893127441
-69.1065788269043
-70.8571252822876
-25.324628829956055
-25.82319736480713
-40.84088683128357
-40.39402633905411
-54.412240982055664
-48.09666299819946
-47.354878425598145
-45.642645835876465
-71.4002275466919
-59.20155429840088
-41.79577684402466
-39.4001522064209
-54.565157890319824
-63.49048042297363
-41.3017520904541
-50.497135162353516
-67.58031558990479
-66.68588829040527
-69.78561496734619
-67.91606330871582
-68.68678569793701
-73.7913122177124
-44.89754676818848
-44.906718730926514
-59.54689693450928
-62.194204330444336
-51.77551221847534
-53.33293294906616
-67.1813154220581
-62.44993877410889
-41.57613801956177
-30.481657028198242
-59.014585971832275
-72.20137786865234
-64.0575180053711
-63.65484142303467
-75.48695945739746
-76.98514461517334
-38.93506383895874
-50.129404067993164
-66.27095699310303
-64.6273045539856
-43.10876512527466
-43.71894979476929
-55.40371322631836
-62.22326898574829
-49.125192642211914
-53.689133167266846
-58.965667724609375
-56.63795566558838
-38.51689529418945
-45.98293495178223
-65.90932369232178
-67.41996669769287
-73.90467739105225
-66.35450077056885
-65.70803546905518
-59.81428337097168
-67.25290203094482
-66.95651912689209
-33.242987632751465
-42.328742027282715
-58.33943748474121
-50.11540603637695
-22.494789600372314
-31.02305030822754
-37.34602200984955
-38.71764874458313
-47.98358932137489
-36.09446918964386
-41.27009916305542
-55.60569477081299
-40.82170915603638
-44.383612632751465
-57.18819236755371
-64.9477310180664
-37.23360300064087
-50.19750499725342
-70.44547843933105
-68.58018207550049
-53.007611989974976
-45.98922061920166
-69.30335235595703
-73.22401332855225
-37.99021816253662
-37.96178340911865
-52.232698917388916
-50.92486047744751
-50.740586280822754
-63.07673168182373
-43.29698371887207
-48.09376239776611
-56.34036636352539
-61.18193817138672
-28.23966884613037
-41.50199365615845
-48.044612884521484
-47.442604064941406
-34.100619316101074
-32.73792266845703
-62.87274742126465
-62.88589286804199
-42.040836334228516
-50.497135162353516
-62.00604248046875
-62.91579532623291
-60.1390540599823
-46.38164758682251
-61.077269554138184
-51.827884674072266
-34.52658176422119
-29.73201084136963
-46.272034645080566
-45.07686424255371
-64.22834205627441
-59.36465644836426
-51.766754150390625
-49.47619676589966
-61.89072227478027
-50.1070032119751
-27.374819040298462
-32.79813575744629
-45.195563316345215
-51.96029472351074
-56.832733154296875
-67.84671878814697
-44.47422409057617
-44.77391529083252
-47.4066948890686
-50.497135162353516
-69.0217695236206
-70.10248947143555
-52.477142333984375
-40.821993827819824
-56.79144811630249
-57.207801818847656
-39.6033616065979
-38.60422992706299
-39.350600242614746
-41.30367469787598
-56.213778495788574
-47.88317823410034
-46.039978981018066
-47.84761714935303
-47.37929308414459
-45.307776927948
-59.59336757659912
-62.390289306640625
-42.17037487030029
-39.47555160522461
-39.36971187591553
-45.63110971450806
-55.50867176055908
-44.90024757385254
-37.3022141456604
-40.630422592163086
-49.961212396621704
-38.4229850769043
-34.25182485580444
-37.5243034362793
-72.29075145721436
-56.6167516708374
-38.6522421836853
-43.348660469055176
-53.44015693664551
-51.65122604370117
-32.24476623535156
-34.42194652557373
-75.94742488861084
-63.38684558868408
-61.903883934020996
-71.5053243637085
-38.8564395904541
-41.16069746017456
-67.004638671875
-60.24766540527344
-67.22167682647705
-70.55837631225586
-30.99512004852295
-19.304099559783936
-42.82025909423828
-42.97267484664917
-44.2830628156662
-53.71137523651123
-76.67194366455078
-73.22833728790283
-72.9159984588623
-76.70103979110718
-32.488099217414856
-33.47776746749878
-64.60446453094482
-71.33925437927246
-45.67037582397461
-43.311100006103516
-72.71197605133057
-67.1053409576416
-36.713107109069824
-33.26249408721924
-65.01522159576416
-65.92570495605469
-52.96198654174805
-52.01747989654541
-38.29278898239136
-37.85967016220093
-52.24179935455322
-47.08603000640869
-66.78833961486816
-61.75622844696045
-29.30141830444336
-31.12297534942627
-63.51195812225342
-54.70599174499512
-24.529202461242676
-33.37868022918701
-36.699899196624756
-41.459712982177734
-71.65921783447266
-72.58828926086426
-72.21603202819824
-69.32491111755371
-51.81657028198242
-50.020185470581055
-65.29744338989258
-68.31540393829346
-53.09596633911133
-57.0880389213562
-65.26609134674072
-67.52133750915527
-56.49981641769409
-64.13389444351196
-29.95728826522827
-30.77606439590454
-39.25195026397705
-37.05063724517822
-42.76428031921387
-44.64756107330322
-62.04139423370361
-70.5050106048584
-34.191325664520264
-42.03804302215576
-52.60394835472107
-47.71493315696716
-40.758620262145996
-48.23803186416626
-55.94191932678223
-53.898454666137695
-55.1597466468811
-63.78433585166931
-72.84652709960938
-74.62571620941162
-42.64808988571167
-42.75367450714111
-51.22024917602539
-53.36022472381592
-62.99417591094971
-72.25233936309814
-43.75708532333374
-54.37746810913086
-37.396223068237305
-33.47776746749878
-42.44154977798462
-42.47833013534546
-61.899312019348145
-46.26208257675171
-54.69851207733154
-56.99915170669556
-60.09853649139404
-58.15580940246582
-41.99077606201172
-41.30367469787598
-56.45396137237549
-50.63069248199463
-36.75244140625
-30.830408096313477
-27.798380255699158
-41.442585945129395
-68.51237201690674
-63.63908338546753
-39.287593364715576
-44.05542278289795
-44.94175386428833
-58.081111907958984
-29.07323980331421
-31.023048400878906
-41.676833152770996
-28.643075942993164
-67.46146488189697
-71.7050724029541
-65.23265075683594
-63.43032455444336
-42.654629707336426
-46.27333736419678
-62.720494985580444
-54.81031647324562
-41.958789348602295
-47.163376808166504
-54.291192054748535
-57.43031406402588
-79.38724136352539
-77.90839958190918
-40.36670398712158
-33.47280216217041
-67.28853034973145
-70.9033031463623
-35.16777992248535
-39.56977462768555
-47.3107647895813
-53.10878944396973
-58.33116149902344
-48.08846664428711
-43.98580360412598
-42.74318313598633
-61.38921356201172
-63.65484142303467
-51.05122756958008
-46.79933452606201
-28.931827545166016
-39.244290351867676
-43.9260458946228
-36.175008058547974
-56.63598155975342
-56.698991775512695
-37.73298358917236
-42.364086627960205
-54.911386013031006
-58.531840801239014
-57.03909778594971
-70.59272193908691
-43.259440422058105
-42.33924579620361
-31.474403142929077
-40.73125219345093
-44.70789051055908
-42.03344011306763
-33.793946266174316
-36.42524337768555
-54.95285511016846
-54.38662815093994
-69.96761798858643
-66.73830318450928
-45.969862937927246
-47.95251274108887
-65.7880630493164
-64.79817867279053
-34.46516227722168
-40.25373363494873
-35.01950263977051
-31.931499481201172
-34.244462728500366
-41.442585945129395
-36.202731132507324
-40.12386989593506
-46.668365478515625
-32.289042472839355
-70.12024974822998
-63.3549919128418
-37.477277755737305
-34.1314001083374
-62.79973316192627
-63.10114860534668
-35.38017988204956
-36.44759941101074
-71.13530826568604
-74.8033561706543
-41.90834665298462
-45.03938674926758
-28.175401210784912
-34.33601951599121
-37.090491771698
-29.85638117790222
-29.571704864501953
-26.744117736816406
-37.623045921325684
-45.408859729766846
-49.78038024902344
-54.627005100250244
-30.087048530578613
-33.982598304748535
-43.26582479476929
-37.62855243682861
-42.145358085632324
-43.20483684539795
-68.80035972595215
-65.5339584350586
-40.46089458465576
-40.70749521255493
-68.42139720916748
-77.38470649719238
-41.623966455459595
-43.69847893714905
-30.172845363616943
-28.716288328170776
-67.57941913604736
-62.980058670043945
-40.944939613342285
-33.68506336212158
-50.552019119262695
-51.01451396942139
-69.65227508544922
-73.28459548950195
-75.34854221343994
-74.67293071746826
-20.858087062835693
-23.342423915863037
-65.21797561645508
-66.4247636795044
-33.91360378265381
-37.538480281829834
-44.662630558013916
-48.45498085021973
-55.26263999938965
-56.05659770965576
-32.15234875679016
-36.19208765029907
-54.0937705039978
-50.79348182678223
-38.775390625
-42.3831672668457
-45.07049083709717
-38.91190719604492
-34.78540325164795
-31.188232898712158
-64.13477897644043
-66.6642656326294
-45.71834373474121
-53.82570838928223
-59.068366050720215
-76.07074737548828
-39.40544414520264
-37.46951961517334
-48.827842712402344
-43.207924365997314
-64.17273902893066
-64.88806533813477
-71.19764709472656
-62.81272315979004
-67.68806743621826
-82.42393207550049
-34.91784858703613
-29.048255443572998
-34.54924011230469
-33.26249408721924
-62.04992389678955
-58.24477767944336
-51.37302112579346
-50.66527271270752
-74.04500102996826
-79.09262561798096
-73.22590637207031
-67.72393035888672
-40.33702278137207
-43.22307109832764
-61.3828182220459
-61.533912658691406
-56.265299797058105
-59.04770565032959
-73.1692304611206
-60.113526344299316
-67.72635459899902
-66.61830615997314
-37.539700984954834
-45.13302516937256
-60.55394101142883
-43.171473264694214
-38.23433017730713
-45.657586097717285
-61.64115810394287
-58.20880699157715
-63.76653003692627
-54.85130214691162
-66.39189910888672
-58.696563720703125
-51.0691556930542
-62.69325351715088
-64.59335327148438
-56.31084203720093
-30.214091300964355
-21.03526020050049
-48.805588722229004
-52.48750400543213
-79.1701021194458
-70.45477199554443
-84.65585327148438
-73.31933784484863
-65.1459469795227
-60.723408222198486
-55.050039768218994
-52.00906991958618
-51.11539554595947
-52.31248140335083
-37.998953342437744
-41.89499092102051
-58.461846351623535
-55.07006072998047
-42.77947425842285
-45.226133823394775
-62.96610713005066
-60.3572501540184
-46.407626152038574
-48.399192810058594
-61.750009536743164
-59.86089324951172
-34.997737407684326
-38.15511655807495
-62.28582191467285
-55.47559070587158
-75.77439022064209
-64.94530963897705
-55.88045120239258
-52.189053535461426
-68.11042976379395
-75.56012630462646
-40.70593070983887
-43.53136682510376
-45.05374598503113
-44.42941236495972
-58.803317070007324
-59.46861171722412
-40.25051736831665
-57.63714790344238
-64.2086706161499
-63.429954528808594
-56.00168991088867
-45.63081169128418
-37.76944589614868
-43.33989238739014
-35.15047836303711
-30.77606439590454
-36.74414825439453
-25.779460191726685
-71.56842041015625
-71.64559841156006
-39.27427864074707
-37.97201347351074
-50.46639013290405
-48.79407501220703
-29.527053833007812
-29.087405681610107
-64.26685619354248
-60.61198425292969
-45.56551265716553
-39.092435359954834
-76.89670848846436
-69.33681869506836
-56.94160556793213
-56.954588890075684
-50.53598594665527
-52.316508054733276
-57.800092697143555
-61.251227378845215
-41.8020601272583
-37.73667240142822
-65.07841491699219
-69.21326446533203
-21.62110948562622
-34.817039012908936
-68.78670597076416
-70.9033031463623
-25.322950839996338
-34.42194652557373
-60.37892532348633
-62.877413749694824
-29.56396722793579
-30.775050163269043
-24.813262224197388
-36.52645015716553
-37.11657190322876
-42.45583629608154
-47.02048349380493
-61.70932102203369
-30.237503051757812
-32.46091365814209
-55.445756912231445
-47.69262742996216
-65.71194839477539
-67.95991516113281
-64.98356914520264
-64.4974889755249
-30.237155437469482
-24.91464376449585
-54.65195274353027
-48.32782459259033
-35.128066539764404
-39.989562034606934
-58.28199577331543
-50.529133319854736
-35.6594500541687
-44.63014841079712
-55.850969314575195
-59.45236682891846
-72.54246997833252
-59.474154472351074
-50.61216354370117
-53.9221305847168
-43.24969673156738
-57.959603786468506
-54.56234300136566
-45.716421127319336
-62.75876235961914
-54.531503677368164
-19.752636909484863
-29.173136711120605
-38.31398344039917
-25.98367190361023
-40.52664518356323
-49.97774410247803
-65.35843086242676
-51.32705307006836
-73.08906555175781
-76.03297901153564
-26.364991664886475
-27.374589681625366
-45.954777240753174
-46.98595333099365
-43.36192083358765
-50.98869609832764
-57.188408851623535
-54.83397912979126
-30.21030282974243
-24.254002928733826
-48.35152339935303
-41.16266107559204
-52.746153831481934
-70.07810688018799
-40.02814531326294
-27.48125731945038
-61.78599548339844
-51.597126960754395
-28.99401044845581
-28.915016651153564
-36.433130741119385
-28.51010799407959
-36.625009536743164
-37.9275426864624
-61.43264389038086
-57.54671764373779
-39.37707233428955
-43.311100006103516
-35.1553750038147
-30.620210647583008
-40.05773162841797
-44.56768226623535
-46.27808332443237
-49.085647106170654
-55.31273603439331
-49.47523593902588
-74.51911544799805
-76.62112045288086
-67.56961345672607
-57.32043933868408
-62.30325984954834
-62.103933334350586
-49.014803409576416
-52.10962915420532
-55.673959732055664
-38.02223873138428
-47.68152713775635
-45.44098615646362
-45.34208297729492
-45.302781105041504
-52.387699604034424
-48.59513473510742
-44.15392518043518
-50.864342749118805
-60.87140464782715
-57.74769878387451
-29.42139482498169
-22.70883846282959
-20.868200659751892
-25.881986618041992
-46.95974636077881
-46.01810264587402
-62.25323295593262
-59.84044647216797
-42.50916767120361
-39.634735107421875
-62.69811153411865
-69.7489824295044
-72.47596549987793
-69.11624240875244
-40.758882999420166
-47.49495601654053
-46.94818639755249
-50.49342727661133
-58.097472190856934
-55.70261764526367
-48.13909339904785
-42.287102699279785
-52.25220263004303
-48.175520181655884
-43.75998592376709
-38.707162380218506
-69.9781847000122
-70.78062915802002
-61.389944076538086
-59.82264423370361
-27.979737281799316
-33.123194217681885
-32.494333267211914
-37.649128913879395
-49.409457206726074
-51.974849224090576
-46.13877058029175
-46.14652156829834
-48.49049949645996
-61.47391319274902
-41.93348026275635
-40.32620906829834
-53.88664150238037
-62.47356033325195
-42.06156301498413
-52.4457631111145
-61.077393531799316
-70.843186378479
-61.32127130031586
-57.979276195168495
-65.29513263702393
-60.25829887390137
-38.28574275970459
-40.630422592163086
-35.26319169998169
-49.60337543487549
-50.47736358642578
-44.7326545715332
-43.304171085357666
-47.952513217926025
-31.279198169708252
-25.23446786403656
-29.545785188674927
-37.72233963012695
-30.479395389556885
-28.749634742736816
-71.74106884002686
-63.700987339019775
-46.22256374359131
-42.05586528778076
-69.8678207397461
-74.84883975982666
-68.5107192993164
-56.58220624923706
-65.51446056365967
-63.0913782119751
-45.30684947967529
-46.836965560913086
-45.07119631767273
-48.186325550079346
-30.285722494125366
-32.79813575744629
-30.935301780700684
-31.931499481201172
-64.4148473739624
-61.69474124908447
-37.138319969177246
-45.8790864944458
-44.98097229003906
-45.44098615646362
-58.15583324432373
-54.66094732284546
-35.937325954437256
-35.83375406265259
-44.46932256221771
-46.43190312385559
-55.19372844696045
-52.9530816078186
-43.02491092681885
-50.71226215362549
-70.13357925415039
-68.18419170379639
-55.201311111450195
-58.32730960845947
-45.548922061920166
-49.86870336532593
-56.76965045928955
-57.02126741409302
-63.937785148620605
-64.97808074951172
-49.08330535888672
-45.15266227722168
-60.8972225189209
-58.33469486236572
-55.96609878540039
-51.98392581939697
-54.692501068115234
-52.09088659286499
-65.85183334350586
-60.71733617782593
-59.57678031921387
-64.46829795837402
-34.04609680175781
-32.91776466369629
-36.555678844451904
-36.91726016998291
-41.25338315963745
-36.45630979537964
-48.203739166259766
-43.20466089248657
-62.34361171722412
-57.64075183868408
-39.96886157989502
-38.776851177215576
-50.920761585235596
-53.59366512298584
-36.76721954345703
-36.23102569580078
-55.98957633972168
-57.15524959564209
-46.99470090866089
-24.04285153746605
-37.06373405456543
-37.96178436279297
-59.45907115936279
-59.16385746002197
-40.15934658050537
-41.07656669616699
-57.10114860534668
-54.25184154510498
-30.216983795166016
-31.122976303100586
-37.99256229400635
-45.18014335632324
-75.8620138168335
-68.50798892974854
-65.63385581970215
-55.5544376373291
-71.54839515686035
-59.5218505859375
-47.06917762756348
-47.288737773895264
-55.48231315612793
-62.059059143066406
-68.14176654815674
-66.12014579772949
-34.91640567779541
-23.342424392700195
-44.271751403808594
-32.31861066818237
-66.27726650238037
-63.3549919128418
-68.28359413146973
-62.430747270584106
-35.473896980285645
-52.5761137008667
-51.207191944122314
-53.24192953109741
-53.61475658416748
-61.12944221496582
-63.47023677825928
-57.529282569885254
-52.992746353149414
-50.020185232162476
-61.243425369262695
-64.06747817993164
-29.37274742126465
-30.51837158203125
-26.62416934967041
-33.37867975234985
-47.85346269607544
-55.06741285324097
-66.0315260887146
-59.26229512691498
-30.26566195487976
-30.48191499710083
-38.38091325759888
-39.53718972206116
-64.5073709487915
-65.26042556762695
-52.4370059967041
-46.155296087265015
-54.52536582946777
-53.863815784454346
-50.80218696594238
-44.21934270858765
-50.4448127746582
-58.208807945251465
-39.755168437957764
-53.56511878967285
-60.71620589494705
-58.793613493442535
-71.39555835723877
-78.42885971069336
-47.19718360900879
-43.898197650909424
-55.47590255737305
-51.76301956176758
-31.628023624420166
-36.19790840148926
-66.63914775848389
-57.041433334350586
-39.67691135406494
-51.87883758544922
-30.58401346206665
-40.319902420043945
-49.535752296447754
-51.58175754547119
-60.74625015258789
-66.31291675567627
-33.653265953063965
-38.19468545913696
-45.104323863983154
-47.84761714935303
-46.2086877822876
-51.49773931503296
-53.25232267379761
-47.32654809951782
-53.36083984375
-53.57321739196777
-46.61104917526245
-43.03316116333008
-74.41749954223633
-81.27480983734131
-36.44542074203491
-36.1405463218689
-60.41982936859131
-53.04234218597412
-42.32789373397827
-40.919230461120605
-48.79437255859375
-64.27132177352905
-68.7191948890686
-58.51192378997803
-57.96259641647339
-43.6442346572876
-61.88214683532715
-51.500442028045654
-60.85086250305176
-63.08635377883911
-37.9044451713562
-49.59925174713135
-27.983917236328125
-29.869423866271973
-41.15627384185791
-33.47776746749878
-59.412832260131836
-64.56279754638672
-53.193583250045776
-47.08603000640869
-32.440073013305664
-30.04323673248291
-55.26777172088623
-49.54457473754883
-47.018174171447754
-40.76541996002197
-56.180363178253174
-58.691548347473145
-53.47709655761719
-60.60734558105469
-36.89628314971924
-47.89628601074219
-48.635578632354736
-46.032848834991455
-46.31818199157715
-37.71720004081726
-58.3690881729126
-47.11617386341095
-45.25383996963501
-46.8812313079834
-39.8657660484314
-40.75539970397949
-55.088921546936035
-61.48692798614502
-26.79104709625244
-31.466914176940918
-59.988351821899414
-60.02163887023926
-56.8149471282959
-48.609408378601074
-48.33286952972412
-44.07799530029297
-52.750922203063965
-67.6927900314331
-30.085637092590332
-29.561612606048584
-79.65271377563477
-68.1060848236084
-45.923743724823
-48.37805461883545
-48.50246238708496
-51.53408122062683
-75.09311580657959
-72.83221244812012
-28.97389507293701
-33.317809104919434
-43.63750505447388
-46.64845657348633
-67.90335845947266
-63.16839599609375
-41.932090520858765
-40.78592622280121
-26.25910520553589
-34.2841010093689
-35.09531497955322
-32.52819299697876
-27.75541114807129
-31.370678901672363
-28.672831535339355
-26.487019062042236
-46.856459617614746
-35.718214988708496
-47.13494396209717
-42.33412218093872
-22.73415184020996
-33.99251937866211
-53.01787567138672
-56.63963460922241
-40.28958606719971
-40.489399433135986
-49.26613807678223
-47.95479774475098
-60.08132743835449
-57.89565944671631
-65.84852027893066
-61.274691581726074
-56.31849145889282
-46.032848834991455
-44.285001277923584
-43.331627368927
-32.0656852722168
-24.279337406158447
-37.64476299285889
-42.66558837890625
-64.28467178344727
-63.78229331970215
-36.23254203796387
-48.23803186416626
-62.08487272262573
-46.79933404922485
-58.22771096229553
-62.22326898574829
-42.27512550354004
-52.48750400543213
-36.95509052276611
-46.27494287490845
-58.92452812194824
-54.95950508117676
-23.90878915786743
-31.362136363983154
-66.29881954193115
-69.86795043945312
-43.38451957702637
-28.513145923614502
-41.40269684791565
-37.29115009307861
-48.685604095458984
-46.80706775188446
-32.61071848869324
-44.54641342163086
-47.94414234161377
-41.45772838592529
-48.25654172897339
-52.42729473114014
-47.97522163391113
-55.63451671600342
-44.39226710796356
-49.810935497283936
-40.591877937316895
-42.25350725650787
-51.47159957885742
-48.97652816772461
-62.46104907989502
-58.057504653930664
-39.549317836761475
-42.0558648109436
-72.52140426635742
-71.5628252029419
-65.37664699554443
-61.75955390930176
-52.32582378387451
-58.789605140686035
-43.386539936065674
-48.52355670928955
-57.87173652648926
-53.813385009765625
-35.778934478759766
-30.24244499206543
-42.65428829193115
-39.701812744140625
-53.33906602859497
-48.757752418518066
-63.348031997680664
-65.80502080917358
-36.59786105155945
-46.52189636230469
-45.78025007247925
-42.022786140441895
-70.03044319152832
-70.66216945648193
-44.066818714141846
-48.921746253967285
-75.13320446014404
-73.48459434509277
-41.69371795654297
-44.61622333526611
-42.27408313751221
-47.74761772155762
-65.34154891967773
-61.89326000213623
-43.17692804336548
-46.55589532852173
-50.31734371185303
-52.36652994155884
-44.59110069274902
-49.911423206329346
-57.938819885253906
-53.399962425231934
-62.506683349609375
-64.46829795837402
-45.53030729293823
-61.09440040588379
-51.748971462249756
-49.84427499771118
-61.81072282791138
-68.8049840927124
-60.213629722595215
-58.64094066619873
-61.78354454040527
-57.93838882446289
-49.89157438278198
-50.07888054847717
-31.52613639831543
-36.32207775115967
-69.16026782989502
-68.55799007415771
-32.94240665435791
-36.579617977142334
-62.01546001434326
-60.85865020751953
-53.69356107711792
-50.40034103393555
-70.01083707809448
-73.5728931427002
-35.97936820983887
-28.939032554626465
-68.92313575744629
-64.13389492034912
-29.297625064849854
-34.84682559967041
-63.52463436126709
-67.39619827270508
-54.17801570892334
-51.87486553192139
-40.59168243408203
-38.15511655807495
-66.18072128295898
-60.2277250289917
-40.38729763031006
-39.396347999572754
-69.7117919921875
-67.36496257781982
-55.08429455757141
-59.3415904045105
-64.08645725250244
-64.75658130645752
-57.04804992675781
-53.36022472381592
-43.796281814575195
-55.967092514038086
-48.951043128967285
-47.40543508529663
-50.483930587768555
-47.589600801467896
-39.16390132904053
-38.266610622406006
-55.88126611709595
-56.16897439956665
-32.769758224487305
-30.962956428527832
-36.83437967300415
-33.10905361175537
-46.4332971572876
-55.47533130645752
-65.45057821273804
-64.01737022399902
-35.714202880859375
-40.783538818359375
-52.096843123435974
-49.495917558670044
-60.957462310791016
-59.516764640808105
-63.06244373321533
-54.63134002685547
-35.748085498809814
-34.48074197769165
-28.80204677581787
-25.925816535949707
-23.930270195007324
-32.15655994415283
-44.44158458709717
-39.7582311630249
-50.38821792602539
-38.459092140197754
-46.95697546005249
-47.053335666656494
-38.569790840148926
-40.7845344543457
-71.47221565246582
-65.53891563415527
-71.74325370788574
-63.57204723358154
-47.908350467681885
-56.73465156555176
-30.937603533267975
-39.82737469673157
-49.55717372894287
-52.26637244224548
-47.19400405883789
-44.03092288970947
-43.368313789367676
-53.05810546875
-52.042959213256836
-51.52880001068115
-39.328386306762695
-36.47248649597168
-66.48713684082031
-61.67412757873535
-49.07219982147217
-49.61620378494263
-59.18430805206299
-50.6582236289978
-42.61078691482544
-43.94666242599487
-56.617382764816284
-48.22015142440796
-67.2738676071167
-68.95484066009521
-42.41157817840576
-43.87861251831055
-38.299391746520996
-55.924577713012695
-46.60323429107666
-43.84946632385254
-42.50009423494339
-51.55392563343048
-48.88156700134277
-47.07174110412598
-60.79800891876221
-62.624074935913086
-62.379008293151855
-61.85098838806152
-42.04446029663086
-36.0319561958313
-42.378947734832764
-54.40816307067871
-36.226364612579346
-53.415947914123535
-61.87695789337158
-56.794111251831055
-60.38195037841797
-57.10649490356445
-46.220252990722656
-50.37135076522827
-65.61575031280518
-65.57002830505371
-31.312301635742188
-31.359313011169434
-40.09146451950073
-38.7381649017334
-69.95874500274658
-61.55417442321777
-66.75475454330444
-67.74899101257324
-45.77831506729126
-52.814534187316895
-42.217729568481445
-46.73705863952637
-47.21579360961914
-45.31487798690796
-43.53073835372925
-47.187039852142334
-63.24882793426514
-59.14314556121826
-34.51309537887573
-40.24241352081299
-48.19329380989075
-57.81935429573059
-34.52397012710571
-37.892704010009766
-58.53154945373535
-64.59304428100586
-33.68721294403076
-36.1405463218689
-60.78324031829834
-52.476463317871094
-77.77942657470703
-66.88186550140381
-45.56689453125
-45.71399116516113
-65.65605354309082
-53.99940013885498
-69.52988719940186
-63.457552909851074
-48.96679973602295
-51.25410175323486
-68.44007205963135
-77.75795936584473
-60.67317867279053
-59.959835052490234
-54.04867124557495
-58.237491607666016
-51.747718334198
-55.41614103317261
-62.90662670135498
-65.17636394500732
-24.9876971244812
-33.24091053009033
-49.431589126586914
-44.64984130859375
-64.39594841003418
-58.51369571685791
-33.175190925598145
-32.583614349365234
-43.542433738708496
-47.89538288116455
-52.06693637371063
-55.31382393836975
-30.22108507156372
-34.89454221725464
-58.2587456703186
-63.301321506500244
-29.824892044067383
-27.939414024353027
-53.66504383087158
-47.86158847808838
-53.05234432220459
-46.74832773208618
-30.371402740478516
-44.84519290924072
-56.043274879455566
-47.42152500152588
-42.457226276397705
-43.84023714065552
-49.76308059692383
-57.10382270812988
-34.94355869293213
-30.633870124816895
-23.33639430999756
-31.19545555114746
-48.790372371673584
-57.33554553985596
-42.89083003997803
-43.98386573791504
-52.05339050292969
-54.44199848175049
-38.01785755157471
-43.79490089416504
-55.90857934951782
-54.63691997528076
-68.66889476776123
-74.67293071746826
-36.39056205749512
-38.368699073791504
-52.960262298583984
-43.122849464416504
-38.7417368888855
-32.938382625579834
-61.571245193481445
-53.1187310218811
-55.28896522521973
-45.97851359844208
-42.70010185241699
-37.40615129470825
-41.786144971847534
-44.512311935424805
-47.35156464576721
-38.80671989917755
-40.451587200164795
-41.45772838592529
-70.65775108337402
-77.57036972045898
-42.093345642089844
-24.04285153746605
-57.50168824195862
-45.21246337890625
-44.22239303588867
-46.06394910812378
-44.20312142372131
-39.4483904838562
-37.22000074386597
-43.525081634521484
-38.3496880531311
-46.212573528289795
-62.53613758087158
-56.22259330749512
-52.15426731109619
-43.169575691223145
-55.414451599121094
-47.76094102859497
-44.587706565856934
-48.67578315734863
-44.483994483947754
-56.01735591888428
-51.51720905303955
-59.17971658706665
-65.68689823150635
-76.70103979110718
-39.25931787490845
-49.75105953216553
-53.58979415893555
-50.303656578063965
-49.66349983215332
-47.71904754638672
-72.18406772613525
-68.72391510009766
-35.1192946434021
-45.1325044631958
-49.36279630661011
-53.66048622131348
-64.99315619468689
-64.76858115196228
-53.95534133911133
-52.631062507629395
-56.39639854431152
-60.125442028045654
-29.50473928451538
-32.15189790725708
-48.93839454650879
-38.38099956512451
-47.55773162841797
-46.743319511413574
-65.02366065979004
-66.29558277130127
-52.14620351791382
-51.85061740875244
-51.234623432159424
-47.72523212432861
-67.49978065490723
-62.808661460876465
-40.91883945465088
-37.456106185913086
-55.48254096508026
-45.76138424873352
-32.515724182128906
-28.366437911987305
-70.43131065368652
-65.89858818054199
-74.727370262146
-61.504737854003906
-74.28116607666016
-69.29548931121826
-25.777000427246094
-31.023048400878906
-33.225919246673584
-31.60714292526245
-42.92809581756592
-40.05671167373657
-29.238128185272217
-47.87314414978027
-23.545775413513184
-31.362135887145996
-65.51372146606445
-77.90840148925781
-44.00801086425781
-43.32654142379761
-60.86406707763672
-66.70064640045166
-50.48721408843994
-41.02775192260742
-59.42426681518555
-64.92040252685547
-55.27317810058594
-51.38392448425293
-55.77321481704712
-45.98922061920166
-40.32404279708862
-32.28370654582977
-46.186841160058975
-46.037547290325165
-56.80533027648926
-61.55897331237793
-27.113062381744385
-24.279337406158447
-34.4099063873291
-32.25491714477539
-64.61424732208252
-63.07673263549805
-31.778788566589355
-29.73201084136963
-54.003902435302734
-41.56911087036133
-25.40066909790039
-29.46582794189453
-22.7786283493042
-38.12809205055237
-47.924652099609375
-49.125361919403076
-51.407257080078125
-56.73387384414673
-48.330989360809326
-53.21333646774292
-48.191758155822754
-45.530874252319336
-73.90020275115967
-68.7016658782959
-32.33267569541931
-30.25168228149414
-48.94262647628784
-65.04273509979248
-59.961971282958984
-62.29477119445801
-75.43789958953857
-62.70002460479736
-39.139071583747864
-40.52258080244064
-56.66536068916321
-43.07833647727966
-53.88686656951904
-60.659454345703125
-31.73896360397339
-37.868093490600586
-38.53046464920044
-41.94461715221405
-72.85289096832275
-72.46223640441895
-37.74514389038086
-34.343427658081055
-35.40162944793701
-41.12770080566406
-54.112672328948975
-55.08988332748413
-62.736525535583496
-73.79551696777344
-36.965511322021484
-43.79490089416504
-54.37933921813965
-66.73336410522461
-65.1614875793457
-58.65617084503174
-48.98172950744629
-38.38099956512451
-41.24721145629883
-45.71170997619629
-55.37081527709961
-60.3760404586792
-74.97436332702637
-73.29035949707031
-42.91678714752197
-47.08698892593384
-43.869577407836914
-47.45416069030762
-54.912160873413086
-53.11269187927246
-58.50913691520691
-61.01612663269043
-37.339287757873535
-43.43929672241211
-33.59481191635132
-37.120161056518555
-43.479228377342224
-51.536322355270386
-44.734092235565186
-42.47769498825073
-58.38053894042969
-60.80668067932129
-57.93140459060669
-42.89207363128662
-55.929094314575195
-57.37932777404785
-77.09304428100586
-66.31470489501953
-58.62807655334473
-63.41909122467041
-40.11074638366699
-39.03539848327637
-61.720454812049866
-64.16116634011269
-27.39614963531494
-25.225581169128418
-66.66956329345703
-61.73106670379639
-65.14673805236816
-68.09994316101074
-49.05032157897949
-44.292561531066895
-57.65407419204712
-53.20324945449829
-31.488667488098145
-36.29120993614197
-26.10595464706421
-25.823198318481445
-24.511344611644745
-29.71465528011322
-63.3033242225647
-57.29501390457153
-64.8374662399292
-77.7106351852417
-63.750609397888184
-76.85461807250977
-32.24675536155701
-43.79490089416504
-45.583144187927246
-54.24384117126465
-53.2777533531189
-59.89876079559326
-49.82429122924805
-41.45772838592529
-62.030216217041016
-76.18645572662354
-42.46940088272095
-47.17171382904053
-49.47206497192383
-48.32251739501953
-69.50707149505615
-67.86814403533936
-67.01012706756592
-67.75426578521729
-55.199740409851074
-55.107287883758545
-44.85532188415527
-42.024832248687744
-38.09023189544678
-38.4975323677063
-39.359689235687256
-45.863221168518066
-34.51297998428345
-41.44986581802368
-37.146790504455566
-41.583128452301025
-33.287919998168945
-29.73201084136963
-37.87212347984314
-46.79655981063843
-44.74757957458496
-45.530874252319336
-37.61700439453125
-23.786818504333496
-31.758090257644653
-38.12809205055237
-42.919416427612305
-35.13491439819336
-52.077678203582764
-58.63785266876221
-40.29012632369995
-49.93630075454712
-50.679874420166016
-50.88280010223389
-35.924068450927734
-38.43005657196045
-44.04099893569946
-47.99207067489624
-41.43661427497864
-39.26545977592468
-64.41526889801025
-61.62659454345703
-34.96332931518555
-34.08405685424805
-59.650877952575684
-55.507731437683105
-45.887447357177734
-46.35820198059082
-50.451083183288574
-49.353102684020996
-45.93616771697998
-46.38322925567627
-39.171342611312866
-52.735252261161804
-49.142956256866455
-40.568047285079956
-54.76241493225098
-39.22602558135986
-59.01768112182617
-58.26827335357666
-47.3779034614563
-47.75814914703369
-70.89797115325928
-73.4172134399414
-39.13127136230469
-40.28215217590332
-32.64842176437378
-40.03563070297241
-36.43398189544678
-38.20571041107178
-45.43303561210632
-47.99873423576355
-38.73073959350586
-39.50472640991211
-69.2822437286377
-68.28441047668457
-47.37640380859375
-47.66096591949463
-35.77475070953369
-53.59208130836487
-54.32146167755127
-46.62563514709473
-66.01119613647461
-61.47701072692871
-66.38200664520264
-65.02473449707031
-50.508453369140625
-36.23615503311157
-45.491132736206055
-45.08683776855469
-37.623669385910034
-45.568002223968506
-60.58893394470215
-62.753973960876465
-60.50234937667847
-57.286617279052734
-43.385488510131836
-57.960806369781494
-46.73286771774292
-50.43727493286133
-48.59550070762634
-32.11503291130066
-51.88176965713501
-52.15113019943237
-56.16770553588867
-69.70598411560059
-41.97049283981323
-62.40907001495361
-60.11612033843994
-49.77006244659424
-22.97449541091919
-35.06236267089844
-42.99473476409912
-39.89486312866211
-34.66691064834595
-39.09824180603027
-66.72359561920166
-70.95639228820801
-61.0014762878418
-51.4390869140625
-59.62756061553955
-57.39743089675903
-43.570252418518066
-31.051823139190674
-47.185476303100586
-51.796053886413574
-29.69792127609253
-23.68040370941162
-46.089062213897705
-36.23615503311157
-52.865797996520996
-40.44628429412842
-61.122371673583984
-68.24882698059082
-60.19099140167236
-71.02727317810059
-47.130099058151245
-35.92715048789978
-58.23788261413574
-52.85874366760254
-55.68065690994263
-46.69648599624634
-40.005990982055664
-42.6131706237793
-64.51679039001465
-59.56599426269531
-43.5564079284668
-34.1314001083374
-59.84573841094971
-56.22259330749512
-53.51671123504639
-44.062291622161865
-70.6491870880127
-64.93564796447754
-62.470415115356445
-64.21052551269531
-35.703073024749756
-41.86742687225342
-56.887630462646484
-65.26454257965088
-39.27356290817261
-34.572062849998474
-35.19531726837158
-43.60594844818115
-47.933292388916016
-53.97667956352234
-39.17423915863037
-48.16252946853638
-61.91856098175049
-54.90936470031738
-48.94865846633911
-48.568626403808594
-42.90617847442627
-43.02292823791504
-30.608259201049805
-32.72422981262207
-44.1951789855957
-49.499553203582764
-52.08636283874512
-50.75279903411865
-56.06909465789795
-46.69744110107422
-62.407400131225586
-60.96898651123047
-55.872920989990234
-49.433279514312744
-44.67029571533203
-47.903409481048584
-52.417813301086426
-43.662089586257935
-46.05562400817871
-55.01786708831787
-71.74363613128662
-66.42184734344482
-41.673131465911865
-47.58427381515503
-48.54974555969238
-49.14655685424805
-56.86632680892944
-56.990668296813965
-64.8841781616211
-63.430389404296875
-43.918686389923096
-54.12465572357178
-61.141340494155884
-46.95191836357117
-51.833996057510376
-51.567416191101074
-37.3056480884552
-32.02473258972168
-58.78866469860077
-43.92689609527588
-32.68597984313965
-22.804755210876465
-46.52829456329346
-28.643075942993164
-50.514244079589844
-51.701570987701416
-64.6336784362793
-69.13948392868042
-36.76743841171265
-33.47761535644531
-56.559359550476074
-46.43661689758301
-78.21315574645996
-65.96594524383545
-28.305177688598633
-28.803308963775635
-33.505255579948425
-32.302470207214355
-47.808152198791504
-44.993290424346924
-41.34879755973816
-49.87209367752075
-67.0833568572998
-66.26169204711914
-37.47642374038696
-38.58333110809326
-54.83138847351074
-52.838074684143066
-27.385818004608154
-33.123194217681885
-41.45091247558594
-37.40433883666992
-36.40475723147392
-42.41178214550018
-68.14597129821777
-65.59352111816406
-31.61900520324707
-33.4258953332901
-24.59459638595581
-35.25261211395264
-42.3381552696228
-44.29933834075928
-62.59984302520752
-54.36794948577881
-50.83900165557861
-52.09863805770874
-19.62392520904541
-28.26347541809082
-33.21722888946533
-36.448469161987305
-68.55905723571777
-74.28006649017334
-72.22164535522461
-63.57413196563721
-60.31294631958008
-52.87432384490967
-30.97651243209839
-22.66680884361267
-75.88392353057861
-73.84478378295898
-56.561326026916504
-52.01748085021973
-64.79986000061035
-64.00855731964111
-70.69929218292236
-66.81108474731445
-56.1832799911499
-58.11758279800415
-71.80280303955078
-71.98140621185303
-52.6850688457489
-50.222068309783936
-29.092475414276123
-31.971060752868652
-50.634615898132324
-44.194668769836426
-49.99558210372925
-49.12515830993652
-67.41722774505615
-73.5728931427002
-42.23229646682739
-58.03406524658203
-28.69591534137726
-33.869563817977905
-74.93093204498291
-60.367974281311035
-64.16179370880127
-72.63009357452393
-40.44143772125244
-44.61622333526611
-76.01077270507812
-72.63949966430664
-60.891634941101074
-62.40336990356445
-45.35269784927368
-51.48503398895264
-65.80712890625
-66.74101448059082
-33.503618240356445
-30.68153476715088
-41.337931632995605
-41.933722496032715
-64.61209106445312
-69.61651134490967
-62.81283712387085
-54.08668613433838
-39.99029541015625
-46.45931339263916
-65.10919857025146
-65.34821033477783
-45.30115604400635
-54.96154022216797
-67.12682247161865
-77.2494649887085
-50.71894717216492
-40.91014099121094
-53.771358251571655
-54.43561339378357
-34.40323066711426
-41.83066940307617
-63.35244846343994
-66.1846981048584
-29.21219491958618
-42.13184404373169
-40.43615245819092
-42.881911754608154
-27.195451974868774
-41.442585945129395
-54.88489627838135
-39.419522285461426
-59.764413833618164
-54.44327163696289
-38.815943241119385
-44.42516279220581
-70.55239295959473
-65.22252941131592
-41.096137046813965
-47.330567359924316
-67.71741771697998
-73.57302379608154
-53.899632930755615
-59.19520950317383
-47.02085304260254
-45.52347469329834
-40.0994873046875
-48.60538101196289
-43.12782526016235
-34.51604413986206
-81.89476871490479
-74.88349056243896
-27.95243501663208
-26.79394793510437
-49.465009689331055
-43.02292823791504
-54.756484031677246
-64.38817596435547
-40.6919903755188
-45.139994621276855
-68.730881690979
-70.72580528259277
-73.60631465911865
-74.23893451690674
-39.74608087539673
-34.9613995552063
-56.8292818069458
-60.95809745788574
-58.697021484375
-59.59461975097656
-29.587571144104004
-35.06236267089844
-38.64041185379028
-37.92162036895752
-58.62081813812256
-57.295244216918945
-53.030004262924194
-51.83082056045532
-69.32562637329102
-58.10859537124634
-34.90447998046875
-46.387078285217285
-65.23726177215576
-54.016719818115234
-31.79054355621338
-34.89454221725464
-53.38529348373413
-51.28549003601074
-67.78920936584473
-57.11969566345215
-40.72661638259888
-45.63110971450806
-51.70973205566406
-47.319400787353516
-61.29954671859741
-61.05683135986328
-54.999013900756836
-61.10559558868408
-42.983718395233154
-43.29373121261597
-33.8579683303833
-41.86742687225342
-47.77994203567505
-43.55952167510986
-55.53422403335571
-46.536473512649536
-50.90678310394287
-53.41296315193176
-56.27457332611084
-58.75795078277588
-53.404555320739746
-56.38407611846924
-46.050628662109375
-53.26626920700073
-57.319254875183105
-64.53616523742676
-63.274733543395996
-61.896559715270996
-33.614583015441895
-31.297019958496094
-35.81220245361328
-39.01080942153931
-35.74669909477234
-31.971060752868652
-61.554094314575195
-51.07945966720581
-57.97175121307373
-55.71271514892578
-36.23204326629639
-28.86623239517212
-55.15652084350586
-54.48343086242676
-47.840678215026855
-45.705888748168945
-39.32063674926758
-46.428650856018066
-45.72350454330444
-47.29323482513428
-35.29413557052612
-38.534306049346924
-27.884455680847168
-38.952392578125
-70.03357982635498
-70.75087451934814
-60.797606468200684
-59.63770771026611
-33.83196544647217
-26.69882893562317
-47.477566719055176
-47.07174110412598
-60.81192684173584
-52.21011829376221
-44.9482227563858
-53.73927819728851
-45.73923873901367
-46.236581802368164
-62.27626132965088
-65.07405376434326
-48.05286931991577
-39.213724851608276
-35.722240924835205
-28.579818725585938
-34.2139778137207
-25.823198318481445
-56.798580169677734
-39.99491500854492
-41.17346668243408
-36.69338417053223
-48.67571496963501
-51.03879165649414
-57.62456202507019
-51.04895639419556
-61.83655655384064
-59.26229512691498
-58.93474006652832
-63.501142501831055
-61.3209867477417
-72.18331146240234
-71.84811687469482
-72.81210517883301
-42.770636558532715
-37.077168464660645
-56.360520362854004
-53.68543720245361
-69.89862966537476
-66.30954456329346
-25.783172130584717
-27.256702423095703
-43.18224239349365
-44.7371187210083
-73.54486656188965
-81.95320320129395
-36.68803882598877
-37.21903133392334
-32.50389528274536
-24.963446617126465
-43.003623485565186
-43.597360610961914
-27.083935737609863
-35.77487564086914
-64.945969581604
-65.05696964263916
-49.616026401519775
-49.42648506164551
-69.41104412078857
-74.16134548187256
-27.31715965270996
-29.99845790863037
-64.44798183441162
-47.76411056518555
-49.63307046890259
-48.51675987243652
-69.11399555206299
-70.66216945648193
-51.81006669998169
-54.049567222595215
-59.10213756561279
-68.42485523223877
-57.430341720581055
-55.36021423339844
-63.31694030761719
-70.843186378479
-44.55712133646011
-44.24844813346863
-49.06929016113281
-50.85963678359985
-58.776527881622314
-64.46829795837402
-51.248050689697266
-50.9432487487793
-68.08668231964111
-62.82100200653076
-56.22258424758911
-57.21444225311279
-49.89827108383179
-59.80680322647095
-32.283174991607666
-35.766258239746094
-47.554673194885254
-53.24193048477173
-62.62845706939697
-60.015193939208984
-50.781054973602295
-51.834667682647705
-38.45192623138428
-29.754178524017334
-57.9132080078125
-49.90903663635254
-69.2052264213562
-61.72731685638428
-49.28491449356079
-51.44662857055664
-65.61013889312744
-57.43397808074951
-20.16421413421631
-30.681535720825195
-36.072208881378174
-34.65325355529785
-41.936338901519775
-39.00092267990112
-57.00999355316162
-58.24477672576904
-54.226988792419434
-44.90678000450134
-54.03573513031006
-52.43681716918945
-53.61306190490723
-44.5056529045105
-37.04315137863159
-36.83113384246826
-54.6652250289917
-56.837393283843994
-32.980315923690796
-26.150888919830322
-66.9205436706543
-61.64637279510498
-45.691407203674316
-39.98956298828125
-66.5477180480957
-50.63069152832031
-35.277145862579346
-34.85118007659912
-59.52492332458496
-68.17580795288086
-41.55319881439209
-46.12771034240723
-55.33915042877197
-50.836472034454346
-50.68033409118652
-53.33293294906616
-71.57172775268555
-60.69779396057129
-42.50160312652588
-56.19080448150635
-32.11328411102295
-33.24091053009033
-51.4870400428772
-56.34307527542114
-37.301390171051025
-45.99533939361572
-60.80305242538452
-52.68062210083008
-35.76006269454956
-45.70792770385742
-67.22179794311523
-54.25311470031738
-44.078092098236084
-43.56416893005371
-46.42903733253479
-55.25725173950195
-40.759225368499756
-44.7371187210083
-65.10292434692383
-67.65668869018555
-24.25264835357666
-34.2841010093689
-42.456658363342285
-35.467835426330566
-49.80049991607666
-48.39829635620117
-58.816224098205566
-64.78913974761963
-69.5320463180542
-64.33728647232056
-54.44368648529053
-43.701329708099365
-63.564209938049316
-60.86804008483887
-42.44548320770264
-38.5491418838501
-51.77472257614136
-48.776981353759766
-70.78214454650879
-71.72158145904541
-56.17078495025635
-64.93192100524902
-56.92637348175049
-55.83146953582764
-33.87059545516968
-39.72679901123047
-49.114009380340576
-53.66048526763916
-41.36295127868652
-39.03421401977539
-60.727996826171875
-65.5946397781372
-39.01430034637451
-42.973323822021484
-33.33665871620178
-43.06652116775513
-60.62298107147217
-69.99583339691162
-34.07342481613159
-32.938382625579834
-58.29930305480957
-49.2001256942749
-44.53732681274414
-44.1343469619751
-35.94489622116089
-39.17126655578613
-43.731560707092285
-46.52107810974121
-53.487557768821716
-54.03637361526489
-69.64047050476074
-57.68095588684082
-70.34388542175293
-61.25122833251953
-37.219480991363525
-49.71837568283081
-49.2664680480957
-51.745649337768555
-39.16237211227417
-45.96748161315918
-38.34071922302246
-54.29930877685547
-40.95740461349487
-50.40917491912842
-64.58102226257324
-66.60400676727295
-54.755292892456055
-53.7188925743103
-52.23582172393799
-47.12095594406128
-55.43191623687744
-39.912946701049805
-41.981078147888184
-41.04471397399902
-57.418745040893555
-48.66328048706055
-25.998401641845703
-27.632295608520508
-58.713624000549316
-58.23336982727051
-58.59128379821777
-51.564942359924316
-49.80666518211365
-43.19378113746643
-54.3185533285141
-62.287938356399536
-34.59486532211304
-37.92162036895752
-48.14823055267334
-52.15761375427246
-52.97745943069458
-69.38768100738525
-44.86825513839722
-51.87144184112549
-38.24229955673218
-36.40950107574463
-48.39505672454834
-44.983583092689514
-45.23175859451294
-41.579829692840576
-47.4790153503418
-48.04139041900635
-76.32435512542725
-66.72275733947754
-65.90373420715332
-60.77017784118652
-45.57160782814026
-51.954065799713135
-37.35451936721802
-44.396042823791504
-72.25914001464844
-58.06888484954834
-44.25644254684448
-48.862921714782715
-72.5748987197876
-65.01199626922607
-33.43216133117676
-31.329439163208008
-33.74319839477539
-32.61991786956787
-34.834824085235596
-37.60003089904785
-69.30193042755127
-67.65668964385986
-54.242963790893555
-63.47544288635254
-53.59500074386597
-50.22661018371582
-69.97858238220215
-64.00855731964111
-40.45610857009888
-40.1921443939209
-67.12177085876465
-60.216163635253906
-47.788312911987305
-46.3365478515625
-59.339616775512695
-61.71992301940918
-48.622474670410156
-45.94775307178497
-41.65643882751465
-37.60331201553345
-56.52324867248535
-72.77033424377441
-57.64267110824585
-64.82224082946777
-48.786725997924805
-46.92625904083252
-57.93507528305054
-44.328367590904236
-47.86191368103027
-47.07081580162048
-66.97313499450684
-74.8501329421997
-54.82475471496582
-47.389652252197266
-50.270185708999634
-42.411781907081604
-38.93903160095215
-35.80055904388428
-45.4005663394928
-52.823424100875854
-40.04845452308655
-24.30029058456421
-41.999935150146484
-42.83503532409668
-32.25675010681152
-25.811185836791992
-44.623724937438965
-49.01073360443115
-28.004688262939453
-34.2841010093689
-44.682762145996094
-44.72891902923584
-50.51716148853302
-47.81211972236633
-47.382497787475586
-50.079604625701904
-70.79658126831055
-74.75668716430664
-76.79850387573242
-69.03034973144531
-65.34717464447021
-72.01051235198975
-68.00299644470215
-75.05625581741333
-51.8599796295166
-52.31248188018799
-44.0828914642334
-50.175132274627686
-43.812110900878906
-54.315107345581055
-57.122703552246094
-47.589158058166504
-29.72761821746826
-34.821741580963135
-64.83074808120728
-74.92075824737549
-59.47820568084717
-54.63134002685547
-58.69678068161011
-63.57204723358154
-45.53418207168579
-40.35110521316528
-50.48705720901489
-50.85592031478882
-40.66928720474243
-50.3428111076355
-40.85889434814453
-47.78305673599243
-44.33904266357422
-47.98531723022461
-60.292476654052734
-61.154961585998535
-54.26564884185791
-58.883596420288086
-60.84768486022949
-63.17646789550781
-39.929670333862305
-38.90779685974121
-47.63005542755127
-42.571001052856445
-45.03496170043945
-53.451273918151855
-53.34666156768799
-55.01544189453125
-53.365378856658936
-53.34397745132446
-46.59492540359497
-53.765252113342285
-57.77709150314331
-49.20506525039673
-62.16569805145264
-64.80094146728516
-42.98308181762695
-48.144797801971436
-47.05578899383545
-49.73340177536011
-62.830121994018555
-52.579993724823
-45.17126703262329
-46.280184745788574
-51.42104244232178
-39.8105309009552
-44.75199317932129
-47.39795112609863
-45.02107620239258
-44.95413303375244
-42.46167516708374
-39.470080852508545
-51.175543785095215
-48.97111511230469
-37.14994955062866
-43.27591896057129
-44.03876781463623
-34.143917083740234
-64.17042827606201
-59.123722076416016
-43.91567802429199
-50.86871337890625
-60.965484619140625
-60.96898555755615
-62.219698905944824
-57.01023483276367
-38.89997959136963
-51.75017023086548
-49.16723346710205
-42.79341983795166
-58.26027584075928
-51.72150754928589
-76.54443550109863
-66.69217109680176
-62.19237804412842
-57.49695110321045
-24.748215675354004
-32.933810234069824
-35.20577621459961
-30.98661184310913
-37.464985847473145
-41.97146511077881
-59.827752113342285
-51.851999282836914
-51.95960611104965
-61.38958325982094
-48.19577884674072
-46.670183181762695
-56.92963695526123
-58.55643177032471
-73.51389598846436
-69.32490921020508
-39.295583724975586
-34.278605699539185
-49.987775802612305
-56.22584915161133
-43.86600208282471
-47.29323482513428
-48.23280429840088
-49.353110790252686
-57.932315826416016
-59.85906219482422
-55.796326637268066
-54.66094636917114
-70.02143383026123
-73.57315158843994
-51.30410289764404
-40.09436511993408
-42.37674045562744
-40.12118053436279
-51.21803951263428
-52.876824378967285
-56.944777488708496
-57.205787658691406
-59.84896516799927
-53.00862216949463
-63.05298900604248
-65.36933994293213
-55.3920955657959
-45.93068218231201
-44.82770252227783
-33.47761535644531
-40.37982654571533
-42.91840648651123
-36.485572814941406
-38.59609889984131
-64.88202953338623
-65.60529899597168
-44.24782705307007
-50.48306632041931
-45.57974100112915
-40.84101963043213
-37.9113073348999
-46.52937602996826
-45.0592622756958
-49.89593553543091
-38.71936297416687
-34.91079831123352
-39.80149698257446
-49.67893028259277
-46.38217544555664
-49.78037643432617
-28.36498737335205
-35.175374031066895
-24.065810203552246
-24.35542583465576
-54.7352089881897
-65.0351676940918
-55.85782718658447
-46.853676319122314
-64.49205207824707
-71.74332332611084
-68.97111129760742
-71.39988327026367
-57.46134805679321
-55.921645164489746
-68.57483768463135
-65.26117134094238
-54.64426946640015
-51.7008318901062
-46.21026134490967
-47.84687328338623
-48.08663010597229
-48.75290507078171
-41.70844888687134
-45.4963002204895
-56.13898801803589
-53.49432849884033
-66.99650287628174
-75.28129959106445
-33.03381299972534
-39.708134174346924
-36.04436492919922
-31.806099891662598
-51.47475624084473
-45.587936997413635
-56.21584606170654
-47.41002082824707
-76.63036155700684
-72.63949966430664
-53.62957954406738
-49.467552185058594
-53.45375633239746
-48.970810413360596
-61.60831546783447
-63.225088119506836
-49.53890657424927
-59.332035064697266
-67.47560834884644
-54.224285364151
-65.32700443267822
-70.18835544586182
-53.35129940509796
-49.218077659606934
-40.672626972198486
-45.70792770385742
-57.36155033111572
-48.71856641769409
-38.33507442474365
-48.97928524017334
-53.68692684173584
-53.763312339782715
-57.88923931121826
-61.89326000213623
-62.249077796936035
-71.3435230255127
-66.71749687194824
-61.57935810089111
-36.28073740005493
-34.92770278453827
-64.97119343280792
-51.69302201271057
-50.51949596405029
-46.28457450866699
-50.075265884399414
-58.445448875427246
-68.46202850341797
-56.34697723388672
-47.56507205963135
-45.43210172653198
-42.758248805999756
-49.19082450866699
-33.529662132263184
-35.230040073394775
-54.53498697280884
-54.670077323913574
-39.81876039505005
-42.01990556716919
-55.057159304618835
-51.852659821510315
-43.26020336151123
-47.341217041015625
-65.82117080688477
-63.78145885467529
-31.620281219482422
-26.756330490112305
-54.28086233139038
-55.69602346420288
-43.31667709350586
-36.94533109664917
-32.08824920654297
-38.68686866760254
-43.57661986351013
-54.51116609573364
-45.13951587677002
-41.66348457336426
-61.7424955368042
-57.54671764373779
-51.69349384307861
-52.683207511901855
-62.25826406478882
-65.57002830505371
-35.99901819229126
-44.28922748565674
-46.91608762741089
-43.87014031410217
-42.53593969345093
-37.18804740905762
-48.05012607574463
-48.81143665313721
-49.78239107131958
-58.82414722442627
-72.06604290008545
-77.88327980041504
-45.294373512268066
-50.28468179702759
-53.7341890335083
-52.24596166610718
-69.03986167907715
-68.98052406311035
-50.049689292907715
-43.64423370361328
-51.68635082244873
-56.47551774978638
-51.654589891433716
-43.662089586257935
-40.973729610443115
-43.571258306503296
-56.829527378082275
-41.51144480705261
-42.838189125061035
-47.65130138397217
-52.85414218902588
-42.189666748046875
-48.57436180114746
-44.02003765106201
-71.4675874710083
-61.580020904541016
-50.87882661819458
-51.923306465148926
-52.035908937454224
-47.887205600738525
-56.94286346435547
-65.26454257965088
-50.05130338668823
-48.595998764038086
-64.98090171813965
-50.703941822052
-56.15085411071777
-55.61774015426636
-34.83064270019531
-45.08375263214111
-48.56215512752533
-49.51658535003662
-47.54691123962402
-46.290101051330566
-61.67693519592285
-47.589158058166504
-61.12276840209961
-62.712982177734375
-51.88025140762329
-53.7272162437439
-41.09618949890137
-52.73508548736572
-48.031805992126465
-46.309571743011475
-32.63039016723633
-38.4975323677063
-30.53113830089569
-39.737890005111694
-59.377214193344116
-51.94135856628418
-33.39698600769043
-38.996283531188965
-55.04935264587402
-56.803263664245605
-68.32898712158203
-69.58024168014526
-33.39683532714844
-43.0333366394043
-52.53427481651306
-42.1041624546051
-43.896854400634766
-49.13389778137207
-67.24484920501709
-60.75004577636719
-51.42037916183472
-47.80565023422241
-52.43502902984619
-54.24384117126465
-43.07271337509155
-56.64779758453369
-43.813246726989746
-45.52347469329834
-68.72862434387207
-69.39930582046509
-73.53097152709961
-75.9394178390503
-66.05129432678223
-64.91214370727539
-42.97512340545654
-43.794902324676514
-38.521496295928955
-39.34515190124512
-46.96539354324341
-44.60068321228027
-50.13005208969116
-52.683207511901855
-65.5256175994873
-59.84874439239502
-43.37098455429077
-43.23780012130737
-65.95755648612976
-71.32360363006592
-49.71668577194214
-51.86646747589111
-65.05949306488037
-65.24555587768555
-32.04108905792236
-24.96344566345215
-42.80487251281738
-40.10180377960205
-66.25810527801514
-70.49409484863281
-36.82168388366699
-24.45286226272583
-51.03426790237427
-47.59977388381958
-51.64925289154053
-49.46886920928955
-58.88572120666504
-47.19052076339722
-48.93547296524048
-58.663851737976074
-39.313581466674805
-39.29423761367798
-62.32229232788086
-49.225465297698975
-34.789968967437744
-33.56297206878662
-58.559184551239014
-58.36188316345215
-56.945467948913574
-65.08021831512451
-47.120850563049316
-52.15761470794678
-50.58044910430908
-54.91676998138428
-48.27345418930054
-44.46655988693237
-59.75620174407959
-54.29343795776367
-51.00535488128662
-51.64877200126648
-45.11415672302246
-43.48575496673584
-39.846505641937256
-39.19868850708008
-47.650325775146484
-48.3301305770874
-64.22246742248535
-59.63205146789551
-34.66985607147217
-30.481656074523926
-57.4779748916626
-61.37449645996094
-49.619614601135254
-36.24165058135986
-50.49489688873291
-43.6698899269104
-67.40217304229736
-62.55404281616211
-51.854944705963135
-48.729777812957764
-67.35653638839722
-71.6899905204773
-41.255581855773926
-56.33909320831299
-47.312347650527954
-51.186553955078125
-40.67375087738037
-35.95619440078735
-56.57848072052002
-54.67319393157959
-56.79794120788574
-57.685625076293945
-52.968618392944336
-47.73958349227905
-60.064152240753174
-64.82444381713867
-44.631927490234375
-50.79348182678223
-38.521968364715576
-35.69104290008545
-55.09254741668701
-66.0840711593628
-63.72957229614258
-56.37495136260986
-43.9550724029541
-59.371278285980225
-32.84865093231201
-32.94753074645996
-55.76993751525879
-60.638195276260376
-46.2582426071167
-32.289042472839355
-66.6533203125
-73.92086601257324
-32.62547063827515
-34.356982707977295
-53.21489238739014
-65.68080711364746
-53.830191016197205
-45.03495991230011
-47.53052806854248
-52.15113067626953
-61.67462873458862
-52.16802215576172
-29.564846515655518
-26.8204984664917
-70.18895721435547
-62.38630962371826
-32.388254165649414
-29.612183570861816
-45.60534858703613
-34.764031410217285
-49.8616247177124
-54.343156814575195
-64.33674144744873
-65.50568580627441
-32.386394023895264
-29.99845790863037
-55.76401329040527
-64.40610980987549
-69.6181993484497
-76.15696811676025
-29.262333393096924
-31.07419204711914
-62.26337814331055
-71.19220161437988
-38.077136516571045
-42.80639314651489
-44.634023666381836
-42.1041624546051
-70.90297794342041
-71.25389862060547
-44.52393174171448
-43.21541452407837
-38.041266202926636
-49.42988085746765
-57.64709520339966
-49.71205282211304
-58.17203903198242
-52.4796781539917
-54.269583225250244
-53.77712869644165
-52.60024833679199
-49.80287027359009
-46.44279885292053
-47.24078059196472
-45.172319412231445
-50.493428230285645
-50.856401443481445
-57.64496326446533
-68.15972328186035
-66.17703628540039
-47.599952697753906
-46.09153175354004
-58.79658234119415
-43.17147099971771
-37.56789779663086
-38.08616018295288
-52.58993065357208
-43.171473145484924
-38.92908763885498
-29.16365146636963
-56.94366264343262
-69.16265773773193
-37.10839557647705
-40.610228061676025
-60.88330936431885
-65.16923522949219
-29.234785079956055
-27.939414024353027
-42.479055404663086
-36.01122283935547
-65.25417518615723
-65.62374782562256
-45.46868562698364
-56.84852886199951
-27.248350620269775
-34.336018562316895
-68.21299934387207
-79.71336841583252
-32.72773885726929
-32.91776466369629
-48.63574504852295
-39.70890474319458
-80.06780338287354
-74.23877334594727
-42.578765869140625
-46.855709075927734
-61.9755973815918
-52.46656894683838
-32.374070167541504
-54.22598934173584
-52.45288610458374
-55.8980975151062
-46.96982669830322
-48.921746253967285
-67.03579235076904
-67.32680034637451
-59.1700382232666
-58.543747901916504
-42.10085678100586
-37.53252601623535
-59.71164512634277
-62.640859603881836
-64.81035995483398
-66.28905200958252
-58.78538227081299
-62.44662666320801
-39.8245267868042
-39.87327861785889
-49.438843727111816
-45.28344917297363
-60.312886238098145
-59.273924827575684
-49.16608428955078
-53.57321739196777
-51.665096282958984
-56.148945808410645
-38.06370711326599
-36.751147389411926
-41.02622890472412
-40.64464855194092
-58.35507869720459
-68.28332901000977
-42.92020225524902
-43.23759603500366
-48.88595360517502
-54.4146534204483
-64.1926622390747
-58.51192378997803
-23.228599071502686
-30.24244499206543
-46.40611696243286
-32.73792266845703
-57.39516830444336
-64.77959156036377
-79.27738857269287
-80.25406265258789
-36.820016860961914
-31.362136363983154
-53.94599437713623
-47.4628119468689
-41.10453510284424
-34.620835304260254
-57.38335704803467
-54.230103492736816
-40.390875816345215
-36.02908277511597
-40.471736907958984
-42.70984077453613
-46.60118818283081
-47.14292621612549
-65.86795330047607
-58.23734188079834
-29.201158046722412
-35.28133773803711
-52.28384208679199
-58.512922286987305
-46.28686332702637
-46.99062204360962
-54.74675273895264
-57.76059818267822
-53.79782962799072
-61.00040864944458
-53.904693603515625
-49.86962890625
-34.1236047744751
-40.446284770965576