-98.60522842407227
-97.39288425445557
-80.55999040603638
-82.02038717269897
-63.02408742904663
-66.72726345062256
-58.11610817909241
-59.765456438064575
-93.55754709243774
-96.54925060272217
-94.08945107460022
-101.13351893424988
-81.3616247177124
-83.07910442352295
-73.03971076011658
-73.7754499912262
-82.02569490671158
-69.26701430976391
-89.84770393371582
-86.07259559631348
-87.90966033935547
-85.76964998245239
-69.79797101020813
-73.03948700428009
-79.81633281707764
-78.37968111038208
-63.32293510437012
-63.61660695075989
-69.16748046875
-79.48892593383789
-74.43508261442184
-85.30968284606934
-82.39339399337769
-72.25709176063538
-69.95657724142075
-67.03516125679016
-84.19967889785767
-86.64091157913208
-70.84994697570801
-75.64253640174866
-66.90571355819702
-69.87445557117462
-69.94418144226074
-75.40241551399231
-84.7869476377964
-90.18456602096558
-86.53126145899296
-92.15455120801926
-70.51775169372559
-70.17946648597717
-70.47249364852905
-66.6491961479187
-76.45020532608032
-77.67963314056396
-76.35487961769104
-75.9317409992218
-93.09706497192383
-92.76193714141846
-84.15002012252808
-90.9126968383789
-75.22129535675049
-76.51109951734543
-61.26908719539642
-66.91335955262184
-80.27665948867798
-80.36174488067627
-75.08674478530884
-78.15097737312317
-100.60867977142334
-95.29269409179688
-83.13777828216553
-80.07515144348145
-86.51476716995239
-87.75790023803711
-75.52077531814575
-82.86053347587585
-79.84510850906372
-87.14541006088257
-89.15319108963013
-95.00679969787598
-105.84284114837646
-103.85029315948486
-83.49092102050781
-83.4005708694458
-87.6878080368042
-85.80457961559296
-103.02543520927429
-106.71019077301025
-92.58265495300293
-89.18153238296509
-83.2886176109314
-83.16754078865051
-78.54560613632202
-79.35355138778687
-78.7485579252243
-78.47978210449219
-87.3686170578003
-85.52216243743896
-99.7210955619812
-99.6822657585144
-78.64414012432098
-81.59675633907318
-65.8113232254982
-66.84439665079117
-83.82710123062134
-81.30951356887817
-75.57963943481445
-78.75193953514099
-100.56386137008667
-90.66984224319458
-86.56822752952576
-77.78750848770142
-96.73311805725098
-88.8991003036499
-76.67390537261963
-74.94486236572266
-86.81608963012695
-82.63718152046204
-79.46901559829712
-84.2134992480278
-81.57135593891144
-77.77678787708282
-92.33486461639404
-91.79153776168823
-78.79345941543579
-76.88107013702393
-65.98818969726562
-64.48624169826508
-100.04416561126709
-103.15383100509644
-75.99271535873413
-79.38699436187744
-96.51264953613281
-92.80952072143555
-85.10281467437744
-81.99495601654053
-97.95163345336914
-105.43910884857178
-85.35662245750427
-87.0330650806427
-78.67292308807373
-70.4159243106842
-77.84826612472534
-78.50723481178284
-88.41971826553345
-89.34312295913696
-83.72380661964417
-83.14636945724487
-97.72899627685547
-98.65066909790039
-96.03484058380127
-93.67626214027405
-80.66444063186646
-74.24548053741455
-79.07581520080566
-84.61634993553162
-99.1915991306305
-95.97286176681519
-89.50278735160828
-89.03510165214539
-92.79855537414551
-88.28055906295776
-84.5026502609253
-88.31489992141724
-73.66294932365417
-71.52201795578003
-72.08890509605408
-72.65468841791153
-87.7985291481018
-83.56227970123291
-83.22128105163574
-81.32816505432129
-94.78846311569214
-87.42930769920349
-85.7213625907898
-86.20419931411743
-79.98549461364746
-70.75556755065918
-81.82722735404968
-78.08782958984375
-67.41672563552856
-70.38465285301208
-57.40387713909149
-60.375962138175964
-96.4355525970459
-99.90497541427612
-92.64994049072266
-93.90292024612427
-83.92948472499847
-73.95032179355621
-72.50887107849121
-73.9805965423584
-93.66593837738037
-97.94669818878174
-84.68048000335693
-87.32839822769165
-71.19494724273682
-63.22958993911743
-84.46587991714478
-82.62197828292847
-88.47642993927002
-81.53387784957886
-88.27653884887695
-91.3187050819397
-70.1672797203064
-63.99925744533539
-65.50044512748718
-63.08734118938446
-92.59452295303345
-99.61567306518555
-96.72377157211304
-101.38067412376404
-86.22875308990479
-82.64977407455444
-74.75416088104248
-73.78832912445068
-73.7611632347107
-75.3479073047638
-60.858933329582214
-67.86261337995529
-93.30345821380615
-93.11469984054565
-79.16185164451599
-84.42740368843079
-93.3200273513794
-93.23877906799316
-81.74521255493164
-86.46103763580322
-72.73812520503998
-69.59774327278137
-65.64176738262177
-67.44412660598755
-91.63724327087402
-87.99541997909546
-80.9005377292633
-74.01740527153015
-88.8910813331604
-84.75893592834473
-78.55651021003723
-82.66829228401184
-59.32718977332115
-63.24977431073785
-70.92029923200607
-80.45684444904327
-88.00604474544525
-89.54012632369995
-84.93225705623627
-85.95824921131134
-100.09176826477051
-98.9311089515686
-86.45834040641785
-85.20874118804932
-86.52930545806885
-89.88115978240967
-95.54417324066162
-94.19772434234619
-70.94432020187378
-68.15605640411377
-74.00284314155579
-70.96125817298889
-83.98047232627869
-78.87497192621231
-89.813560962677
-91.29273295402527
-83.18690010905266
-86.430650010705
-83.60364198684692
-84.5347785949707
-87.47684526443481
-81.23146915435791
-84.35802960395813
-86.06839966773987
-83.2804319858551
-86.9323992729187
-68.75925064086914
-74.1842919588089
-87.60153198242188
-83.32202577590942
-74.82364082336426
-70.59061765670776
-76.46920967102051
-78.84892654418945
-81.93725371360779
-83.20051956176758
-83.03125667572021
-84.59404850006104
-79.34325075149536
-86.29940605163574
-69.8924012184143
-74.51205015182495
-67.94851469993591
-71.83557939529419
-83.86555528640747
-78.03683567047119
-66.38645839691162
-63.766682624816895
-82.6871395111084
-79.87963151931763
-82.12604784965515
-81.78947114944458
-95.04835939407349
-85.277512550354
-79.37892293930054
-76.3417420387268
-81.97477865219116
-86.55359077453613
-78.00120735168457
-85.0778079032898
-81.61102247238159
-74.89431142807007
-63.913864970207214
-61.56544816493988
-72.29400897026062
-73.32311582565308
-73.27747178077698
-72.69706058502197
-74.85261118412018
-82.79317235946655
-99.06602132320404
-103.8688417673111
-100.13253402709961
-103.36661386489868
-103.69963550567627
-102.89504718780518
-63.894547283649445
-66.23400616645813
-71.23369139432907
-74.24950474500656
-72.65460252761841
-74.56424331665039
-72.9327437877655
-74.26377403736115
-91.345299243927
-84.70144844055176
-84.88558673858643
-87.79689931869507
-87.09339380264282
-84.3924469947815
-89.23664426803589
-85.63971757888794
-71.79498243331909
-66.2104926109314
-61.00531017780304
-59.79829227924347
-89.30983448028564
-89.28618669509888
-71.81746816635132
-79.96643912792206
-83.23975467681885
-81.98932695388794
-68.55823910236359
-71.35792326927185
-99.68844032287598
-90.99117469787598
-95.48849868774414
-93.34330463409424
-82.27787494659424
-80.73666143417358
-83.00782537460327
-81.61194276809692
-75.2563533782959
-78.26673555374146
-71.93124234676361
-76.32760047912598
-67.34342038631439
-64.91052770614624
-72.46933150291443
-72.61442041397095
-95.21933031082153
-98.25897932052612
-91.93477201461792
-97.78184461593628
-85.8614010810852
-92.61185026168823
-95.58543086051941
-103.84677338600159
-76.067498087883
-79.28725555539131
-86.23557996749878
-88.51285541057587
-96.3850302696228
-90.28920650482178
-84.8306655883789
-74.59449410438538
-88.51433944702148
-84.06014776229858
-66.38990592956543
-69.43449985980988
-88.25663423538208
-82.57626724243164
-80.78563785552979
-75.39689755439758
-93.85890054702759
-92.52067279815674
-89.10492467880249
-91.2459397315979
-107.70697116851807
-108.47283411026001
-99.69897484779358
-101.15483403205872
-67.08629959821701
-67.53711749613285
-67.74467492103577
-68.291672706604
-86.82956974208355
-87.35735677182674
-88.15817403793335
-93.55728197097778
-92.62721061706543
-98.95028018951416
-83.07365846633911
-87.36500406265259
-82.43838834762573
-85.92018842697144
-74.63737201690674
-76.59642279148102
-101.05031061172485
-100.90896654129028
-94.34559345245361
-94.67457294464111
-64.12349051237106
-68.48483169078827
-54.58158993721008
-54.76252061128616
-69.77580380439758
-74.61612847447395
-62.106200098991394
-67.52206015586853
-67.4809353351593
-64.69017267227173
-55.7799973487854
-58.44336402416229
-59.425843238830566
-63.25332450866699
-56.94000005722046
-58.70438027381897
-77.7452039718628
-79.19984269142151
-57.401100873947144
-59.77186608314514
-96.921157553792
-100.1316794976592
-91.77282881736755
-93.71326315402985
-78.11159634590149
-81.64207726716995
-70.11607217788696
-75.82708740234375
-64.08308885991573
-62.65018770098686
-56.7494677901268
-57.477994441986084
-94.51614952087402
-99.51991844177246
-102.43649244308472
-106.96664524078369
-86.21258687973022
-84.12409734725952
-87.97455406188965
-90.33349466323853
-90.8655195236206
-90.56031370162964
-88.12890911102295
-91.72893738746643
-70.32043473422527
-75.79021087288857
-75.38410115242004
-77.71843001246452
-65.89253807067871
-63.41109174489975
-49.861183404922485
-53.094312965869904
-88.39608526229858
-82.98954248428345
-86.69897174835205
-83.06575345993042
-73.68153834342957
-80.44610905647278
-64.99116480350494
-74.22677624225616
-88.41672420501709
-87.54957294464111
-77.15214586257935
-81.39517641067505
-98.47924995422363
-98.24261379241943
-81.96817862987518
-86.6343309879303
-68.23350811004639
-63.35961389541626
-78.03347277641296
-77.03793287277222
-69.32192397117615
-65.21515035629272
-65.85982942581177
-60.717535734176636
-93.40491771697998
-89.3880295753479
-67.88476037979126
-69.09402656555176
-81.69885039329529
-83.8669068813324
-75.29728841781616
-85.38723713159561
-100.64353370666504
-100.8810977935791
-99.69298195838928
-99.33855676651001
-85.47712564468384
-86.09987258911133
-99.61597299575806
-101.18993377685547
-79.39536190032959
-84.06220054626465
-85.66089344024658
-86.82280111312866
-69.2177826166153
-62.09202879667282
-71.97871482372284
-74.08969271183014
-96.96098589897156
-100.22768354415894
-85.58695530891418
-88.98769271373749
-56.99760011956096
-56.38110625371337
-59.461177080869675
-62.985123336315155
-100.29775857925415
-95.59878635406494
-97.72802472114563
-97.73329949378967
-82.91299057006836
-82.88277053833008
-68.57991671562195
-76.52381348609924
-85.49261236190796
-83.4131441116333
-82.74978733062744
-80.54017853736877
-77.15341186523438
-71.94573104381561
-69.94949960708618
-63.835647106170654
-98.76186561584473
-97.38553810119629
-90.22728967666626
-89.56172704696655
-83.24808931350708
-87.21393775939941
-66.16587340831757
-70.75243091583252
-81.2851448059082
-82.6507773399353
-84.49550867080688
-88.26196670532227
-72.63372045755386
-71.9848872423172
-80.20506429672241
-82.49622964859009
-72.51195204257965
-77.30854558944702
-77.39108562469482
-76.60119581222534
-68.82753562927246
-67.79297006130219
-63.52875652909279
-66.71360696107149
-77.03189086914062
-77.58205699920654
-81.12277030944824
-79.00943994522095
-80.38456058502197
-83.47854852676392
-75.10523772239685
-86.11159038543701
-99.58813762664795
-101.64290618896484
-102.57478141784668
-103.54814672470093
-59.93022747337818
-59.205832839012146
-45.69818067550659
-51.27537760138512
-76.3052396774292
-75.82218050956726
-68.97184330224991
-66.14659714698792
-77.8246488571167
-75.61347961425781
-80.72588777542114
-80.79972672462463
-70.07339429855347
-67.54474341869354
-69.72206145524979
-69.09325462579727
-91.19198942184448
-95.6133918762207
-83.17521300911903
-85.45193454623222
-101.25868129730225
-98.31259346008301
-88.87063264846802
-97.16396975517273
-85.19933700561523
-86.47762393951416
-81.29243659973145
-82.3710298538208
-84.59787940979004
-81.28770995140076
-98.57083344459534
-97.1310133934021
-88.09552240371704
-87.0508041381836
-85.16790962219238
-86.0331859588623
-78.06888198852539
-70.14489436149597
-85.1182177066803
-80.2200618982315
-106.60916137695312
-105.40211963653564
-94.90292763710022
-94.45225834846497
-88.06590175628662
-86.94729328155518
-80.83312225341797
-77.48344016075134
-80.56830397248268
-84.45645344257355
-78.80848211050034
-80.40661525726318
-77.24907970428467
-81.13988018035889
-71.44354844093323
-77.70625686645508
-76.88814687728882
-82.81942319869995
-66.40637040138245
-72.69336366653442
-95.34191703796387
-104.25688028335571
-109.45514345169067
-114.91131639480591
-84.97427344322205
-91.26463687419891
-94.93396860361099
-97.39090490341187
-100.52763891220093
-100.07845401763916
-86.3811285495758
-90.49720120429993
-86.27933639287949
-74.74706935882568
-93.96394920349121
-87.79084777832031
-80.78202724456787
-87.56963300704956
-73.27489817142487
-80.48386406898499
-84.04131984710693
-85.60490655899048
-91.50715446472168
-90.6384048461914
-89.94337368011475
-95.66622161865234
-83.80948996543884
-86.43735027313232
-84.91082668304443
-88.54022741317749
-84.97962474822998
-87.92024254798889
-87.55890655517578
-89.17302560806274
-71.89146995544434
-73.38934630155563
-84.84230375289917
-80.98533511161804
-71.27400660514832
-72.85567617416382
-82.54770112037659
-83.58697402477264
-80.374267578125
-83.44673228263855
-74.3192800283432
-79.94700312614441
-87.37750387191772
-90.31409406661987
-82.5952410697937
-83.33712339401245
-71.23585650324821
-72.39091324806213
-77.29396831989288
-80.3434796333313
-85.42650079727173
-88.06985640525818
-67.54358687996864
-71.70454996824265
-72.9418637752533
-75.50776267051697
-82.02488851547241
-86.75360536575317
-86.61629581451416
-84.67246675491333
-104.62683963775635
-106.53623867034912
-103.91382360458374
-105.76910185813904
-96.5940294265747
-98.99857711791992
-98.05633068084717
-106.2899284362793
-88.56030654907227
-83.18297004699707
-89.4047954082489
-90.97559762001038
-91.10638809204102
-94.87311267852783
-83.25374269485474
-84.21711921691895
-79.55066704750061
-77.28081846237183
-58.52488398551941
-66.55329370498657
-74.19536924362183
-78.58989596366882
-78.9326479434967
-79.7691181898117
-106.60176944732666
-112.15044498443604
-83.78635478019714
-91.10227870941162
-65.70020294189453
-66.91220843791962
-62.60118591785431
-65.71465826034546
-80.42716121673584
-80.34002494812012
-92.73902130126953
-94.21292400360107
-84.91386270523071
-76.69236850738525
-65.12126111984253
-58.31600832939148
-92.63184094429016
-88.43024826049805
-89.08522272109985
-92.36178350448608
-79.80856442451477
-83.59049987792969
-86.4257550239563
-86.82516884803772
-83.91816329956055
-87.92942380905151
-74.87387418746948
-82.25000429153442
-84.25881707668304
-79.33032602071762
-81.80253064632416
-78.23802185058594
-82.03301000595093
-76.51051139831543
-70.77705669403076
-66.93946766853333
-78.2658234834671
-79.1901204586029
-59.76418635249138
-62.945461094379425
-67.95011043548584
-72.16403341293335
-62.51481008529663
-67.51951360702515
-89.38224792480469
-85.72178363800049
-68.97251796722412
-76.1791934967041
-99.23864698410034
-94.456063747406
-84.71042037010193
-86.53799200057983
-73.30169606208801
-74.41730976104736
-59.703273952007294
-64.50848484039307
-92.36335372924805
-93.23336744308472
-89.15250182151794
-98.99351370334625
-82.21494507789612
-86.47317361831665
-71.30896627902985
-79.43448305130005
-84.38882899284363
-84.56285500526428
-80.61848974227905
-82.42275285720825
-90.02799129486084
-88.54980373382568
-84.73056173324585
-89.68801593780518
-70.36842727661133
-74.22927761077881
-76.71905517578125
-79.07109689712524
-86.59518337249756
-80.82052063941956
-77.11882543563843
-71.30388975143433
-74.6242995262146
-64.5610568523407
-68.95690512657166
-64.961665391922
-77.13274621963501
-75.95367431640625
-79.55733585357666
-76.42469310760498
-80.68462252616882
-84.62086564302444
-68.07917410135269
-76.45091533660889
-67.3065003156662
-72.714988052845
-74.33421611785889
-83.49650385975838
-80.11132764816284
-77.26523685455322
-78.22218990325928
-81.98741817474365
-74.19935917854309
-74.95993256568909
-70.56527695059776
-70.38777962327003
-92.07518815994263
-88.73918652534485
-85.42777848243713
-84.4939067363739
-98.32750296592712
-99.33419132232666
-95.0456485748291
-97.96445989608765
-66.70560084283352
-71.07736474275589
-65.6000721603632
-71.12164778262377
-89.41562414169312
-81.53338193893433
-80.76228046417236
-77.92830991744995
-97.69071865081787
-93.67169666290283
-89.82994031906128
-83.8811936378479
-81.72241282463074
-83.46037220954895
-69.58326125144958
-72.94280099868774
-74.65377044677734
-77.80849814414978
-77.34630537033081
-84.91945672035217
-84.14826440811157
-89.27863359451294
-82.99240732192993
-82.64951658248901
-85.95891666412354
-91.94044828414917
-81.45146870613098
-89.28960084915161
-76.43808031082153
-81.29240608215332
-79.50354218482971
-86.50325632095337
-99.58357334136963
-101.18100929260254
-98.32609486579895
-99.92809557914734
-78.03862258791924
-74.94429495930672
-67.49700224399567
-62.64924091100693
-84.84501361846924
-84.96149635314941
-77.22406816482544
-83.52206468582153
-93.55757522583008
-92.43621873855591
-82.07641410827637
-78.28411674499512
-85.01699900627136
-84.64209604263306
-64.32171541452408
-66.81452369689941
-90.10985708236694
-90.62734889984131
-87.3600959777832
-88.2754340171814
-72.43031537532806
-76.02961659431458
-74.71490597724915
-76.85132622718811
-65.76496148109436
-67.68230819702148
-57.724080324172974
-65.50354933738708
-72.42741906642914
-71.75876522064209
-75.28610122203827
-78.62763220071793
-82.50236701965332
-88.53996181488037
-82.61377739906311
-82.7449300289154
-65.4217232465744
-66.64777913689613
-71.19658470153809
-72.92660975456238
-75.85116672515869
-72.7578022480011
-68.20293712615967
-77.35372996330261
-81.0246934890747
-84.4616584777832
-73.91007804870605
-72.21991777420044
-83.51758909225464
-80.21699714660645
-76.93570524454117
-80.79274222254753
-74.19381976127625
-73.53121173381805
-68.24847602844238
-69.12701678276062
-94.34683513641357
-94.5333161354065
-102.66326999664307
-103.54010200500488
-85.66630029678345
-97.5434250831604
-92.91483688354492
-103.920156955719
-86.04286098480225
-86.40537738800049
-84.51542520523071
-91.16311693191528
-67.15407514572144
-74.46500217914581
-71.13959872722626
-74.71905320882797
-83.44140911102295
-77.23853635787964
-68.93301320075989
-67.46272683143616
-94.9305329322815
-88.29966020584106
-78.04530024528503
-73.97905468940735
-85.78990125656128
-90.03535795211792
-73.30719208717346
-77.10832726955414
-72.00110387802124
-72.32209646701813
-68.19719195365906
-70.96822893619537
-93.00991216301918
-90.38761818408966
-85.42388129234314
-85.48394823074341
-83.49028491973877
-83.7771246433258
-85.59347248077393
-87.14582443237305
-77.92329239845276
-79.37903118133545
-61.599852442741394
-73.12766480445862
-73.43071460723877
-81.2465443611145
-65.15493249893188
-73.0287733078003
-84.5691990852356
-89.03189945220947
-95.69638395309448
-97.13221025466919
-76.84399676322937
-72.97169554233551
-66.42646253108978
-65.95917570590973
-86.9659481048584
-81.9868712425232
-76.14945209026337
-70.93365597724915
-80.92807102203369
-82.76026397943497
-86.72387790679932
-89.05707812309265
-86.40536364912987
-88.39649146795273
-84.19504523277283
-87.55119371414185
-95.76123523712158
-91.6997218132019
-85.8624701499939
-80.83582401275635
-80.58078479766846
-83.76482537388802
-85.37693214416504
-80.27042818069458
-67.69620370864868
-68.95910584926605
-64.2668868303299
-69.77259719371796
-84.26779699325562
-86.82383060455322
-72.43015897274017
-70.28686568140984
-97.11854982376099
-89.68559455871582
-79.18934106826782
-78.4506528377533
-73.62014520168304
-62.76515543460846
-84.1237325668335
-77.57984733581543
-79.94848430156708
-83.67623591423035
-67.27581638097763
-70.06068181991577
-92.02296447753906
-88.48936319351196
-82.36505270004272
-84.567134141922
-99.38813066482544
-92.38337850570679
-88.40999579429626
-81.9663827419281
-85.52621841430664
-85.68950009346008
-82.83298754692078
-80.84338581562042
-55.634555242955685
-56.70863600075245
-59.19759285449982
-63.985210597515106
-97.4868106842041
-93.79034423828125
-78.25325036048889
-76.0995683670044
-83.6672375202179
-77.24671757221222
-59.63310205936432
-55.47418797016144
-76.75766897201538
-78.64754867553711
-73.987060546875
-71.82665538787842
-90.97635316848755
-86.32662343978882
-91.03787422180176
-88.82538414001465
-71.75274693965912
-72.28806018829346
-78.84442853927612
-80.31873655319214
-96.29519653320312
-92.75049877166748
-93.17764854431152
-91.97151350975037
-76.28066283464432
-77.06319791078568
-68.33431619405746
-74.40454912185669
-75.37970352172852
-75.1690673828125
-68.62437868118286
-66.23649764060974
-96.89764738082886
-90.36114120483398
-92.3601131439209
-88.49645805358887
-80.37508630752563
-81.08650588989258
-81.81962323188782
-82.48591876029968
-88.88692903518677
-85.65354108810425
-80.8968995809555
-76.88763618469238
-70.99237579107285
-70.38390353322029
-61.91050910949707
-61.346856355667114
-84.9967565536499
-87.68295276165009
-87.34330177307129
-91.83671808242798
-99.01762866973877
-99.29897403717041
-88.06827092170715
-92.46033096313477
-76.68896341323853
-77.72412014007568
-78.25427913665771
-76.92218399047852
-78.47749614715576
-77.37218141555786
-80.72636222839355
-85.75033569335938
-93.2080295085907
-89.14027214050293
-89.56083822250366
-82.5038833618164
-75.81782233715057
-66.52186042070389
-81.25231063365936
-76.10749062895775
-76.57941281795502
-75.96451115608215
-95.6164960861206
-95.59581422805786
-85.53015661239624
-81.06303882598877
-69.62340092658997
-65.58680391311646
-83.51933002471924
-91.52539348602295
-81.17798686027527
-84.33689141273499
-69.08138534426689
-67.94059436023235
-80.64161318540573
-84.99496591091156
-57.13786467909813
-53.37366972863674
-60.490588665008545
-61.633992195129395
-87.94588851928711
-91.73493671417236
-71.69815683364868
-75.17357063293457
-62.746405601501465
-69.05092856287956
-67.59497481584549
-74.27500319480896
-77.70810031890869
-79.78495502471924
-74.94388771057129
-72.44926500320435
-105.16589450836182
-94.44503116607666
-93.38076519966125
-82.56806254386902
-74.96058535575867
-73.26508378982544
-77.47221684455872
-74.77832865715027
-85.811936378479
-81.8736252784729
-71.05016219615936
-67.27093660831451
-73.06170845031738
-80.07282209396362
-58.906025886535645
-65.45366764068604
-83.59127283096313
-83.31454694271088
-83.25677967071533
-83.88193893432617
-72.06206679344177
-71.04573893547058
-71.77352547645569
-73.60840129852295
-77.8766793012619
-80.1879763007164
-82.6480917930603
-84.08029770851135
-80.9666850566864
-76.81963729858398
-71.4186999797821
-71.22893023490906
-70.24631661176682
-69.93693906068802
-73.8691668510437
-79.55544209480286
-94.14477396011353
-89.80307626724243
-85.5850396156311
-84.8624496459961
-89.64485836029053
-96.6156096458435
-90.13105201721191
-95.13767075538635
-73.97049760818481
-70.10515689849854
-77.01083612442017
-82.87870907783508
-82.31024086475372
-85.73847198486328
-80.22059965133667
-83.21333646774292
-84.91282844543457
-81.33001947402954
-68.1820752620697
-70.31579804420471
-88.85019955039024
-83.84430527687073
-79.78694534301758
-77.61022090911865
-73.22118997573853
-70.86657857894897
-68.81148862838745
-68.48105949163437
-92.69020175933838
-88.89675378799438
-84.80924844741821
-84.08844351768494
-86.88769769668579
-87.80081987380981
-75.94536471366882
-76.78328907489777
-100.73513507843018
-101.88590145111084
-82.1421594619751
-84.84127473831177
-83.99727201461792
-83.95334243774414
-85.28669595718384
-91.15865659713745
-88.1588830947876
-89.04433250427246
-82.01866781711578
-84.68641209602356
-80.6615879535675
-80.4180862903595
-93.87477493286133
-95.53792715072632
-81.35960739850998
-84.18601712584496
-81.04830169677734
-81.00176191329956
-82.80995965003967
-78.12753129005432
-77.21444192528725
-74.7613440155983
-91.88806915283203
-88.5090684890747
-84.94795989990234
-83.8817024230957
-74.49528932571411
-79.03120744228363
-64.27869403362274
-73.22479295730591
-93.86139869689941
-85.29964351654053
-77.27008438110352
-73.64581060409546
-77.39059543609619
-78.83128595352173
-76.39330720901489
-80.18588829040527
-76.76506952941418
-77.27846655249596
-71.05524462461472
-74.20010778307915
-88.53552770614624
-91.71169662475586
-84.92005634307861
-88.76973390579224
-66.82370579242706
-65.29024887084961
-59.239810943603516
-61.3381170630455
-84.27275276184082
-83.40735197067261
-83.25440764427185
-83.9373893737793
-100.48180913925171
-95.35853385925293
-89.08416867256165
-83.68518924713135
-68.85080075263977
-70.32110786437988
-65.13904190063477
-66.39464950561523
-100.79596471786499
-97.80068969726562
-95.05206394195557
-94.66806840896606
-96.08006477355957
-94.62256145477295
-82.57104587554932
-77.70631170272827
-86.87618160247803
-84.06963634490967
-87.14178800582886
-86.45060300827026
-83.85664892196655
-86.34229302406311
-69.52475547790527
-76.41375255584717
-80.0842821598053
-81.422842502594
-67.89349947869778
-75.06491442024708
-98.58840751647949
-101.7714295387268
-85.98432946205139
-92.09232378005981
-83.76736545562744
-91.59473609924316
-112.88886189460754
-114.13830614089966
-85.5719861984253
-78.35955166816711
-79.9641410112381
-78.53275418281555
-82.24013805389404
-79.06304597854614
-77.4300252199173
-73.9545813202858
-79.66125154495239
-76.27134943008423
-76.51453018188477
-82.81967663764954
-68.22587770223618
-68.53377018868923
-71.47739815711975
-74.16639995574951
-75.61072850227356
-77.55984306335449
-83.43943452835083
-80.91469812393188
-87.02153778076172
-85.6309175491333
-78.60319066047668
-81.43942499160767
-95.08999538421631
-94.25156688690186
-80.66896104812622
-87.18505454063416
-86.28260231018066
-88.28407573699951
-77.72843599319458
-82.73151016235352
-98.1478762626648
-95.56176567077637
-95.77284288406372
-101.73891735076904
-85.8634204864502
-81.85840368270874
-75.9794340133667
-72.55240058898926
-84.39940690994263
-75.3097312450409
-82.61086082458496
-75.29935050010681
-81.34313416481018
-81.56346845626831
-83.39003610610962
-88.3129563331604
-81.72599172592163
-89.30972862243652
-65.6185827255249
-67.89694404602051
-76.36060857772827
-74.42558717727661
-75.66852915287018
-78.38417899608612
-86.40349769592285
-87.92764806747437
-75.90602564811707
-77.6333179473877
-79.40810441970825
-85.28511333465576
-73.48511201143265
-73.75669264793396
-105.07326221466064
-101.09984493255615
-97.89111137390137
-98.26853203773499
-74.74059968814254
-71.07137713953853
-71.88235592842102
-70.3977278470993
-99.14937210083008
-93.87780952453613
-84.31486225128174
-88.71560955047607
-68.597975730896
-63.11754024028778
-70.966064453125
-74.69692945480347
-76.68015336990356
-72.01548433303833
-77.59894561767578
-75.26440048217773
-91.76380777359009
-98.81293678283691
-95.69372320175171
-104.91819024085999
-77.48182916641235
-87.54198408126831
-75.80376243591309
-82.46427154541016
-106.03176212310791
-109.3664960861206
-83.88685894012451
-89.21495580673218
-92.04393100738525
-89.68530893325806
-87.07058525085449
-87.02747011184692
-76.18658996373415
-79.80341229308397
-77.26776504516602
-82.64529228210449
-114.41741275787354
-110.9347095489502
-91.50780439376831
-87.01914381980896
-77.13765573501587
-73.64727973937988
-82.52499556541443
-86.61589980125427
-85.23876810073853
-74.36330604553223
-62.89011764526367
-60.85138654708862
-81.37063789367676
-83.99758458137512
-71.81149625778198
-76.36150693893433
-81.38075876235962
-79.83326327800751
-71.4609546661377
-65.97427129745483
-82.1808522939682
-85.21344611048698
-83.91407895088196
-84.26549935340881
-74.70595049858093
-79.856778383255
-88.788902759552
-92.12881088256836
-88.7011775970459
-82.64674663543701
-74.11284804344177
-81.72872483730316
-83.66945511102676
-86.98177480697632
-78.47571587562561
-78.9600739479065
-87.29226684570312
-92.41470623016357
-79.9738450050354
-82.27387571334839
-62.3743759393692
-63.39785227179527
-60.60540451109409
-60.92285608500242
-87.4570460319519
-91.06597471237183
-79.79790258407593
-80.95526963472366
-81.69769477844238
-83.58346796035767
-83.9233078956604
-85.30070686340332
-79.47483587265015
-80.85760593414307
-107.32194519042969
-106.1898980140686
-103.15285134315491
-103.47176933288574
-60.45071566104889
-62.41325914859772
-66.51223278045654
-74.60925769805908
-76.77880048751831
-83.34160947799683
-72.07173275947571
-79.45465874671936
-95.26912641525269
-92.2505292892456
-89.56230783462524
-87.03274297714233
-84.62426376342773
-90.16517233848572
-77.19803881645203
-85.38752603530884
-92.11348962783813
-84.5901231765747
-79.52425909042358
-73.76928997039795
-78.57516121864319
-80.89186453819275
-69.09787464141846
-75.95822170376778
-71.44469439983368
-76.80639505386353
-84.19864127784967
-84.07116222381592
-75.7190477848053
-80.32546424865723
-82.74250078201294
-77.86206579208374
-64.61041808128357
-70.96315714716911
-79.95760345458984
-86.6143593788147
-68.37396550178528
-74.89579057693481
-53.949620723724365
-63.59109342098236
-71.63705396652222
-74.03884625434875
-57.77358281612396
-55.688361436128616
-83.10724377632141
-79.5052008330822
-74.24467822909355
-77.31495481729507
-103.37297630310059
-102.22601699829102
-95.38661479949951
-99.85107612609863
-82.93469285964966
-77.69088506698608
-81.33625149726868
-87.95954918861389
-68.76937174797058
-74.30353736877441
-79.64308261871338
-83.8920042514801
-83.43119835853577
-77.90440845489502
-71.26917481422424
-75.4721372127533
-76.99143433570862
-70.69226598739624
-77.62099611759186
-78.38339042663574
-85.79527354240417
-76.34390425682068
-74.74894535541534
-70.53553795814514
-96.68975734710693
-87.23092222213745
-77.0767273902893
-81.77603244781494
-82.14221787452698
-87.90320682525635
-72.62585663795471
-74.45598375797272
-73.00335586071014
-67.3298714607954
-72.01405908167362
-62.157171092927456
-85.23663890361786
-89.14902564883232
-95.17323064804077
-96.87665128707886
-83.99383640289307
-80.08459329605103
-78.9772367477417
-76.60291194915771
-51.65282878279686
-53.4766860306263
-50.38679873943329
-51.48014783859253
-84.57597315311432
-89.51784253120422
-94.67333984375
-98.50965642929077
-57.939780712127686
-59.133526384830475
-51.879507541656494
-56.2295019030571
-71.44436645507812
-77.67738962173462
-76.02568674087524
-83.37909269332886
-84.4633378982544
-95.40401792526245
-84.89881753921509
-94.0565185546875
-81.55331271886826
-87.30419033765793
-69.0429955124855
-76.26118558645248
-68.93374967575073
-65.57015538215637
-68.0475127696991
-70.92420363426208
-87.38039875030518
-89.71371507644653
-76.0602388381958
-76.96431541442871
-98.04977369308472
-99.62465381622314
-87.7225193977356
-93.89338850975037
-54.578094244003296
-57.39135146141052
-54.46643486618996
-56.360554456710815
-86.84235429763794
-92.8883466720581
-97.25690078735352
-100.45894813537598
-72.51216173171997
-72.0277647972107
-52.43848580121994
-58.23083448410034
-89.9592137336731
-94.15677118301392
-98.06621599197388
-97.17149305343628
-88.84350442886353
-87.89185225963593
-77.2269058227539
-82.51523017883301
-75.55408239364624
-75.00062656402588
-81.5929708480835
-79.87062311172485
-89.03641986846924
-90.73354959487915
-104.00266909599304
-107.05677580833435
-102.38977289199829
-107.13806867599487
-89.41266894340515
-97.12602281570435
-74.21130609512329
-75.83957147598267
-82.4509299993515
-87.8718376159668
-91.4587287902832
-93.61378192901611
-79.48053979873657
-81.01833772659302
-71.35301133990288
-75.71311926841736
-66.77885800600052
-72.62834131717682
-67.49847647547722
-70.81090220808983
-64.32766568660736
-71.26060748100281
-71.12187957763672
-66.7567046880722
-64.67399227619171
-67.65333902835846
-79.49815332889557
-81.58310425281525
-101.51979494094849
-101.61427211761475
-88.86314296722412
-94.11899185180664
-75.48573899269104
-78.43871235847473
-99.24488925933838
-100.01452541351318
-100.76023626327515
-96.46173143386841
-89.9133882522583
-79.52512264251709
-84.29477119445801
-83.17128205299377
-71.95821762084961
-64.56917214393616
-72.6305228471756
-73.86890590190887
-76.68166279792786
-78.0917876958847
-70.32482659816742
-74.68682795763016
-55.0515353679657
-62.50734257698059
-53.4569708108902
-60.18804097175598
-81.12431943416595
-81.5020763874054
-79.83475029468536
-84.07633888721466
-85.8673620223999
-82.5221688747406
-79.6884298324585
-81.12646484375
-89.50292015075684
-87.59256410598755
-83.8859498500824
-82.32318782806396
-53.81424403190613
-63.70437288284302
-60.44631910324097
-66.22330212593079
-94.13365888595581
-98.69672513008118
-94.68995952606201
-101.07853126525879
-96.0116777420044
-95.89552307128906
-91.02851510047913
-88.30367946624756
-76.69630813598633
-73.19592142105103
-86.98265314102173
-82.18098497390747
-82.11888408660889
-86.09577417373657
-79.90272092819214
-80.45014238357544
-79.48679876327515
-80.30245542526245
-76.2649267911911
-76.54766285419464
-87.78290224075317
-82.37416315078735
-67.4536497592926
-67.48158645629883
-73.22292852401733
-75.68796157836914
-64.68220615386963
-73.30857419967651
-90.31457662582397
-86.40599346160889
-91.91304063796997
-87.86860656738281
-80.66946077346802
-84.69973659515381
-87.21234464645386
-89.70578193664551
-90.76829648017883
-86.53624296188354
-83.1856141090393
-83.88939428329468
-96.89523696899414
-94.0691328048706
-87.42688369750977
-87.88337898254395
-89.88309240341187
-96.09630537033081
-104.75597190856934
-108.28355741500854
-93.65232849121094
-99.24493551254272
-71.90954792499542
-79.45982946455479
-84.83187007904053
-86.36712169647217
-77.60689783096313
-81.34483671188354
-94.89835166931152
-93.40418529510498
-77.87688398361206
-80.1062958240509
-70.27822434902191
-72.11344242095947
-79.69419431686401
-81.3829699754715
-87.32417964935303
-91.86841464042664
-76.03572833538055
-82.0742791891098
-85.93114519119263
-82.74587440490723
-93.18683731555939
-91.40072560310364
-86.67143297195435
-83.04877376556396
-81.94581842422485
-81.00171303749084
-74.58504056930542
-75.4211163520813
-68.84265464544296
-68.32837617397308
-80.29670572280884
-86.6172924041748
-86.17813444137573
-88.4307632446289
-81.09291529655457
-87.31773519515991
-83.32955074310303
-92.80153036117554
-96.10183143615723
-93.01038074493408
-63.66401210427284
-64.18444502353668
-87.57483339309692
-91.168790102005
-86.02199339866638
-91.12592458724976
-82.49654865264893
-82.34020853042603
-75.53596782684326
-77.42214918136597
-76.70865488052368
-79.42004680633545
-75.56687021255493
-80.99800956249237
-73.17488098144531
-84.00033617019653
-72.42368113994598
-79.34984815120697
-95.45457935333252
-89.6729416847229
-81.52921915054321
-82.4958701133728
-89.43132495880127
-90.7920560836792
-75.42691802978516
-75.34475541114807
-87.60570812225342
-84.25875115394592
-63.25809121131897
-66.3625499010086
-71.26721668243408
-71.99547982215881
-80.57407259941101
-78.40329718589783
-92.83921098709106
-97.36724328994751
-84.01680374145508
-86.54061651229858
-64.25507421791553
-61.95275444164872
-62.428986832499504
-60.857944533228874
-83.60649770498276
-80.32403722405434
-76.61878538131714
-75.33841872215271
-70.5300555229187
-70.0924882888794
-74.97336292266846
-80.23774099349976
-84.86493587493896
-82.14998245239258
-70.45209455490112
-72.06343746185303
-99.0729660987854
-95.42585325241089
-94.10681676864624
-95.88594245910645
-89.33519339561462
-86.56841659545898
-75.28908228874207
-69.64482688903809
-75.01605933904648
-75.011803612113
-67.81334638595581
-67.80953413248062
-88.52448177337646
-89.11843597888947
-86.56692618131638
-89.12440025806427
-73.35400915145874
-74.38760089874268
-70.75708985328674
-73.60305404663086
-89.60937213897705
-93.09592342376709
-85.27091455459595
-86.28001976013184
-92.12425518035889
-96.81903982162476
-78.87309265136719
-80.25569796562195
-84.03174567222595
-79.90402555465698
-84.82607245445251
-84.51418352127075
-75.91431784629822
-75.64912223815918
-70.55938875675201
-76.11759996414185
-70.37215232849121
-74.68781852722168
-72.36696004867554
-76.01582717895508
-100.93313598632812
-93.7737979888916
-87.12444067001343
-89.79719686508179
-76.18773937225342
-79.91891050338745
-73.26710486412048
-73.9524267911911
-91.3761396408081
-88.30786991119385
-76.50778913497925
-80.90114259719849
-88.8358302116394
-86.85764265060425
-66.6938214302063
-64.18400764465332
-69.67239379882812
-71.55201590061188
-70.42782950401306
-73.8490993976593
-82.26408505439758
-88.31061220169067
-80.6408863067627
-83.62833380699158
-75.32471466064453
-70.65806674957275
-62.1953239440918
-62.48597431182861
-92.36490035057068
-85.67333698272705
-100.49054837226868
-100.29390859603882
-86.70534896850586
-87.54133462905884
-79.99761486053467
-85.60386037826538
-86.39209079742432
-87.36347675323486
-83.1034984588623
-81.26966428756714
-84.33939456939697
-90.84822416305542
-83.88879823684692
-91.22160148620605
-93.13363403081894
-93.28197610378265
-101.44436860084534
-101.99366760253906
-87.28597354888916
-86.1059021949768
-69.42343759536743
-65.94159078598022
-88.35659736394882
-91.5852552652359
-78.9973492026329
-80.06390717625618
-103.69049596786499
-104.23406314849854
-88.9185261130333
-90.99848556518555
-74.02550935745239
-77.02750015258789
-69.8288836479187
-69.13195133209229
-84.21481466293335
-86.35662508010864
-85.6695671081543
-92.14223432540894
-80.39155769348145
-87.2718870639801
-86.59253406524658
-88.74595260620117
-91.6803195476532
-91.3877284526825
-108.29095506668091
-110.62491393089294
-87.02668499946594
-92.15012443065643
-91.67383098602295
-96.15471649169922
-74.78515267372131
-77.58441114425659
-73.58424544334412
-83.39658784866333
-104.97084522247314
-100.36978244781494
-79.74402105808258
-79.52836030721664
-63.71720790863037
-63.00706481933594
-57.77022588253021
-61.823634281754494
-93.79956364631653
-89.0026490688324
-77.7274954020977
-71.43541237711906
-78.41481685638428
-74.31265354156494
-75.57202339172363
-78.32068371772766
-95.07228535413742
-100.18696451187134
-88.95829939842224
-93.28336882591248
-77.36006009578705
-78.56980192661285
-71.88220238685608
-73.18702173233032
-81.54334688186646
-81.43702924251556
-91.50953900814056
-91.8643628358841
-84.32985639572144
-80.37276363372803
-86.73570728302002
-80.24820041656494
-80.10924792289734
-78.59090900421143
-82.69162797927856
-81.08895492553711
-71.97714519500732
-67.7989935874939
-79.55127334594727
-81.84419059753418
-79.40839958190918
-78.42341661453247
-81.15359830856323
-83.74747562408447
-86.20467185974121
-83.82150411605835
-82.41008853912354
-84.84868621826172
-85.19809865951538
-77.0851559638977
-74.1086950302124
-71.18157231807709
-79.08730912208557
-74.01328706741333
-74.12696433067322
-67.22696208953857
-62.163761138916016
-62.314390540122986
-56.52774369716644
-64.70617496967316
-75.86327695846558
-76.50131618976593
-81.21869361400604
-88.02404618263245
-89.2671046257019
-85.80698299407959
-74.20090579986572
-77.8239152431488
-83.70582008361816
-86.68406581878662
-82.15646123886108
-85.68235635757446
-76.14018094539642
-80.0669960975647
-71.47351288795471
-74.34771883487701
-70.99279141426086
-76.29949599504471
-77.63014161586761
-79.80655559897423
-84.49681854248047
-77.27439260482788
-76.54401230812073
-80.67574548721313
-67.48445117473602
-66.74009203910828
-60.17539620399475
-63.39045310020447
-98.56309127807617
-96.83274745941162
-82.60765075683594
-85.66119527816772
-82.24975943565369
-85.30948114395142
-77.69746112823486
-84.11557650566101
-81.81603479385376
-79.10490369796753
-75.68850660324097
-73.92273664474487
-86.2145414352417
-91.12299633026123
-85.46361684799194
-90.9175672531128
-70.16369891166687
-78.31582498550415
-75.1773419380188
-76.04293537139893
-88.87306547164917
-84.62634706497192
-70.38682913780212
-70.06276798248291
-85.0646048784256
-85.66733533143997
-79.44337522983551
-82.97153460979462
-75.45286762714386
-79.99382865428925
-73.34869265556335
-80.68977224826813
-81.68162627890706
-70.80715047009289
-82.45612287521362
-79.05655431747437
-78.72490382194519
-78.30590295791626
-60.29324331879616
-67.27945375442505
-86.73450326919556
-77.9190092086792
-69.32891047000885
-66.95073592662811
-79.00893568992615
-78.29933190345764
-65.58850121498108
-70.03964614868164
-67.2995308637619
-65.0822075009346
-66.55561634898186
-65.91652515530586
-85.63885831832886
-89.53603744506836
-83.16642904281616
-91.14906024932861
-108.5165023803711
-102.47441530227661
-92.7743706703186
-89.48441576957703
-67.5114598274231
-63.87388336658478
-61.77672028541565
-64.58540749549866
-75.69653844833374
-77.73727560043335
-78.43485021591187
-82.92823576927185
-84.00450134277344
-88.75733613967896
-95.30304002761841
-91.3167986869812
-83.06349682807922
-80.1972541809082
-71.40794038772583
-72.04516983032227
-93.36615133285522
-89.40887546539307
-73.9122725725174
-75.41123342514038
-74.89867806434631
-78.26136499643326
-81.97722482681274
-84.23029804229736
-99.36809778213501
-87.94723463058472
-89.64752984046936
-81.19368600845337
-87.64377975463867
-91.92410850524902
-72.92666959762573
-77.1416265964508
-87.40392208099365
-88.88115167617798
-77.85227394104004
-79.80862724781036
-86.87829160690308
-84.85971641540527
-91.18427121639252
-88.72246754169464
-83.55376100540161
-80.34644269943237
-93.86184823513031
-96.24783992767334
-82.70705556869507
-83.70033812522888
-92.7279441356659
-90.41970157623291
-78.59921169281006
-74.66787147521973
-71.98727607727051
-65.58369731903076
-67.26808452606201
-70.50432395935059
-62.093353271484375
-71.27026462554932
-93.94316291809082
-93.3632173538208
-82.95109283924103
-75.89283379912376
-78.16598749160767
-78.98231053352356
-63.89312434196472
-65.13962280750275
-80.59146404266357
-71.23856616020203
-79.14437556266785
-70.21889698505402
-102.02557611465454
-97.51815223693848
-93.00325441360474
-93.12178659439087
-77.73878574371338
-80.31397914886475
-80.80970478057861
-89.29552268981934
-82.84302634000778
-79.25712257623672
-79.61198043823242
-82.54142475128174
-89.39976739883423
-95.13433933258057
-99.28903555870056
-105.75297141075134
-68.84348368644714
-76.66706085205078
-64.96919918060303
-67.68754005432129
-95.78831195831299
-97.65346956253052
-85.21969902515411
-93.50118947029114
-97.30560445785522
-94.30844211578369
-88.76599264144897
-88.62321710586548
-77.25353920459747
-77.20781797170639
-65.33574785292149
-63.48399922251701
-81.95067691802979
-80.55283081531525
-66.5146906375885
-69.83518815040588
-81.86520981788635
-84.15379405021667
-86.83825874328613
-91.79832220077515
-95.28080034255981
-100.82038068771362
-79.69708585739136
-85.32827162742615
-79.1948709487915
-83.85881519317627
-80.51825094223022
-80.6233959197998
-78.58878147602081
-76.86620533466339
-82.81942462921143
-84.55417585372925
-71.53542804718018
-73.62846231460571
-69.10179245471954
-66.70630657672882
-95.8189525604248
-95.39625835418701
-89.11923789978027
-89.16767048835754
-67.94773125648499
-75.02824997901917
-74.76293122768402
-82.11304211616516
-86.56134128570557
-81.02974891662598
-75.93713092803955
-68.18296563625336
-69.07570773363113
-68.01604282855988
-60.4476113319397
-60.910365641117096
-92.86886024475098
-93.64561414718628
-80.054527759552
-82.19439458847046
-93.11759412288666
-98.86053681373596
-93.59785890579224
-100.19944763183594
-90.94077730178833
-88.59815692901611
-80.94364070892334
-81.07861137390137
-86.86399984359741
-89.2113242149353
-89.86358785629272
-86.93597412109375
-91.78468108177185
-95.28315734863281
-79.73625898361206
-85.64043951034546
-71.47984981536865
-76.55193042755127
-73.34616136550903
-79.48871755599976
-74.51460552215576
-77.78960466384888
-68.39765560626984
-73.47926837205887
-92.40421915054321
-92.09586715698242
-84.1234233379364
-85.50030469894409
-94.70787239074707
-91.57899856567383
-88.55495715141296
-85.75754964351654
-96.75717544555664
-96.88867330551147
-84.43854570388794
-83.54182875156403
-66.02531003952026
-63.26135540008545
-61.241610050201416
-66.08773756027222
-80.89680576324463
-78.62416553497314
-77.93080449104309
-77.27274918556213
-85.3183171749115
-85.29552102088928
-99.0092716217041
-97.99317359924316
-83.76394510269165
-85.77662992477417
-91.78920841217041
-91.86911630630493
-84.05383729934692
-85.51599931716919
-103.80285453796387
-102.29469299316406
-104.28600215911865
-99.13527393341064
-77.62570804357529
-77.6108780503273
-76.7578501701355
-75.09531927108765
-73.64772748947144
-76.06623554229736
-78.39183473587036
-82.61328172683716
-94.69499111175537
-87.92750263214111
-84.65052080154419
-80.43666887283325
-86.20419883728027
-81.40771865844727
-80.54341650009155
-80.36739087104797
-62.30897259712219
-61.44189089536667
-59.50356960296631
-62.31315088272095
-75.18143383786082
-80.91413857787848
-83.24779605865479
-93.53446960449219
-77.57030087709427
-81.67150127887726
-95.36895966529846
-100.99888515472412
-77.00600719451904
-81.26715135574341
-71.88775479793549
-73.27808141708374
-63.3209890127182
-62.56739568710327
-56.162318140268326
-58.1834756731987
-76.21704053878784
-84.64294815063477
-102.3813681602478
-100.11684942245483
-80.22066938877106
-87.14648151397705
-75.50753259658813
-73.6660345196724
-63.630841970443726
-66.8608570098877
-83.67685508728027
-86.06972980499268
-78.09901759028435
-87.0904341340065
-80.01246464252472
-78.73670665919781
-80.73404121398926
-87.76379871368408
-92.16003131866455
-86.9499876499176
-82.56687021255493
-71.7903380393982
-76.69974994659424
-78.14467811584473
-63.34112346172333
-69.33097457885742
-77.28271198272705
-74.45690774917603
-66.4242787361145
-64.4882036447525
-80.63664507865906
-79.44441640377045
-85.31693148612976
-86.0976996421814
-95.1083550453186
-90.02527093887329
-69.72228932380676
-71.14095139503479
-78.29447603225708
-75.81752014160156
-93.78358888626099
-96.09431457519531
-103.51282405853271
-103.20447015762329
-82.80168104171753
-84.08350658416748
-89.49162292480469
-85.03681993484497
-71.08379983901978
-72.05061674118042
-80.47041893005371
-74.85612535476685
-67.7191686630249
-62.316141188144684
-83.14886927604675
-83.24031794071198
-72.6124324798584
-77.29636852443218
-98.19002151489258
-94.61112880706787
-94.20895433425903
-93.76996970176697
-59.499171018600464
-65.90002775192261
-52.92082369327545
-54.27293038368225
-82.45198774337769
-81.6209145784378
-72.85685539245605
-74.43769001960754
-70.23553085327148
-69.42710971832275
-65.93281936645508
-70.92146635055542
-90.5909833908081
-88.97246313095093
-78.02127492427826
-76.80377769470215
-77.10521280765533
-82.57416200637817
-68.40418720245361
-78.10330557823181
-93.2675530910492
-85.64470481872559
-80.33874225616455
-81.6213321685791
-77.41927409172058
-79.50762128829956
-57.06901893019676
-66.11930877715349
-85.46600484848022
-86.74069213867188
-84.89780175685883
-88.07766032218933
-71.81607580184937
-75.43444657325745
-70.0736358165741
-81.34557366371155
-85.48885107040405
-91.41124153137207
-87.50952863693237
-87.8107442855835
-97.15447449684143
-97.27725601196289
-87.72799825668335
-91.63025617599487
-85.53845930099487
-84.00944185256958
-84.71730089187622
-86.7396445274353
-77.4482069015503
-82.53807020187378
-87.2308177947998
-90.50366640090942
-95.08909893035889
-88.6415331363678
-87.03356230258942
-89.09724283218384
-80.28159427642822
-73.39866781234741
-70.15693640708923
-66.92689657211304
-94.20843267440796
-98.95704936981201
-95.47289896011353
-100.63977670669556
-86.54776906967163
-85.4869499206543
-73.80389308929443
-71.62964916229248
-73.95100235939026
-75.14851188659668
-81.1997948884964
-82.81203866004944
-54.66622829437256
-58.6536283493042
-53.29784595966339
-59.98951530456543
-90.94259786605835
-95.51144647598267
-82.83647775650024
-85.89317178726196
-77.44431447982788
-77.7638111114502
-84.55366110801697
-81.659508228302
-66.0739541053772
-68.61299324035645
-61.93535542488098
-62.18871021270752
-85.99309945106506
-77.86476373672485
-87.7438976764679
-83.11546802520752
-84.51787519454956
-83.53120470046997
-84.42667007446289
-84.5252161026001
-94.59558916091919
-92.10201454162598
-93.09858989715576
-89.168128490448
-83.86859202384949
-82.24970006942749
-73.21824038028717
-72.01461803913116
-79.84819173812866
-80.05980062484741
-81.24858903884888
-77.97879791259766
-97.57104444503784
-98.41001033782959
-96.39659881591797
-102.77119445800781
-74.58907255530357
-73.71316415071487
-69.81060361862183
-76.77510005235672
-81.94607877731323
-92.73794651031494
-82.90394115447998
-90.5172905921936
-63.12350770831108
-69.0745415687561
-57.77395263314247
-67.78349030017853
-78.2041307091713
-80.00496244430542
-71.18259382247925
-81.97095680236816
-80.01750469207764
-86.59148108959198
-78.30407953262329
-81.51630079746246
-92.51544952392578
-90.6980459690094
-71.53324890136719
-70.60709357261658
-80.07555937767029
-83.66047048568726
-68.65859365463257
-70.70402312278748
-88.6548752784729
-89.00180339813232
-83.9380886554718
-90.29163360595703
-85.70269012451172
-82.84371280670166
-86.67442727088928
-86.26951932907104
-85.2003901898861
-92.41910590231419
-78.26092600822449
-90.88311576843262
-96.59642505645752
-99.61336898803711
-86.62605905532837
-89.66858005523682
-83.83463406562805
-85.30074787139893
-74.48984932899475
-76.77379846572876
-80.79935312271118
-81.03865146636963
-81.43962669372559
-79.18441426753998
-102.35230255126953
-105.09274196624756
-89.68482494354248
-90.99789142608643
-76.4439377784729
-82.79907748103142
-81.11483430862427
-87.30043005943298
-88.37109988927841
-86.23494851589203
-83.28037428855896
-84.60853028297424
-79.01085209846497
-77.37855291366577
-76.42628574371338
-73.85134053230286
-99.20503187179565
-103.28547811508179
-77.49162113666534
-82.19364929199219
-102.20013523101807
-106.2183485031128
-84.92104649543762
-88.69271749258041
-86.877028465271
-88.0909595489502
-71.98804724216461
-81.19004368782043
-93.06494474411011
-94.54815363883972
-85.07077550888062
-87.83596366643906
-78.93907880783081
-82.27551603317261
-72.57454061508179
-76.2504255771637
-73.06753492355347
-70.65680350363255
-78.91611766815186
-74.63496255874634
-83.48023557662964
-86.0295991897583
-71.10159111022949
-71.07440102100372
-74.20157104730606
-71.998959466815
-85.24430084228516
-84.37842750549316
-91.20798778533936
-93.66497755050659
-105.30913209915161
-105.65038776397705
-87.10267925262451
-83.13276290893555
-86.38909882307053
-87.71955752372742
-93.5793571472168
-87.81516933441162
-79.19911646842957
-72.93138861656189
-71.95322519540787
-73.4169272184372
-66.42116165161133
-71.16028952598572
-87.90913009643555
-81.50156164169312
-83.12347912788391
-84.38492345809937
-79.32037305831909
-82.06129312515259
-80.55057799816132
-81.74134802818298
-96.6125373840332
-95.95377206802368
-98.77113056182861
-100.26036977767944
-72.61259651184082
-66.44337284564972
-65.17684209346771
-62.20524883270264
-88.62909889221191
-85.8744592666626
-89.40056562423706
-90.07930517196655
-79.61393785476685
-81.46974229812622
-65.92830073833466
-66.80163908004761
-93.43099594116211
-90.53202104568481
-92.33869647979736
-96.84784460067749
-91.36472940444946
-107.76321840286255
-92.1938624382019
-102.4443609714508
-90.88600778579712
-93.48880577087402
-78.27135348320007
-82.40955805778503
-86.83482313156128
-77.81716918945312
-91.95245170593262
-84.07716584205627
-68.80854558944702
-69.98094737529755
-76.71411085128784
-77.34754848480225
-67.2062885761261
-66.55876874923706
-73.22381839156151
-75.69610232114792
-101.30480241775513
-101.59257221221924
-89.83743071556091
-90.63022565841675
-86.3013186454773
-90.02746868133545
-82.17368721961975
-87.12072038650513
-62.04517166316509
-63.11205055564642
-68.14922881126404
-67.63753843307495
-90.4480619430542
-90.83315515518188
-91.99639773368835
-88.84754061698914
-88.65390586853027
-88.7342586517334
-81.24878692626953
-86.68272542953491
-84.37009239196777
-83.39225578308105
-63.250428915023804
-63.0139434337616
-79.75172567367554
-79.39417123794556
-83.39278793334961
-90.64573574066162
-84.0364761352539
-82.32932710647583
-76.86469411849976
-75.59718632698059
-107.9277286529541
-99.92927026748657
-88.21497845649719
-88.80030107498169
-94.03732001781464
-81.55952000617981
-73.41356945037842
-68.80854833126068
-77.9017481803894
-83.86817026138306
-69.17370700836182
-67.45247483253479
-88.26304566860199
-84.84453964233398
-84.22194576263428
-84.58383178710938
-92.05317974090576
-90.67434406280518
-88.69128131866455
-89.18977117538452
-96.58437490463257
-96.51611328125
-81.83891868591309
-85.01686525344849
-67.0429277420044
-66.92894953489304
-63.84226989746094
-66.56250727176666
-94.17171239852905
-86.52285659313202
-82.37745147943497
-87.75662016868591
-84.42701297998428
-89.68549099564552
-90.13746929168701
-90.17036890983582
-95.29739546775818
-97.80796194076538
-71.06976914405823
-79.80433881282806
-77.81992673873901
-73.9253259897232
-58.214669704437256
-60.22436046600342
-77.03888046741486
-75.37760329246521
-78.83319211006165
-81.1043610572815
-70.13475275039673
-65.84910917282104
-56.80410885810852
-59.08945274353027
-79.74144077301025
-81.61116600036621
-83.8469967842102
-83.64340543746948
-94.96558427810669
-91.74724435806274
-81.05024456977844
-83.57605528831482
-94.82780122756958
-89.22368431091309
-100.46437501907349
-99.86910915374756
-98.9268159866333
-91.57235527038574
-90.61739265918732
-78.59430932998657
-88.55358982086182
-95.08447551727295
-66.47085839509964
-71.4161881506443
-86.45116853713989
-85.12142181396484
-92.76593112945557
-94.46556091308594
-83.7154393196106
-83.5143051147461
-88.66041469573975
-88.52295684814453
-93.78830909729004
-98.67582511901855
-93.40167534351349
-95.21787333488464
-85.34118461608887
-89.2112250328064
-84.06920146942139
-88.6025619506836
-98.28917503356934
-94.30527067184448
-82.05187273025513
-86.76314067840576
-80.37020993232727
-83.39019346237183
-58.543134450912476
-67.63640427589417
-95.46336269378662
-90.89868497848511
-74.70484140515327
-74.55848654359579
-59.37988339364529
-61.68921595811844
-51.38267171382904
-53.17769479751587
-85.71513032913208
-84.51505088806152
-79.18842554092407
-75.57038712501526
-74.82301187515259
-74.56739234924316
-86.91727685928345
-81.74812889099121
-78.88113082945347
-84.44023422896862
-73.57619762420654
-79.63441729545593
-80.04672858119011
-76.69626206159592
-73.12383764982224
-76.72246214747429
-81.41925835609436
-80.1359133720398
-88.46056127548218
-86.59459161758423
-70.80939364433289
-65.47062683105469
-63.747793197631836
-58.6167151927948
-77.91561508178711
-71.01235675811768
-75.27403450012207
-71.57287454605103
-87.58577728271484
-93.21244716644287
-98.4819188117981
-95.3268792629242
-84.43078899383545
-83.13958311080933
-72.17193573713303
-76.25422732532024
-75.725337266922
-73.7697160243988
-61.35985404253006
-64.61327767372131
-82.72188138961792
-80.34894037246704
-68.85244989395142
-68.46758878231049
-93.97897028923035
-98.59609723091125
-92.94266891479492
-98.74045467376709
-96.0299243927002
-96.2989730834961
-96.6440577507019
-90.98432540893555
-79.16107958555222
-78.0626215338707
-73.92555379867554
-78.06156301498413
-84.89620399475098
-90.78410530090332
-84.81180238723755
-92.66755247116089
-98.01490020751953
-102.08487820625305
-82.68441534042358
-90.19568681716919
-81.70792579650879
-81.08228397369385
-76.86148452758789
-79.79447364807129
-99.92134881019592
-100.49231052398682
-85.92699825763702
-90.04820907115936
-65.8420758843422
-72.56099016964436
-77.49526882171631
-83.0046796798706
-88.70820951461792
-80.60931730270386
-63.11410707235336
-58.7128718867898
-93.3592529296875
-86.64051485061646
-91.80128526687622
-94.56066417694092
-96.5929594039917
-96.58937567472458
-91.3040543794632
-91.54580295085907
-59.39946806430817
-60.98814046382904
-54.08571457862854
-56.546011209487915
-79.24908828735352
-86.19824028015137
-71.5050984621048
-75.02596688270569
-89.56030058860779
-90.61102271080017
-75.93307030200958
-83.92146122455597
-90.93836164474487
-86.57725429534912
-73.30671036243439
-71.45944941043854
-71.24510064721107
-73.78446009755135
-69.95750021934509
-74.88856482505798
-76.91399621963501
-76.90680980682373
-73.02467632293701
-77.65938806533813
-78.57732105255127
-82.01154613494873
-78.69778776168823
-78.52003479003906
-66.01821208000183
-63.94363297522068
-66.3796221613884
-69.02147650718689
-62.30299115180969
-65.72643341124058
-63.026824712753296
-68.13955372571945
-73.4149227142334
-75.56801176071167
-71.83793759346008
-68.5735878944397
-99.14768362045288
-98.73728656768799
-82.87770962715149
-85.88250660896301
-86.03122210502625
-80.77600240707397
-84.28212928771973
-80.65436315536499
-62.24431037902832
-69.45019817352295
-54.555689573287964
-68.07437002658844
-91.77652740478516
-87.61621761322021
-84.59972512722015
-82.32960999011993
-94.28914546966553
-92.30199718475342
-82.44922494888306
-86.30699157714844
-97.50011157989502
-97.86688137054443
-86.66320610046387
-87.88858413696289
-50.95269179344177
-52.27020883560181
-42.649670869112015
-50.254412680864334
-97.26282024383545
-90.99042797088623
-62.974358439445496
-62.80412006378174
-80.03413581848145
-81.15444326400757
-79.77761101722717
-80.30219960212708
-78.81489706039429
-78.50491380691528
-92.93982291221619
-88.66973495483398
-96.79394292831421
-101.7209997177124
-99.30832147598267
-99.7368152141571
-98.35164070129395
-95.41492748260498
-87.19399619102478
-84.33909225463867
-95.59809970855713
-95.20043468475342
-81.0274703502655
-91.09536743164062
-108.15900325775146
-102.93780207633972
-97.97757625579834
-93.63583564758301
-89.15705585479736
-81.7607102394104
-71.77555041015148
-72.07595506310463
-71.02434611320496
-75.05260145664215
-59.794464111328125
-61.02245616912842
-69.89218544960022
-72.12812519073486
-66.79137682914734
-73.11529779434204
-96.3956127166748
-98.69477272033691
-72.99539911746979
-77.66406798362732
-74.97135496139526
-79.10290837287903
-74.63980102539062
-75.62856674194336
-97.74743509292603
-97.45185279846191
-91.93475866317749
-92.02383470535278
-57.20669960975647
-64.56906175613403
-64.4873548746109
-67.76249098777771
-102.85633659362793
-105.68394422531128
-89.8440933227539
-96.49445581436157
-86.45237302780151
-86.44161581993103
-97.5500237941742
-106.04386925697327
-73.77342087030411
-74.63175055384636
-84.61313384771347
-86.88927975296974
-87.15357542037964
-87.56069993972778
-84.63205814361572
-86.90934896469116
-82.08535975217819
-83.36665773391724
-89.69717645645142
-95.05685949325562
-95.60249090194702
-93.78870010375977
-86.37110733985901
-81.66638612747192
-98.18716335296631
-96.50154781341553
-85.2691855430603
-86.21928405761719
-79.76409816741943
-83.64735531806946
-82.2478175163269
-89.13855719566345
-101.31033420562744
-99.04003047943115
-92.41392850875854
-94.00520253181458
-90.7533369064331
-90.54365873336792
-86.28540802001953
-89.50660276412964
-96.64939188957214
-90.03450572490692
-81.60852241516113
-76.33674001693726
-81.00930428504944
-81.62346959114075
-77.85808336734772
-78.87364256381989
-85.89794826507568
-87.61212253570557
-84.79296016693115
-81.23165369033813
-67.15568006038666
-75.7321298122406
-71.02127122879028
-75.31088852882385
-54.52143728733063
-54.55420517921448
-45.77402412891388
-50.59946596622467
-61.94234752655029
-61.79626750946045
-59.99569606781006
-63.83802580833435
-95.14646697044373
-99.36176013946533
-87.13898849487305
-94.23845720291138
-73.12894916534424
-75.43111991882324
-75.3989726305008
-81.85044038295746
-99.81994819641113
-97.83861923217773
-94.10499858856201
-100.74727869033813
-99.120361328125
-98.50600624084473
-94.48991322517395
-95.25513923168182
-73.77891635894775
-71.25213241577148
-65.87363910675049
-63.37061047554016
-86.1484637260437
-87.49870872497559
-82.9629921913147
-86.48024702072144
-81.45280957221985
-84.76188111305237
-83.50238919258118
-76.2625777721405
-73.92029166221619
-70.24144268035889
-78.75311326980591
-78.06472730636597
-79.46482300758362
-79.75870943069458
-77.10058736801147
-77.87973690032959
-65.08405590057373
-68.37037014961243
-69.5089430809021
-73.76482677459717
-62.52984666824341
-63.83963489532471
-82.9881238937378
-84.54825448989868
-88.200275182724
-86.77637338638306
-93.80055904388428
-92.41835403442383
-92.09454488754272
-93.26531600952148
-85.80117750167847
-83.7312970161438
-61.217244148254395
-56.82790923118591
-95.84023332595825
-91.5853624343872
-95.37202501296997
-92.38086318969727
-66.4337597489357
-62.45464539527893
-68.4964599609375
-63.458414793014526
-87.2200345993042
-86.17213773727417
-73.5090764760971
-82.54196548461914
-78.39477196335793
-77.46282476186752
-93.47154092788696
-93.47414875030518
-82.59655702114105
-88.99953746795654
-86.09165859222412
-86.73225116729736
-74.59499835968018
-81.84560823440552
-86.70009326934814
-92.76523041725159
-76.54270052909851
-78.66212368011475
-73.25073385238647
-77.39450693130493
-71.14616298675537
-72.40852069854736
-76.90580582618713
-78.00467801094055
-75.01786756515503
-80.25742864608765
-83.25028562545776
-81.48554515838623
-91.49408149719238
-90.41782855987549
-86.1493194103241
-85.30365133285522
-97.78309965133667
-93.34936618804932
-95.71774959564209
-95.93909740447998
-76.14431762695312
-83.98963356018066
-77.26561713218689
-82.69922685623169
-75.36663818359375
-84.12309074401855
-82.26845407485962
-91.81001091003418
-70.43370389938354
-79.05257177352905
-85.76542329788208
-98.05698204040527
-64.22902381420135
-64.78163433074951
-60.900360345840454
-63.04075837135315
-86.0232744216919
-78.1312358379364
-74.36982774734497
-75.66653871536255
-60.774388790130615
-66.88472414016724
-61.33702993392944
-66.08959007263184
-96.75711870193481
-90.91718578338623
-85.64885425567627
-88.69491958618164
-66.10586452484131
-71.82840347290039
-61.17537713050842
-69.41004943847656
-88.26386594772339
-88.22562313079834
-85.71461391448975
-84.71445989608765
-83.23423862457275
-86.67669296264648
-73.61607789993286
-76.11564350128174
-64.06723642349243
-57.981114745140076
-58.07571732997894
-58.440128803253174
-60.44753563404083
-60.39060413837433
-60.320438385009766
-59.44977688789368
-58.437805622816086
-56.003192752599716
-56.99241787195206
-57.474648267030716
-94.54836893081665
-95.26052284240723
-79.21418857574463
-80.99489045143127
-81.82673978805542
-81.55897498130798
-74.46552109718323
-79.23411864042282
-79.74330389499664
-79.1189204454422
-68.59616279602051
-69.47619390487671
-58.86815809458494
-63.559892416000366
-45.38183216750622
-48.334186375141144
-74.8148341178894
-78.8389927148819
-74.9633721113205
-84.5923385322094
-79.39680576324463
-79.07511305809021
-71.99376726150513
-78.25578892230988
-75.21380335092545
-78.88288134336472
-65.21646428108215
-71.37935447692871
-68.35163736343384
-66.98243652284145
-60.951077818870544
-61.66171681880951
-74.40217506885529
-77.83220444619656
-83.46384543180466
-83.14609658718109
-89.22088193893433
-90.32726621627808
-85.78859031200409
-87.34214210510254
-57.74852192401886
-57.95168650150299
-47.602866530418396
-55.83947014808655
-85.73833000659943
-83.71727859973907
-76.91565823554993
-79.39826583862305
-67.7716314792633
-67.96933352947235
-66.17139935493469
-61.56944590806961
-91.67174482345581
-93.74987006187439
-79.63767218589783
-81.70440191030502
-84.42995023727417
-78.77119731903076
-80.54153895378113
-84.76277875900269
-93.8252420425415
-98.8367166519165
-88.63380432128906
-89.64250946044922
-94.72452545166016
-90.4897632598877
-85.71191084384918
-83.25590443611145
-97.50982809066772
-92.85800981521606
-95.50975465774536
-93.50395631790161
-64.58673793077469
-62.68586415052414
-61.98823010921478
-60.52582240104675
-78.44311189651489
-86.01947927474976
-88.64552736282349
-90.95948076248169
-89.66098403930664
-91.08800888061523
-80.64226484298706
-81.34937739372253
-89.13046765327454
-84.10482811927795
-86.62114262580872
-86.3617296218872
-77.43590927124023
-78.79561996459961
-85.14237868785858
-81.90264356136322
-63.781165599823
-62.45414972305298
-52.335089802742004
-58.47065091133118
-74.53054141998291
-79.07688426971436
-73.7940057516098
-76.16371297836304
-85.8077654838562
-93.39714479446411
-83.01029396057129
-88.37936687469482
-88.95316982269287
-90.98867511749268
-89.70755672454834
-89.15636968612671
-105.97263622283936
-102.50488185882568
-84.8494074344635
-84.25480103492737
-73.2307996749878
-72.03839099407196
-62.598479986190796
-66.51587188243866
-87.8903558254242
-89.12994182109833
-58.661677837371826
-63.86792612075806
-62.1200966835022
-61.36734223365784
-91.24778938293457
-97.15776062011719
-85.04556846618652
-92.92661499977112
-77.97831726074219
-80.29365015029907
-74.7137416601181
-73.66611135005951
-81.07772815227509
-84.4911253452301
-72.21755643188953
-70.24588154256344
-79.34300792217255
-79.4130237698555
-78.1122784614563
-79.86555528640747
-95.16840416193008
-98.75404769182205
-101.53161382675171
-103.01014614105225
-90.54115343093872
-95.40682315826416
-85.70695757865906
-97.75889348983765
-80.57968854904175
-84.22442483901978
-66.0320873260498
-71.3017520904541
-74.67254948616028
-74.78520393371582
-63.641814947128296
-63.85162353515625
-82.35542488098145
-89.52166843414307
-74.37436926364899
-83.4092390537262
-93.05856561660767
-99.28314971923828
-87.30638468265533
-89.08296358585358
-79.764817237854
-71.63446307182312
-88.69510793685913
-84.24638533592224
-90.62817668914795
-96.33478546142578
-88.2920093536377
-94.12946200370789
-78.39421558380127
-81.43183612823486
-72.759690284729
-73.84059381484985
-87.41943407058716
-86.6112790107727
-70.41365051269531
-77.53530550003052
-89.64746189117432
-92.84438705444336
-96.38882803916931
-101.5493814945221
-69.81799983978271
-70.09019374847412
-65.7242202758789
-68.62966001033783
-99.50541114807129
-98.722412109375
-82.95417022705078
-91.50158500671387
-82.45087623596191
-84.51874530315399
-91.95783758163452
-91.22438049316406
-92.91057300567627
-93.8769588470459
-84.9313178062439
-88.02105712890625
-87.44298982620239
-89.08016395568848
-92.42380571365356
-96.77521467208862
-90.90279912948608
-95.4250373840332
-91.59461498260498
-96.69933319091797
-95.22228288650513
-94.41514301300049
-94.83384704589844
-99.38671398162842
-83.72141742706299
-84.83928203582764
-83.66183018684387
-86.9459457397461
-84.462819814682
-89.67847919464111
-68.01471090316772
-74.41509509086609
-82.6625605225563
-89.37943249940872
-79.85657548904419
-76.63215255737305
-91.59490299224854
-89.69661092758179
-90.19380855560303
-92.41560006141663
-81.31781029701233
-79.59400486946106
-76.12266111373901
-77.75518798828125
-92.42426323890686
-96.6599988937378
-92.80410885810852
-90.53408670425415
-83.15948462486267
-78.85209220647812
-87.730313539505
-88.2292902469635
-101.43532943725586
-100.01101613044739
-81.78509819507599
-82.86696600914001
-75.0303618311882
-79.8630581498146
-67.40291700139642
-75.15697458386421
-54.57391756772995
-55.49167001247406
-52.061202362179756
-56.14182436466217
-72.43530988693237
-72.68625450134277
-70.06879687309265
-64.74818992614746
-58.765352725982666
-62.88058543205261
-62.79094606637955
-67.03853523731232
-81.44034004211426
-83.57472705841064
-88.66911602020264
-90.26631450653076
-87.84115195274353
-84.21130299568176
-83.22684478759766
-85.6068000793457
-75.66002237796783
-77.9975643157959
-74.34956228733063
-77.33960139751434
-85.00814867019653
-91.69727420806885
-93.98872566223145
-99.76367425918579
-83.92344856262207
-89.68927574157715
-84.56691384315491
-87.49261403083801
-83.46052575111389
-92.7464828491211
-84.63031816482544
-86.16756057739258
-81.73746538162231
-80.13057494163513
-84.61978590488434
-78.66491603851318
-82.69533014297485
-77.63461875915527
-69.07359218597412
-71.42692375183105
-73.187504529953
-74.02789378166199
-67.43143236637115
-67.12630808353424
-93.71440315246582
-95.56329584121704
-82.51317834854126
-83.50559186935425
-91.72492122650146
-99.06975984573364
-78.38112306594849
-80.2957820892334
-76.5725514292717
-79.4607545286417
-80.84232485294342
-86.47876858711243
-79.75843000411987
-81.29715895652771
-85.5043511390686
-90.5227108001709
-77.59672832489014
-87.05994939804077
-98.43652391433716
-104.37720346450806
-92.33930730819702
-93.93417501449585
-77.33639430999756
-77.7915780544281
-80.87525844573975
-83.76790142059326
-91.85017824172974
-96.02647876739502
-95.65928077697754
-98.9820146560669
-91.30225801467896
-92.43818521499634
-84.52185225486755
-92.39944267272949
-90.09110498428345
-98.06428241729736
-79.95644211769104
-76.58967852592468
-91.36895656585693
-95.06657862663269
-90.49753880500793
-88.15803146362305
-81.5214467048645
-83.90165066719055
-82.41500759124756
-72.18938636779785
-73.14675951004028
-67.7354474067688
-55.47431620955467
-53.09432238340378
-46.01494266837835
-50.17689988017082
-75.3110842704773
-82.47179734706879
-78.4895076751709
-83.20455920696259
-90.33263111114502
-95.10897445678711
-72.21738237142563
-75.82089474797249
-97.36504364013672
-93.47651696205139
-94.08351039886475
-102.34191584587097
-95.03226709365845
-97.67992973327637
-84.67961740493774
-91.132972240448
-88.64363193511963
-89.2185411453247
-82.45592021942139
-87.97436809539795
-88.020876288414
-90.5473644733429
-92.60588788986206
-94.11824345588684
-107.00165271759033
-103.49600791931152
-92.08963394165039
-89.72789287567139
-94.76269245147705
-91.43504190444946
-81.13212418556213
-80.15040493011475
-82.28541898727417
-85.00677490234375
-73.3901195526123
-74.2485580444336
-73.00341844558716
-76.33975100517273
-67.93294668197632
-72.78462702035904
-97.26014709472656
-90.95764541625977
-82.3735636472702
-82.89118355512619
-86.0533664226532
-85.90263724327087
-73.92567920684814
-78.72882556915283
-87.92118453979492
-83.38401675224304
-83.9194746017456
-87.14472079277039
-89.23267793655396
-97.17858791351318
-90.74763870239258
-97.80055618286133
-81.63392734527588
-80.66119384765625
-70.70849978923798
-78.5253276526928
-92.84188938140869
-95.36777448654175
-84.42670011520386
-85.24598526954651
-81.41261982917786
-87.89855909347534
-87.99461889266968
-94.85519409179688
-80.10336494445801
-82.19633531570435
-79.78065741062164
-83.60658144950867
-87.25100803375244
-91.14422833919525
-75.96641159057617
-75.95253324508667
-79.21278787218034
-85.00482158642262
-94.86969232559204
-91.34023094177246
-96.23836612701416
-83.31095027923584
-72.26160335540771
-73.20025253295898
-89.68380546569824
-92.31201076507568
-81.67768812179565
-88.16274642944336
-65.57226037979126
-65.94943308830261
-64.50160670280457
-67.59954464435577
-69.1593827009201
-74.22186040878296
-63.60404282808304
-71.95480537414551
-60.904380679130554
-60.78917473554611
-63.96738088130951
-64.85343289375305
-84.98668193817139
-88.75628232955933
-74.00777864456177
-79.76106485724449
-93.21415090560913
-93.68424272537231
-90.34527683258057
-89.83807563781738
-69.322438955307
-78.45204305648804
-80.66881656646729
-86.16099524497986
-66.02490222454071
-68.51420664787292
-55.00592088699341
-63.734909534454346
-75.83702969551086
-79.476243019104
-71.4506334066391
-78.05755919218063
-84.35455751419067
-85.78004312515259
-81.4243175983429
-82.64945244789124
-87.5971827507019
-89.13169169425964
-82.44397938251495
-82.62106043100357
-93.96998023986816
-86.57392406463623
-88.50908660888672
-90.98412084579468
-84.8630723953247
-83.8378496170044
-75.87290382385254
-79.42660546302795
-87.63053894042969
-85.7376081943512
-79.65553045272827
-77.45863676071167
-77.67109441757202
-79.4933590888977
-86.95781230926514
-87.52504444122314
-92.91327047348022
-93.10055303573608
-89.52918004989624
-93.14257049560547
-92.2494421005249
-85.55315065383911
-67.65872037410736
-70.2155464887619
-86.99386787414551
-86.927903175354
-97.82216024398804
-103.13042652606964
-81.92830801010132
-80.36116832494736
-79.42183029651642
-84.00369000434875
-79.29762160778046
-79.26171588897705
-101.1432294845581
-101.9526219367981
-78.63276386260986
-83.30599880218506
-71.79220247268677
-76.14261150360107
-75.57632613182068
-82.86577105522156
-80.43707990646362
-82.92414021492004
-89.88751316070557
-94.58783769607544
-76.93747353553772
-84.45002913475037
-73.22727155685425
-75.99516487121582
-80.69188165664673
-79.60385918617249
-82.51315569877625
-81.8286509513855
-69.87286746501923
-72.8063108921051
-100.36011552810669
-98.1578106880188
-84.97552800178528
-88.30571985244751
-92.33033561706543
-89.50453472137451
-86.42773365974426
-87.13088393211365
-94.46916818618774
-86.21005868911743
-88.91253614425659
-85.63590145111084
-69.98612320423126
-74.33735871315002
-65.0797975063324
-66.85630404949188
-68.57133913040161
-62.648176431655884
-64.2063045501709
-66.03641295433044
-85.89089965820312
-89.39155960083008
-88.15637683868408
-89.17411088943481
-72.18032133579254
-67.46418660879135
-68.33133602142334
-69.5133068561554
-91.20306062698364
-84.28587675094604
-84.56936454772949
-75.8256344795227
-82.67756938934326
-81.96180772781372
-80.27263855934143
-83.60612607002258
-78.82607734203339
-82.10402321815491
-70.62742948532104
-76.68584299087524
-89.94002962112427
-90.26052582263947
-96.56009078025818
-96.25916337966919
-92.31523418426514
-96.82762336730957
-94.07329678535461
-99.32363891601562
-99.55848121643066
-98.93859481811523
-82.74558281898499
-86.35971307754517
-94.56652203202248
-92.27962297201157
-83.28237724304199
-84.76111435890198
-102.4147720336914
-99.24151945114136
-105.34172773361206
-105.52653908729553
-72.59024274349213
-83.55697011947632
-73.42780041694641
-77.87532830238342
-89.90098428726196
-89.36330127716064
-86.13107013702393
-91.175363779068
-74.4288158416748
-67.90076518058777
-59.76617670059204
-61.891228914260864
-85.69180107116699
-74.1272087097168
-73.21155333518982
-72.41623401641846
-83.90137767791748
-81.41589641571045
-55.49643647670746
-64.52232503890991
-93.95483016967773
-93.42330121994019
-89.77661561965942
-94.47959876060486
-87.88044166564941
-87.53810787200928
-102.9515221118927
-107.2786374092102
-66.87289547920227
-65.28539538383484
-62.54463613033295
-60.34186151623726
-98.26775407791138
-94.26512384414673
-76.56461316347122
-82.12361761927605
-73.35866785049438
-79.57786017656326
-76.84926915168762
-81.29570889472961
-81.56702518463135
-86.01789283752441
-85.47726058959961
-84.19853925704956
-87.01951885223389
-81.9694709777832
-69.93380355834961
-65.22605443000793
-59.267241187393665
-61.2377357929945
-67.00875924527645
-72.46245015412569
-80.15440893173218
-85.56582546234131
-78.17847657203674
-81.88631200790405
-75.80566781759262
-73.91342198848724
-73.87009358406067
-79.93979787826538
-81.13924461603165
-82.14764082431793
-83.76658713817596
-84.87868022918701
-66.80048727989197
-71.84595227241516
-50.95355176925659
-58.745323181152344
-82.84603893756866
-82.89285147190094
-71.21176034212112
-80.68037977814674
-93.68991708755493
-96.81328731775284
-88.11849737167358
-93.87176597118378
-81.5911693572998
-76.98998856544495
-77.87874555587769
-83.81286907196045
-72.2088074684143
-67.47416388988495
-70.70166027545929
-69.96045351028442
-86.99021577835083
-88.82967281341553
-84.62521314620972
-81.6746472120285
-62.17617154121399
-61.99443793296814
-68.81644129753113
-71.53953242301941
-96.79082870483398
-96.86559009552002
-89.88292646408081
-93.43370485305786
-91.44179582595825
-87.3077278137207
-84.34479141235352
-82.48915576934814
-101.78241348266602
-103.96756601333618
-88.42605781555176
-88.3861026763916
-70.05849957466125
-70.65405821800232
-85.63833236694336
-84.14669251441956
-77.55699634552002
-78.53734087944031
-76.24206018447876
-71.05678844451904
-60.70590615272522
-57.64188742637634
-80.54565191268921
-83.81723284721375
-69.44486331939697
-73.32692742347717
-87.40492272377014
-87.93676114082336
-79.91720819473267
-76.8897967338562
-78.47458004951477
-73.60935091972351
-77.90010833740234
-71.27376461029053
-65.303586602211
-71.96435743570328
-74.05636131763458
-79.43566918373108
-72.73088836669922
-70.39263272285461
-69.95010423660278
-65.27919340133667
-76.04705357551575
-76.55667901039124
-72.86583876609802
-71.93607497215271
-97.4800033569336
-102.10967540740967
-84.5572156906128
-88.78774785995483
-68.7162170484662
-71.51087243855
-68.50379419326782
-62.87719792127609
-77.78936815261841
-81.2122483253479
-72.96694707870483
-74.74984431266785
-65.9082562327385
-66.65806972980499
-66.39399176836014
-69.53609311580658
-75.11160206794739
-76.83753180503845
-84.15962886810303
-89.27024114131927