-74.23303281888366
-83.50450995564461
-63.67744036618387
-63.067665613722056
-69.63379380479455
-70.81500458717346
-78.31842529919231
-84.54392564296722
-67.16634069941938
-73.9494149684906
-68.1821765890345
-79.04798340797424
-48.777317421510816
-50.14418105361983
-65.25221783597954
-62.73983070906252
-60.28212206624448
-72.6990270614624
-58.08206838928163
-66.70698726177216
-54.78805054287659
-61.61087425239384
-57.61442842474207
-62.93759078532457
-65.21219267323613
-73.8909781575203
-63.06414322927594
-64.4998471410945
-60.98718296410516
-72.52898451685905
-63.35500768944621
-65.80011331406422
-82.25482073053718
-91.35208389163017
-62.65055258595385
-64.630482293549
-68.061430568574
-79.31352376937866
-59.52263626421336
-61.78782383375801
-78.14416281878948
-81.86479001864791
-47.21277208876563
-45.36429115990177
-55.36322045614361
-54.40248886536574
-57.555249721976
-67.03845262527466
-58.3741530852858
-59.52151330164634
-61.86882111337036
-62.60396011173725
-74.87095010839403
-76.08426475524902
-77.84138241223991
-82.05216385424137
-71.21284446585923
-76.17016651388258
-78.10410758946091
-85.95031595230103
-65.65483844839036
-65.20487639680505
-57.28944277623668
-66.54853630065918
-81.67302024457604
-90.41288636624813
-65.40419541951269
-66.77847578935325
-65.46440138341859
-71.278504146263
-71.6307081632549
-77.3560118675232
-54.26961578702321
-64.18777187168598
-54.26158765115542
-64.00203442573547
-59.14445983240148
-60.45263528870419
-70.71865221206099
-71.65924109163461
-56.843814477324486
-54.11561621725559
-76.33214176539332
-73.00120529695414
-65.99466095503885
-77.00727622583508
-49.246980893658474
-46.81707920040935
-50.70932649075985
-55.03937569260597
-74.56797009776346
-82.97637462615967
-70.60868987540016
-71.45953882765025
-62.99584816535935
-65.83856055233628
-61.6991971055395
-61.55213265516795
-51.25864659296349
-50.382334251422435
-70.63114669546485
-70.05873399972916
-63.634035382419825
-66.38632569927722
-72.10144883394241
-78.01888424158096
-71.1556335426867
-69.37616083060857
-45.76074519753456
-45.5450233554584
-58.73899105703458
-62.18060829117894
-74.46014228207059
-81.64334297180176
-60.12201850488782
-62.105838822666556
-64.39211895037442
-59.52534280536929
-63.43475248082541
-75.78723001480103
-62.45814540889114
-70.17270084610209
-60.14205360412598
-75.82655829191208
-78.32951609045267
-86.78009009361267
-69.85452882573009
-66.67820660036523
-71.73893084819429
-67.39742857278907
-78.71132011711597
-79.87502487748861
-66.61305605689995
-72.44492855574936
-74.20335385203362
-78.5788446238148
-65.09360904293135
-62.472330187563784
-52.83478017151356
-56.73039830196649
-49.2094186070608
-53.26000537374057
-56.9214375205338
-58.0805816934444
-72.44040307938121
-70.69298521464225
-72.94618767499924
-77.93523788452148
-69.71592507138848
-69.86545572802424
-77.47277725394815
-84.76598048210144
-68.10141940729227
-71.49249500071164
-66.39292112924159
-64.08865294465795
-66.05518044880591
-70.51056814193726
-66.4696688093245
-67.54119183367584
-49.543121504131705
-62.646107748150826
-71.41011580172926
-78.79320800304413
-64.73556747657858
-65.92467360454611
-60.09925800655037
-72.36359038949013
-80.00758971669711
-86.90060234069824
-69.4295595131116
-75.0458859205246
-62.40408499678597
-62.15249168872833
-76.1229672767804
-82.371910572052
-49.19567010551691
-46.91490347700892
-58.14371969667263
-60.76436758926138
-47.71865826100111
-48.151846288412344
-58.35049617284676
-58.906237966846675
-67.73711557069328
-75.5484800892882
-63.45853917626664
-64.54868509550579
-74.33936719223857
-78.41559362411499
-79.27892543445341
-81.6339372145012
-61.31841936521232
-68.52472014725208
-62.288133796770126
-59.89736307086423
-51.17272781813517
-68.03643829515204
-61.70303112507099
-63.766754580661654
-61.78927214816213
-70.1001340597868
-65.97600102226716
-65.49333307307097
-67.95654708798975
-76.79905090294778
-63.42818597855512
-67.32831474998966
-67.38342119846493
-67.95579517562874
-65.02085745427758
-65.32999050756916
-53.485527885262854
-50.3077841817867
-60.660482317674905
-78.85593241080642
-58.71131653629709
-56.5784503268078
-81.38020726013929
-92.57286643981934
-68.19622099399567
-71.06523847579956
-55.36097928835079
-55.42157088080421
-52.1811379417195
-65.57162392139435
-52.01969378255308
-49.934117153519765
-53.59715678336215
-52.18291430361569
-76.82514336053282
-72.49733161367476
-64.0370237386087
-71.23562908172607
-51.95972348097712
-50.8627673718147
-61.08608887344599
-64.68372339382768
-54.547734887033585
-54.295457396423444
-66.51427312620217
-72.95741534233093
-67.16528079201817
-70.4224689505063
-66.11668622493744
-68.1777522645425
-59.738671478116885
-57.527824841672555
-55.87272728793323
-60.02763915061951
-73.81154529191554
-71.1267827115953
-55.646804456133395
-67.44293284416199
-62.082136020064354
-66.77657306194305
-57.46469328791136
-55.75472037959844
-52.38656847551465
-60.756547287106514
-62.55970094795339
-70.03655934333801
-81.088860378135
-91.43563461303711
-61.992099809169304
-63.429713159799576
-51.1993320081383
-49.617244670167565
-73.15071406587958
-77.70569372177124
-58.50691974814981
-65.44245791435242
-78.90122253634036
-85.15944269951433
-68.84043733403087
-77.1357553601265
-75.75920961797237
-90.53784874081612
-80.23712887614965
-88.74852081388235
-63.24374027363956
-59.79078791895881
-56.86981716919399
-53.33223362802528
-61.994954263209365
-68.77991315722466
-57.71279694675468
-67.83946204185486
-60.649165861308575
-71.50352334976196
-50.08884493075311
-57.02966868877411
-58.09561680722982
-66.04003047943115
-70.16547780483961
-73.46626249793917
-52.543585362960584
-53.24362991028465
-65.24578550318256
-69.2709059715271
-51.74936225498095
-54.0834340788424
-60.27573672728613
-60.71761335618794
-58.315819120034575
-59.99146776506677
-48.08140378817916
-46.35691595077515
-53.91310190409422
-57.18101437250152
-66.84375495836139
-83.79961585998535
-60.377291947603226
-57.65309616178274
-56.74479742825497
-57.1945911970397
-62.19557200092822
-54.894916121382266
-55.069166745990515
-56.82193738222122
-79.23439472913742
-78.84845161437988
-57.64774261205457
-55.7669794363901
-74.83380331844091
-82.55235997587442
-68.88529073266545
-70.25942139385734
-62.18348874687217
-59.882722521200776
-64.49208995047957
-68.74104042164981
-65.42325564788189
-64.5698370479513
-60.93434752244502
-67.54395459592342
-68.10191473562736
-70.0421191980131
-47.821574902161956
-49.59683093428612
-68.54749307478778
-66.63501710724086
-67.89982502162457
-69.84134197235107
-58.43721063155681
-63.486374616622925
-71.20616028085351
-76.59151077270508
-49.72780380351469
-51.45615445822477
-69.00911176484078
-69.29238286276814
-61.35131021402776
-63.01218989491463
-60.957152838935144
-64.1960239938926
-77.8700755238533
-86.71012115478516
-72.19149004551582
-82.56326675415039
-61.77368506696075
-76.11241865158081
-69.29976879619062
-73.35415778448805
-58.218174973502755
-74.98819570243359
-71.59657040052116
-77.62303066253662
-75.7921861812938
-81.49172216653824
-66.06168149039149
-74.12201553583145
-60.07901287043933
-58.88149916520342
-77.01976447249763
-86.2689857520163
-40.73674681875855
-39.63623965065926
-58.699407936335774
-58.161013943958096
-58.64478706126101
-64.51063883304596
-55.22976261470467
-55.415539573528804
-57.49272801517509
-54.33777323085815
-64.03384794577141
-67.58171624271199
-67.01642358477693
-73.73382806777954
-74.27680789679289
-83.82583899050951
-53.57226184965111
-54.06510739028454
-62.00490971864201
-72.19367408752441
-64.59595581842586
-66.93791366147343
-55.85422101709992
-57.483638348057866
-56.014031852275366
-58.994037821888924
-80.82582771778107
-85.65543764084578
-60.995464072562754
-64.46867597103119
-57.615025201579556
-54.29379962105304
-72.02891010418534
-79.6203533783555
-52.89427348366007
-63.327454566955566
-60.139964774250984
-58.50332689960487
-49.375580578052904
-53.065435111522675
-81.69650616683066
-91.82714046537876
-69.65194881148636
-85.48712435364723
-70.40860841888934
-87.19305461645126
-65.00810369552346
-68.46936782449484
-60.0801856033504
-59.73205549828708
-77.27761537209153
-76.9975361134857
-66.34940550103784
-66.59448289871216
-47.94791389873717
-48.50118638877757
-51.309692261973396
-49.56231698114425
-65.6343343150802
-66.71393997687846
-66.11141467606649
-79.2217869758606
-80.70756795722991
-88.77459555550013
-66.40823572408408
-66.96662967279553
-59.84939203504473
-59.058884978760034
-60.388234317302704
-55.7385683725588
-59.58678054669872
-60.619968784507364
-68.99222850170918
-79.87813138961792
-73.82895714510232
-86.53506183624268
-74.89882908202708
-75.7176223360002
-56.81901181861758
-65.3256049156189
-66.2736153267324
-80.37255120277405
-64.15243464522064
-70.35077904164791
-67.15962756288354
-68.26426689256914
-49.15689853276126
-48.98845152044669
-57.387118567712605
-58.82996357791126
-70.04421113431454
-86.64174127578735
-65.96542083472013
-65.32182188529987
-54.95248550362885
-58.4884936575545
-69.84387450385839
-82.86377763748169
-55.896182156167924
-56.8376040791627
-62.27323336084373
-60.07299647247419
-76.85468010499608
-83.10613604960963
-57.42672493588179
-57.04134622938
-42.68544451659545
-41.09689054265618
-57.39597396051977
-54.538985191844404
-65.35046900669113
-73.09373331069946
-51.74880374025088
-52.01939646154642
-73.30954945704434
-75.42014837265015
-70.53438691608608
-77.35614049434662
-59.838324630400166
-65.78273397684097
-63.009534962591715
-69.64121447689831
-53.235162931727245
-52.08881284482777
-52.17745444228058
-50.765588405542076
-60.694208962871926
-67.75192165374756
-42.79982092534192
-42.631480327341706
-55.41157527640462
-56.73365441523492
-60.19761050643865
-62.403567531728186
-59.47709695028607
-58.218057692050934
-66.67786164395511
-72.54648438841105
-73.43241579085588
-81.37690135836601
-61.73067487869412
-66.72122067213058
-58.5388473108178
-58.68817755859345
-55.86528234556317
-52.81276623904705
-74.48633356380742
-79.42982292175293
-56.192513295216486
-59.048393335193396
-66.3441852297401
-71.84561610221863
-67.56118303001858
-70.09690939853317
-45.39928128384054
-53.188380882143974
-60.72442120499909
-67.17536079883575
-55.05169815314002
-55.57592851249501
-80.13533271104097
-80.5810525562847
-70.34384346427396
-73.11471704393625
-70.50486842985265
-74.4262695722282
-76.09572903485969
-76.517826795578
-67.29398841713555
-67.95693298988044
-66.6540600862354
-70.62594995371182
-58.5678033400327
-60.24772137030959
-69.2258812636137
-72.84711049543694
-56.34553018119186
-57.09525502403267
-58.75769242318347
-69.84649130702019
-71.73005577921867
-72.25549411773682
-51.557256791740656
-50.924444269854575
-76.96674645808525
-84.06810426712036
-53.48192612529965
-52.2078205072321
-56.735516007989645
-56.685694236308336
-54.00469797331607
-60.57168960571289
-68.55277210357599
-69.5819046497345
-53.60883775027469
-54.06098340963945
-74.01112436689436
-88.0927529335022
-65.81676723342389
-67.65161138772964
-62.72301122150384
-76.34007276594639
-77.97327528055757
-82.8369802236557
-67.37886667635757
-78.67501523066312
-64.60713679902256
-80.79820754379034
-55.5698214918375
-58.261544020380825
-66.61186265433207
-73.38512086868286
-72.13377709977794
-68.04302269846085
-79.29577469872311
-81.48468089848757
-61.65610268432647
-59.46106580039486
-49.73409346304834
-49.129090592381544
-68.69665514677763
-78.22767519950867
-65.33897198177874
-70.78579118847847
-53.64745759498328
-54.74064685450867
-45.39919823920354
-46.01558280317113
-48.48080586784636
-49.47803318616934
-50.121836972124584
-47.66938825324178
-57.55648206785554
-68.31373190879822
-60.135581797454506
-57.8980902582407
-59.205394526943564
-60.40268031088635
-58.05707113444805
-60.70275962352753
-70.84636906348169
-75.26186203956604
-56.667942327447236
-68.96883356571198
-46.97339397208998
-50.74575431086123
-58.343013097997755
-50.43579042516649
-47.26487379381433
-45.55290833854815
-69.68914600933203
-73.45428586006165
-60.879696576157585
-72.96041059494019
-66.32539929635823
-66.44825202599168
-51.48851475853007
-53.072042985702865
-72.9654270419851
-71.79832693503704
-60.14791008841712
-66.76936149597168
-66.13138842443004
-71.76968484651297
-62.97609819495119
-64.1365024697734
-56.48999522579834
-56.71398967504501
-66.54262558906339
-68.43487548828125
-57.94452980032656
-66.23126995936036
-70.68551770353224
-72.12484371336177
-58.80688939522952
-61.507091760635376
-70.70856750383973
-78.17559871822596
-68.19601655006409
-72.58571314811707
-55.444490829482675
-59.048396221594885
-77.699976824224
-77.27875071391463
-80.03442323580384
-78.65119099617004
-53.41446780550177
-53.00412504863925
-80.98240540921688
-89.53518629074097
-69.06056648958474
-75.83925485610962
-69.62410590983927
-71.58510687854141
-57.49603196512908
-56.323213486757595
-61.111552343703806
-75.99572499096394
-54.05027521122247
-53.110393239418045
-66.84486930072308
-71.57737445831299
-69.06732191238552
-70.95033199485624
-58.94276769226417
-73.32672742009163
-78.73831917345524
-76.68759727478027
-64.08499291539192
-70.70242810249329
-59.17274005804211
-62.33246052265167
-45.239895179256564
-43.23535115364939
-77.16649592667818
-83.47781431674957
-77.87843744456768
-75.04206460947171
-54.02936911105644
-54.66111007635482
-52.64366546040401
-59.35322168469429
-61.532187845907174
-61.73312318813987
-68.22250803327188
-76.0127272605896
-76.35449067875743
-75.20495469146408
-56.51107740402222
-64.1324608027935
-61.913674026727676
-65.01185591518879
-65.33848522091284
-66.32969070738181
-42.61803089117166
-40.4908614011365
-75.98891548693064
-84.07844623737037
-53.44491761131212
-56.24367628642358
-60.37316586577799
-63.52930180123076
-51.480095165083185
-52.943690300919116
-59.112162365345284
-60.181933142244816
-48.492755660554394
-47.30413419636898
-69.56708211754449
-70.31485231406987
-67.6247363819275
-67.76266712800134
-63.17785497644218
-62.81819965085015
-61.19501781463623
-66.53774104267359
-62.827023293823004
-71.47883462905884
-74.04692910145968
-85.83691620826721
-61.51687265757937
-66.49582750350237
-82.36591535666957
-82.98311686515808
-54.40504278396838
-49.446491073584184
-46.74461218446959
-44.6090021468699
-62.96753190155141
-62.972459614276886
-59.97588851413457
-61.91503275046125
-50.42510254867375
-54.28045423515141
-70.9321961698588
-73.46422354853712
-55.239291810488794
-67.34404447674751
-79.37420840188861
-87.62276285886765
-80.4418085492216
-91.09329843521118
-53.87632912956178
-56.76746706292033
-49.52492676349357
-52.1061343238689
-54.61611842364073
-55.04240692034364
-69.4595497827977
-72.31894508749247
-69.39843567740172
-72.17546880804002
-91.26827555894852
-100.26064234972
-61.7876725778915
-63.105406165122986
-88.25967626832426
-98.67224359512329
-63.33844726532698
-75.23953068256378
-61.623366843676195
-67.32493561506271
-68.00770704983734
-73.60708160890499
-68.61075001955032
-67.40400290489197
-62.72996699492796
-70.73304497078061
-51.158355601131916
-49.626352114311885
-58.731976454146206
-69.01668645441532
-67.58793196082115
-67.70769318938255
-70.1883503543213
-74.92270231246948
-73.69407700002193
-77.34469521045685
-58.80805038183462
-60.47114939102903
-62.98946874588728
-69.71696950122714
-65.59523873589933
-78.43628195673227
-58.96550902724266
-66.8332102894783
-68.89879639446735
-72.16488218307495
-58.48514415638056
-77.32533121109009
-66.07383423857391
-71.38473707437515
-62.88617925858125
-74.03767892345786
-67.29747450863943
-71.27657536417246
-78.7336949557066
-90.31157623976469
-68.1030257102102
-75.87882661819458
-64.94709464348853
-65.82989819254726
-63.15477320086211
-66.18211364001036
-54.38770842883969
-51.03033046796918
-55.46661548380507
-54.48950620321557
-75.23247195407748
-75.12707757949829
-58.440818619099446
-66.49204668402672
-75.31639667600393
-74.19514094002079
-79.26006729528308
-83.10739302635193
-60.78649416391272
-62.46483171649743
-65.07966838194989
-71.71907567977905
-62.03953812085092
-66.82468911260366
-54.241445146501064
-57.67743396759033
-58.286242397734895
-75.95711708068848
-78.04423162341118
-87.66008135676384
-77.73376672482118
-80.2924386812374
-67.00285396259278
-69.1829984197393
-49.23985205683857
-51.0064463224262
-75.99643038166687
-86.45108985900879
-63.451261206297204
-73.51405620574951
-77.77191129885614
-86.68856871128082
-52.08127897825034
-50.29294504132122
-63.837588758789934
-67.9522183224326
-45.91270305006765
-47.139623281313106
-57.04338885308243
-57.906339810811915
-55.10257337242365
-48.470348360948265
-63.01717420620844
-55.34846338105854
-58.151525842025876
-63.907493352890015
-77.41639760136604
-87.25966329500079
-71.85868582502007
-78.1082975952886
-81.97860775212757
-86.78287196159363
-53.60067157447338
-56.09429191611707
-54.025331262499094
-49.51954805850983
-75.5622911658138
-75.31125105451792
-55.336613218067214
-61.10238780337386
-59.039617041358724
-64.02288988698274
-81.18538708612323
-77.15172629989684
-52.4822284092661
-53.311439010780305
-77.21012551896274
-79.23785676434636
-68.68418463459238
-74.73301887046546
-59.271144101861864
-71.12704348564148
-77.18800043407828
-84.48110342025757
-65.08237131405622
-68.550392575562
-75.0421491432935
-75.83493895456195
-60.87515114620328
-69.28787738084793
-81.1360490322113
-76.46828542323783
-62.73874054849148
-68.62837308645248
-52.75904631614685
-56.09649437665939
-73.80227255448699
-78.23945808410645
-57.955974135547876
-69.12749600410461
-59.5667894941289
-58.70162653084844
-50.92415748385247
-52.71019765269011
-58.73756782943383
-62.86180815543048
-80.14719672501087
-79.21085453033447
-68.16143473237753
-64.34679114818573
-59.83223618194461
-76.21180221438408
-59.542721504112706
-73.19676375389099
-72.70414831512608
-85.04208707809448
-61.375259578228
-65.73428755998611
-70.69782324694097
-70.04518894758075
-60.41943495173473
-62.85885157168377
-65.81560054421425
-69.24058027681895
-87.79065322317183
-90.13071978092194
-69.1750392075628
-72.2130966305267
-49.741320539440494
-52.98408943472896
-63.43873092532158
-58.50317061250098
-72.10881440131925
-79.55593085289001
-71.36448011477478
-73.49845890526194
-57.62624161597341
-55.661355388117954
-80.97461026255041
-94.4581141024828
-47.505935669410974
-46.530372402630746
-74.4626229449641
-83.74588231742382
-68.31770349200815
-69.71311908797361
-71.74018937256187
-75.05772160494234
-56.670464335998986
-68.86847853660583
-64.26970719965175
-73.71497446298599
-48.737343771383166
-53.54647740791552
-67.96797958854586
-67.87828147411346
-58.920805263493094
-61.51556541211903
-60.20292194717331
-67.09752736147493
-65.79057717346586
-68.84998308308423
-65.04773649442359
-75.85271402075887
-70.32097644079477
-76.6751301586628
-60.63706351342262
-72.47076997160912
-62.829455761180725
-61.94057092134608
-50.75475353887305
-69.21419848501682
-52.77972156147007
-66.18684830144048
-68.70526613295078
-72.48083185125142
-82.93700074031949
-92.64068746566772
-79.05705856066197
-92.36021383106709
-74.08132053818554
-75.2265759613365
-65.97168737006723
-73.31952619552612
-65.03460450284183
-82.82847261428833
-49.90565379313193
-49.423028347082436
-80.74112903140485
-97.26918148994446
-64.1478914078325
-70.81639289855957
-51.27872321009636
-53.600227771210484
-62.619941213401034
-70.35124278068542
-49.94597748158412
-48.62849159818143
-56.928999287541956
-61.52920961007476
-57.66556651517749
-57.4007791033946
-58.08544876193628
-60.706920988857746
-66.3368119802326
-75.08979888260365
-72.88160168984905
-73.04449200886302
-81.4206993021071
-91.59985065460205
-69.94312556926161
-82.84100151062012
-71.65585060417652
-71.11500404402614
-75.29307002644055
-84.67100834846497
-52.11439178494038
-51.85525265173055
-69.92944833700312
-73.43835578439757
-61.93127942411229
-59.5738523658365
-51.28796951472759
-61.97235685586929
-55.36613600398414
-67.49968242645264
-62.90456249564886
-66.45431988791097
-63.688274160027504
-66.09983241278678
-74.98776804283261
-81.72175016999245
-59.57138603311614
-53.42452599387616
-77.0519675835967
-79.99903683294542
-77.16973042488098
-81.45430850982666
-62.487015726510435
-74.80257432162762
-66.92266627307981
-63.81315731641371
-50.80135980277555
-55.93943776236847
-58.02648249384947
-66.90230261906981
-77.2037143278867
-78.65275884605944
-51.91279236835544
-52.036204284988344
-56.49239063740242
-59.9766020005336
-54.62961220461875
-58.3932691863738
-66.74871346680447
-82.54516583681107
-73.88474616687745
-74.764381566667
-55.787435457110405
-53.93247891124338
-67.42204515496269
-71.36441520089284
-55.88975539733656
-62.93621788197197
-47.81992191099562
-53.204173907637596
-64.43422729583108
-67.08956900937483
-48.82495266199112
-57.66214610636234
-73.77206400036812
-75.61293522967026
-44.66422542743385
-44.087099094642326
-72.05562495067716
-73.41315340995789
-60.595256173983216
-59.59237862180453
-56.50543712824583
-56.406588544137776
-66.32153677940369
-82.90598273277283
-58.981865344409016
-59.42550726857735
-48.83406833000481
-50.512647615978494
-68.31798729090951
-76.07253074645996
-82.20279239490628
-87.31785535812378
-46.28610818833113
-47.85472292324994
-61.8909461684525
-63.91861515247729
-60.8455365288537
-61.29485512024257
-86.17503662034869
-86.60204029083252
-62.35170659003779
-76.03151944279671
-57.1679617613554
-54.126517615281045
-47.433639452792704
-46.823613937944174
-56.06115236040205
-54.482706755399704
-54.53799325495493
-55.41399796283804
-64.49694250896573
-81.09125113487244
-73.3646683525294
-74.3977599143982
-74.77163289673626
-79.30132746696472
-50.12774406641256
-49.55007405485958
-60.85134971886873
-70.29304075241089
-53.638394609093666
-61.38883101940155
-57.59241052798461
-57.84982476802543
-58.08749793143943
-58.60727493162267
-78.80741433714866
-86.3915011882782
-64.3796046115458
-64.06586278509349
-61.954053768888116
-66.48989961249754
-73.4386932849884
-73.24724340438843
-58.923372101038694
-58.420332390465774
-50.78133754897863
-51.894960542209446
-67.64878811314702
-80.11581134796143
-50.72135525406338
-50.58605429530144
-82.04194492858369
-87.72111439704895
-60.458294324576855
-63.13484443165362
-65.21774325706065
-59.68147650023457
-59.373843546025455
-68.21523571014404
-61.88665375858545
-71.86303353309631
-67.32949749042746
-69.13250935182441
-55.82392432074994
-55.73443068214692
-47.100053128786385
-45.889154656324536
-64.08470862917602
-68.00968614965677
-54.66218633882818
-54.60223582852632
-81.06115866079926
-91.40814319252968
-64.3610755354166
-65.39471069257706
-60.986027096863836
-62.984411327168345
-63.837224036455154
-64.81852197647095
-58.661609759088606
-62.51782958395779
-62.877154282294214
-71.43654306232929
-76.31614757142961
-84.35779666900635
-53.34832023642957
-68.56012353301048
-45.845144825056195
-45.79001514846459
-52.55991901620291
-62.740633487701416
-58.56673448299989
-66.2372179031372
-64.94185975939035
-72.41002750396729
-68.65404517948627
-73.15135452151299
-62.93473434334737
-61.74724364280701
-72.37548178073484
-78.46933174133301
-58.664275761693716
-60.71560335950926
-57.71347655891441
-59.52681571058929
-66.95706346537918
-64.93504228722304
-73.8900046478957
-89.9122681170702
-54.753011455759406
-56.350203681737185
-65.2737629506737
-61.8101360630244
-58.57309708185494
-57.607437211088836
-77.03906274586916
-87.07428932189941
-72.08493986353278
-74.17342638969421
-66.08955566119403
-68.47753169178031
-49.73907348327339
-50.94075783714652
-74.34444331750274
-72.28946582181379
-58.586400136351585
-57.9762111492455
-64.01933403802104
-71.17673262953758
-69.95111045613885
-72.61963669391116
-66.90421395469457
-63.97320735454559
-72.60246655717492
-79.63569974899292
-66.45852283854038
-62.14920406509191
-60.97454212559387
-62.99143485724926
-66.09735168889165
-64.19119217258412
-63.39810686837882
-67.37791919708252
-68.17389742232626
-66.1814897529548
-62.60018477815902
-62.80257484409958
-72.96425653994083
-76.58848561346531
-57.766807266976684
-61.08356665598694
-68.96679573412985
-67.51538368081674
-55.818911580136046
-57.42246087314561
-65.03185916738585
-74.51880812644958
-71.61360069876537
-74.21464214054868
-46.846092232503
-47.36183848977089
-71.7748442068696
-69.33201967866626
-65.10349475592375
-70.85657459869981
-71.37880569696426
-77.40576386451721
-77.2166914511472
-82.32901340909302
-69.64853090047836
-80.47171413898468
-80.36764583783224
-83.34862762677949
-46.53507301409263
-46.93775968486443
-52.96985824697185
-51.0817304009106
-56.00857686623931
-58.60759541392326
-59.67697039444465
-58.51972150802612
-50.92501428502146
-49.115145878400654
-54.861852740403265
-56.95478354161605
-75.52025933563709
-79.3801498413086
-70.40451399609447
-83.63724198937416
-56.294344482943416
-60.97399729862809
-60.87541348335799
-63.989037432766054
-67.71512457123026
-69.71045312250499
-66.22001696261577
-77.11774921417236
-60.8482424300164
-63.02249286789447
-54.51899306289852
-64.76391363143921
-70.89520720392466
-73.27441948652267
-73.58370015397668
-89.81245517730713
-48.09177827119129
-47.56651701731607
-60.27297308505513
-63.165926474379376
-69.8654570877552
-80.73859740793705
-66.58678018162027
-71.65441682934761
-64.38321016763803
-70.77588220406324
-51.79266755725257
-53.32827476924285
-74.07526889070868
-75.61903364956379
-70.91272311657667
-86.02146102488041
-68.41247226664564
-65.17419569706544
-47.10743950307369
-50.75539219821803
-46.68399190157652
-44.80783078307286
-59.830713099217974
-61.67718873755075
-51.77212360681733
-52.915707532316446
-58.780189318582416
-65.8052479880862
-64.52815787843429
-73.6758434176445
-73.04360958049074
-68.22659285052214
-70.57991769909859
-80.99486565589905
-56.15546121564694
-57.64282509870827
-55.78628567069245
-54.105980397202075
-59.61562950909138
-59.63652171817375
-74.43681047856808
-75.70229458808899
-64.30688485503197
-71.14538013935089
-68.70104234642349
-78.26197031140327
-70.83917558082612
-73.41336473170668
-66.57045567012392
-75.55223369598389
-94.703221259173
-96.2243287563324
-59.891515627503395
-64.5417255833745
-67.13846149866004
-63.369742723647505
-75.18838001252152
-76.1121140839532
-56.48271677643061
-56.79163279279601
-57.56179017852992
-56.61473332555033
-59.29269584454596
-58.79034924507141
-51.33005913347006
-54.48031893884763
-60.04451900720596
-61.875760450959206
-74.6017421700526
-86.00527930259705
-64.01404686272144
-61.08860895037651
-74.2520560324192
-73.49409055709839
-65.26529921591282
-73.61993512511253
-65.88075277209282
-60.802896095498
-58.82508796453476
-59.24437168985605
-68.0617918795906
-77.17254209518433
-74.41410847008228
-80.9026255607605
-58.80985112860799
-59.26829753792845
-66.3696604615543
-73.5548654794693
-79.36683185887523
-78.6793617811054
-69.01762101519853
-85.32717747986317
-67.30255456175655
-70.51157534867525
-46.93143033050001
-46.077764865825884
-69.48970456421375
-67.75480971112847
-64.79315183404833
-69.80139063298702
-55.82133932132274
-57.63923241943121
-56.21588186407462
-57.728292108746246
-58.76189745008014
-68.1274802684784
-64.83317437395453
-70.90664673573337
-47.599749411514495
-47.7616459451383
-57.22314414783614
-60.635952120646834
-49.3334048576653
-52.06465479498729
-74.45652958721621
-81.97638714313507
-60.848982172552496
-55.39767060405575
-69.23453197535127
-73.02234282443533
-79.9539802800864
-87.74152827262878
-81.17022978514433
-88.51524138450623
-79.30588770657778
-84.74419420957565
-56.764423575252295
-54.19073083467083
-62.54665080178529
-77.5115737915039
-64.24982627364807
-68.22788105532527
-57.13695665448904
-56.23207968077622
-65.95479938108474
-82.11896276473999
-69.42412976361811
-73.29766583442688
-60.06603218524833
-58.40261495689629
-55.80998723313678
-56.70917913451558
-59.01005051843822
-64.91353910043836
-68.51537894457579
-76.20753502845764
-61.053699754178524
-64.61378121376038
-69.22025017626584
-74.43746781349182
-61.408717774786055
-66.95505835302174
-68.96442428091541
-73.9784956300864
-66.66572252823971
-69.8336700797081
-59.334490254404955
-59.330375409685075
-71.25208198442124
-81.64960055053234
-75.36465032631531
-77.31765541154891
-50.07939119217917
-49.94622968090698
-79.01411065552384
-82.56151656247675
-88.83012861013412
-93.54091835021973
-63.195603266358376
-74.1177551150322
-52.9099726244458
-55.446820544078946
-71.72527166549116
-81.97691315412521
-71.07938989251852
-67.83351151063107
-79.06099700182676
-82.44265557080507
-61.57303944975138
-69.51426115632057
-70.24674597731791
-69.83558694424573
-66.40377232176252
-72.35942998481914
-74.69251761585474
-83.79105025529861
-55.97906561708078
-61.507113451254554
-56.687292229617015
-62.17664697766304
-50.15075127966702
-51.39541249908507
-47.99961346422788
-49.398021219763905
-56.835185423493385
-55.82818678067997
-60.456178959226236
-68.35025596618652
-55.59443265851587
-59.26151868700981
-81.47390810004435
-77.73494658060372
-64.51210917474236
-68.19013867713511
-65.97476239642128
-71.43984001874924
-82.81300999224186
-85.45037364959717
-51.12044209241867
-56.01548168063164
-55.98751766607165
-58.73716225079261
-61.17743551847525
-60.06060836731922
-64.97688003000803
-68.88243863731623
-55.41371148545295
-60.32867170218378
-65.26580275094602
-67.28613471030258
-66.54501399281435
-78.5296483039856
-53.54063073184807
-55.447787472978234
-64.11282055359334
-69.68938419781625
-63.12947695684852
-63.2724374383688
-73.52205029013567
-93.24009323120117
-59.57505882601254
-58.73148959502578
-72.72968195786234
-86.18574424088001
-64.51399715710431
-69.06182576343417
-68.81703297048807
-69.39475235238206
-50.01854541938519
-48.36088206060231
-66.71405776031315
-65.81085914152209
-72.86527269519866
-72.79969114682171
-75.4909136928618
-79.07468992844224
-67.84406974283047
-77.74174118041992
-62.18613175302744
-70.88234259188175
-72.28254014346749
-77.21327776496764
-44.498241767054424
-47.658033637329936
-61.13311284268275
-59.112503896001726
-60.52909648208879
-71.37180036306381
-54.70052201766521
-66.35203409194946
-62.69086587638594
-65.7934293281287
-58.50954518746585
-60.140072292415425
-61.37136797985295
-63.78940106113441
-62.43328058719635
-66.08547788858414
-80.94136998383328
-86.965795872733
-64.65116485138424
-71.27172514703125
-59.20099446013046
-65.07036912674084
-58.01077153463848
-58.398178458213806
-60.77833348826971
-62.734363286639564
-61.98761236295104
-61.74063142482191
-58.93344568088651
-58.409210422541946
-48.946517484029755
-47.41669584438205
-75.2979600992985
-84.8386935191229
-67.06007082387805
-71.36250340938568
-73.90391150047071
-79.88531218841672
-65.01557911932468
-66.27000918891281
-65.84755578637123
-69.25183218717575
-71.97166099346941
-70.9268917418085
-69.77611981332302
-75.91094359639101
-57.228116447106004
-58.95801019389182
-58.47074014763348
-59.66678506298922
-62.396280113607645
-61.031035423628055
-59.80812686425634
-71.62756311893463
-65.04319492424838
-65.44394036091398
-68.1330361738801
-73.97189283370972
-63.928636968135834
-63.44160223228391
-72.5137916165404
-78.64578986167908
-58.45062202215195
-69.38118147850037
-66.27084167313296
-72.22398383915424
-56.345374200027436
-58.50014833145542
-79.87318409979343
-77.40490834019147
-61.171666270529386
-61.862286946736276
-57.02860970236361
-66.38546907901764
-57.702588962216396
-56.72997459117323
-54.93286616995465
-56.70341699011624
-58.23599364468828
-57.79612164804712
-60.23918729275465
-55.17412219149992
-68.42905849218369
-71.31129755289294
-65.98196405827184
-68.7602027571993
-53.54366792854853
-57.38057726621628
-67.2065647887066
-68.47562559694052
-67.82513188640587
-70.83084378344938
-52.31761197489686
-51.61236388515681
-68.5530345417792
-66.61120816180483
-58.952436347841285
-74.33469969034195
-53.598667869344354
-50.78633778297808
-43.81319300108589
-44.752323985798284
-56.27545168437064
-55.23877467075363
-67.31871724501252
-66.13509904081002
-53.02573784827837
-60.07562252879143
-67.22241383604705
-74.95337915420532
-58.97132106125355
-61.46207583404612
-74.28241779282689
-77.27859497070312
-52.27456200122833
-60.721186481416225
-67.66146470839158
-67.19183066475671
-51.0470419623889
-52.314025530125946
-72.73244326701388
-76.22386360168457
-54.27263990067877
-61.232179403305054
-74.83686424046755
-87.17852592468262
-64.71254719095305
-64.50565679045394
-63.11744101520162
-64.97837637970224
-60.08729375060648
-64.48914837837219
-47.870081171393394
-49.218849890865386
-63.769066722132266
-70.43445309251547
-61.18082132493146
-55.359304052079096
-50.08984818751924
-55.66391122341156
-43.20497505366802
-43.266538565047085
-62.42741364752874
-71.94936084747314
-65.68524488247931
-69.21387243270874
-54.756084401975386
-60.33987283706665
-52.63125260476954
-55.1739035542123
-59.55718766711652
-61.24253599718213
-58.761002574756276
-67.98942911624908
-80.4954321969999
-87.4076018333435
-73.30764527386054
-77.73430367861874
-83.54601195035502
-86.25595140457153
-59.324259186629206
-73.08853244781494
-51.79012541472912
-62.70419156551361
-55.68809449672699
-53.84127306379378
-74.97846797527745
-79.04958838224411
-64.09178242087364
-77.69331297278404
-54.20060472935438
-60.58921208977699
-53.97815554297995
-69.51344016194344
-53.4283474622207
-52.05495233274996
-53.06003212952055
-53.87496995925903
-68.4573936611414
-68.98952955426648
-71.32627636194229
-81.36508011817932
-60.075523861683905
-71.59794606268406
-55.97407470084727
-67.00736377388239
-62.08895584056154
-67.98514366149902
-77.12368202954531
-76.2601415591198
-76.85134156793356
-94.17440271377563
-74.33345211995766
-74.81908944342285
-54.17503111646511
-76.52028608322144
-72.59123474359512
-82.09845113754272
-70.70453294785693
-84.73374652862549
-65.67857809085399
-74.45536589622498
-78.9751408342272
-75.56085606105626
-48.08674820000306
-47.879731566179544
-70.83274991903454
-81.14235012233257
-79.04206685349345
-92.3367247581482
-51.97773037664592
-57.96257555484772
-66.42001172248274
-72.44606239162385
-53.028716238215566
-55.189509915187955
-51.261042944854125
-50.309771659143735
-64.58724112901837
-70.71812629699707
-52.700589161366224
-49.456871058326215
-55.92579077417031
-51.41842505754903
-65.86802280833945
-65.30126001872122
-68.39285998698324
-64.38788954494521
-51.963416075275745
-54.60744419635739
-53.97579688951373
-58.51600018888712
-75.97266789898276
-70.4198157787323
-75.86761477589607
-83.56060495972633
-46.946032049134374
-44.79384114872664
-57.00925710424781
-64.10565738379955
-53.402068556286395
-52.61536324908957
-60.17374777025543
-61.24117521522567
-69.04972087801434
-81.35009431443177
-72.12121705338359
-78.86255240440369
-76.88992282748222
-90.91817426681519
-70.80262300558388
-74.65509367163759
-75.56059707980603
-89.37147596478462
-65.05381028819829
-69.58797666430473
-76.21397832874209
-81.84153097867966
-61.09266800255864
-60.11595259408932
-63.23372372260201
-63.26873485650867
-87.79178101848811
-91.63939833641052
-60.50615708925761
-58.46887390012853
-77.67498594382778
-75.59585109859472
-58.345898274565116
-57.125551577075385
-70.93984476663172
-77.12341213226318
-63.577677462715656
-72.04680371284485
-60.994886574102566
-70.36574482917786
-74.20254172571003
-81.30743715167046
-69.11161347990856
-74.982466340065
-69.58841719594784
-68.59613233793061
-58.24432823481038
-56.449954591691494
-59.83662191964686
-61.47291439049877
-73.76992507558316
-81.48037314414978
-61.97088959161192
-63.355080563167576
-61.91310715954751
-65.19678055262193
-62.111140340333804
-76.56504119373858
-67.65639978926629
-75.57931327819824
-70.81278076861054
-72.84581794292899
-61.08484140597284
-67.58187268162146
-55.42725277505815
-61.71496517956257
-58.53707678557839
-57.35093428113032
-58.47915737982839
-67.10321831703186
-71.0234076527413
-71.38843549811281
-55.55027720495127
-65.58510720729828
-49.61735509059508
-48.165428036940284
-61.318087691790424
-63.09247749298811
-78.6615324318409
-89.41298168152571
-60.31694050319493
-79.00085487961769
-59.376690151169896
-71.94349877536297
-65.95132434181869
-69.4575684517622
-67.20667279697955
-84.96785998344421
-52.37816460989416
-63.470008343458176
-70.9510418176651
-70.90271692164242
-62.42235395987518
-63.186329594347626
-79.45772690977901
-88.89111113548279
-59.9379293883685
-59.102851553820074
-74.75826240237802
-82.42373058199883
-77.99802483757958
-76.08992452692473
-70.30983300833032
-72.18166632892098
-56.899157501757145
-63.628294944763184
-72.44030266441405
-81.01482421532273
-58.45162448519841
-58.085490996716544
-87.78847390413284
-84.838427901268
-63.47053438727744
-66.93455791473389
-68.42298779747216
-69.10584605316399
-68.28778192563914
-66.90751392953098
-55.19699000020046
-60.378136932849884
-58.1834644904593
-54.183992949547246
-53.61118530575186
-61.12031799554825
-45.79093654220924
-50.290202922187746
-55.34532339940779
-57.179248386994004
-59.59961123694666
-57.867097980342805
-68.80508225935046
-79.22259990405291
-73.51552285155049
-74.80601619556546
-71.02050977852196
-78.22451876383275
-75.97245470248163
-75.57534428208601
-63.74097626470029
-69.14937504791305
-67.9575764122419
-67.25294145056978
-64.89466340772924
-65.47294955083635
-62.43071537872311
-71.62297729030252
-62.22202967200428
-69.13155925273895
-71.28988386609126
-75.47399958968163
-58.72776314825751
-71.69441270828247
-74.23886356269941
-80.47193217277527
-79.65548306051642
-74.42132642562501
-59.28126821969636
-71.05856513977051
-78.47180196642876
-77.06564792228164
-70.10169059038162
-68.4982643276453
-62.6408896073699
-76.89743614196777
-78.2433239147067
-86.56691288948059
-66.97920345515013
-72.68006962537766
-61.3809674307704
-62.64866796589922
-62.32924358546734
-63.69025025772862
-78.19778050482273
-83.90280371904373
-52.19226085275295
-47.05807095579803
-72.12801883043721
-68.61697883717716
-65.9825404016301
-64.62528980034404
-46.810927374637686
-46.68295766506344
-88.08926027268171
-90.32006096839905
-58.880830921116285
-68.14515954256058
-68.84570468962193
-64.63463984674308
-70.34888241207227
-70.18445988622261
-57.8395895743306
-57.159697198774666
-63.612463956698775
-63.81490644812584
-59.14383578777779
-72.04650223255157
-74.74482071772218
-71.35256110224873
-68.99375198036432
-82.56988334655762
-56.88465615405585
-56.55143412621692
-56.56957671913551
-66.02604489773512
-46.64523687912151
-43.77285376098007
-74.50712727755308
-76.15913726433064
-54.58763862773776
-55.54730440676212
-64.96281928941607
-65.90528126328718
-51.48324790596962
-50.994213783182204
-63.99246032722294
-72.35948438942432
-59.24310535212862
-64.87410318851471
-69.78665412543342
-82.00229740142822
-73.06398148834705
-82.07918739318848
-61.57703311368823
-61.87110924720764
-51.68905850476585
-48.50698495094548
-64.02759294584394
-65.87196400412358
-50.670192138291895
-47.015909403562546
-68.23394116701093
-73.3085170048289
-66.8267112527974
-70.673639472574
-87.09740326087922
-91.89749026298523
-79.6517836600542
-88.6984715461731
-54.66233575716615
-47.254850791650824
-55.13770881202072
-50.31425715237856
-62.27044534916058
-66.42034921562299
-87.61022478342056
-94.65307641029358
-56.06391854782123
-62.87185124121606
-63.03530766861513
-66.16518017579801
-62.739883343921974
-75.143057346344
-59.65745869092643
-63.902635514736176
-60.945841670036316
-58.412510903552175
-72.84660257026553
-80.82348084449768
-84.23007743433118
-88.98743748664856
-72.15579840063583
-76.59060025215149
-64.67462924262509
-67.66437542438507
-47.56297095306218
-44.06691435404355
-71.27365654101595
-79.20630986551987
-55.63012834970141
-54.74365330126602
-58.675012159510516
-63.508646799833514
-59.745468205423094
-73.9179060459137
-77.85778511315584
-75.64388633193448
-91.09756078571081
-91.5277886390686
-52.60141457989812
-63.195403061807156
-62.470302268862724
-71.01688593626022
-52.99697430036031
-56.970931109040976
-57.30184047669172
-60.66286723909434
-54.06350380717777
-55.41892952378839
-61.024725311785005
-59.06707543088123
-79.40050433622673
-83.834543466568
-70.06075589358807
-80.08951377868652
-65.65824714303017
-72.65640591084957
-59.3767783541698
-59.47978854179382
-54.99072271503974
-57.360373073024675
-77.64536039356608
-76.97466784715652
-47.5717359991977
-50.07023791177198
-49.720930924639106
-49.97079687565565
-49.84177601142437
-53.19394930731505
-69.9575378911104
-70.26149901369354
-68.75139292282984
-78.82864409685135
-72.93699682410806
-79.17337334156036
-52.8519154440437
-51.861346698366106
-75.22649449203163
-81.30026626586914
-70.27227050997317
-76.57319927215576
-63.383597830310464
-72.93469899892807
-55.96208814159036
-57.61659815302119
-68.25503591902088
-73.45728206634521
-55.55087309144437
-69.44273898005486
-51.97457061428577
-54.8846620535478
-65.3664967144141
-86.66930294036865
-71.23399633262306
-80.0008430480957
-55.99256000248715
-60.324475176632404
-58.45486856283969
-59.19412131421268
-61.86725422553718
-63.49010989430826
-56.80764224939048
-62.86874783039093
-74.83991895895451
-80.48624284006655
-58.360026367008686
-57.72447677468881
-57.69904807489365
-72.11162865161896
-63.0146630522795
-62.68036505719647
-51.89588860049844
-51.801476801978424
-65.86159609816968
-64.30461032298626
-72.68634838052094
-83.53734469413757
-76.1981605887413
-76.41134106274694
-61.27807755023241
-57.40203527145786
-67.77219163929112
-76.93471003975719
-73.90874686464667
-84.76385617256165
-73.59962339780759
-69.26381030469202
-74.63930363475811
-81.48039464186877
-46.8904067389667
-44.97699498478323
-53.71586572704837
-61.92594790458679
-66.5129788145423
-73.72142767906189
-59.72108695888892
-69.07002073526382
-49.91615979745984
-49.18842352181673
-63.26431219931692
-66.89352403953671
-77.33082327060401
-86.30100321769714
-63.78761946409941
-64.13514442183077
-61.5144681786187
-70.4276589602232
-47.059989035711624
-47.58956439746544
-63.834009231533855
-58.22048375871964
-47.87202955922112
-44.333229957846925
-73.394288422307
-81.33237707614899
-71.51889050006866
-75.15463447570801
-55.592265632003546
-55.16382980090566
-57.96316237654537
-58.172195449471474
-56.95949880965054
-56.4271356863901
-52.11222228244878
-55.371302698215004
-72.21037334948778
-74.93564036372118
-63.015026773908176
-64.15902566118166
-67.55834405869246
-85.02294683456421
-63.18317756894976
-72.0887668132782
-68.34684976539575
-69.2652771336725
-65.2742523625493
-69.59844708442688
-73.63860798603855
-75.28397188097006
-49.12551562394947
-61.13470536470413
-62.97737225377932
-63.514522342942655
-61.67588934674859
-61.898178520496
-41.425735070806695
-39.293269434943795
-60.181032673455775
-67.14746809005737
-50.37063174974173
-50.630685119656846
-54.137376096099615
-52.89035043399781
-65.20513284113258
-73.08282631635666
-73.85150807537138
-83.60769414901733
-71.95294170081615
-79.64327609539032
-69.15313512086868
-82.43998003005981
-35.28982407134026
-33.78355802188162
-59.908435435034335
-59.86982521507889
-73.93323463876732
-81.62274061143398
-73.08904532412998
-68.8781272652559
-64.06027936376631
-70.85971346497536
-85.52519783237949
-90.92087972164154
-64.20776454824954
-66.68455037521198
-65.02008380321786
-76.2425728738308
-55.956105570236105
-56.19690892554354
-78.84418629552238
-94.23203319311142
-67.20792046189308
-74.81489989161491
-61.27538036182523
-67.47983636567369
-56.39733347296715
-56.74017970717978
-60.99533519335091
-71.56528568267822
-51.09526480361819
-56.95086678862572
-85.4972951116506
-91.49248042702675
-62.15156561310869
-61.43175461888313
-53.01726202457212
-53.196281765936874
-44.368602154776454
-49.42603383027017
-58.006084059365094
-56.37115812848788
-61.14387340284884
-60.29468170594191
-66.90756242536008
-67.92939890339039
-64.14504781458527
-71.24222686514258
-66.53808078181464
-66.10947275161743
-71.27551654051058
-69.81883773219306
-60.194506232161075
-60.22615390748251
-61.03564710880164
-58.653666507452726
-41.9623739188537
-40.8557867500931
-78.41021856106818
-82.52784752845764
-76.0530502051115
-82.98374766111374
-64.1370720214909
-65.53570314415265
-66.2261001332663
-75.77775904443115
-60.60556610964704
-62.56704103667289
-78.09314373729285
-81.84697477519512
-53.23454981553368
-61.24284681677818
-60.712552219163626
-61.03557638823986
-53.238292934183846
-52.88142669363879
-65.24212567973882
-64.23923034442123
-47.16745215281844
-47.236670984653756
-67.62846378982067
-73.60672502219677
-59.948098354041576
-71.2297382503748
-88.59946428681724
-86.03714019677136
-64.15486858226359
-76.70156240463257
-54.416361583862454
-52.82914016023278
-52.45285707979929
-52.71350360021461
-58.75769860111177
-62.15653466503136
-54.725965578109026
-52.20865372766275
-68.3121760673821
-74.27821904420853
-67.72090960131027
-71.18825540307444
-60.12290162779391
-68.5371213555336
-44.51502222495037
-41.21196436230093
-63.210861161351204
-67.26019205508055
-57.051761805661954
-60.50147046195343
-61.29558838903904
-59.904348877753364
-70.2884116396308
-66.4771171011962
-77.47958246804774
-78.0120717723621
-72.04128427710384
-72.55415453831665
-58.058251206588466
-62.31317150592804
-80.66006484790705
-82.83469730615616
-65.86229442083277
-69.0802902111318
-64.55137188732624
-69.93913173675537
-69.08405798301101
-67.540321893699
-67.3612054027617
-79.41981095075607
-48.440922539448366
-47.6202785987407
-74.36223321966827
-74.0652608689852
-63.22942218184471
-63.5980933191604
-68.91479766275734
-72.63364028930664
-64.85063379257917
-60.15417267149314
-73.82115830481052
-77.65564767504111
-62.64640209873323
-72.73157578799874
-68.1283681562636
-69.64092660462484
-65.06376090506092
-70.73958031833172
-59.86912620277144
-57.53872451093048
-54.44672811590135
-63.01382660865784
-83.35295440722257
-84.22076940536499
-70.67031955253333
-80.45198435336351
-63.220431964844465
-64.13422469282523
-56.86500171944499
-54.89726329292171
-53.520296772010624
-56.45328624919057
-67.02815294312313
-76.44016098976135
-59.00661704689264
-61.18766038864851
-58.66283596865833
-61.60569926671451
-45.80774686392397
-43.97517146752216
-72.1853272325825
-73.26419323217124
-59.74725563300308
-71.37726692855358
-59.22151961969212
-73.52252531051636
-59.6647806155961
-71.38776856660843
-56.01521046902053
-60.00886337272823
-70.37709430512041
-71.29426300601335
-55.966466665267944
-52.76665943674743
-49.088646673131734
-57.40725763887167
-85.15824614651501
-83.29321626841556
-40.33170138951391
-38.223574690986425
-63.21574695408344
-64.52837061882019
-75.51356569677591
-77.82841050624847
-60.52955859899521
-71.14451265335083
-68.35625285282731
-77.28494930267334
-44.563167096464895
-48.21481526270509
-62.680535754188895
-61.72902549567516
-78.53212271165103
-82.50182550773025
-58.45778580242768
-58.15259864847758
-54.989722944796085
-54.63415881036781
-76.11299730837345
-80.69548627443146
-63.53885335918312
-62.00650168326683
-71.83666138537228
-73.29369135037996
-55.18157868087292
-57.13615157082677
-70.21293159283232
-73.69410434598103
-62.72884449828416
-59.716423872858286
-58.10724176093936
-61.12758207321167
-63.016950781457126
-65.42550377640873
-71.3736032396555
-68.74680007222923
-58.93499771179631
-60.69617094332352
-57.262375779479044
-57.50337921269238
-66.5744390290929
-71.00935006001964
-47.063105722889304
-46.834367417148314
-74.79031804949045
-71.90026623010635
-69.17702553165145
-70.78140978520969
-59.43944193376228
-66.21665859222412
-67.87541614938527
-69.7459774017334
-52.18518601870164
-45.70854017138481
-65.56938832206652
-82.11526155471802
-66.78381775831804
-67.32182848724187
-59.78520457306877
-58.13840095256455
-70.99903818592429
-75.50024581921753
-53.87530955520924
-55.67229239549488
-58.95974105835194
-59.942103116220096
-58.2510228343308
-65.18212962150574
-45.26432921458036
-45.49895031377673
-55.37746480386704
-61.396478484384716
-62.70655159361195
-69.12886444665492
-64.07372808456421
-68.17387388180941
-42.03338556736708
-41.76447709463537
-67.76572377234697
-74.51501661539078
-66.25509106251411
-69.46149054169655
-65.44272750616074
-66.91238788468763
-65.6749374542851
-67.94654622487724
-56.932206045778
-55.094270126952324
-56.28552484093234
-55.37875473499298
-56.33272016164847
-56.80057335738093
-72.43215218000114
-74.07757329940796
-58.71220067888498
-63.66236001253128
-61.418573101604125
-62.79525954675046
-60.086422071792185
-60.537472368218005
-50.69486817717552
-51.9475633900729
-60.6618425976485
-70.92813110351562
-47.524680565460585
-48.06894913921133
-69.02070867316797
-73.61498212418519
-57.3772928112885
-69.05278086662292
-67.9145080158487
-66.64181291137356
-64.21851475536823
-76.85126367211342
-74.62890924606472
-75.05782641842961
-64.60424040840007
-64.11420130357146
-78.21651321981335
-78.11931391851977
-61.784212219528854
-61.943328437861055
-68.57840741053224
-74.53138493187726
-66.56196426437236
-65.44695137778763
-55.79714015685022
-60.75600337982178
-58.307872543577105
-55.11403973773122
-72.7943918062374
-67.71982644841773
-61.23344940278912
-59.923087251372635
-69.98900327086449
-72.40049617737532
-62.99302772991359
-71.89320629835129
-59.51101116091013
-67.51968157291412
-66.82671365048736
-64.26196843385696
-64.37216971744783
-64.92086743889377
-59.99407993161003
-59.2852344752755
-52.024166176095605
-49.39003624115139
-53.7460852554068
-50.65620759973535
-75.32935141677444
-87.52409398555756
-72.60955035884399
-73.67139740352286
-50.98208655510098
-54.05824557971209
-54.8975328579545
-55.228313682600856
-71.49396572355181
-75.84897303581238
-73.08512753807008
-77.53102040290833
-69.80168391298503
-65.61945409432519
-73.88111160695553
-81.22915410995483
-53.863333536777645
-52.05390793271363
-60.83418420818634
-58.212139214156196
-45.28389269113541
-41.88136185728945
-55.867919641314074
-56.44479373283684
-71.81112551689148
-77.28088319301605
-58.98213176988065
-71.87808455526829
-78.07963959919289
-78.68852754635736
-59.86027938127518
-62.04485299717635
-64.66250226181
-63.12964549206663
-63.085397340357304
-67.78638041811064
-49.61797208088683
-48.00668484158814
-78.09121483564377
-78.49015939235687
-84.79114899033448
-82.73192596435547
-65.3538377713412
-62.203754342044704
-70.94844065787038
-79.43746137619019
-58.60888503585011
-60.99983137170784
-53.98807353246957
-50.91377374762669
-67.48800736665726
-70.91855370998383
-52.99216919753235
-53.150520933791995
-68.4922228679061
-77.84314846992493
-72.5953231304884
-75.1287292689085
-61.87066529178992
-72.98971798084676
-50.33357670903206
-62.51724097132683
-77.58771536871791
-84.58119812607765
-68.14901383966208
-79.34245336055756
-54.409849265997764
-53.692504114471376
-59.86163668893278
-53.16582285705954
-73.32086566090584
-79.48669528961182
-80.01118101924658
-85.38303589820862
-58.228233761154115
-68.0995888710022
-70.61524522677064
-74.6740403175354
-72.62809327244759
-79.92538154125214
-65.48669130029157
-81.46651655435562
-59.602466935291886
-60.813185109291226
-56.99253108724952
-54.94984860625118
-68.01143354095984
-68.53589938068762
-80.14751866552979
-83.2645508768037
-68.00556782260537
-71.16037848498672
-47.99929903680459
-48.065273217856884
-66.97175981965847
-69.00056059937924
-68.29505465039983
-79.5189379453659
-51.92075779126026
-57.44390094280243
-60.57234041392803
-63.30299332598224
-50.08816672395915
-50.49260448850691
-68.01766348257661
-77.67696809768677
-55.4804169110721
-55.97813003696501
-63.92921993555501
-67.47806798189413
-65.93075599463191
-75.08438205718994
-67.01653515174985
-72.76464581489563
-78.92723830323666
-89.48043918609619
-72.30700898915529
-73.51647959440015
-65.66740906704217
-65.92349447496235
-56.082270146813244
-62.61490258574486
-57.13320454955101
-63.19074545241892
-54.344324531033635
-60.13396370410919
-51.857894882559776
-58.97042889147997
-60.77361103147268
-61.39111784682609
-49.83540740609169
-54.820417024195194
-51.29257251002127
-53.747053515166044
-63.95688424259424
-73.40314650535583
-75.42638299241662
-77.89797792339232
-62.47441183865885
-61.95910998858744
-66.97142354298558
-68.14518023771234
-54.162017934489995
-57.833145395619795
-75.04725191183388
-77.83790802955627
-65.52110565919429
-65.50945331249386
-84.76768257236108
-88.47848892211914
-58.0627837725915
-55.21991997025907
-65.39150166418403
-65.04006826155819
-48.748193382285535
-48.64902102202177
-52.39707107527647
-49.708537172409706
-69.7485792436637
-82.90545599162579
-68.96656920015812
-75.2385733127594
-51.33452567830682
-52.661022305488586
-60.15026616782416
-58.80104563012719
-80.6367547493428
-79.88310777954757
-43.50292008474935
-43.41846980154514
-67.85214175283909
-74.31182038784027
-64.46976594626904
-65.86131770233624
-57.61632129526697
-59.875635623931885
-54.85313709266484
-48.70835508662276
-71.13040899066254
-77.2764847278595
-59.7039624650497
-69.31028957664967
-57.2746695112437
-75.43580198287964
-59.836462550927536
-61.31191736459732
-59.74104767339304
-61.46258636121638
-58.56578333314974
-57.07912177068647
-63.146085298620164
-71.62105271592736
-72.23474575183354
-74.35192883014679
-62.62336816266179
-61.65527227614075
-45.346361693227664
-42.833010307047516
-53.42771707428619
-50.723617066047154
-70.3771215089364
-70.36311388015747
-79.07363836467266
-91.00455662608147
-61.128078661859035
-61.415120703633875
-51.82839608681388
-51.28358861315064
-55.53628250584006
-58.623748894780874
-68.64085488667479
-68.33629896212369
-63.44874276872724
-65.56243239401374
-63.74954407662153
-64.11957222456113
-68.335598571226
-78.63821941614151
-72.61732826381922
-76.4089150428772
-79.07051771273836
-87.37542402744293
-61.99624772579409
-63.58002477744594
-62.75780579762068
-63.16439401032403
-78.97849605651572
-82.9499197602272
-71.64690113067627
-73.69466590881348
-46.906299632042646
-47.7592349331826
-62.02063863351941
-75.52030128240585
-58.75924569601193
-72.91999644041061
-66.77544802613556
-61.198442994849756
-58.570803727954626
-70.22425889968872
-60.45137596735731
-61.65523682371713
-58.62100105790887
-57.97366269584745
-56.056850033812225
-56.84103793697432
-66.60406418191269
-69.36017537117004
-65.12883746018633
-72.02720941766165
-67.55393229424953
-62.96730574214598
-74.07324695121497
-72.19466575531987
-58.593327736482024
-60.59499330818653
-54.85823665373027
-54.05184081592597
-63.47296368703246
-66.21659127291059
-49.71846802299842
-50.22927627898753
-66.8070878055878
-68.90174442250282
-61.27487961575389
-62.69839852536097
-59.88140235398896
-70.69969725608826
-53.40654954354977
-48.97414447495248
-69.44836226478219
-70.15710841037799
-91.53763539902866
-91.25345301628113
-68.1107274889946
-65.76886565145105
-64.77967124583665
-69.18929350376129
-62.13035160116851
-67.3620220720768
-83.9472522190772
-90.5222520828247
-70.14415709860623
-80.59338855743408
-53.333627661690116
-51.88693333789706
-71.90861847624183
-75.60713121062145
-61.74040858943772
-60.534315527649596
-63.97806026414037
-64.5350578520447
-65.57383302319795
-71.57884708791971
-57.95468355549383
-54.69029873237014
-50.01419615279883
-50.531547287944704
-68.76751010399312
-73.59421491622925
-59.91902336664498
-58.165815784363076
-59.65266994200647
-59.45877336221747
-57.287232778035104
-63.56720303208567
-59.06338270008564
-61.8336297031492
-74.61054274812341
-80.06411552429199
-64.98836615681648
-63.33551297173835
-72.49751085042953
-79.09555876255035
-61.38857921108138
-65.36785162519664
-72.60421576385852
-81.02722501754761
-70.09318784903735
-71.31286370754242
-63.66404547262937
-71.4484338760376
-67.58228707127273
-81.08313763141632
-70.90984082384966
-74.51811861991882
-65.79749754443765
-68.48673009872437
-66.8767126686871
-74.44136798381805
-82.20994370989501
-93.95407342910767
-69.66665787994862
-71.57635641098022
-50.08765619760379
-50.45440771849826
-65.6014105528593
-66.05263297678903
-62.77334929071367
-64.26007975358516
-57.420178547501564
-73.25278636813164
-60.86645522993058
-74.29862022399902
-47.59756522811949
-45.27281359862536
-62.07773058814928
-65.07100021513179
-72.66471086838283
-85.51306104660034
-62.083052164292894
-71.5963966846466
-68.97622957787826
-71.45578933227807
-66.76298454107018
-65.72456234693527
-53.679154333192855
-55.48827821016312
-51.49986366630765
-52.14799752202816
-65.37860098434612
-71.07729530334473
-77.5397278261371
-82.82717704772949
-56.8397123683244
-61.67593936622143
-71.32423622097122
-73.3915046164766
-67.14060282707214
-71.05541259702295
-60.328356048092246
-73.55831769108772
-53.064687110483646
-50.14402199094184
-53.121517985418905
-57.72262787818909
-51.63670026839827
-48.19450519129168
-52.19522703695111
-61.69863271713257
-78.79342394415289
-81.74803590774536
-65.67804036347661
-66.95850999001414
-74.99233007244766
-74.16573286801577
-59.244699561968446
-75.04743480682373
-61.5464134067297
-61.126971944526304
-74.58379631489515
-75.20503962028306
-69.48184864688665
-68.09397505410016
-54.81343256728724
-67.7903810441494
-54.70590023417026
-49.817847413301934
-75.85339633235708
-82.6950181722641
-66.38386136014014
-67.45328867342323
-61.61341083329171
-72.0830363035202
-66.62711027264595
-75.41292119026184
-50.674803733825684
-54.132676020264626
-79.00710285422974
-85.37483334541321
-61.58980332361534
-59.81819166522473
-53.71688714250922
-59.28968559205532
-60.18012039898895
-62.100848734378815
-53.3990032710135
-53.516820173710585
-65.51090338546783
-69.56346225738525
-66.27345261711162
-64.09231849573553
-62.72572915814817
-79.73645949363708
-46.28939287154935
-44.752850803080946
-58.565912413876504
-58.72132335975766
-60.84176154105808
-60.29044628422707
-67.95759595185518
-69.46985430666246
-82.84472921863198
-88.0430736541748
-65.57843809062615
-65.76802904088981
-64.18775340367574
-80.16453039646149
-49.736452736891806
-55.353735625743866
-67.78614430129528
-71.40771907172166
-42.355883314157836
-42.63397195143625
-59.4194576498121
-56.84439833118813
-56.759542748332024
-58.06993222236633
-45.00897301296936
-46.53945385478437
-51.90905864711385
-69.95948360441253
-49.78212807420641
-47.6976794260554
-78.25960594415665
-86.97249031066895
-61.646367678418756
-60.186078610713594
-59.765712690365035
-64.96355772577226
-60.92625357210636
-55.64839220046997
-71.60153204202652
-76.61838364601135
-74.41273079812527
-70.02411237359047
-64.47609136952087
-68.95746005605906
-62.084855751367286
-62.76572141202632
-75.77430392848328
-77.24595423135906
-52.66789736226201
-54.40097654610872
-55.37412760040024
-62.52027839166112
-62.13420843851054
-55.66560655226931
-54.452478483784944
-52.25079835578799
-49.58192496828269
-51.56598433712497
-72.23160441592336
-75.42463689879514
-78.23444890696555
-90.64055609703064
-58.579474055441096
-62.11432223441079
-53.666324000805616
-64.51843623444438
-63.50128638371825
-77.87096834182739
-84.28677422553301
-85.07618635555264
-66.25600372068584
-72.58863162994385
-80.54910177306738
-78.69918666320154
-63.14289285801351
-70.50010013580322
-54.51553117763251
-64.4584540873766
-58.05708247795701
-55.78953948710114
-74.78605582378805
-81.61424779891968
-60.89183935523033
-58.35733362287283
-64.00078080943786
-65.88626438658684
-69.11067062028451
-67.84040227346122
-52.5511751989834
-60.75906977057457
-53.58701490378007
-61.46150368452072
-49.83686297206441
-47.81959974579513
-73.67660355009139
-75.1630944989156
-59.275637194514275
-60.88198475271929
-74.8454037392512
-72.33658103318885
-65.59975533816032
-71.4154257774353
-52.68873184372205
-50.00159733986948
-67.21106186998077
-81.07910966873169
-46.40443721902557
-46.1637779250741
-44.09410712579847
-40.86635547853075
-58.6978749553673
-61.79216986754909
-69.80649269418791
-76.5977255627513
-82.72740912437439
-87.03422117233276
-63.15783641021699
-59.1862680320628
-78.8101896289736
-78.65592316974653
-76.94526694715023
-87.8772292137146
-67.8611138407141
-74.80550771951675
-66.11990480683744
-67.1100964024663
-61.75912708090618
-75.25096940994263
-64.4827635367401
-73.36348770558834
-58.76035176787991
-56.49179350864142
-65.92294166237116
-61.78202343638986
-85.91811818256974
-101.46841096878052
-48.5084258429124
-62.272338569164276
-51.775436617434025
-46.81677615456283
-54.258666368667036
-51.81519414088689
-81.65459485445172
-88.26784014701843
-64.64535208046436
-75.85961163789034
-61.43972336873412
-65.5443760920316
-66.978559974581
-66.65040165185928
-65.2724731315393
-66.51364470459521
-54.81101947563002
-57.589515978936106
-56.0819077398628
-55.769669129513204
-55.83714561164379
-53.69411808135919
-71.006567822129
-72.07707087276503
-64.47512525692582
-64.9722558259964
-64.0202425129246
-57.179566543432884
-54.31853175815195
-56.39861810870934
-85.81710506556556
-94.6370952129364
-56.66536090988666
-53.69407163615688
-62.24846959952265
-64.24789925385267
-64.18329252651893
-67.80577200371772
-58.78053389664274
-58.89810903870966
-67.31860784068704
-69.1343832622515
-66.56348924920894
-66.18809826637153
-58.52693404722959
-66.964314178098
-75.01499503478408
-83.57364630699158
-65.75735959573649
-63.41296452283859
-68.83771531144157
-65.21787165896967
-73.96298219251912
-74.8380919941701
-41.921962925000116
-41.463642708957195
-68.8875947673805
-68.53229046007618
-68.9066266824957
-67.96156051405706
-63.16968660475686
-61.77840240322985
-73.9809443645645
-69.88181907031685
-57.82592913554981
-64.62557243183255
-76.49001268018037
-80.45647766441107
-67.80688073160127
-65.68409481225535
-75.96474529686384
-79.37977373600006
-57.69377374940086
-71.93300895392895
-80.04085795674473
-93.3813111782074
-56.71716255415231
-57.227360213175416
-65.48508080188185
-72.91052749752998
-56.938350323121995
-66.25659251213074
-61.98889137431979
-75.96940565109253
-78.10592967271805
-77.52743554115295
-53.33963296073489
-52.46386107063154
-60.444179531536065
-59.896597942803055
-67.8361273042392
-73.0921311378479
-62.0946185386274
-64.59726035129279
-60.85684337839484
-57.32114232075401
-56.98586427792907
-58.20750745316036
-57.50508158537559
-62.604085294064134
-56.31866456847638
-63.51719045639038
-69.28437666385435
-63.2549303144915
-72.46466378867626
-68.54553864710033
-68.73908525053412
-74.41158819198608
-54.91673900478054
-71.22225852264091
-54.81084861094132
-57.681114179082215
-55.43733183853328
-58.37176570750307
-56.271647102432325
-64.77749240398407
-59.55409758351743
-70.00833685696125
-56.64332331344485
-53.286001503583975
-56.95889982348308
-68.67323064804077
-77.62626566551626
-85.68767809867859
-66.67774885566905
-73.0464870929718
-73.65436087362468
-77.73212194442749
-59.24264478543773
-62.40251158142928
-83.92778821336105
-89.10324788093567
-60.38452276494354
-57.4927298957482
-73.44963278144132
-79.90359257598175
-48.47463641571812
-51.31646293960512
-74.19731898605824
-80.71835041046143
-53.12218700937228
-51.73539159540087
-55.062407191842794
-71.88986349105835
-65.65675057284534
-64.03824205248384
-54.71597674849909
-59.15229679085314
-60.97607004502788
-68.24516177177429
-64.80228882699157
-68.95534382254118
-75.71054046880454
-80.77259939350188
-63.93705515470356
-62.19221962732263
-74.69690692058066
-72.7405053449329
-61.513440748210996
-63.98338917118963
-73.85026174876839
-74.11592596076662
-62.420520457904786
-72.39576816558838
-78.15516304038465
-84.07744528353214
-66.64407077431679
-64.46536111086607
-63.80286463635275
-67.93964918190613
-60.51962364418432
-73.92032670974731
-78.75640745740384
-85.38383507728577
-80.41033497173339
-85.68409466743469
-52.40691590635106
-52.95535051985644
-48.37987506517675
-47.06724471389316
-57.97610296588391
-57.284526348114014
-69.64322379045188
-79.40324933826923
-64.23829507641494
-63.75729940645397
-49.44981550742523
-50.57998504699208
-70.00589056848548
-68.71293872070964
-65.49247267190367
-64.31834851880558
-51.56820578686893
-50.28651636000723
-60.415614986326545
-62.89312701439485
-69.81126589491032
-80.77759885787964
-57.67144404602004
-70.52346956729889
-74.68617108091712
-87.65741711854935
-58.62973852455616
-70.77770611643791
-75.36516273324378
-76.06257673166692
-68.92621123418212
-76.0604754537344
-74.79483639262617
-83.63008213043213
-49.58657932514325
-51.60653538443148
-61.66412567452062
-68.31287837028503
-72.39476040750742
-81.90069198608398
-67.32099094055593
-80.31837172806263
-74.9397921722848
-75.71598547627218
-47.41838648542762
-43.83393987850286
-85.41197835281491
-96.2908182144165
-54.26080484158592
-60.98614299297333
-72.17123017460108
-76.88991484045982
-55.18323554727249
-57.50755397044122
-50.64898542477749
-59.39428997039795
-59.474869502242655
-60.51050157105783
-57.1889075729996
-56.91102162981406
-49.95335022371728
-48.54477447795216
-62.225882863625884
-81.00875583291054
-48.43455815501511
-50.05936289206147
-52.25475128553808
-54.13707557023736
-45.45731675787829
-46.27153539471328
-72.40376781020314
-76.1283974647522
-55.56441225390881
-52.17234740406275
-66.8751075718319
-74.60915592312813
-51.92585432063788
-55.48223563656211
-65.7619310724549
-74.81631938181818
-56.49326580311754
-60.097233295440674
-72.15996802970767
-85.14452123641968
-53.68527689576149
-50.27106317412108
-72.79099392378703
-69.81496512889862
-64.54509083274752
-63.62836435530335
-66.37363275699317
-73.80037605762482
-63.65477884165011
-73.72920894622803
-74.93087647110224
-74.22842215010314
-56.9799957734067
-71.88097143173218
-79.98276856914163
-73.21690534148365
-56.687898214149754
-62.271791927865706
-73.88916542520747
-77.84262487012893
-57.937360559473746
-65.90744972229004
-47.161786837736145
-46.769438946736045
-62.52826861804351
-65.94733183161588
-58.88275640597567
-57.13603965379298
-55.93602452467894
-58.553175796289
-62.13623666763306
-60.3736779774772
-61.809268871787935
-75.92534077167511
-75.6801202390343
-83.16617646813393
-54.666619850322604
-62.31019067764282
-71.01238328963518
-77.58704471588135
-69.59942179825157
-75.87168937921524
-59.776945636142045
-58.066317063290626
-65.60841372329742
-76.80242729187012
-60.96658364147879
-68.05908226966858
-61.03267950168811
-62.059331631753594
-64.5305978297256
-63.75725384056568
-64.75604811497033
-60.81944096554071
-70.5720866760239
-68.71064531803131
-64.82788138836622
-72.5125503540039
-78.8194854259491
-75.17862439155579
-62.54591681272723
-76.1504340171814
-58.99418870918453
-67.9931755065918
-60.75379377804347
-57.68560936697759
-52.43643127847463
-53.2897460446693
-71.79685865249485
-86.54206228256226
-59.662548589054495
-61.56693154247478
-80.06150691024959
-84.89489042758942
-58.273519600741565
-61.33974942099303
-71.96079199505039
-68.50551632419229
-78.3402844928205
-84.06458854675293
-57.190239826217294
-55.69945361837745
-70.7548587936908
-79.44867944717407
-59.16369231697172
-62.43463722663
-61.67951859347522
-70.99156779050827
-43.334867276251316
-41.68943032808602
-48.73918974399567
-45.477993979118764
-70.5372478319332
-67.9513948271051
-65.036179556977
-65.86370272282511
-61.773081504157744
-74.7170621920377
-64.49889609892853
-66.20966230053455
-73.16104559414089
-76.50999280391261
-72.28911092877388
-71.37551945808809
-58.313708836212754
-64.36751985549927
-76.18611813616008
-78.41859332472086
-84.6333270794712
-91.14685320854187
-64.28961107134819
-59.056531100999564
-74.3782500596717
-90.22477499768138
-64.87091092485934
-62.25932000670582
-68.14194583147764
-76.67387065291405
-85.5587974418886
-96.19642996788025
-67.4423864101991
-70.13659407198429
-69.76558481529355
-81.76855427026749
-68.90581129491329
-74.38983897864819
-72.39806391950697
-79.81014473736286
-55.28867764538154
-59.85736298561096
-57.629848927259445
-61.47257336974144
-77.03314909990877
-80.1295823417604
-58.27420088555664
-65.34532260894775
-65.90067099966109
-65.59311763662845
-73.19162045652047
-80.90676422417164
-56.82103174505755
-65.54053092002869
-64.17888279259205
-72.27722454071045
-61.87685708049685
-63.66026298049837
-68.91259424900636
-64.88540916854981
-61.88298830273561
-65.30257542303298
-57.395573433022946
-64.56201419234276
-54.736442752182484
-57.72596767079085
-63.362142683705315
-62.689113983884454
-59.99346642159799
-61.362832540180534
-64.55125362053514
-67.84743201732635
-72.92517106141895
-76.38542452210095
-62.873203456401825
-73.78403846174479
-80.29735891614109
-86.92387247085571
-47.59140227496391
-48.39171695371624
-57.298988251481205
-62.05222451686859
-56.0480045019649
-53.75515450723469
-60.637915248051286
-71.77381646260619
-53.7211419402156
-58.34055316471495
-70.75259552896023
-77.40734849870205
-73.90541837643832
-76.69584688195027
-66.31917014555074
-72.30545425415039
-72.37640627520159
-79.52449071290903
-64.51754850440193
-74.07881188392639
-87.81256753345951
-89.31536355800927
-90.49186927964911
-87.13975644111633
-63.93172363936901
-71.55824211984873
-62.84621993172914
-61.55236542224884
-56.95733196847141
-55.28407969046384
-59.71258195233531
-55.601186542538926
-62.88414107169956
-74.40160456299782
-63.13571920857066
-66.50705864286283
-75.60642218508292
-93.28601264953613
-63.50313322618604
-69.53068445296958
-61.178304847329855
-59.059895008802414
-53.43506192881614
-54.348644031677395
-63.91894377954304
-77.54700070619583
-62.02509183622897
-65.55603528372012
-72.11642298294464
-79.60042024590075
-64.1645728200674
-62.82462260132888
-66.11284832947422
-69.00819606333971
-62.28459001088049
-61.46420036582276
-70.88475874671713
-72.23871122207493
-56.0689692851156
-67.50821447372437
-59.84426819905639
-60.25423642992973
-62.42794529441744
-65.14113903976977
-64.12503169476986
-66.3568474680651
-46.47132926853374
-49.23084678174928
-57.20110027701594
-59.841755509376526
-40.01299780223053
-36.4538764951285
-72.72883842082229
-82.93653365038335
-55.76111294422299
-54.323151914868504
-63.502927837340394
-63.10070500272559
-63.40802112594247
-76.95306368172169
-54.516561299795285
-55.14363378402777
-80.62983443029225
-88.8971675336361
-64.76643218868412
-75.48476672172546
-63.94249115139246
-62.77334550314117
-64.7091927533038
-69.50788988848217
-58.686855021398515
-64.07609295845032
-49.4119604616717
-51.21253610122949
-61.19560184562579
-63.342845467850566
-63.12427186407149
-62.663722931349184
-55.60236001841258
-57.9628800759092
-62.795054341549985
-70.10373377799988
-66.58732950687408
-68.06200236082077
-61.33368302229792
-71.84665894508362
-50.623579723760486
-54.03716157702729
-62.47156652598642
-70.36578270792961
-60.08231592248194
-66.26639874465764
-67.38829706190154
-78.9382255077362
-67.63199818879366
-69.32035760208964
-54.948764553293586
-59.354452252388
-69.6736853485927
-79.61418690625578
-72.73485829122365
-70.27557368087582
-59.8035526353633
-66.25330920424312
-56.44679359183647
-55.08620960218832
-66.31675259070471
-69.87217955384403
-55.48107177671045
-69.43670085072517
-63.14872518274933
-68.52156363823451
-67.58075295668095
-66.16952222585678
-59.49896280281246
-66.33732843399048
-60.74645305424929
-62.031787395477295
-68.74785579741001
-76.00980257987976
-89.38148480653763
-94.01805114746094
-58.79555072475341
-57.01516910782084
-56.40517842397094
-52.06286535318941
-49.186226991936564
-47.17801768518984
-67.17809980417951
-70.54579147615004
-55.201469992054626
-56.26778216660023
-56.60829444078263
-56.953863755683415
-78.33346837945282
-81.09929418563843
-50.50432254560292
-51.76786309015006
-58.6506037551444
-56.81906283600256
-65.66961262281984
-72.41210848093033
-67.89862482529134
-69.85563993640244
-67.4369729142636
-74.27951526641846
-55.93537015977199
-61.58756040036678
-60.03908720612526
-74.54726268351078
-75.12756612896919
-88.56654357910156
-61.773641085252166
-70.38334029912949
-78.47389361169189
-79.44648717402015
-54.29493617831031
-54.879585108719766
-56.04904024442658
-60.53751751035452
-54.7357838396274
-56.714324813336134
-61.9531513893744
-65.61489759245887
-50.97512009879574
-49.6994774248451
-65.10153164435178
-67.65505148842931
-61.41600473533617
-58.13547374121845
-49.88335226709023
-50.80100066587329
-67.34723379090428
-74.58518135547638
-59.86513807764277
-63.4192715131212
-68.20388889638707
-73.62570066004992
-59.9928212761879
-65.22952748835087
-57.42858198331669
-65.36590838432312
-46.92084326897748
-47.63406864949502
-53.648662083782256
-54.297209397889674
-70.95669716107659
-77.37501192092896
-57.34813790302724
-59.02265112940222
-62.87305901385844
-58.59054899169132
-59.32182926253881
-60.86898017098429
-53.71376135951141
-54.057814817875624
-48.07884302781895
-43.808372319093905
-61.537750486284494
-66.6430846452713
-59.152210703119636
-64.56240916252136
-57.569880190712865
-60.24581978842616
-62.572254598897416
-61.02191352657974
-55.51297259493731
-58.841970190405846
-57.72129203402437
-69.00338852405548
-66.87953054346144
-69.41576270619407
-62.70755821681814
-59.57012464501895
-61.25199248827994
-63.19294533971697
-55.75634136045119
-54.411580935819075
-55.222924051689915
-59.021236362401396
-67.97791426256299
-64.03584599494934
-50.30723556736484
-49.552479586564004
-62.19786589080468
-63.14145151455887
-73.04775634407997
-80.14440363645554
-66.35695088841021
-67.14659197628498
-54.50150877877604
-52.59453650267096
-80.9461287278682
-79.59997517266311
-58.78043967299163
-68.34171891212463
-55.6190184596926
-63.15123771131039
-63.77917060256004
-65.60380187258124
-64.72662834450603
-78.29795968532562
-49.11641235045681
-50.22824290650897
-58.856569178402424
-64.43259861133993
-57.31502584181726
-63.632798350881785
-48.81375713041052
-53.336608946323395
-78.78299449197948
-82.3960952758789
-60.61385252978653
-63.54198598861694
-71.36986635252833
-77.04216837882996
-60.24898818414658
-65.33523739874363
-52.935769827105105
-55.8156755133532
-51.67313557304442
-52.31984607502818
-52.51805651374161
-51.971000373363495
-49.74667507736012
-56.132098972797394
-63.71110532199964
-73.58063805103302
-75.4810142974602
-70.30873185244855
-52.58102009515278
-55.689674239605665
-67.23136951797642
-70.80341132543981
-58.15203245508019
-66.55781555175781
-66.89520340878516
-78.76188516616821
-67.97936953324825
-69.33095192350447
-82.30875671235844
-81.89146208460443
-57.69696888886392
-63.16678595542908
-53.026187299750745
-52.90603766171262
-62.134106140816584
-64.27947710873559
-60.50424280925654
-64.77381029445678
-62.30169121874496
-71.41268837451935
-83.18140901532024
-89.83164596557617
-80.86078733205795
-82.36097192764282
-76.63032473484054
-72.55714597553015
-61.168869220651686
-68.5052433013916
-63.77744650491513
-60.72396077774465
-53.45626314706169
-63.8476676940918
-59.59212487889454
-59.76683053094894
-77.81118068657815
-89.94968557357788
-69.54794258065522
-69.5262142176507
-67.50354808941483
-70.95795741677284
-70.01760419091443
-72.64131859689951
-63.92043288098648
-68.70864111604169
-57.1345931527394
-58.927089508622885
-59.09328240645118
-59.77908906294033
-65.65741665195674
-72.50520420074463
-67.67513931635767
-76.81032490730286
-67.47502419981174
-68.59082113392651
-66.96727430773899
-72.1123708486557
-75.94106801692396
-82.37998867034912
-82.04150473163463
-85.7848448753357
-64.31641838140786
-60.4544413278345
-77.67833870835602
-71.31856310367584
-60.21097393031232
-74.5189098417759
-56.51527560967952
-52.675535473041236
-60.14351491024718
-59.2707855431363
-68.93532813666388
-67.12892228015698
-63.547405083081685
-73.82952928543091
-56.41029767598957
-67.47943830490112
-82.61869149655104
-94.22662210464478
-65.73357860581018
-77.74470925331116
-49.202061272153514
-54.829123705625534
-63.94169933255762
-72.4620802924037
-69.75423536449671
-79.41562753915787
-47.65035562927369
-46.05904985032976
-78.48712517879903
-83.97394037246704
-65.9390864316374
-70.37194347381592
-68.40182549506426
-75.30481818597764
-64.85211502574384
-72.75091433525085
-80.70964207255747
-87.03496593236923
-50.53794443933293
-53.84704949893057
-53.59801738895476
-54.08695135649759
-54.091722934274
-52.17033763928339
-58.587001806590706
-61.88439131248742
-61.66669348347932
-66.03830871731043
-61.31525506300386
-73.33002534508705
-72.31206427817233
-75.25632170913741
-56.69217976712389
-56.03317738545593
-80.25234344229102
-86.24489530920982
-73.77682120585814
-79.35610270500183
-64.448621109128
-75.67442321777344
-59.807923780870624
-60.76261898269877
-64.94419595599174
-65.91043815313606
-64.05449540936388
-56.97032749047503
-74.23290564585477
-83.1348839700222
-79.94393026828766
-80.22958564758301
-57.31289175641723
-56.742810460273176
-51.63205670262687
-48.59616704471409
-64.32728244614555
-60.40816900017671
-47.90518018743023
-47.85024949349463
-60.394249541219324
-57.51205504138488
-59.92216141661629
-59.21064776368439
-55.43575465399772
-53.573921559611335
-75.23458908870816
-76.31061974389013
-74.88857118785381
-83.19547057151794
-68.75215767766349
-79.1749176979065