0.01980317197740078
0.06048889085650444
0.03877292200922966
0.06638775020837784
0.05374501273036003
0.11358876526355743
0.05945592001080513
0.054472606629133224
0.06366543471813202
0.04772644862532616
0.028546947985887527
0.03675844147801399
0.02098049782216549
0.04358756169676781
0.05594123154878616
0.02403135597705841
0.08930166810750961
0.03552372008562088
0.16307340562343597
0.04193323105573654
0.143219992518425
0.04589543491601944
0.128973588347435
0.05527515336871147
0.07148371636867523
0.026737278327345848
0.11662671715021133
0.0568791925907135
0.05835714563727379
0.01593351736664772
0.11001348495483398
0.041816022247076035
0.17304962873458862
0.04081953689455986
0.23412375152111053
0.07411995530128479
0.1995958387851715
0.08213060349225998
0.1201305016875267
0.046709008514881134
0.12357568740844727
0.03748941048979759
0.022363221272826195
0.07048522680997849
0.04318484291434288
0.0744086354970932
0.055850159376859665
0.11503114551305771
0.06652332842350006
0.09130127727985382
0.07631896436214447
0.07544248551130295
0.038478054106235504
0.04949529096484184
0.014745363965630531
0.06886207312345505
0.015931149944663048
0.02058088220655918
0.09130432456731796
0.07632996886968613
0.16991683840751648
0.15873102843761444
0.38089630007743835
0.1288374960422516
0.28454574942588806
0.09678703546524048
0.10100781172513962
0.054917868226766586
0.1786874681711197
0.2507093846797943
0.0617624931037426
0.030219266191124916
0.08933594077825546
0.0662512481212616
0.1593845933675766
0.10427588224411011
0.14327745139598846
0.1924513429403305
0.12510903179645538
0.1306144893169403
0.06382519006729126
0.052094172686338425
0.21032099425792694
0.1232234463095665
0.0548650324344635
0.029919380322098732
0.18713635206222534
0.08089947700500488
0.23369567096233368
0.14923124015331268
0.18986749649047852
0.1633172482252121
0.167679101228714
0.10963984578847885
0.10335605591535568
0.050787609070539474
0.18276731669902802
0.12566640973091125
0.019757775589823723
0.03795453533530235
0.10706434398889542
0.18585340678691864
0.23351307213306427
0.2684866189956665
0.2798309326171875
0.1446617692708969
0.19305968284606934
0.12177660316228867
0.08709679543972015
0.07361996173858643
0.15842024981975555
0.19091320037841797
0.014874808490276337
0.05216733366250992
0.019930727779865265
0.17108407616615295
0.037709545344114304
0.21861636638641357
0.03575696796178818
0.18242913484573364
0.025353390723466873
0.13910917937755585
0.023761576041579247
0.10858903080224991
0.04738451540470123
0.11737560480833054
0.0534885935485363
0.014429214410483837
0.1087457686662674
0.015330943278968334
0.12696956098079681
0.01913559064269066
0.1323230266571045
0.022317949682474136
0.10237683355808258
0.01794048398733139
0.08475696295499802
0.018366729840636253
0.09496040642261505
0.07991514354944229
0.03440138325095177
0.01296094711869955
0.12632976472377777
0.013978622853755951
0.13797608017921448
0.025181958451867104
0.09319683164358139
0.021607453003525734
0.06106448918581009
0.01577301137149334
0.058517731726169586
0.016876062378287315
0.07094565778970718
0.030143368989229202
0.014744612388312817
0.04045596718788147
0.020004412159323692
0.20529985427856445
0.02472621202468872
0.18541085720062256
0.02442345954477787
0.15330646932125092
0.017863748595118523
0.10082143545150757
0.020336510613560677
0.10192977637052536
0.03790627047419548
0.0762944221496582
0.010809916071593761
0.024955861270427704
0.0641554668545723
0.15863916277885437
0.09029514342546463
0.18186335265636444
0.12571582198143005
0.2837531566619873
0.14412999153137207
0.2649259567260742
0.028857816010713577
0.06620098650455475
0.16880428791046143
0.2828446924686432
0.03223513066768646
0.01643708162009716
0.13191667199134827
0.059395577758550644
0.12291166931390762
0.05752837657928467
0.21873711049556732
0.0823465883731842
0.2170380800962448
0.10878971964120865
0.05962764844298363
0.03500336781144142
0.2394418567419052
0.14725513756275177
0.042897969484329224
0.016465380787849426
0.15997257828712463
0.11006420850753784
0.18738311529159546
0.11483407020568848
0.3105483055114746
0.1381799429655075
0.28991642594337463
0.18440786004066467
0.1022147685289383
0.0648648664355278
0.1916125863790512
0.10832023620605469
0.014763153158128262
0.03776727244257927
0.13275174796581268
0.21047237515449524
0.16374053061008453
0.2429555207490921
0.17756377160549164
0.2956423759460449
0.18344847857952118
0.2760342061519623
0.040552787482738495
0.10144659131765366
0.22136370837688446
0.32228994369506836
0.01234161201864481
0.017417501658201218
0.04380945488810539
0.10767894983291626
0.0886494442820549
0.24647699296474457
0.07641016691923141
0.11732061952352524
0.049284543842077255
0.13884012401103973
0.02912108041346073
0.056610412895679474
0.044645752757787704
0.17504718899726868
0.03209498152136803
0.01781047135591507
0.042440373450517654
0.025385115295648575
0.08139221370220184
0.021156618371605873
0.09351978451013565
0.04838154464960098
0.07135823369026184
0.02420998178422451
0.044939491897821426
0.01679675653576851
0.09537532925605774
0.05194777250289917
0.040170300751924515
0.02065952867269516
0.0402604341506958
0.02504432015120983
0.06672205030918121
0.022971732541918755
0.06561660766601562
0.027405738830566406
0.06455831974744797
0.017844796180725098
0.04214354231953621
0.016894882544875145
0.05355058237910271
0.020775804296135902
0.010631236247718334
0.02263314463198185
0.021338028833270073
0.08099233359098434
0.0406130775809288
0.16247275471687317
0.03433173522353172
0.07516506314277649
0.02306216023862362
0.11242315918207169
0.019732819870114326
0.04542769119143486
0.025905370712280273
0.07970066368579865
0.01600298471748829
0.009563863277435303
0.012602611444890499
0.01860644482076168
0.018799632787704468
0.06765689700841904
0.057995833456516266
0.0782129243016243
0.030380168929696083
0.04403586685657501
0.025458214804530144
0.01857009343802929
0.07678952068090439
0.04377109929919243
0.015064080245792866
0.01474851556122303
0.025676175951957703
0.018260600045323372
0.05511730536818504
0.02682141400873661
0.05794956907629967
0.030652401968836784
0.028826678171753883
0.01761554554104805
0.01863917149603367
0.02115616761147976
0.08706642687320709
0.07923084497451782
0.013678747229278088
0.013811643235385418
0.0340498611330986
0.025149250403046608
0.07304495573043823
0.046749621629714966
0.046825867146253586
0.0346619114279747
0.023766685277223587
0.02050301432609558
0.018609164282679558
0.02132262848317623
0.06905823200941086
0.06629394739866257
0.017527930438518524
0.010317342355847359
0.018157299607992172
0.02369033731520176
0.027595842257142067
0.05710403993725777
0.04726880416274071
0.04749474674463272
0.027053792029619217
0.021483933553099632
0.02224070392549038
0.014639151282608509
0.11265390366315842
0.03724357485771179
0.018312504515051842
0.01713303104043007
0.005670962855219841
0.018338585272431374
0.009449006989598274
0.02787030301988125
0.017262084409594536
0.027409840375185013
0.01600067876279354
0.02137277089059353
0.010443435981869698
0.02002396248281002
0.050471335649490356
0.05902719497680664
0.04144345968961716
0.038712579756975174
0.011294867843389511
0.003957503940910101
0.034098606556653976
0.009136934764683247
0.018069211393594742
0.008129957132041454
0.013994860462844372
0.0061221434734761715
0.017832765355706215
0.006246499717235565
0.08050579577684402
0.09560831636190414
0.03246430680155754
0.023961106315255165
0.020823920145630836
0.004865613766014576
0.054961301386356354
0.012734131887555122
0.018496073782444
0.007100375834852457
0.0146204624325037
0.006135866977274418
0.01856907270848751
0.007870390079915524
0.05619256570935249
0.031065229326486588
0.016690095886588097
0.015195316635072231
0.006251506041735411
0.038381900638341904
0.009311888366937637
0.043959569185972214
0.009661423042416573
0.014944300055503845
0.008924717083573341
0.013310670852661133
0.00828959234058857
0.01594126783311367
0.03432252258062363
0.05191780999302864
0.007952086627483368
0.061174292117357254
0.011228732764720917
0.15049660205841064
0.02579846791923046
0.2551064193248749
0.04548374563455582
0.28912606835365295
0.03035200946033001
0.21678368747234344
0.029508644714951515
0.16343918442726135
0.046460144221782684
0.12597523629665375
0.10641485452651978
0.00973733700811863
0.2170802354812622
0.013460871763527393
0.20434577763080597
0.01993420347571373
0.3649338185787201
0.03417804464697838
0.3014872968196869
0.022538242861628532
0.2388691008090973
0.020429307594895363
0.16496364772319794
0.06404878944158554
0.12033548206090927
0.01131073385477066
0.21308718621730804
0.013916033320128918
0.1730172485113144
0.031188804656267166
0.3993944227695465
0.04065617918968201
0.3309195339679718
0.030621681362390518
0.2336444854736328
0.026892298832535744
0.1317075788974762
0.04834795370697975
0.0073903584852814674
0.09425000846385956
0.01219739019870758
0.21855361759662628
0.03750045970082283
0.299688458442688
0.05779418349266052
0.31654617190361023
0.04037274792790413
0.2298671007156372
0.03751279041171074
0.16571401059627533
0.059840258210897446
0.12413573265075684
0.006752630230039358
0.013319400139153004
0.03663553297519684
0.03310719132423401
0.08241312950849533
0.04800012335181236
0.05735088512301445
0.027065038681030273
0.04035325348377228
0.021765751764178276
0.024288123473525047
0.019105276092886925
0.20014631748199463
0.09048616886138916
0.025896022096276283
0.01308505143970251
0.05842708423733711
0.0711153969168663
0.059042561799287796
0.192489892244339
0.0624212883412838
0.04110649600625038
0.04322918877005577
0.03360696882009506
0.04217637702822685
0.019800201058387756
0.1464378386735916
0.2863169312477112
0.01634238101541996
0.01133651938289404
0.05048138648271561
0.08406945317983627
0.047608304768800735
0.09071461111307144
0.04301723465323448
0.03287292644381523
0.03145816549658775
0.030586982145905495
0.021407393738627434
0.015079999342560768
0.07573037594556808
0.18541906774044037
0.008161984384059906
0.013465982861816883
0.06718649715185165
0.041971683502197266
0.07986998558044434
0.03883340209722519
0.02678801119327545
0.021325914189219475
0.01745365560054779
0.016847727820277214
0.015563005581498146
0.020603805780410767
0.059454698115587234
0.037845756858587265
0.01018453948199749
0.05108344182372093
0.029616376385092735
0.10797712951898575
0.05330687388777733
0.2166861742734909
0.056772150099277496
0.302616685628891
0.047765571624040604
0.19615790247917175
0.01354172546416521
0.06711790710687637
0.052181608974933624
0.3696221113204956
0.04868093132972717
0.01109567191451788
0.07741665095090866
0.03230743482708931
0.13058845698833466
0.04826698452234268
0.26699480414390564
0.040906697511672974
0.20897947251796722
0.03596505522727966
0.10622099786996841
0.018776435405015945
0.2252586930990219
0.04955929145216942
0.04666785150766373
0.010095070116221905
0.08895623683929443
0.027623368427157402
0.1273748278617859
0.05100777745246887
0.2338801622390747
0.03979750722646713
0.184834286570549
0.03608052060008049
0.12041932344436646
0.020312944427132607
0.18552081286907196
0.030499493703246117
0.008619903586804867
0.05282377079129219
0.028282498940825462
0.12812045216560364
0.04441819339990616
0.25105372071266174
0.040911708027124405
0.27114465832710266
0.03642867133021355
0.19501090049743652
0.010913887061178684
0.08815024048089981
0.026458321139216423
0.36382338404655457
0.005340838339179754
0.0171978622674942
0.011724177747964859
0.022970790043473244
0.021091654896736145
0.05780160427093506
0.03966319188475609
0.039733465760946274
0.029489165171980858
0.027255669236183167
0.04218490049242973
0.044189125299453735
0.016364099457859993
0.048970501869916916
0.04322836548089981
0.009363246150314808
0.0681939572095871
0.01871917024254799
0.1179584413766861
0.02345794439315796
0.07835591584444046
0.04321809485554695
0.04700751230120659
0.02560138702392578
0.0626850500702858
0.03891972824931145
0.10922747850418091
0.036867957562208176
0.02769961953163147
0.006810384336858988
0.04515151306986809
0.01776268519461155
0.07545848935842514
0.02556021325290203
0.04244644194841385
0.03406893089413643
0.027867570519447327
0.022160321474075317
0.0398685596883297
0.03343040868639946
0.04547068104147911
0.016181491315364838
0.004478114191442728
0.012464192695915699
0.009985430166125298
0.01471890788525343
0.015995388850569725
0.036843568086624146
0.04113142564892769
0.023238392546772957
0.029707973822951317
0.015953630208969116
0.044211823493242264
0.031051648780703545
0.007623131852596998
0.020177500322461128
0.034614197909832
0.023903388530015945
0.021787531673908234
0.02757349982857704
0.024654975160956383
0.028329268097877502
0.03331274911761284
0.04112588241696358
0.025180906057357788
0.02673489786684513
0.020989609882235527
0.03120737336575985
0.026690954342484474
0.08620668947696686
0.029469791799783707
0.05099678039550781
0.028494343161582947
0.031908731907606125
0.019483769312500954
0.026735378429293633
0.027829652652144432
0.026226315647363663
0.01948586292564869
0.01752540096640587
0.01814577355980873
0.01870661787688732
0.06173279508948326
0.07340490818023682
0.027691511437296867
0.029639704152941704
0.015664909034967422
0.02244631014764309
0.03496813401579857
0.035359542816877365
0.02964574098587036
0.023256657645106316
0.019681142643094063
0.020991746336221695
0.018671948462724686
0.01486723031848669
0.033448949456214905
0.05809098109602928
0.016555115580558777
0.010704471729695797
0.021525060757994652
0.024310236796736717
0.03248831257224083
0.03267794847488403
0.03512222692370415
0.030562832951545715
0.03131137415766716
0.021939445286989212
0.022487560287117958
0.03032027743756771
0.03221232816576958
0.030920570716261864
0.0063149887137115
0.021174592897295952
0.011231325566768646
0.052928369492292404
0.019776074215769768
0.12092053145170212
0.059190183877944946
0.1431305706501007
0.04862039163708687
0.12768368422985077
0.035474956035614014
0.06975958496332169
0.023253586143255234
0.05577383562922478
0.05804774910211563
0.018681036308407784
0.056864213198423386
0.008012422360479832
0.11030644178390503
0.011227281764149666
0.12229631096124649
0.025316286832094193
0.10329526662826538
0.02217938005924225
0.06350019574165344
0.013989117927849293
0.0675625428557396
0.014186561107635498
0.05063050612807274
0.01993616856634617
0.03141599893569946
0.00880384724587202
0.07295508682727814
0.016575856134295464
0.11901260912418365
0.02778141014277935
0.09240951389074326
0.03215480223298073
0.051015373319387436
0.01663002371788025
0.04040670394897461
0.01636677235364914
0.009583491832017899
0.041056882590055466
0.009224751964211464
0.057230394333601
0.020075922831892967
0.11250012367963791
0.05084523186087608
0.12149170786142349
0.04386495053768158
0.1037762314081192
0.031346019357442856
0.07045101374387741
0.01656172424554825
0.04040622338652611
0.08378894627094269
0.10203957557678223
0.25777003169059753
0.31522315740585327
0.21145951747894287
0.32298585772514343
0.3017570376396179
0.22379179298877716
0.31026265025138855
0.17046789824962616
0.09901880472898483
0.07126902043819427
0.17890970408916473
0.39957746863365173
0.24966907501220703
0.1603017896413803
0.3591681122779846
0.3339643180370331
0.34698486328125
0.27307334542274475
0.2295747995376587
0.20124749839305878
0.16397921741008759
0.25021132826805115
0.08192189782857895
0.09305470436811447
0.3679797053337097
0.1949584037065506
0.20010676980018616
0.18569956719875336
0.28342291712760925
0.30278095602989197
0.2684764564037323
0.25983431935310364
0.188475102186203
0.13574448227882385
0.10802692174911499
0.13644541800022125
0.07137496024370193
0.08452391624450684
0.20824849605560303
0.12043898552656174
0.09794027358293533
0.12143959850072861
0.3076944947242737
0.35439974069595337
0.22907154262065887
0.31748294830322266
0.2304236888885498
0.20650506019592285
0.22151999175548553
0.1362283080816269
0.09357985109090805
0.0776747390627861
0.13278017938137054
0.31505224108695984
0.025898104533553123
0.033900413662195206
0.018019244074821472
0.05136962980031967
0.02580343373119831
0.04076513648033142
0.02501753903925419
0.08335725963115692
0.017487596720457077
0.046988196671009064
0.021978553384542465
0.04910747706890106
0.08209311217069626
0.19895991683006287
0.05509442836046219
0.03329489380121231
0.07433994114398956
0.015415905974805355
0.049777038395404816
0.018396904692053795
0.16704320907592773
0.02122228406369686
0.11774551123380661
0.014212335459887981
0.08420830965042114
0.014704081229865551
0.21755535900592804
0.10738545656204224
0.043594587594270706
0.025563489645719528
0.07465048134326935
0.015745336189866066
0.04837174341082573
0.01919398456811905
0.19847340881824493
0.01658683456480503
0.1323283463716507
0.01261849980801344
0.094974085688591
0.01647081784904003
0.13594743609428406
0.057813625782728195
0.022222209721803665
0.033509261906147
0.01606050878763199
0.08569641411304474
0.02358967624604702
0.0522194504737854
0.022019993513822556
0.10813058912754059
0.018340107053518295
0.061013706028461456
0.022977521643042564
0.06562919914722443
0.044803768396377563
0.10355456918478012
0.004573673941195011
0.01274085696786642
0.0139773515984416
0.03420166298747063
0.01788652502000332
0.04261930286884308
0.07302169501781464
0.2522455155849457
0.039340611547231674
0.11933570355176926
0.03073577582836151
0.08312982320785522
0.09655126929283142
0.12114915996789932
0.03330240771174431
0.017526308074593544
0.03824470564723015
0.021260732784867287
0.040447261184453964
0.03918416053056717
0.18217389285564423
0.12253343313932419
0.08406978845596313
0.05922288820147514
0.0747758224606514
0.09614076465368271
0.05277509614825249
0.14578388631343842
0.037707310169935226
0.017664998769760132
0.10404067486524582
0.04111776873469353
0.13014870882034302
0.08124543726444244
0.33568379282951355
0.22229404747486115
0.18597601354122162
0.13327987492084503
0.18765318393707275
0.22372181713581085
0.07814522832632065
0.09575720131397247
0.007376529276371002
0.02642167918384075
0.03415543586015701
0.13887619972229004
0.04843033477663994
0.15895746648311615
0.11860930174589157
0.37334033846855164
0.052104976028203964
0.19157855212688446
0.10796479135751724
0.19679118692874908
0.08051016181707382
0.24188213050365448
0.05582832917571068
0.0389835350215435
0.13187436759471893
0.11616574972867966
0.11625485867261887
0.19072887301445007
0.07457815855741501
0.14145229756832123
0.05692484602332115
0.13167378306388855
0.027868837118148804
0.029542112722992897
0.048623260110616684
0.06520885229110718
0.08516011387109756
0.07565005868673325
0.04042632877826691
0.06343041360378265
0.06136281415820122
0.05896330997347832
0.09225746244192123
0.05068344622850418
0.05636123567819595
0.03461582586169243
0.02828856185078621
0.029629750177264214
0.06287295371294022
0.13070598244667053
0.08941292017698288
0.11911889165639877
0.05958646535873413
0.1208474412560463
0.09835781902074814
0.08581577986478806
0.10019125789403915
0.06124327331781387
0.06094418093562126
0.04507509246468544
0.028983676806092262
0.02887440286576748
0.05634775757789612
0.16622436046600342
0.09832189232110977
0.06356123834848404
0.1590772420167923
0.1547919660806656
0.12240352481603622
0.2365400344133377
0.0711006447672844
0.14345748722553253
0.06236613914370537
0.1331193596124649
0.035834964364767075
0.030747491866350174
0.08282717317342758
0.06349775940179825
0.04737745597958565
0.052381861954927444
0.251640260219574
0.2565024793148041
0.27758923172950745
0.3958878517150879
0.3550170361995697
0.3604378402233124
0.32670873403549194
0.36879390478134155
0.25199639797210693
0.20987121760845184
0.0886901393532753
0.1981503963470459
0.08986204862594604
0.06555023044347763
0.25568172335624695
0.21759270131587982
0.32695823907852173
0.2251899093389511
0.3443029820919037
0.12743303179740906
0.35431477427482605
0.13591857254505157
0.17680536210536957
0.08724336326122284
0.10926906019449234
0.06548425555229187
0.12715615332126617
0.10186902433633804
0.2827908992767334
0.19980749487876892
0.3175182044506073
0.22600369155406952
0.2667168974876404
0.06864948570728302
0.21920660138130188
0.07064535468816757
0.1425601691007614
0.06310975551605225
0.070280060172081
0.03792431950569153
0.06096343323588371
0.07205867767333984
0.2034483402967453
0.25728073716163635
0.245745450258255
0.33663123846054077
0.2213394194841385
0.26966220140457153
0.2222880870103836
0.2211545705795288
0.16632018983364105
0.14969252049922943
0.049289342015981674
0.13375090062618256
0.02550128474831581
0.046252209693193436
0.06520728021860123
0.08497937023639679
0.08794360607862473
0.12136900424957275
0.07685142010450363
0.19486278295516968
0.04770435765385628
0.1483406126499176
0.020349007099866867
0.08168133348226547
0.05256858095526695
0.17412538826465607
0.08735654503107071
0.03310142830014229
0.09360980242490768
0.09018439799547195
0.10456474870443344
0.10584842413663864
0.21820104122161865
0.08819138258695602
0.17447364330291748
0.05683049187064171
0.10827094316482544
0.025724226608872414
0.16726461052894592
0.11981349438428879
0.05573195964097977
0.026919487863779068
0.12880617380142212
0.0849200114607811
0.13436610996723175
0.08413521945476532
0.2781040370464325
0.12136508524417877
0.20530657470226288
0.051197297871112823
0.09317465871572495
0.02735494077205658
0.13933727145195007
0.07972841709852219
0.02860569767653942
0.04956825450062752
0.07037105411291122
0.15962481498718262
0.07721873372793198
0.1832779496908188
0.09170705080032349
0.21303749084472656
0.04539070650935173
0.13981257379055023
0.023106470704078674
0.07179529964923859
0.04475152865052223
0.1730894297361374
0.02372104860842228
0.03915815427899361
0.1165868267416954
0.17796491086483002
0.11906011402606964
0.1999223232269287
0.20663130283355713
0.1771668642759323
0.19651086628437042
0.16935095191001892
0.16496314108371735
0.10734180361032486
0.22405906021595
0.4007062017917633
0.04635687544941902
0.01619516871869564
0.12238419055938721
0.07799585163593292
0.1582731157541275
0.08684266358613968
0.14249823987483978
0.08990368247032166
0.1254812777042389
0.0962252989411354
0.04963585361838341
0.05032533034682274
0.4427584707736969
0.28078457713127136
0.06328095495700836
0.019489815458655357
0.12201546877622604
0.0736127719283104
0.1709456741809845
0.11640691757202148
0.20419716835021973
0.10564520210027695
0.14167015254497528
0.1240343451499939
0.07530441135168076
0.05615381523966789
0.4516814649105072
0.310823917388916
0.02362191490828991
0.05426349863409996
0.08748903125524521
0.11589473485946655
0.09767066687345505
0.1703939288854599
0.13742579519748688
0.10897352546453476
0.14658589661121368
0.08366687595844269
0.10643016546964645
0.06606458127498627
0.2307714968919754
0.35996365547180176
0.03632079064846039
0.03024674393236637
0.03648907318711281
0.03821767866611481
0.060279764235019684
0.11810194700956345
0.07212552428245544
0.1329605132341385
0.041482534259557724
0.09602431207895279
0.014585556462407112
0.035180363804101944
0.31476283073425293
0.23355138301849365
0.05415106937289238
0.05624182149767876
0.03432157635688782
0.05302667245268822
0.06468462198972702
0.05802694708108902
0.12578168511390686
0.04548659920692444
0.0760168805718422
0.032948680222034454
0.029227538034319878
0.016224373131990433
0.15047088265419006
0.2638356685638428
0.061178144067525864
0.06670155376195908
0.06281598657369614
0.08794736117124557
0.11851191520690918
0.10166644304990768
0.10238795727491379
0.057367514818906784
0.058805912733078
0.04098723083734512
0.023501215502619743
0.019600793719291687
0.13914303481578827
0.21739085018634796
0.09166539460420609
0.035709913820028305
0.08182793110609055
0.05988191440701485
0.111177459359169
0.12017533928155899
0.07123015075922012
0.10566168278455734
0.03454332426190376
0.07086509466171265
0.01747097074985504
0.022526239976286888
0.3088456988334656
0.2403281182050705
0.024423224851489067
0.006560422480106354
0.007417888846248388
0.008829760365188122
0.006450076587498188
0.011237888596951962
0.016018440946936607
0.023560764268040657
0.008476418443024158
0.01280227955430746
0.006348181515932083
0.008737769909203053
0.004362181760370731
0.0077415830455720425
0.016192946583032608
0.02777942456305027
0.01951649971306324
0.01533238310366869
0.017998291179537773
0.00946801993995905
0.0387151762843132
0.026983320713043213
0.019902152940630913
0.014405235648155212
0.012751096859574318
0.019378136843442917
0.03414839133620262
0.02361852116882801
0.012626546435058117
0.019845446571707726
0.01568518579006195
0.010448788292706013
0.015151659958064556
0.00846955832093954
0.08654550462961197
0.03577469661831856
0.04129117354750633
0.013704185374081135
0.01777367666363716
0.017786910757422447
0.03891746327280998
0.025973228737711906
0.025538582354784012
0.008557912893593311
0.008210232481360435
0.011210699565708637
0.00850274320691824
0.014116503298282623
0.03242930397391319
0.05353465676307678
0.014260879717767239
0.025806723162531853
0.008800070732831955
0.01569860242307186
0.004497017245739698
0.010577820241451263
0.0065476903691887856
0.021747266873717308
0.00454393494874239
0.049922388046979904
0.01519244909286499
0.056718941777944565
0.022991513833403587
0.07543600350618362
0.018855711445212364
0.06701724231243134
0.016581017524003983
0.019386202096939087
0.03677527233958244
0.13655869662761688
0.02847631834447384
0.006525062024593353
0.028225122019648552
0.004605102818459272
0.021041955798864365
0.008219475857913494
0.05647977069020271
0.015425989404320717
0.05817988142371178
0.015094972215592861
0.010837685316801071
0.009465758688747883
0.1340804547071457
0.04036909341812134
0.02706383727490902
0.007731902878731489
0.049329642206430435
0.014066158793866634
0.04728316888213158
0.020092448219656944
0.13956566154956818
0.027589453384280205
0.10823573917150497
0.030956542119383812
0.01561197079718113
0.017487360164523125
0.14622430503368378
0.04706256464123726
0.006945386528968811
0.021849680691957474
0.013543588109314442
0.09072767943143845
0.03141472861170769
0.09280090779066086
0.03595490753650665
0.1285962462425232
0.032389916479587555
0.0997110903263092
0.01939668133854866
0.023452220484614372
0.07027595490217209
0.21069400012493134
0.02780899405479431
0.02705511823296547
0.17525213956832886
0.1119934692978859
0.2101922482252121
0.10475901514291763
0.3327874541282654
0.29649654030799866
0.3505900502204895
0.24867860972881317
0.12502561509609222
0.12478643655776978
0.06763903051614761
0.1118345633149147
0.02835104428231716
0.02848123013973236
0.07823280245065689
0.1041741594672203
0.07542075961828232
0.1533842831850052
0.14987143874168396
0.1419602483510971
0.16937492787837982
0.1604953557252884
0.0827682763338089
0.07543575018644333
0.23152939975261688
0.14986149966716766
0.0251151155680418
0.030188128352165222
0.05380112677812576
0.11427183449268341
0.06747491657733917
0.16496692597866058
0.1619143933057785
0.14230568706989288
0.18129082024097443
0.17109541594982147
0.075064517557621
0.07776058465242386
0.21683357656002045
0.14047744870185852
0.022374728694558144
0.023226255550980568
0.15302971005439758
0.06749153882265091
0.18828199803829193
0.073917917907238
0.17367325723171234
0.1677422672510147
0.2206181138753891
0.16044406592845917
0.07227426022291183
0.07234155386686325
0.08219972252845764
0.10320248454809189
0.005158483516424894
0.014421651139855385
0.009709561243653297
0.07959014177322388
0.02610311470925808
0.1162344217300415
0.05008549615740776
0.16773448884487152
0.03489898890256882
0.12307703495025635
0.01658465899527073
0.035617560148239136
0.0884651318192482
0.18381111323833466
0.03166864067316055
0.00890069454908371
0.1012343317270279
0.01936185732483864
0.11961287260055542
0.04278559237718582
0.1577940136194229
0.05308530852198601
0.12288641184568405
0.03936221823096275
0.05123068019747734
0.01735709421336651
0.1270206719636917
0.07213190943002701
0.02822500467300415
0.01149597018957138
0.16417773067951202
0.036270059645175934
0.20180785655975342
0.07055409997701645
0.2587643563747406
0.07062431424856186
0.19020994007587433
0.05580548569560051
0.06891228258609772
0.02133301831781864
0.11525794118642807
0.05807867273688316
0.008207517676055431
0.017222387716174126
0.02288835681974888
0.17667776346206665
0.04905311390757561
0.16975171864032745
0.0573442168533802
0.2025245875120163
0.03966975957155228
0.1412828117609024
0.016025468707084656
0.036365896463394165
0.10702188313007355
0.1790565550327301
0.06498150527477264
0.051732856780290604
0.21272383630275726
0.17849533259868622
0.21156156063079834
0.15302462875843048
0.12137865275144577
0.14126838743686676
0.12187100946903229
0.09784158319234848
0.043515656143426895
0.06822405010461807
0.1831996887922287
0.2408207207918167
0.08167921751737595
0.04886479303240776
0.14907924830913544
0.15796560049057007
0.1286025494337082
0.17326627671718597
0.21758130192756653
0.09950840473175049
0.14312003552913666
0.07129804790019989
0.10337090492248535
0.03336084261536598
0.19630198180675507
0.22549782693386078
0.057179976254701614
0.04317818582057953
0.133822500705719
0.18832102417945862
0.13442681729793549
0.18482020497322083
0.2312113344669342
0.1461290717124939
0.15764668583869934
0.1226566955447197
0.11089712381362915
0.05200938135385513
0.20305834710597992
0.19824616611003876
0.07686330378055573
0.04582960158586502
0.2516300678253174
0.20296747982501984
0.2544057071208954
0.19615663588047028
0.20110833644866943
0.1817169189453125
0.19491972029209137
0.12979502975940704
0.07190179079771042
0.1071368008852005
0.22814086079597473
0.19659803807735443
0.017236588522791862
0.04469924792647362
0.03189178556203842
0.08841878175735474
0.05175405368208885
0.14101848006248474
0.038487836718559265
0.10056491196155548
0.03405236825346947
0.0643283948302269
0.025628725066781044
0.06816305220127106
0.030758757144212723
0.08346828073263168
0.058073144406080246
0.01867908611893654
0.0779176875948906
0.016973813995718956
0.07815536111593246
0.03068266250193119
0.1365216225385666
0.0382186584174633
0.08418817073106766
0.030732152983546257
0.12524840235710144
0.023019468411803246
0.0767107829451561
0.052077241241931915
0.05256945639848709
0.01630319468677044
0.041729193180799484
0.013341880403459072
0.0570080541074276
0.027867821976542473
0.12911520898342133
0.05088353157043457
0.07674824446439743
0.042182546108961105
0.09916841238737106
0.03217869997024536
0.05042494460940361
0.045083802193403244
0.02145746722817421
0.06493040174245834
0.025051135569810867
0.07847782224416733
0.03752825781702995
0.10900627821683884
0.13479618728160858
0.10292720794677734
0.12529844045639038
0.06778768450021744
0.11852186173200607
0.10330197960138321
0.027451777830719948
0.03874406963586807
0.008296813815832138
0.017366399988532066
0.012338834814727306
0.04220017045736313
0.022535575553774834
0.0918656513094902
0.029290521517395973
0.08123832195997238
0.02341592125594616
0.06125063821673393
0.019638976082205772
0.04306148365139961
0.02018016204237938
0.20362810790538788
0.017370980232954025
0.012081568129360676
0.015817904844880104
0.011250815354287624
0.021266406401991844
0.012825384736061096
0.12203090637922287
0.018763741478323936
0.09056618809700012
0.01353838574141264
0.042053937911987305
0.01280976366251707
0.07592278718948364
0.028438419103622437
0.013640644028782845
0.012257840484380722
0.014984697103500366
0.007466636598110199
0.022026678547263145
0.011061402969062328
0.15155069530010223
0.011626695282757282
0.0963648185133934
0.00961332954466343
0.04322163760662079
0.009784148074686527
0.03619804605841637
0.010892669670283794
0.005511929746717215
0.010795334354043007
0.009943063370883465
0.04345032200217247
0.019503531977534294
0.07168450206518173
0.02023068629205227
0.09259019792079926
0.01921824924647808
0.06369674205780029
0.02174033597111702
0.055037178099155426
0.011729723773896694
0.22455544769763947
0.03555557504296303
0.11607688665390015
0.29400834441185
0.3398461639881134
0.35737019777297974
0.365757554769516
0.12017692625522614
0.1914682239294052
0.12819238007068634
0.1676531285047531
0.1310790628194809
0.17632339894771576
0.40595743060112
0.49902161955833435
0.11836685985326767
0.044083476066589355
0.3369731903076172
0.30242079496383667
0.304322749376297
0.44334036111831665
0.13813863694667816
0.06982291489839554
0.1067376360297203
0.08052773028612137
0.07925287634134293
0.045339975506067276
0.6962413787841797
0.5959786772727966
0.11325224488973618
0.037164974957704544
0.3398231863975525
0.30559220910072327
0.30960315465927124
0.5396887063980103
0.142621710896492
0.05484239384531975
0.1048920676112175
0.05128879472613335
0.06706833094358444
0.042056094855070114
0.6664064526557922
0.5274338126182556
0.02936687506735325
0.16549719870090485
0.271045058965683
0.37894079089164734
0.4726979434490204
0.44298020005226135
0.059883277863264084
0.17801710963249207
0.04458772391080856
0.10199715197086334
0.06096339225769043
0.12668922543525696
0.35762786865234375
0.4743606746196747
0.0361429825425148
0.03319806233048439
0.0651182010769844
0.08669114857912064
0.09683915227651596
0.14054958522319794
0.04166335240006447
0.07920189201831818
0.03218087926506996
0.0770936906337738
0.012581191956996918
0.01999998465180397
0.04192370921373367
0.09514286369085312
0.08661617338657379
0.07012779265642166
0.06733693182468414
0.07996285706758499
0.09454963356256485
0.08180411905050278
0.07597427815198898
0.021795954555273056
0.07027271389961243
0.016373371705412865
0.016583632677793503
0.010148686356842518
0.07920340448617935
0.07457082718610764
0.08298097550868988
0.05791906267404556
0.04753624275326729
0.07321088016033173
0.08063708990812302
0.07680859416723251
0.08197326213121414
0.021993642672896385
0.07118251174688339
0.016398532316088676
0.01867193542420864
0.010268407873809338
0.08429823070764542
0.06288589537143707
0.04690743610262871
0.028965631499886513
0.0635046437382698
0.051302459090948105
0.09769581258296967
0.11399028450250626
0.037375736981630325
0.06860794126987457
0.02674410305917263
0.06738512217998505
0.017052918672561646
0.015807008370757103
0.040447767823934555
0.08676254749298096
0.010271770879626274
0.026752715930342674
0.00385161186568439
0.038485847413539886
0.006508687045425177
0.07022121548652649
0.04248828813433647
0.19573469460010529
0.025880662724375725
0.13671648502349854
0.020174384117126465
0.10182010382413864
0.014664742164313793
0.20651359856128693
0.056433212012052536
0.015382220037281513
0.07066769897937775
0.012135131284594536
0.08125604689121246
0.01054790522903204
0.20449888706207275
0.026224786415696144
0.12674842774868011
0.014301860705018044
0.10106941312551498
0.015253323130309582
0.14721554517745972
0.026924585923552513
0.06392154842615128
0.013017724268138409
0.05377720668911934
0.013416516594588757
0.08711700141429901
0.010656490921974182
0.23759856820106506
0.020035402849316597
0.1818419098854065
0.011554387398064137
0.13127455115318298
0.012842346914112568
0.12225520610809326
0.01688653603196144
0.008517373353242874
0.031175291165709496
0.0053849429823458195
0.05506182461977005
0.007639011833816767
0.06272157281637192
0.0336279571056366
0.23152385652065277
0.02341005951166153
0.15100717544555664
0.019458236172795296
0.13299278914928436
0.01308209914714098
0.15745729207992554
0.02883293107151985
0.04611898213624954
0.013719859533011913
0.041870154440402985
0.025882406160235405
0.0995272621512413
0.03630838915705681
0.2120463103055954
0.022036364302039146
0.17916934192180634
0.017213260754942894
0.09414777904748917
0.06598924845457077
0.21149635314941406
0.09291847795248032
0.049427203834056854
0.06187615916132927
0.025452110916376114
0.0863952562212944
0.0363127775490284
0.2097509205341339
0.028413712978363037
0.20132839679718018
0.018662890419363976
0.11854396015405655
0.016181623563170433
0.1482759714126587
0.1007378101348877
0.044969938695430756
0.03428509831428528
0.0635894164443016
0.023534033447504044
0.08940449357032776
0.034130971878767014
0.22703973948955536
0.041221387684345245
0.20583029091358185
0.02413441240787506
0.12615148723125458
0.021263033151626587
0.09708859771490097
0.06112334132194519
0.025240032002329826
0.03275798261165619
0.015597417950630188
0.09648701548576355
0.028423229232430458
0.16911564767360687
0.03388330340385437
0.19740091264247894
0.019742703065276146
0.15663082897663116
0.02485288679599762
0.11765813082456589
0.04768786579370499
0.16261665523052216
0.014872890897095203
0.06839735805988312
0.007839366793632507
0.020470891147851944
0.01668386347591877
0.056679874658584595
0.059712715446949005
0.14651329815387726
0.029169872403144836
0.07229610532522202
0.026858368888497353
0.07587604224681854
0.06947674602270126
0.18875174224376678
0.14646443724632263
0.015265071764588356
0.022826753556728363
0.009171577170491219
0.053680967539548874
0.012807144783437252
0.16141588985919952
0.042507272213697433
0.09405747801065445
0.02387460134923458
0.08041074872016907
0.01957729272544384
0.13231775164604187
0.0824291929602623
0.16469058394432068
0.008075045421719551
0.06140657886862755
0.018550528213381767
0.11991454660892487
0.029511142522096634
0.2435973733663559
0.0324287973344326
0.13150213658809662
0.019222527742385864
0.15982644259929657
0.02677766978740692
0.12156274169683456
0.07449215650558472
0.007242694031447172
0.05476132035255432
0.014381468296051025
0.06923388689756393
0.02523227594792843
0.1494113653898239
0.03385699540376663
0.20901882648468018
0.018909377977252007
0.1007762923836708
0.022800561040639877
0.097728431224823
0.07189858704805374
0.10711729526519775
0.030116548761725426
0.03096776269376278
0.07799315452575684
0.1570044755935669
0.0634731575846672
0.18165253102779388
0.12918533384799957
0.18289020657539368
0.12141355127096176
0.16759707033634186
0.04285963252186775
0.08746278285980225
0.11577010154724121
0.3260653614997864
0.07414709776639938
0.03533139452338219
0.20540399849414825
0.10294544696807861
0.20760667324066162
0.09746073931455612
0.14133289456367493
0.05087679624557495
0.12482725828886032
0.05652470141649246
0.04632064700126648
0.019263088703155518
0.5010222792625427
0.22752466797828674
0.0493292436003685
0.01737929880619049
0.15680380165576935
0.05708050727844238
0.19383935630321503
0.05909238010644913
0.1501130610704422
0.028207600116729736
0.10818206518888474
0.02444852702319622
0.03976741433143616
0.012874746695160866
0.42523106932640076
0.15859530866146088
0.017598837614059448
0.026503628119826317
0.07202702760696411
0.19717489182949066
0.05562024936079979
0.22003690898418427
0.05635105445981026
0.11875535547733307
0.036049824208021164
0.0745772272348404
0.025185128673911095
0.04671306535601616
0.04901778697967529
0.1820046752691269
0.059755947440862656
0.03879515081644058
0.0171037670224905
0.02781190536916256
0.03102298453450203
0.08357982337474823
0.04678189381957054
0.07366818189620972
0.03522688150405884
0.06313763558864594
0.011226716451346874
0.024967394769191742
0.01929357461631298
0.05719516798853874
0.09996853768825531
0.08141757547855377
0.010051538236439228
0.017099184915423393
0.017309051007032394
0.05567749962210655
0.04712614417076111
0.024377310648560524
0.03129351884126663
0.016195882111787796
0.012008762918412685
0.011166033335030079
0.034853965044021606
0.056872010231018066
0.12706540524959564
0.10700110346078873
0.016140589490532875
0.0269508957862854
0.026269812136888504
0.07550739496946335
0.04668467864394188
0.023590199649333954
0.03319944068789482
0.018543526530265808
0.016442853957414627
0.010724895633757114
0.03400726616382599
0.04239619895815849
0.13122281432151794
0.06704654544591904
0.023557458072900772
0.02190125547349453
0.048154089599847794
0.056325871497392654
0.030581140890717506
0.04613365978002548
0.02089030109345913
0.038973696529865265
0.00945753138512373
0.01806778833270073
0.018615037202835083
0.06456394493579865
0.01009586825966835
0.014281563460826874
0.007265204098075628
0.04575279727578163
0.011538824997842312
0.05187332257628441
0.06148194149136543
0.16206441819667816
0.050060123205184937
0.10311596840620041
0.02839428186416626
0.027801847085356712
0.06704455614089966
0.1731152981519699
0.022361714392900467
0.014010170474648476
0.03813956305384636
0.009321178309619427
0.03271184116601944
0.012652386911213398
0.13047699630260468
0.03309560567140579
0.08992358297109604
0.02825639583170414
0.02065504901111126
0.013387545943260193
0.17117838561534882
0.0753825381398201
0.021019844338297844
0.01020058337599039
0.04851045086979866
0.017156898975372314
0.05620911344885826
0.02659529820084572
0.19894477725028992
0.05968848615884781
0.14139847457408905
0.058160822838544846
0.037670668214559555
0.018552513793110847
0.09653962403535843
0.0546446330845356
0.009361324831843376
0.01596885174512863
0.012288255617022514
0.08290548622608185
0.0248075220733881
0.08450102061033249
0.06696391105651855
0.19067387282848358
0.04970748350024223
0.134750634431839
0.017669854685664177
0.03575069457292557
0.06108129769563675
0.1517522782087326
0.014617408625781536
0.18902885913848877
0.04077974334359169
0.12698952853679657
0.03479548543691635
0.14787887036800385
0.05574440956115723
0.268652081489563
0.05032394081354141
0.29907676577568054
0.03018261305987835
0.1794857382774353
0.035624247044324875
0.2671600878238678
0.09701234102249146
0.028053009882569313
0.11132005602121353
0.08313851803541183
0.10849254578351974
0.07729770988225937
0.1660081148147583
0.13374480605125427
0.19099454581737518
0.12623757123947144
0.108672596514225
0.05959916114807129
0.15244120359420776
0.06937656551599503
0.08615267276763916
0.023420866578817368
0.0673292726278305
0.05041804909706116
0.06804502010345459
0.05682944878935814
0.10470255464315414
0.07893870025873184
0.12946699559688568
0.07013930380344391
0.0621858611702919
0.048069294542074203
0.16158318519592285
0.05561775714159012
0.01498407032340765
0.0766117125749588
0.024554898962378502
0.045858949422836304
0.021547537297010422
0.06387003511190414
0.028126627206802368
0.22562585771083832
0.028592586517333984
0.2503598630428314
0.02368210069835186
0.15264444053173065
0.025385508313775063
0.14389067888259888
0.01167377270758152
0.019687417894601822
0.04346751794219017
0.07719118148088455
0.07991593331098557
0.16607888042926788
0.13219931721687317
0.18991807103157043
0.10070886462926865
0.1634039282798767
0.06467870622873306
0.09541681408882141
0.05867061764001846
0.17274795472621918
0.05681648477911949
0.028671784326434135
0.08707135915756226
0.03657230734825134
0.15516091883182526
0.03886745497584343
0.16121065616607666
0.08598573505878448
0.16641069948673248
0.07218896597623825
0.10354343801736832
0.04250272735953331
0.16703613102436066
0.02564176358282566
0.05620058253407478
0.041891343891620636
0.1327025145292282
0.08918135613203049
0.20157063007354736
0.09874217212200165
0.18779468536376953
0.09003167599439621
0.20656804740428925
0.09145736694335938
0.1336132436990738
0.036421604454517365
0.16069026291370392
0.03150153532624245
0.01158603560179472
0.03276757150888443
0.03557368740439415
0.12720702588558197
0.05998804047703743
0.2208859771490097
0.07054495066404343
0.17744450271129608
0.056163009256124496
0.16435840725898743
0.040533434599637985
0.11131713539361954
0.041328031569719315
0.14179635047912598
0.012294418178498745
0.0416438989341259
0.081758514046669
0.09992866963148117
0.09593557566404343
0.15621991455554962
0.09470632672309875
0.15239939093589783
0.06433660537004471
0.1502561867237091
0.06686051189899445
0.10922366380691528
0.3238963186740875
0.35811731219291687
0.034544672816991806
0.02911463938653469
0.046535320580005646
0.035471946001052856
0.04620950296521187
0.053729236125946045
0.1421685665845871
0.0689358189702034
0.139139786362648
0.05757426843047142
0.10603629797697067
0.03616240993142128
0.2899068295955658
0.22183535993099213
0.03888009861111641
0.025302652269601822
0.07321048527956009
0.037109557539224625
0.08579708635807037
0.07261653989553452
0.19514401257038116
0.07685035467147827
0.19544094800949097
0.06957663595676422
0.1178063377737999
0.06315337866544724
0.35948336124420166
0.22774039208889008
0.015187719836831093
0.052901238203048706
0.07661230862140656
0.10809072107076645
0.08621105551719666
0.13037195801734924
0.07526499032974243
0.17963197827339172
0.0509478934109211
0.1666586846113205
0.05198986083269119
0.10583001375198364
0.27688169479370117
0.27075543999671936
0.010972373187541962
0.09364914894104004
0.11932704597711563
0.2829580008983612
0.1633264571428299
0.3899112641811371
0.15514910221099854
0.34387966990470886
0.13845644891262054
0.35167446732521057
0.1141384169459343
0.20469847321510315
0.09143850952386856
0.2873084247112274
0.06988433748483658
0.011375573463737965
0.22474518418312073
0.06963811069726944
0.25681814551353455
0.07642132043838501
0.39450910687446594
0.11618258059024811
0.4002186357975006
0.09107592701911926
0.21433885395526886
0.05636918544769287
0.22354722023010254
0.06993208825588226
0.058429744094610214
0.009212858974933624
0.1948552429676056
0.0530034564435482
0.22249332070350647
0.05972704291343689
0.395473450422287
0.08615827560424805
0.3771682679653168
0.0560108907520771
0.2438753843307495
0.04634201526641846
0.1252485066652298
0.040874797850847244
0.008266769349575043
0.08319974690675735
0.11800787597894669
0.320992112159729
0.1591617614030838
0.4013887047767639
0.15018025040626526
0.38077956438064575
0.11166416853666306
0.3508506417274475
0.09889751672744751
0.26517802476882935
0.06443130224943161
0.2025761902332306
0.014226742088794708
0.023643631488084793
0.011090937070548534
0.011304846964776516
0.01585209369659424
0.015232783742249012
0.037521958351135254
0.032293982803821564
0.030294854193925858
0.024203089997172356
0.027481630444526672
0.037084389477968216
0.01334069948643446
0.04471563175320625
0.03618170693516731
0.022210409864783287
0.019231723621487617
0.012492257170379162
0.02729935012757778
0.026693040505051613
0.04887889325618744
0.0249613169580698
0.032350633293390274
0.021998310461640358
0.024903124198317528
0.0140957897529006
0.08356121182441711
0.02993333898484707
0.023426229134202003
0.014665533788502216
0.01850440353155136
0.009712162427604198
0.04049890115857124
0.017281485721468925
0.13604409992694855
0.025154665112495422
0.09670394659042358
0.02409571222960949
0.06644057482481003
0.019420364871621132
0.08508240431547165
0.029686305671930313
0.016596658155322075
0.021591119468212128
0.009483846835792065
0.01270622294396162
0.012437519617378712
0.023155635222792625
0.028163636103272438
0.10575149208307266
0.02206842415034771
0.0630778893828392
0.020109886303544044
0.06230274587869644
0.010423208586871624
0.05722784996032715
0.013496856205165386
0.11956246942281723
0.04486781731247902
0.33983564376831055
0.04347389563918114
0.4130086600780487
0.2917636036872864
0.2541302740573883
0.16041527688503265
0.19653168320655823
0.06117507815361023
0.15976659953594208
0.14639747142791748
0.4919777512550354
0.15079396963119507
0.015255398117005825
0.2942766845226288
0.037785936146974564
0.32902052998542786
0.03205127641558647
0.3063582181930542
0.07488318532705307
0.2376035451889038
0.03968650847673416
0.18547552824020386
0.025143727660179138
0.5488715767860413
0.23441028594970703
0.15229761600494385
0.01106632873415947
0.3095465898513794
0.022005608305335045
0.34490081667900085
0.020791364833712578
0.36168238520622253
0.07947715371847153
0.27475404739379883
0.046648506075143814
0.22382695972919464
0.017545094713568687
0.4866548180580139
0.10162170231342316
0.010502125136554241
0.18230213224887848
0.039140086621046066
0.4200778007507324
0.027116164565086365
0.45988360047340393
0.10638651996850967
0.36685696244239807
0.05228760465979576
0.2719927728176117
0.03209630399942398
0.23006264865398407
0.10778094828128815
0.4975397288799286
0.00981034617871046
0.04257754981517792
0.049457307904958725
0.1799185872077942
0.0725504457950592
0.26062846183776855
0.09196857362985611
0.23330096900463104
0.061643846333026886
0.21876369416713715
0.05464782193303108
0.1205407902598381
0.08502846211194992
0.22790002822875977
0.04937971383333206
0.016559043899178505
0.1472042202949524
0.04572872817516327
0.20209901034832
0.05973362550139427
0.28154098987579346
0.06644771993160248
0.2606205940246582
0.04873483255505562
0.1481868326663971
0.034602146595716476
0.21056178212165833
0.131573885679245
0.07404028624296188
0.014406311325728893
0.18991202116012573
0.044876862317323685
0.2343817502260208
0.06634361296892166
0.3349410891532898
0.055438291281461716
0.26903292536735535
0.033464547246694565
0.21396580338478088
0.03232155367732048
0.19688421487808228
0.10057643800973892
0.013327098451554775
0.08493264764547348
0.07546602934598923
0.2811293303966522
0.10047850757837296
0.35335442423820496
0.06755457073450089
0.280131459236145
0.04252470284700394
0.23350690305233002
0.04857819899916649
0.2063329964876175
0.06068071722984314
0.17170950770378113
0.02710137702524662
0.047595858573913574
0.056926317512989044
0.10470186918973923
0.053585853427648544
0.04638098552823067
0.2461174726486206
0.3616965711116791
0.20131997764110565
0.30082255601882935
0.159599170088768
0.24158847332000732
0.061275869607925415
0.1972166746854782
0.07780461758375168
0.03081359900534153
0.14943619072437286
0.05334201082587242
0.05630002170801163
0.0608336441218853
0.3459894359111786
0.10810045152902603
0.2871037423610687
0.09762992709875107
0.22084060311317444
0.03934116289019585
0.26891380548477173
0.10661447048187256
0.0702204629778862
0.0189533568918705
0.1796143352985382
0.03181781247258186
0.07780438661575317
0.048542387783527374
0.4403354823589325
0.07268770784139633
0.3499388098716736
0.05845776945352554
0.28814104199409485
0.02147590182721615
0.2616758346557617
0.07000529021024704
0.021527079865336418
0.05301438644528389
0.04074030742049217
0.24452224373817444
0.05557476356625557
0.11472375690937042
0.12316520512104034
0.30518531799316406
0.0946354866027832
0.21125395596027374
0.054554231464862823
0.2138528823852539
0.06547301262617111
0.20860622823238373
0.011961768381297588
0.012856562621891499
0.10146532207727432
0.09716393798589706
0.10682810842990875
0.1773335486650467
0.17335152626037598
0.1672825664281845
0.13732312619686127
0.11146950721740723
0.08978217095136642
0.0962759256362915
0.14095820486545563
0.15447735786437988
0.0276216808706522
0.01764719933271408
0.08069778978824615
0.06574021279811859
0.11385413259267807
0.054021574556827545
0.16596142947673798
0.08292392641305923
0.1113678440451622
0.06611459702253342
0.11276968568563461
0.04466845095157623
0.18164241313934326
0.11995219439268112
0.026366189122200012
0.017380883917212486
0.11122284084558487
0.09534814208745956
0.1256934404373169
0.07024835050106049
0.15795467793941498
0.0756818950176239
0.11722689121961594
0.05944797024130821
0.10031186789274216
0.03947421908378601
0.14153043925762177
0.07879097014665604
0.017302758991718292
0.015828605741262436
0.18225395679473877
0.1423475742340088
0.15261545777320862
0.20718877017498016
0.17997391521930695
0.19647425413131714
0.14947578310966492
0.1498313993215561
0.10787224769592285
0.12623201310634613
0.12334521114826202
0.1317727118730545
0.00317891757003963
0.018242094665765762
0.00475475424900651
0.01719026267528534
0.010707206092774868
0.01765376701951027
0.0232339296489954
0.04674357920885086
0.013295240700244904
0.025458771735429764
0.010496367700397968
0.028587836772203445
0.016620490700006485
0.1006915345788002
0.010548647493124008
0.005333870183676481
0.010749689303338528
0.010990536771714687
0.010647369548678398
0.014624296687543392
0.03405522182583809
0.013817593455314636
0.012574649415910244
0.007265149150043726
0.01264799851924181
0.007254444062709808
0.03550316020846367
0.0356050506234169
0.011334112845361233
0.005167755763977766
0.009438239969313145
0.010557882487773895
0.009560923092067242
0.013306607492268085
0.03546455129981041
0.014176729135215282
0.010032820515334606
0.009547415189445019
0.010403326712548733
0.006611527409404516
0.015085476450622082
0.0166874211281538
0.00440180441364646
0.0157945416867733
0.0064628953114151955
0.018992682918906212
0.01365519966930151
0.02183363400399685
0.019970370456576347
0.04081491380929947
0.013654164038598537
0.01866312325000763
0.010133023373782635
0.02394821122288704
0.010837474837899208
0.06446938216686249
0.00628649303689599
0.016805283725261688
0.03537161648273468
0.06545060127973557
0.04227175936102867
0.1267615258693695
0.271225243806839
0.17606967687606812
0.2622726857662201
0.07497794181108475
0.11551449447870255
0.0441572442650795
0.03240535408258438
0.10842110961675644
0.02627340517938137
0.009611857123672962
0.028706669807434082
0.024787811562418938
0.07054527848958969
0.020406005904078484
0.11659302562475204
0.28252455592155457
0.041728489100933075
0.1765281707048416
0.04639901593327522
0.18092595040798187
0.062435366213321686
0.051121003925800323
0.030935013666749
0.014923259615898132
0.06799454987049103
0.0509895496070385
0.14965181052684784
0.05032046511769295
0.18386921286582947
0.3011038899421692
0.08677134662866592
0.21354888379573822
0.08446530997753143
0.23843716084957123
0.10406111925840378
0.07066037505865097
0.012035063467919827
0.022921819239854813
0.04010797291994095
0.0923195332288742
0.038030680269002914
0.16712839901447296
0.1976407915353775
0.10376360267400742
0.15168067812919617
0.04411362484097481
0.1551411896944046
0.0491664744913578
0.03134772554039955
0.1401534527540207
0.015594445168972015
0.012449603527784348
0.008160285651683807
0.020081588998436928
0.01799429953098297
0.05298875644803047
0.024131983518600464
0.04542980715632439
0.009477957151830196
0.015491681173443794
0.015046867541968822
0.024680452421307564
0.012083551846444607
0.012154308147728443
0.01787749119102955
0.02004948817193508
0.025045296177268028
0.02191488817334175
0.04036129638552666
0.020468000322580338
0.055570997297763824
0.02818501926958561
0.024815015494823456
0.009252777323126793
0.04794186353683472
0.03895947337150574
0.010617916472256184
0.020241763442754745
0.021611573174595833
0.024412591010332108
0.018456725403666496
0.02680470049381256
0.015540475957095623
0.013186896219849586
0.043486353009939194
0.024448808282613754
0.016031520441174507
0.011123478412628174
0.022483212873339653
0.02636858820915222
0.005819867830723524
0.00998690351843834
0.01690077595412731
0.014608708210289478
0.009436379186809063
0.012246878817677498
0.00983179546892643
0.020291974768042564
0.022471023723483086
0.043438732624053955
0.008460061624646187
0.013282614760100842
0.018505088984966278
0.025627905502915382
0.016264276579022408
0.00649981340393424
0.00716989254578948
0.012555713765323162
0.059602655470371246
0.08488912135362625
0.08689998835325241
0.09255494177341461
0.03635832294821739
0.05683376267552376
0.03383176773786545
0.05341638997197151
0.014126124791800976
0.02532316744327545
0.0341668426990509
0.04097544029355049
0.019612465053796768
0.012578317895531654
0.07174013555049896
0.05581362918019295
0.047499995678663254
0.05878017470240593
0.07563559710979462
0.04336939752101898
0.054562389850616455
0.02965916506946087
0.028293808922171593
0.016257114708423615
0.0241555105894804
0.11553701013326645
0.0112445754930377
0.0077707814052701
0.06640065461397171
0.09817192703485489
0.03361089155077934
0.06810217350721359
0.06388970464468002
0.039354436099529266
0.04801816865801811
0.03507658466696739
0.02099520154297352
0.013375997543334961
0.016101082786917686
0.04104088619351387
0.008123978041112423
0.014648082666099072
0.07950016111135483
0.10394872725009918
0.07761115580797195
0.07600390166044235
0.041349541395902634
0.07036280632019043
0.03811979293823242
0.05984920263290405
0.015720630064606667
0.029308680444955826
0.02879679761826992
0.03853438422083855
0.018251394852995872
0.06803641468286514
0.10065602511167526
0.25148919224739075
0.12873707711696625
0.32629215717315674
0.1386304348707199
0.3136948049068451
0.10849910229444504
0.2973601222038269
0.09205763787031174
0.22173014283180237
0.1039331927895546
0.28000563383102417
0.08655945211648941
0.026674771681427956
0.20051069557666779
0.08116050064563751
0.23365254700183868
0.0886901393532753
0.30922186374664307
0.08413247019052505
0.27560123801231384
0.07050482928752899
0.22093847393989563
0.06064876541495323
0.20524215698242188
0.135910764336586
0.0860062763094902
0.020097928121685982
0.23505647480487823
0.07567499577999115
0.25198981165885925
0.07830790430307388
0.3531908392906189
0.06595700979232788
0.29181089997291565
0.055954959243535995
0.23052428662776947
0.0421704463660717
0.17482605576515198
0.08341627568006516
0.018207278102636337
0.08586230129003525
0.12758858501911163
0.29636773467063904
0.13802555203437805
0.34432658553123474
0.11334317177534103
0.3593130111694336
0.07815995067358017
0.31697455048561096
0.06461788713932037
0.2638035714626312
0.08346574753522873
0.2667161822319031
0.01548122800886631
0.04304194077849388
0.02721627987921238
0.11255618184804916
0.040923237800598145
0.13699805736541748
0.062015365809202194
0.21006809175014496
0.03487160801887512
0.19612360000610352
0.016321515664458275
0.12121406942605972
0.07880902290344238
0.3021251857280731
0.11856807768344879
0.038130130618810654
0.10974253714084625
0.03544335812330246
0.11711709946393967
0.05740216001868248
0.2427975982427597
0.06235608458518982
0.2685370445251465
0.03629116341471672
0.1752810925245285
0.02058129943907261
0.3011322319507599
0.16556374728679657
0.0871870294213295
0.032605674117803574
0.08156106621026993
0.029086649417877197
0.11639239639043808
0.03996342793107033
0.22719624638557434
0.051969077438116074
0.2078770250082016
0.024161072447896004
0.1513320654630661
0.01586371846497059
0.2880450189113617
0.15940159559249878
0.025374511256814003
0.061570942401885986
0.035259947180747986
0.19434289634227753
0.0495370589196682
0.21761873364448547
0.051465511322021484
0.21827073395252228
0.029084965586662292
0.17605318129062653
0.01733783818781376
0.15715894103050232
0.09209021180868149
0.2913951873779297
0.011531224474310875
0.008141611702740192
0.005793402902781963
0.011913182213902473
0.011700536124408245
0.025514671579003334
0.02155679278075695
0.047850772738456726
0.014891907572746277
0.044355135411024094
0.029248854145407677
0.06961183249950409
0.011076770722866058
0.02971329167485237
0.018403513357043266
0.023343978449702263
0.010424632579088211
0.007072621025145054
0.017378784716129303
0.009291359223425388
0.021187961101531982
0.011463365517556667
0.016711777076125145
0.007428530603647232
0.01746278814971447
0.009396134875714779
0.023697199299931526
0.01188121922314167
0.017217500135302544
0.023972226306796074
0.00879435520619154
0.006864131893962622
0.01305426936596632
0.009940559975802898
0.018821630626916885
0.013965331017971039
0.016497472301125526
0.008816305547952652
0.02286248467862606
0.016518453136086464
0.013578981161117554
0.00620329100638628
0.012595243752002716
0.010348307900130749
0.005049817729741335
0.013766919262707233
0.007984603755176067
0.022267267107963562
0.019088367000222206
0.036109693348407745
0.012745401822030544
0.03264680132269859
0.034924350678920746
0.08089394867420197
0.00650377431884408
0.01743321865797043
0.012300165370106697
0.01882929541170597
0.02084243670105934
0.030576227232813835
0.05488140508532524
0.062219660729169846
0.04432054981589317
0.08002441376447678
0.029064735397696495
0.04125310108065605
0.01969250477850437
0.03296858072280884
0.06007509306073189
0.23571579158306122
0.0169747993350029
0.009672326035797596
0.014174788258969784
0.018715260550379753
0.031047895550727844
0.03489863872528076
0.06262754648923874
0.025009945034980774
0.02457585744559765
0.013403925113379955
0.017420118674635887
0.013998687267303467
0.10069654136896133
0.06640922278165817
0.015216491185128689
0.006900464184582233
0.010919556953012943
0.018570302054286003
0.03032955527305603
0.021702030673623085
0.06573210656642914
0.021869201213121414
0.015473517589271069
0.015353946946561337
0.016157690435647964
0.01310424692928791
0.05086592584848404
0.03799520805478096
0.013091136701405048
0.017727091908454895
0.023046310991048813
0.0305186714977026
0.05379019305109978
0.11037766933441162
0.04312214255332947
0.062442850321531296
0.03204412758350372
0.028272775933146477
0.027692819014191628
0.028626158833503723
0.03614722564816475
0.0981462150812149
0.011452605947852135
0.010819396004080772
0.021571828052401543
0.016432806849479675
0.01963810622692108
0.018643243238329887
0.04359624907374382
0.05711761862039566
0.028522983193397522
0.03171685338020325
0.02329583838582039
0.0286029614508152
0.022751733660697937
0.04958096891641617
0.019170371815562248
0.033130574971437454
0.0345049723982811
0.04744634032249451
0.033213820308446884
0.04000098630785942
0.07960965484380722
0.09636145830154419
0.05070297792553902
0.07680569589138031
0.03877660259604454
0.05396460369229317
0.07858574390411377
0.0422130823135376
0.015354347415268421
0.02480708807706833
0.024926958605647087
0.019169442355632782
0.03244095668196678
0.02456986904144287
0.048876725137233734
0.05782878398895264
0.03430698439478874
0.045081596821546555
0.033536750823259354
0.038949981331825256
0.05815673992037773
0.025907335802912712
0.010975384153425694
0.011433398351073265
0.010641627013683319
0.013640226796269417
0.01382813137024641
0.018165502697229385
0.02547583542764187
0.03818003088235855
0.019730066880583763
0.02837546169757843
0.01923968270421028
0.03751338645815849
0.01762036234140396
0.021853763610124588
0.009372727945446968
0.009239203296601772
0.008833234198391438
0.028143903240561485
0.00788976438343525
0.020928388461470604
0.02726210467517376
0.049044907093048096
0.019032230600714684
0.03655945882201195
0.016760017722845078
0.02147728018462658
0.03231678530573845
0.2038426399230957
0.01189624983817339
0.011201179586350918
0.029073989018797874
0.012848046608269215
0.01613735593855381
0.0075821527279913425
0.04540640115737915
0.017873110249638557
0.02629309706389904
0.012235680595040321
0.017956573516130447
0.012214231304824352
0.20161977410316467
0.07183950394392014
0.010383324697613716
0.006533872336149216
0.08202189207077026
0.02156021259725094
0.057882823050022125
0.012900546193122864
0.104014091193676
0.026641547679901123
0.06707551330327988
0.02093883790075779
0.028638649731874466
0.010976760648190975
0.2082829773426056
0.06053215265274048
0.006253884639590979
0.008993481285870075
0.015398981980979443
0.09413039684295654
0.011679977178573608
0.05836446210741997
0.04141954705119133
0.09044121950864792
0.031197642907500267
0.07660605758428574
0.019040456041693687
0.038045529276132584
0.030401095747947693
0.1834254264831543
0.01604655385017395
0.04828258231282234
0.007323799189180136
0.06102902814745903
0.00949922576546669
0.10598623752593994
0.034152496606111526
0.2035951465368271
0.024105167016386986
0.14486709237098694
0.016594206914305687
0.10837175697088242
0.05726407840847969
0.1915876418352127
0.06196330860257149
0.029770011082291603
0.05042685195803642
0.014391325414180756
0.09490210562944412
0.014807278290390968
0.11672084778547287
0.02353288233280182
0.06826595962047577
0.029468730092048645
0.06637173146009445
0.016313357278704643
0.21811924874782562
0.06815115362405777
0.037018995732069016
0.019450461491942406
0.05415383726358414
0.013140213675796986
0.10268326103687286
0.017996130511164665
0.06864353269338608
0.0255179014056921
0.04146810993552208
0.028307100757956505
0.05361918359994888
0.01635722815990448
0.13321444392204285
0.0519549623131752
0.015583922155201435
0.06276197731494904
0.009086917154490948
0.06848608702421188
0.009936325252056122
0.10809250921010971
0.024212071672081947
0.14156703650951385
0.01536350604146719
0.08910440653562546
0.014193122275173664
0.0863594114780426
0.06219659000635147
0.17183427512645721
0.04225974902510643
0.07148263603448868
0.04030464217066765
0.13648968935012817
0.04017258808016777
0.2867717444896698
0.06669122725725174
0.1448533684015274
0.047713831067085266
0.10192298889160156
0.03443900868296623
0.08898570388555527
0.08706403523683548
0.3395850658416748
0.14193584024906158
0.08507687598466873
0.14708760380744934
0.043956220149993896
0.26497599482536316
0.04581042751669884
0.1659119576215744
0.05156850814819336
0.1153012067079544
0.04722844436764717
0.11892229318618774
0.0244793388992548
0.40833234786987305
0.14964626729488373
0.137302964925766
0.10157544910907745
0.23392529785633087
0.029426733031868935
0.2611989676952362
0.03527873381972313
0.21983745694160461
0.045640330761671066
0.1767960637807846
0.04344091936945915
0.19532285630702972
0.0255745742470026
0.36035558581352234
0.08624178171157837
0.03687708452343941
0.07444465160369873
0.0261466596275568
0.22766004502773285
0.025571485981345177
0.26861903071403503
0.05312875658273697
0.15268293023109436
0.03352506086230278
0.11305904388427734
0.030078589916229248
0.12750068306922913
0.040211696177721024
0.25489816069602966
0.04101238399744034
0.057366110384464264
0.0927049070596695
0.09738435596227646
0.08343912661075592
0.11497461050748825
0.07979205995798111
0.13608013093471527
0.047279126942157745
0.10289032757282257
0.02606254816055298
0.05874184891581535
0.1645299345254898
0.22972483932971954
0.10627156496047974
0.05845797061920166
0.10325679928064346
0.09123619645833969
0.08900247514247894
0.07655834406614304
0.11976677179336548
0.0701662227511406
0.0925387293100357
0.04584040120244026
0.04896116629242897
0.02302504889667034
0.17119255661964417
0.18615317344665527
0.08670061081647873
0.04877592250704765
0.08268889039754868
0.055872589349746704
0.0897093117237091
0.04678601026535034
0.12527316808700562
0.044892050325870514
0.07513567060232162
0.0271407812833786
0.043492261320352554
0.014720261096954346
0.10124583542346954
0.07409302145242691
0.020277326926589012
0.04339784011244774
0.043968748301267624
0.0807911604642868
0.0484372042119503
0.14794501662254333
0.06605447083711624
0.13339665532112122
0.030951250344514847
0.07561023533344269
0.01638254150748253
0.05432594567537308
0.09651544690132141
0.18991941213607788
0.028299609199166298
0.057382941246032715
0.02995855174958706
0.043689120560884476
0.04349236190319061
0.11694180220365524
0.028157914057374
0.13948248326778412
0.01599004492163658
0.1164613887667656
0.010280599817633629
0.06685280799865723
0.07092437893152237
0.221178337931633
0.12854008376598358
0.048980966210365295
0.07467439025640488
0.036557503044605255
0.10400283336639404
0.04513506218791008
0.18186868727207184
0.022669324651360512
0.17185558378696442
0.014201131649315357
0.10078761726617813
0.008331856690347195
0.16495276987552643
0.12837070226669312
0.055792372673749924
0.021478433161973953
0.07584787905216217
0.06648259609937668
0.11554606258869171
0.04334830865263939
0.23323626816272736
0.03963743522763252
0.20640920102596283
0.02293645404279232
0.10224490612745285
0.013617873191833496
0.1121254563331604
0.06840524822473526
0.019923951476812363
0.04641132429242134
0.07077161222696304
0.16816651821136475
0.07734064012765884
0.23415780067443848
0.04916593059897423
0.19950243830680847
0.025493456050753593
0.1558990627527237
0.027092481032013893
0.10644853115081787
0.05599037930369377
0.19363103806972504
0.1840439885854721
0.045857902616262436
0.2164282351732254
0.10357773303985596
0.1913810521364212
0.16704866290092468
0.10792054980993271
0.19690075516700745
0.08620749413967133
0.1606198400259018
0.05270744487643242
0.10503040999174118
0.24845938384532928
0.15042833983898163
0.07197107374668121
0.08392225205898285
0.08069966733455658
0.0789206326007843
0.12469842284917831
0.05667076259851456
0.17837554216384888
0.048517148941755295
0.15150320529937744
0.0365353524684906
0.09038033336400986
0.02230660803616047
0.18143323063850403
0.03502823784947395
0.06433960795402527
0.028082717210054398
0.06233401224017143
0.032690778374671936
0.11618206650018692
0.03421201929450035
0.17412030696868896
0.03650330752134323
0.14315903186798096
0.03314715996384621
0.07467786222696304
0.022070100530982018
0.10360268503427505
0.02227913960814476
0.025858735665678978
0.06499069184064865
0.08213863521814346
0.11861344426870346
0.0692327544093132
0.18784797191619873
0.07257425785064697
0.20981855690479279
0.05920911952853203
0.17561911046504974
0.04192870855331421
0.12728682160377502
0.08433116972446442
0.08631180971860886
0.014759351499378681
0.033525921404361725
0.07307664304971695
0.06555922329425812
0.08195000141859055
0.09563480317592621
0.04822380095720291
0.09671681374311447
0.04576219245791435
0.08050522953271866
0.016067784279584885
0.0477631576359272
0.08542177826166153
0.07796740531921387
0.03433699160814285
0.015683650970458984
0.03198240324854851
0.03369581326842308
0.04856523498892784
0.048547424376010895
0.07572820037603378
0.03232066333293915
0.05489755794405937
0.02703419327735901
0.038925182074308395
0.013309515081346035
0.06379656493663788
0.10972360521554947
0.03449708968400955
0.014190959744155407
0.027997657656669617
0.026404662057757378
0.06024929881095886
0.05571776628494263
0.05231468752026558
0.024272697046399117
0.03563351184129715
0.01720513217151165
0.027435168623924255
0.01231759786605835
0.0575852207839489
0.06414113938808441
0.019391154870390892
0.05133339390158653
0.05550980567932129
0.0669022724032402
0.06687017530202866
0.11217685788869858
0.09200555086135864
0.0737917348742485
0.0791584849357605
0.055311281234025955
0.09309307485818863
0.0730108991265297
0.060850925743579865
0.07513344287872314
0.007333038840442896
0.012151415459811687
0.029607584699988365
0.03753073886036873
0.06047103926539421
0.03802632540464401
0.043874409049749374
0.046062733978033066
0.022416068241000175
0.0405997633934021
0.013986240141093731
0.020170820876955986
0.02614043466746807
0.03845290094614029
0.02001839689910412
0.008364574983716011
0.03804945945739746
0.020613452419638634
0.04726399853825569
0.02987111173570156
0.0415470153093338
0.024393796920776367
0.04519909247756004
0.014821307733654976
0.02134179137647152
0.01171335019171238
0.05375955253839493
0.02135366015136242
0.019456064328551292
0.007805387955158949
0.05122342333197594
0.03403319790959358
0.08247341960668564
0.05685950443148613
0.036092616617679596
0.03287702798843384
0.0332239605486393
0.018725574016571045
0.020855514332652092
0.03348497673869133
0.03495938330888748
0.02372782677412033
0.008013956248760223
0.02351616881787777
0.029934678226709366
0.06177422031760216
0.056080933660268784
0.06962907314300537
0.04817373678088188
0.06128917261958122
0.023127492517232895
0.042397014796733856
0.019126111641526222
0.02116757445037365
0.01717822067439556
0.024754304438829422
0.010774102061986923
0.023941336199641228
0.0630555972456932
0.08598829805850983
0.050269484519958496
0.12976640462875366
0.10622809082269669
0.1191047802567482
0.07349871844053268
0.05793790891766548
0.04133391007781029
0.0528889074921608
0.0834667831659317
0.16802647709846497
0.05194709822535515
0.017791826277971268
0.0906897783279419
0.05670642852783203
0.11903472989797592
0.046955209225416183
0.17247453331947327
0.0824221521615982
0.09900244325399399
0.054560162127017975
0.08944211155176163
0.03305594250559807
0.17205388844013214
0.10565315932035446
0.02643289603292942
0.012791633605957031
0.12740328907966614
0.06661885231733322
0.13527320325374603
0.050631191581487656
0.22074420750141144
0.07213573157787323
0.12276208400726318
0.04342121258378029
0.10298674553632736
0.02867424488067627
0.15309083461761475
0.0746823400259018
0.01210725773125887
0.022384753450751305
0.07671405375003815
0.1407993882894516
0.06297075003385544
0.1899995654821396
0.09882079809904099
0.1423959881067276
0.07860279828310013
0.0795794129371643
0.04924306645989418
0.07755112648010254
0.05390749126672745
0.13139905035495758
0.02178681083023548
0.05710108205676079
0.04232482612133026
0.043993208557367325
0.060413140803575516
0.08928807079792023
0.12508484721183777
0.039059776812791824
0.08979327231645584
0.028119711205363274
0.04823055490851402
0.021446386352181435
0.12268657982349396
0.14693449437618256
0.11487393826246262
0.03167366608977318
0.08430111408233643
0.0247171763330698
0.13093169033527374
0.029151981696486473
0.05373604968190193
0.07790853828191757
0.05030905827879906
0.10986670106649399
0.022993775084614754
0.02778732217848301
0.15542469918727875
0.11226912587881088
0.10721202939748764
0.016763988882303238
0.17625758051872253
0.02998732030391693
0.20550654828548431
0.030407292768359184
0.07668856531381607
0.09959175437688828
0.06137378141283989
0.14124959707260132
0.0345417819917202
0.04429134353995323
0.1352238804101944
0.05296868830919266
0.01573360525071621
0.06302782148122787
0.040425341576337814
0.10767271369695663
0.04511960968375206
0.16277359426021576
0.10780661553144455
0.0543014295399189
0.07746852934360504
0.03573400527238846
0.04401453956961632
0.032144349068403244
0.07480795681476593
0.11169319599866867
0.00485154939815402
0.01575329713523388
0.008576521649956703
0.0641975849866867
0.026945216581225395
0.14904482662677765
0.03206462785601616
0.16932952404022217
0.021866729483008385
0.11720941215753555
0.017865842208266258
0.031180107966065407
0.007144606206566095
0.08515847474336624
0.03244829177856445
0.0050621479749679565
0.10949676483869553
0.007388029247522354
0.14510445296764374
0.015548372641205788
0.22565904259681702
0.018294936046004295
0.1670161783695221
0.012739459984004498
0.06662748754024506
0.011118382215499878
0.14222191274166107
0.017797939479351044
0.023725301027297974
0.004193934146314859
0.0851249024271965
0.011436006985604763
0.13305439054965973
0.021497655659914017
0.15343618392944336
0.016663162037730217
0.09963417053222656
0.012361321598291397
0.038676340132951736
0.009136363863945007
0.07791893929243088
0.009311119094491005
0.004861698020249605
0.021460017189383507
0.00964569952338934
0.1074153408408165
0.022320548072457314
0.18444602191448212
0.028548339381814003
0.21499024331569672
0.021483473479747772
0.13153187930583954
0.020272105932235718
0.07531353086233139
0.005520710721611977
0.05815143510699272
0.00931775663048029
0.017629284411668777
0.012656702660024166
0.0370364673435688
0.015404120087623596
0.05894548445940018
0.030368825420737267
0.12080559879541397
0.026512593030929565
0.11439769715070724
0.03319023177027702
0.08891121298074722
0.016386421397328377
0.07952902466058731
0.0210086852312088
0.010190288536250591
0.04579136148095131
0.015002096071839333
0.02918395958840847
0.012652439065277576
0.09188240021467209
0.012138834223151207
0.08353259414434433
0.00986148789525032
0.040902264416217804
0.010967246256768703
0.030253959819674492
0.01709526591002941
0.013314730487763882
0.006831459701061249
0.015552276745438576
0.005971064325422049
0.009929070249199867
0.007978632114827633
0.08874296396970749
0.009073390625417233
0.06248719245195389
0.007883511483669281
0.04074082151055336
0.014629802666604519
0.016280869022011757
0.010770122520625591
0.007813146337866783
0.020392315462231636
0.006518018431961536
0.04829294979572296
0.012226414866745472
0.06274538487195969
0.024812042713165283
0.11866235733032227
0.0206594280898571
0.10183540731668472
0.05926784500479698
0.11596959084272385
0.009290804155170918
0.02015877515077591
0.03014390543103218
0.1144602820277214
0.17496763169765472
0.3069472908973694
0.294352263212204
0.39812326431274414
0.13136297464370728
0.3089284896850586
0.1766817420721054
0.359602689743042
0.07972060889005661
0.22289970517158508
0.03156036138534546
0.1257905215024948
0.16875235736370087
0.03431526571512222
0.4459550380706787
0.16387978196144104
0.46396955847740173
0.1920110434293747
0.3407769501209259
0.06747456640005112
0.33836308121681213
0.10765428841114044
0.24003206193447113
0.042080704122781754
0.2521696090698242
0.028164461255073547
0.25072774291038513
0.0356767401099205
0.5184801816940308
0.20155541598796844
0.46424975991249084
0.20220771431922913
0.32285651564598083
0.05485983565449715
0.29928627610206604
0.054962802678346634
0.19222070276737213
0.03460581973195076
0.2022690623998642
0.016945509240031242
0.030061518773436546
0.13434913754463196
0.1632365733385086
0.35812997817993164
0.22599712014198303
0.3459194302558899
0.07640328258275986
0.20315192639827728
0.08912253379821777
0.2163120061159134
0.04782478138804436
0.1449400633573532
0.011270849965512753
0.06827673316001892
0.011761383153498173
0.028015095740556717
0.015348910354077816
0.09191238135099411
0.023114701732993126
0.09761794656515121
0.01660105399787426
0.08383595198392868
0.01622454822063446
0.08731113374233246
0.011239132843911648
0.0690707266330719
0.05063199996948242
0.10850194841623306
0.023349322378635406
0.014614962041378021
0.047319356352090836
0.008695676922798157
0.07192546874284744
0.009766588918864727
0.05772064998745918
0.008509248495101929
0.06379108875989914
0.006459299009293318
0.053204216063022614
0.007503941655158997
0.07910434156656265
0.10486630350351334
0.031122857704758644
0.012740512378513813
0.06182175874710083
0.01175505481660366
0.08555492013692856
0.012705228291451931
0.04895125702023506
0.012526430189609528
0.045903149992227554
0.013623868115246296
0.05302565172314644
0.011121648363769054
0.07193320244550705
0.058235298842191696
0.013375163078308105
0.038138557225465775
0.026770716533064842
0.12212047725915909
0.03048800490796566
0.10731666535139084
0.01394480187445879
0.0694100633263588
0.014353103935718536
0.06432295590639114
0.011891471222043037
0.07958628982305527
0.043416060507297516
0.09195076674222946
0.03032013215124607
0.1170232817530632
0.06763652712106705
0.1839505285024643
0.11792317777872086
0.2776222825050354
0.07371793687343597
0.22170694172382355
0.058466147631406784
0.1940697878599167
0.05279077962040901
0.19040150940418243
0.05136778950691223
0.18465447425842285
0.14787273108959198
0.021707450971007347
0.27599194645881653
0.04364003241062164
0.3498727083206177
0.08516544103622437
0.39019033312797546
0.058265287429094315
0.34566259384155273
0.04603734239935875
0.30456167459487915
0.03903438523411751
0.30307736992836
0.052684735506772995
0.14975479245185852
0.015438090078532696
0.2244928628206253
0.042898476123809814
0.278738409280777
0.06522388756275177
0.40431973338127136
0.04586713761091232
0.35137027502059937
0.03221599757671356
0.30999988317489624
0.04266924783587456
0.2318473607301712
0.02913234569132328
0.018922647461295128
0.09931780397891998
0.06592334061861038
0.18839077651500702
0.1029723659157753
0.2576126158237457
0.06638387590646744
0.20589278638362885
0.048023734241724014
0.174146369099617
0.05242736265063286
0.163322314620018
0.03258487209677696
0.14009104669094086
0.01687459461390972
0.03608230873942375
0.04679008200764656
0.08033175766468048
0.08560202270746231
0.15350209176540375
0.05041608214378357
0.05543525889515877
0.03794456645846367
0.04232806712388992
0.039001040160655975
0.04889055714011192
0.04521120712161064
0.10135868936777115
0.02812354639172554
0.05401940271258354
0.06786107271909714
0.054935455322265625
0.1139332577586174
0.08501406759023666
0.08752181380987167
0.06246603652834892
0.06216864660382271
0.05570424720644951
0.0711158737540245
0.05782447010278702
0.06434314697980881
0.09322253614664078
0.04220759496092796
0.04044347256422043
0.13012291491031647
0.08899277448654175
0.16799519956111908
0.14097927510738373
0.16975903511047363
0.07073549926280975
0.1214318498969078
0.059433210641145706
0.13028763234615326
0.07847537845373154
0.09139195829629898
0.07208458334207535
0.018571235239505768
0.057264477014541626
0.07848124206066132
0.14104555547237396
0.11650413274765015
0.21480821073055267
0.07813389599323273
0.10987593978643417
0.05095520243048668
0.07652624696493149
0.0546923466026783
0.08211096376180649
0.04706212505698204
0.09592188894748688
0.03164317458868027
0.008169197477400303
0.01207867544144392
0.028751416131854057
0.017748624086380005
0.0611809678375721
0.022702857851982117
0.026721550151705742
0.01010641735047102
0.014023172669112682
0.014073780737817287
0.012488894164562225
0.05148693546652794
0.028099967166781425
0.015239250846207142
0.030765904113650322
0.01816757582128048
0.010171628557145596
0.03184087201952934
0.013634792529046535
0.02422509528696537
0.015365585684776306
0.01175625529140234
0.007100924849510193
0.015948845073580742
0.012333634309470654
0.05162188410758972
0.1556975394487381
0.010608220472931862
0.01716032810509205
0.021568825468420982
0.014692544937133789
0.02209976501762867
0.020259754732251167
0.023249909281730652
0.021588439121842384
0.012406936846673489
0.010635274462401867
0.011683064512908459
0.01238125842064619
0.035612985491752625
0.06077089533209801
0.028056129813194275
0.009205897338688374
0.013440373353660107
0.028878554701805115
0.013602686114609241
0.03573138639330864
0.02627059817314148
0.021291403099894524
0.011100967414677143
0.010633175261318684
0.010659831576049328
0.010772882960736752
0.023427952080965042
0.019419590011239052
0.010229498147964478
0.05015423521399498
0.030292470008134842
0.1539081484079361
0.039729971438646317
0.21517865359783173
0.07212686538696289
0.1758681684732437
0.07235851138830185
0.12497301399707794
0.04486161470413208
0.11633647978305817
0.024343879893422127
0.13951916992664337
0.07433515042066574
0.010135664604604244
0.20442521572113037
0.026542311534285545
0.23887448012828827
0.039042890071868896
0.22087638080120087
0.04010159522294998
0.165036141872406
0.04569786787033081