0.12120611220598221
0.14215649664402008
0.0065095145255327225
0.01634986884891987
0.005044130142778158
0.010888882912695408
0.002130389679223299
0.002786402590572834
0.11321701109409332
0.10917013138532639
0.004005874041467905
0.006839243695139885
0.002011531963944435
0.0028304792940616608
0.0030295613687485456
0.0036440251860767603
0.3042873442173004
0.18025678396224976
0.6108278036117554
0.6155036091804504
0.17897699773311615
0.18520323932170868
0.002502036513760686
0.004340081475675106
0.27460232377052307
0.23458290100097656
0.2144003063440323
0.3543849587440491
0.11857178062200546
0.1019711047410965
0.003456924809142947
0.009214011020958424
0.03565145283937454
0.15821877121925354
0.010967659763991833
0.46407192945480347
0.007733500096946955
0.09327250719070435
0.04736975580453873
0.5622607469558716
0.044142622500658035
0.05639079213142395
0.02296636439859867
0.7621167302131653
0.009269731119275093
0.24037861824035645
0.022491030395030975
0.09538726508617401
0.39164677262306213
0.06950627267360687
1.1161704063415527
0.689929723739624
0.5723565220832825
0.6222925186157227
0.8609006404876709
0.2401173859834671
0.6128807663917542
0.11497645080089569
0.18147803843021393
0.09718656539916992
0.02049637772142887
0.03271007910370827
0.7698802947998047
0.1655959188938141
0.1491786241531372
0.1416391283273697
0.04006311669945717
0.3635764718055725
0.006449326407164335
0.026655549183487892
0.01553441397845745
0.03318364918231964
0.1707204133272171
0.12897750735282898
0.11829780042171478
0.23326799273490906
0.015705857425928116
0.01890125870704651
0.014578389003872871
0.02591061219573021
0.12014824151992798
0.12533476948738098
1.3688600063323975
1.76932954788208
0.7208328247070312
1.244354009628296
0.004456261172890663
0.00418686680495739
0.18945327401161194
0.21769440174102783
0.2611292004585266
0.37248003482818604
0.08723121136426926
0.12944695353507996
0.0064543066546320915
0.01166747696697712
0.07472073286771774
0.8017165064811707
0.049502838402986526
0.39167386293411255
0.015291394665837288
0.23115219175815582
0.00921471044421196
0.4504395127296448
0.07700224965810776
0.5656771063804626
0.12628142535686493
0.12192747741937637
0.019447701051831245
0.2319934070110321
0.005297071300446987
0.1042037084698677
0.16569724678993225
0.15422868728637695
1.3832734823226929
1.7280033826828003
0.5638691186904907
0.5854584574699402
0.03785474970936775
0.3744790852069855
0.2038838267326355
0.25075116753578186
0.43873438239097595
0.7469899654388428
0.05389799922704697
0.1307327300310135
0.01842600479722023
0.08008863776922226
0.14595749974250793
0.3685928285121918
0.06229892000555992
0.27060115337371826
0.03771911561489105
0.0947512835264206
0.12428929656744003
0.07163912057876587
0.1771043986082077
0.2592071294784546
0.028089500963687897
0.13087445497512817
0.00550741795450449
0.027508122846484184
0.07322900742292404
0.05429454520344734
0.17526227235794067
0.1274453103542328
0.6971262693405151
0.7890547513961792
0.16571472585201263
0.24730780720710754
0.03745569288730621
0.09205707162618637
0.254184752702713
0.22024431824684143
0.7022928595542908
0.7676613330841064
0.2601153254508972
0.22812263667583466
0.04949229955673218
0.10425958782434464
0.009038003161549568
0.19354067742824554
0.015000234358012676
0.2394704520702362
0.006245789583772421
0.13778501749038696
0.018424388021230698
0.1312314122915268
0.014337481930851936
0.3198181092739105
0.010447841137647629
0.09774556756019592
0.006467887200415134
0.10943026840686798
0.00606920663267374
0.09453236311674118
0.10502420365810394
0.017979972064495087
0.581282913684845
0.8161066174507141
0.13280920684337616
0.15391893684864044
0.020034033805131912
0.00911940261721611
0.14988327026367188
0.03613300248980522
0.171696275472641
0.2532278001308441
0.04207266867160797
0.024360941722989082
0.08644195646047592
0.012284021824598312
0.04121202602982521
0.043857306241989136
0.01545223779976368
0.02751125954091549
0.08957008272409439
0.060311250388622284
0.011264435946941376
0.006655452772974968
0.06266459822654724
0.10971161723136902
0.02921837940812111
0.031193779781460762
0.10812831670045853
0.0715300515294075
0.024539705365896225
0.02159060351550579
0.06534439325332642
0.06768152117729187
0.5168828964233398
0.9001883864402771
0.32867780327796936
0.7457764744758606
0.004695133771747351
0.5118398666381836
0.058142658323049545
0.08312344551086426
0.0627213716506958
0.35653260350227356
0.03210221230983734
0.17526240646839142
0.013202258385717869
0.09630169719457626
1.9324792623519897
1.521956205368042
0.03616757690906525
0.20375029742717743
0.018127471208572388
0.09223290532827377
0.02216888591647148
0.1573246717453003
1.9676772356033325
1.728905200958252
0.025229688733816147
0.0379951186478138
0.016656672582030296
0.00832937378436327
0.047701869159936905
0.03580254316329956
0.2637198269367218
1.6589418649673462
1.264970064163208
1.4442018270492554
0.6937771439552307
1.0247753858566284
0.014510245062410831
0.3481940031051636
0.20626182854175568
2.386094570159912
0.03879140317440033
0.17653658986091614
0.026169002056121826
0.01904764398932457
0.0212053544819355
0.2612484097480774
0.26591381430625916
0.3361932337284088
0.003312488319352269
0.04556333273649216
0.0028098933398723602
0.05690358206629753
0.002299749990925193
0.025987962260842323
0.16356875002384186
0.19173564016819
0.0043869707733392715
0.030507786199450493
0.0026300796307623386
0.024835748597979546
0.0026720522437244654
0.012097894214093685
0.42528286576271057
0.3503326177597046
0.9131295084953308
1.107100486755371
0.3679434061050415
0.5110994577407837
0.006793922279030085
0.007766162510961294
0.38382863998413086
0.37647077441215515
0.24332557618618011
1.1503071784973145
0.22700729966163635
0.3220381438732147
0.009194333106279373
0.00629046093672514
0.17815057933330536
0.3091451823711395
0.030407754704356194
0.3402717709541321
0.00868592131882906
0.03494410961866379
0.007725496776401997
0.005486779846251011
0.17118172347545624
0.40209269523620605
0.028617246076464653
0.16410909593105316
0.007487019058316946
0.03310677781701088
0.02655736915767193
0.019162312150001526
0.31949368119239807
0.15330089628696442
0.9147014617919922
0.8678708076477051
0.7806432843208313
0.6707669496536255
0.003818357829004526
0.1720578670501709
0.44600871205329895
0.20573297142982483
0.023292729631066322
0.02609308250248432
0.02171154133975506
0.030481351539492607
0.0037847873754799366
0.08137436211109161
0.4152790606021881
0.12648504972457886
0.055274371057748795
0.017123788595199585
0.04824449121952057
0.02732216939330101
0.2230270951986313
0.1278783082962036
0.5405083298683167
0.023238467052578926
0.04160532355308533
0.009696882218122482
0.06431122124195099
0.013065279461443424
0.11035097390413284
0.007218506652861834
0.027052607387304306
0.23872357606887817
0.6246390342712402
0.9660545587539673
0.23404887318611145
0.4787134528160095
0.008093951269984245
0.05000748485326767
0.051355987787246704
0.5129446387290955
0.048750653862953186
0.5042016506195068
0.053697627037763596
0.11049834638834
0.02055179327726364
0.06798692792654037
0.05291026830673218
0.07894177734851837
0.012032493948936462
0.3083365559577942
0.016121510416269302
0.035958822816610336
0.005952386185526848
0.004020532127469778
0.06862469017505646
0.07983286678791046
0.24136894941329956
0.18523390591144562
0.01387501135468483
0.00732005899772048
0.006666218396276236
0.0031285486184060574
0.0658203661441803
0.0916387215256691
0.3888283371925354
0.6850704550743103
0.2129291146993637
0.36792707443237305
0.0022308523766696453
0.02624332904815674
0.06372442096471786
0.24992579221725464
0.07541917264461517
0.32345008850097656
0.014105800539255142
0.08941646665334702
0.004642186686396599
0.030196048319339752
0.01867247000336647
0.032247237861156464
0.007799803279340267
0.04281284287571907
0.007248430512845516
0.014227941632270813
0.0014999822014942765
0.0017076934454962611
0.013554107397794724
0.03814356029033661
0.02212689071893692
0.04353015124797821
0.00896776095032692
0.028261303901672363
0.001949232304468751
0.0048044947907328606
0.07139904052019119
0.04068780317902565
0.560788094997406
0.692978024482727
0.04965478554368019
0.12405791878700256
0.0023108345922082663
0.015424766577780247
0.11873050034046173
0.08537818491458893
0.24368125200271606
0.6128218173980713
0.0692393109202385
0.0634005069732666
0.0027774886693805456
0.004287462215870619
0.09722268581390381
0.726834774017334
0.07282231003046036
0.2244107574224472
0.05643697455525398
0.02515101060271263
0.017914054915308952
0.031503111124038696
0.16159218549728394
0.5666558742523193
0.047025807201862335
0.1191699355840683
0.05693059414625168
0.013194732367992401
0.022205935791134834
0.04295907914638519
0.16736358404159546
0.3654201328754425
1.5482162237167358
1.9939887523651123
1.1245237588882446
1.4366464614868164
0.01151354517787695
0.7307511568069458
0.20770013332366943
0.3241962194442749
0.3934922516345978
1.0443284511566162
0.2382814884185791
0.43846455216407776
0.013433784246444702
0.03329269960522652
0.4979684352874756
1.1135127544403076
0.7841287851333618
0.3174329400062561
0.5385295152664185
0.18174801766872406
0.40223458409309387
0.4181278944015503
0.3814908564090729
0.9318757057189941
0.25400203466415405
0.15434090793132782
0.45945432782173157
0.12532232701778412
0.2261752039194107
0.1775943785905838
0.7061445116996765
0.471230149269104
0.8183318376541138
1.2839442491531372
0.384133905172348
0.7145534753799438
0.18780212104320526
0.4438588619232178
0.566572904586792
0.3735276460647583
0.18068139255046844
1.1062383651733398
0.09809757024049759
0.28906944394111633
0.035047318786382675
0.18963812291622162
0.1131410151720047
0.13703188300132751
0.041142649948596954
0.047522470355033875
0.08970957249403
0.08081891387701035
0.15189148485660553
0.4070410132408142
0.09485010802745819
0.1372881531715393
0.05331260338425636
0.02911585196852684
0.22245924174785614
0.06135181710124016
0.04144462198019028
0.05698375776410103
0.08790399134159088
0.09150264412164688
0.5694032907485962
0.5252615213394165
0.21325616538524628
0.13670970499515533
0.13063207268714905
0.15783989429473877
0.1730177402496338
0.1058582216501236
0.15509887039661407
0.4965022802352905
0.23745128512382507
0.3149522542953491
0.0404692180454731
0.02858499065041542
0.02849460020661354
0.23905257880687714
0.010846873745322227
0.01153278537094593
0.0059831528924405575
0.008802790194749832
0.02670195698738098
0.22574011981487274
0.06872695684432983
0.28833189606666565
0.011017239652574062
0.014479707926511765
0.011639547534286976
0.009310251101851463
0.038697194308042526
0.2622583508491516
0.024624943733215332
0.028316648676991463
0.12804673612117767
0.5941932797431946
0.01888204738497734
0.16732358932495117
0.0030877096578478813
0.07381578534841537
0.055733732879161835
0.10052818059921265
0.0530271977186203
0.18293362855911255
0.02372707799077034
0.04292808100581169
0.004519909154623747
0.10872744768857956
0.08331170678138733
0.29202234745025635
0.00824054703116417
0.05344323441386223
0.011180943809449673
0.024163300171494484
0.0028446298092603683
0.01250733993947506
0.2788860499858856
0.42699259519577026
0.018265940248966217
0.0626848042011261
0.006478428840637207
0.01325249020010233
0.01049699168652296
0.1896824687719345
0.18392980098724365
0.15838263928890228
0.5531405210494995
0.9740644693374634
0.5120490193367004
0.2808501720428467
0.010802372358739376
0.036526501178741455
0.266755074262619
0.33633139729499817
0.2688693106174469
0.5524267554283142
0.027683641761541367
0.019517021253705025
0.022968990728259087
0.1165592223405838
0.1590486466884613
0.24609887599945068
0.03942546620965004
0.025215886533260345
0.12492597103118896
0.05285954475402832
0.029631905257701874
0.011165709234774113
0.1624043583869934
0.30152809619903564
0.034854792058467865
0.0717412680387497
0.1501510888338089
0.05369171127676964
0.04203370586037636
0.015792706981301308
0.2286003679037094
0.30642151832580566
0.35107266902923584
0.28150224685668945
0.353275328874588
0.40620869398117065
0.01389139611274004
0.0297565795481205
0.39382269978523254
0.37532517313957214
0.11904536187648773
0.42636945843696594
0.10992741584777832
0.1282433420419693
0.03284064307808876
0.02942255139350891
0.052944742143154144
0.207963228225708
0.010469658300280571
0.15109534561634064
0.0021827640011906624
0.00963849201798439
0.0020469308365136385
0.006657758727669716
0.06953980773687363
0.3024320900440216
0.010826988145709038
0.06726150959730148
0.002146506682038307
0.004545185714960098
0.0018303659744560719
0.002673651557415724
0.2120843380689621
0.09027110040187836
0.8261337280273438
0.9799651503562927
0.22902679443359375
0.22017575800418854
0.004004920832812786
0.011709877289831638
0.24472413957118988
0.14417044818401337
0.2521634101867676
0.22548271715641022
0.047496672719717026
0.02637418732047081
0.005217056721448898
0.002979119075462222
0.20707814395427704
0.14028459787368774
0.023847924545407295
0.029779184609651566
0.02799847722053528
0.01669960841536522
0.2520524561405182
1.1682159900665283
0.296419233083725
0.04773630574345589
0.009831570088863373
0.015105677768588066
0.02080692909657955
0.008952506817877293
0.09955655783414841
0.7711623907089233
0.06092466041445732
0.1284158080816269
0.4458511769771576
0.6621019840240479
0.13357752561569214
0.17631852626800537
0.838190495967865
0.11097684502601624
0.08993478864431381
0.1147274598479271
0.2693883776664734
0.47451531887054443
0.2096766233444214
0.19380159676074982
0.40876370668411255
0.05314238741993904
0.02771707996726036
1.1033347845077515
0.006573495455086231
0.018240969628095627
0.017173077911138535
0.031255755573511124
0.030457166954874992
0.3513164520263672
0.038346536457538605
1.1335370540618896
0.009568708017468452
0.015729809179902077
0.02174411527812481
0.014446801505982876
0.008000542409718037
0.2793751358985901
0.11169813573360443
0.05802445858716965
0.48717597126960754
0.38516154885292053
0.16524076461791992
0.10361658781766891
0.13538764417171478
0.029216084629297256
0.317541241645813
0.1710018664598465
0.16615088284015656
0.23007766902446747
0.16092005372047424
0.16460980474948883
0.11571493744850159
0.022441048175096512
0.04315881058573723
0.3830175995826721
0.025456607341766357
0.19843903183937073
0.14185436069965363
0.22409722208976746
0.03991672769188881
0.05745639652013779
0.09528310596942902
0.43636763095855713
0.08464564383029938
0.1162298247218132
0.22643433511257172
0.20072858035564423
0.08894993364810944
0.2738303542137146
0.19308343529701233
0.05338657647371292
0.27901673316955566
0.24151761829853058
0.10704746842384338
0.12577226758003235
0.06813916563987732
0.0958968922495842
0.2839229702949524
0.15423353016376495
0.23260585963726044
0.32183215022087097
0.2070632427930832
0.25342032313346863
0.06090284883975983
0.05551361292600632
0.012771276757121086
0.018110787495970726
0.012704994529485703
0.04786834865808487
0.014640463516116142
0.01095773745328188
0.004443528596311808
0.003005187027156353
0.05316302925348282
0.04015667364001274
0.019435657188296318
0.05002369359135628
0.02674778923392296
0.008386516012251377
0.05176522955298424
0.003954010084271431
0.01711200177669525
0.02404477447271347
0.8355302214622498
0.4765320122241974
0.41441670060157776
0.22466498613357544
0.00349095044657588
0.045665714889764786
0.021339280530810356
0.06295344233512878
0.07769318670034409
0.042259879410266876
0.031709153205156326
0.020753469318151474
0.0038138434756547213
0.14335019886493683
0.16764511168003082
0.9074627161026001
0.06358212977647781
0.04010486230254173
0.0060157692059874535
0.01073433831334114
0.09384913742542267
0.016965990886092186
0.26657813787460327
0.9782754182815552
0.059652648866176605
0.03066255897283554
0.004942639265209436
0.004971166606992483
0.015487579628825188
0.03328131511807442
0.13535481691360474
0.41440659761428833
0.36790499091148376
0.7346668243408203
0.05253095552325249
0.09170380234718323
0.016504526138305664
0.12010865658521652
0.08113732933998108
0.29545918107032776
0.24024136364459991
0.29994848370552063
0.0966784730553627
0.05812743678689003
0.00940078217536211
0.022899523377418518
0.05221077427268028
0.08093136548995972
0.005446745082736015
0.011406151577830315
0.010036787949502468
0.014473686926066875
0.006409035995602608
0.0061625218950212
0.05773259699344635
0.07345366477966309
0.05396919697523117
0.058889247477054596
0.032870061695575714
0.015074406750500202
0.003575861919671297
0.003827642183750868
0.06831664592027664
0.0844428688287735
0.4729776978492737
1.1666380167007446
0.2415686696767807
0.7993194460868835
0.003446985501796007
0.13032718002796173
0.1150769293308258
0.36828914284706116
0.7741330862045288
1.5839035511016846
0.13980185985565186
0.8821273446083069
0.014886830002069473
0.04512690380215645
0.07457106560468674
0.5295860767364502
0.028819790109992027
0.13171057403087616
0.008378428407013416
0.03870715945959091
0.007911627180874348
0.05599481612443924
0.11189460754394531
0.38035473227500916
0.05546719580888748
0.0919196754693985
0.020958121865987778
0.01907164417207241
0.006910759024322033
0.015088492073118687
0.13886703550815582
0.13913223147392273
0.9668744206428528
1.3350839614868164
0.7073586583137512
0.6987097263336182
0.00822760071605444
0.06305547803640366
0.1398789882659912
0.24839618802070618
0.8883918523788452
1.3802754878997803
0.15394002199172974
0.17163512110710144
0.009893606416881084
0.03495398163795471
0.13672009110450745
0.2447025030851364
0.012930775061249733
0.05572094768285751
0.004157802555710077
0.01943187601864338
0.02123536542057991
0.10084720700979233
0.19847388565540314
0.21460945904254913
0.008871780708432198
0.019697971642017365
0.004195717163383961
0.007265558000653982
0.02086503803730011
0.02218872308731079
0.05713574215769768
0.12163890898227692
0.25576087832450867
0.41050806641578674
0.0737563893198967
0.0790850967168808
0.02407468855381012
0.014506039209663868
0.08822424709796906
0.17910268902778625
0.24043022096157074
0.29602912068367004
0.3670562207698822
0.28572458028793335
0.016347438097000122
0.011715278029441833
0.02745896205306053
0.06074731796979904
0.146260604262352
0.03395332396030426
0.005994042847305536
0.021230222657322884
0.008017141371965408
0.00356314261443913
0.02875988557934761
0.07707299292087555
0.02611435577273369
0.030586805194616318
0.005104188807308674
0.008407318033277988
0.007176677696406841
0.003673973260447383
0.1370302438735962
0.03905980661511421
0.7878497838973999
0.7992896437644958
0.2035830020904541
0.3432096242904663
0.004813447594642639
0.024737896397709846
0.13124392926692963
0.040818892419338226
0.09380702674388885
0.14175809919834137
0.07733474671840668
0.089453786611557
0.001924541313201189
0.014099529944360256
0.041003160178661346
0.47305768728256226
0.013189020566642284
0.03435960039496422
0.006022733636200428
0.010386453941464424
0.0055643292143940926
0.10217034816741943
0.06863260269165039
0.573556661605835
0.012592960149049759
0.032895706593990326
0.0043324572034180164
0.011049491353332996
0.0042548831552267075
0.06627516448497772
0.06354069709777832
0.07759001851081848
0.5090081095695496
0.7178842425346375
0.35808858275413513
0.19732695817947388
0.006906813941895962
0.12885068356990814
0.13555918633937836
0.16487255692481995
0.39287644624710083
0.5949464440345764
0.05027635395526886
0.016682114452123642
0.015454920008778572
0.09200073778629303
0.054486233741045
0.09433788806200027
0.03349912539124489
0.08021893352270126
0.011342097073793411
0.024996735155582428
0.14779610931873322
0.22055856883525848
0.02438771352171898
0.045840587466955185
0.047383543103933334
0.04659850895404816
0.010799739509820938
0.020402031019330025
0.02338395267724991
0.047001805156469345
0.07894454896450043
0.03217985853552818
0.6403775811195374
1.2612863779067993
0.21563749015331268
0.3360287547111511
0.2720247209072113
0.18156729638576508
0.07017297297716141
0.03427823632955551
0.37886133790016174
0.17591331899166107
0.07388615608215332
0.03946610167622566
0.21930913627147675
0.14718139171600342
0.009823208674788475
0.02017986960709095
0.018182728439569473
0.1465267390012741
0.009238121099770069
0.04964801296591759
0.0024353601038455963
0.004766178783029318
0.013860032893717289
0.04135669767856598
0.018730875104665756
0.24362008273601532
0.014750583097338676
0.028656980022788048
0.002082228660583496
0.004340033978223801
0.020448759198188782
0.04488201439380646
0.8463296890258789
0.887940526008606
0.3795854449272156
0.3010660707950592
0.0032566862646490335
0.041422560811042786
0.06555116921663284
0.271764874458313
0.20671968162059784
0.859108030796051
0.037851352244615555
0.10489171743392944
0.0034621311351656914
0.03378818929195404
0.0410069115459919
0.01809683069586754
0.02540358155965805
0.07228590548038483
0.018177850171923637
0.03551272302865982
0.4404269754886627
0.09808085858821869
0.04477677494287491
0.012573529034852982
0.023473000153899193
0.04520098865032196
0.014092803001403809
0.01495377253741026
0.07563478499650955
0.004915241617709398
0.015417737886309624
0.04075843095779419
0.7284067273139954
1.1393665075302124
0.2729768753051758
0.3845224976539612
0.1429792046546936
0.5788331627845764
0.044915903359651566
0.13216568529605865
0.5848492980003357
0.31185710430145264
0.03445863723754883
0.0378863587975502
0.21350494027137756
0.5435605645179749
0.10454757511615753
0.229847252368927
0.017402363941073418
0.38496294617652893
0.005623213015496731
0.02231200970709324
0.010836537927389145
0.3820718228816986
0.13306620717048645
0.15056613087654114
0.024444907903671265
0.02998463250696659
0.005223831161856651
0.00987896416336298
0.006846135016530752
0.05386117845773697
0.12643195688724518
0.22684039175510406
0.7775622010231018
0.6897738575935364
0.3246001899242401
0.4197847247123718
0.013967365026473999
0.17242172360420227
0.15574412047863007
0.37142956256866455
0.22833456099033356
0.616198718547821
0.04082455113530159
0.16263125836849213
0.011822639964520931
0.07167884707450867
0.07926590740680695
0.05191100388765335
0.0075798118487000465
0.17177967727184296
0.039447467774152756
0.011572320945560932
0.04885417968034744
0.007547375280410051
0.07842019945383072
0.10836270451545715
0.020832039415836334
0.01474548876285553
0.08825688064098358
0.008068895898759365
0.026355011388659477
0.004560382571071386
0.10290557146072388
0.08997733891010284
0.6070136427879333
0.8923226594924927
0.33684587478637695
0.39520013332366943
0.002865228336304426
0.09636973589658737
0.14449360966682434
0.1280897557735443
0.3997603952884674
0.4028288722038269
0.08343015611171722
0.09491490572690964
0.007125589065253735
0.12238457798957825
0.032401252537965775
0.2506685256958008
0.05283607915043831
0.22246938943862915
0.023168057203292847
0.128481924533844
0.015137726441025734
0.03638147935271263
0.06364241242408752
0.30611348152160645
0.1331396996974945
0.12864214181900024
0.014438603073358536
0.023982608690857887
0.029772505164146423
0.1413789838552475
0.01807316392660141
0.030399184674024582
0.8958711624145508
1.0892912149429321
0.42904892563819885
0.7211315035820007
0.0032903729006648064
0.023257261142134666
0.062324970960617065
0.14288680255413055
0.04201550409197807
0.2120494395494461
0.017822226509451866
0.028996556997299194
0.01606597751379013
0.05940314754843712
0.368648499250412
0.6487361788749695
0.019854243844747543
0.2308289110660553
0.02720467746257782
0.09727786481380463
0.01259326096624136
0.09157168120145798
1.4246547222137451
0.8217294216156006
0.037462931126356125
0.20045629143714905
0.07647019624710083
0.2429654598236084
0.14108312129974365
0.07405093312263489
0.04312971234321594
0.2466517686843872
1.047037959098816
1.0535731315612793
1.0280967950820923
0.40067601203918457
0.027890676632523537
0.06883251667022705
0.08704663813114166
0.9840744733810425
0.09594624489545822
0.6015211343765259
0.14190764725208282
0.1058931052684784
0.08011084049940109
0.32069653272628784
0.11192084103822708
0.9354683756828308
0.006252081133425236
0.04434867575764656
0.01275643054395914
0.06408492475748062
0.017014209181070328
0.3699183166027069
0.07186311483383179
0.7435609102249146
0.011876479722559452
0.014215933158993721
0.005135318264365196
0.003103005001321435
0.009558482095599174
0.14684735238552094
0.11582294851541519
0.7054668068885803
0.48697423934936523
0.6253218054771423
0.24849513173103333
0.31452929973602295
0.04343365505337715
0.09811146557331085
0.12657780945301056
0.18352532386779785
0.0763452872633934
0.019406704232096672
0.04703131690621376
0.05602116137742996
0.040456026792526245
0.039052292704582214
0.0914856344461441
0.16230162978172302
0.01041589118540287
0.009421504102647305
0.010294302366673946
0.021720310673117638
0.034794822335243225
0.024755652993917465
0.1185794323682785
0.1916421353816986
0.023510735481977463
0.02657388523221016
0.021855615079402924
0.002626157132908702
0.056703802198171616
0.008156643249094486
0.06578045338392258
0.05898178741335869
0.22558701038360596
0.4330945312976837
0.09613417834043503
0.18858297169208527
0.0022861179895699024
0.11038056761026382
0.12836363911628723
0.19321569800376892
0.22140388190746307
0.6969614624977112
0.030296990647912025
0.1556154489517212
0.0017677502473816276
0.10149259865283966
0.030140887945890427
0.03131925314664841
0.013019082136452198
0.12682190537452698
0.03620221093297005
0.735672116279602
0.095753513276577
0.4656410813331604
0.06296958029270172
0.06846141815185547
0.023538142442703247
0.13287942111492157
0.02927706018090248
0.718544602394104
0.0581740103662014
0.0846855491399765
0.038822948932647705
0.09838978946208954
1.4217804670333862
1.2243565320968628
1.1056157350540161
0.7698367834091187
0.2176899015903473
0.19137679040431976
0.08006305247545242
0.11774834245443344
0.40192168951034546
0.4651188254356384
0.08417808264493942
0.046835143119096756
0.1251475214958191
0.09579607844352722
0.09772679954767227
0.41839516162872314
0.026346806436777115
0.08461292833089828
0.007928376086056232
0.043390337377786636
0.30661892890930176
0.745563805103302
0.07748037576675415
0.4843711256980896
0.05552712827920914
0.2106749415397644
0.009591860696673393
0.06039079651236534
0.4511977732181549
0.8780731558799744
0.06383776664733887
0.17064842581748962
0.558577835559845
0.598337709903717
0.24841518700122833
0.3016963601112366
0.440626859664917
0.5222544074058533
0.24858316779136658
0.2715287208557129
0.048488982021808624
0.07249429821968079
0.01860501803457737
0.01889285445213318
0.2118416726589203
0.2884313464164734
0.18764415383338928
0.2689586877822876
0.009170030243694782
0.10391554981470108
0.006609869655221701
0.0625826045870781
0.03159526363015175
0.02290409803390503
0.20554745197296143
0.4148476719856262
0.009592470712959766
0.07349687814712524
0.01616779901087284
0.02188514545559883
0.01410156860947609
0.022130092605948448
0.16966857016086578
0.2557583153247833
0.9579353928565979
1.0507663488388062
0.41151702404022217
0.6272251605987549
0.009212151169776917
0.03533344715833664
0.20983639359474182
0.3254392147064209
0.23976720869541168
0.3266336917877197
0.02946566976606846
0.08175549656152725
0.013192897662520409
0.04059864208102226
0.3525348901748657
1.0486243963241577
0.03652242571115494
0.04949793964624405
0.015546527691185474
0.022316154092550278
0.012943999841809273
0.20765432715415955
0.4557480216026306
0.899128794670105
0.03314705193042755
0.03541000187397003
0.017036452889442444
0.01579531468451023
0.011313995346426964
0.036671336740255356
0.24070923030376434
0.23995549976825714
0.41515639424324036
0.37496909499168396
0.061534490436315536
0.20062041282653809
0.0036390849854797125
0.008357243612408638
0.5111340284347534
0.31558358669281006
0.20917163789272308
0.7070667147636414
0.1799546480178833
0.26268306374549866
0.005581548437476158
0.015563983470201492
0.2932266891002655
0.31457459926605225
0.15936759114265442
0.5246331691741943
0.023659726604819298
0.07924922555685043
0.00419229082763195
0.011218992993235588
0.3834875524044037
0.4070655107498169
0.043450579047203064
0.10759905725717545
0.01998620107769966
0.02667854353785515
0.0038477168418467045
0.009613336995244026
0.2851564586162567
0.35829097032546997
1.1150816679000854
1.4357779026031494
0.33081698417663574
0.7089523673057556
0.004189266357570887
0.0122142992913723
0.6509396433830261
1.0349034070968628
0.6059929132461548
0.7117277979850769
0.04734059423208237
0.034823376685380936
0.010457598604261875
0.0421205498278141
0.14554399251937866
0.43068796396255493
0.0674028992652893
0.05030655860900879
0.005892041604965925
0.03246607258915901
0.09108279645442963
0.05628550425171852
0.15302246809005737
0.3639757037162781
0.5875730514526367
0.15040332078933716
0.0030642554629594088
0.010013105347752571
0.03342774510383606
0.04206114262342453
0.11856930702924728
0.22170627117156982
0.5984157919883728
1.249559998512268
0.08184651285409927
0.2766382098197937
0.01952711120247841
0.23790214955806732
0.18507248163223267
0.3277956247329712
0.34616193175315857
1.3978687524795532
0.07681325823068619
0.1281406283378601
0.04995165392756462
0.13265669345855713
0.11623195558786392
0.10142152011394501
0.037125103175640106
0.05854622274637222
0.02674361690878868
0.03970365971326828
0.010838699527084827
0.13467192649841309
0.18887433409690857
0.08523616194725037
0.016666237264871597
0.041859813034534454
0.020819885656237602
0.01626170240342617
0.008620277047157288
0.0168427973985672
0.0981292575597763
0.1786768138408661
0.6683670282363892
1.1456650495529175
0.1275474727153778
0.4661535322666168
0.015823718160390854
0.12383223325014114
0.1313346028327942
0.3139636516571045
0.2343529313802719
0.7284461855888367
0.08837208896875381
0.0596267506480217
0.011847026646137238
0.06022455170750618
0.07202321290969849
0.12822692096233368
0.007451559882611036
0.2338617593050003
0.003404768882319331
0.038360461592674255
0.006730680353939533
0.024447888135910034
0.04944424703717232
0.12645913660526276
0.013746466487646103
0.14085455238819122
0.004802363459020853
0.012619954533874989
0.003676779568195343
0.007560653146356344
0.07235515117645264
0.076631560921669
0.9184077978134155
1.4828331470489502
0.4383757412433624
0.4582342207431793
0.0036076342221349478
0.1506819725036621
0.1418583244085312
0.19303947687149048
0.2363854944705963
0.39665621519088745
0.16511842608451843
0.11112989485263824
0.00790314469486475
0.040975186973810196
0.037513792514801025
0.096315398812294
0.01237434707581997
0.023133374750614166
0.007460922002792358
0.017664793878793716
0.004406174644827843
0.01086372323334217
0.048430703580379486
0.14006735384464264
0.009638689458370209
0.028154578059911728
0.006830080412328243
0.011828763410449028
0.003986059222370386
0.0198186244815588
0.0686231255531311
0.09348047524690628
0.44311800599098206
1.023095965385437
0.1305851936340332
0.356358140707016
0.0036537679843604565
0.03499056398868561
0.11903002113103867
0.2184821516275406
0.14831967651844025
0.45767486095428467
0.0658746287226677
0.153184711933136
0.009397078305482864
0.0704340785741806
0.23231583833694458
0.024171438068151474
0.7749597430229187
0.25238925218582153
0.08723035454750061
0.28095850348472595
0.2542038857936859
0.007412310224026442
0.6144707798957825
0.01971663348376751
0.08847089856863022
0.09655822068452835
0.024318423122167587
0.07597169280052185
0.12262339890003204
0.0038532637991011143
0.023755542933940887
0.2945605516433716
1.438677191734314
1.5123041868209839
0.833920955657959
0.3057747781276703
0.007979738526046276
0.5350891351699829
0.04641225188970566
0.9610438942909241
0.059448935091495514
0.09452705085277557
0.006444470025599003
0.016107095405459404
0.061388637870550156
0.7507762312889099
0.018502049148082733
0.12608976662158966
0.08786064386367798
0.0475800521671772
0.012295980006456375
0.05308174341917038
0.0016019244212657213
0.01746165193617344
0.01630386896431446
0.04314602166414261
0.11834034323692322
0.14584772288799286
0.0211139228194952
0.047857534140348434
0.0017176393885165453
0.005565361585468054
0.13012591004371643
0.03774949535727501
0.2732546925544739
0.34903353452682495
0.13786812126636505
0.06446120142936707
0.00849880650639534
0.003606555052101612
0.12919768691062927
0.06597248464822769
0.6981417536735535
0.6959982514381409
0.06848350912332535
0.04893454536795616
0.01551828347146511
0.0033186001237481833
0.0833946093916893
0.26857447624206543
0.006425890605896711
0.06158072501420975
0.004331082105636597
0.02017802745103836
0.01139842439442873
0.018770188093185425
0.049596887081861496
0.2650914490222931
0.015087115578353405
0.13400550186634064
0.005189985036849976
0.010256594978272915
0.008556613698601723
0.0742180272936821
0.06308096647262573
0.05577104911208153
0.73835688829422
1.0005502700805664
0.3735850751399994
0.19921310245990753
0.014363549649715424
0.01741250604391098
0.08615951240062714
0.10199349373579025
0.5915030837059021
0.5376663208007812
0.017050927504897118
0.009801705367863178
0.01743778958916664
0.031211405992507935
0.1323363333940506
0.09977556765079498
0.019008750095963478
0.2717669606208801
0.011823159642517567
0.044638048857450485
0.023600494489073753
0.026266075670719147
0.11204888671636581
0.08627394586801529
0.009786440059542656
0.03061579540371895
0.0071031865663826466
0.004922155756503344
0.019123516976833344
0.022352544590830803
0.11364959925413132
0.11025875061750412
1.0862172842025757
1.7365864515304565
0.2562127411365509
0.6059158444404602
0.007288817781955004
0.016692081466317177
0.19995181262493134
0.3456909656524658
0.17946498095989227
0.2112073451280594
0.05421173572540283
0.04905176907777786
0.009688523598015308
0.012720227241516113
0.3812301456928253
0.23443081974983215
0.010423070751130581
0.020036879926919937
0.005694216582924128
0.013566620647907257
0.0030107602942734957
0.02665058709681034
0.2681325078010559
0.2078111618757248
0.007593155838549137
0.028503596782684326
0.0015493500977754593
0.010393710806965828
0.004271868150681257
0.015783267095685005
0.30756038427352905
0.4405011236667633
0.9723474979400635
1.380955457687378
0.3082420527935028
0.5374019742012024
0.01790046878159046
0.014259924180805683
0.3276621401309967
0.49485865235328674
0.7860412001609802
1.5335816144943237
0.19793687760829926
0.5318378806114197
0.02355281449854374
0.01437427569180727
0.9876347184181213
1.0955677032470703
0.02541719377040863
0.24023805558681488
0.005771683994680643
0.010079102590680122
0.9890889525413513
0.9805712103843689
1.1373131275177002
1.1671463251113892
0.24530962109565735
0.26291629672050476
0.31976690888404846
0.009150430560112
1.2062653303146362
1.3534761667251587
1.151092767715454
1.2323251962661743
0.9333184361457825
1.0197175741195679
0.21321649849414825
0.3532335162162781
0.8854117393493652
1.414209008216858
0.7771268486976624
0.6851593255996704
0.13987554609775543
0.16229675710201263
0.05803084373474121
0.06294361501932144
0.4165451228618622
0.505862295627594
0.22846218943595886
0.054013170301914215
0.016919739544391632
0.018211379647254944
0.007826391607522964
0.016938382759690285
0.539715588092804
0.14287063479423523
0.06132107973098755
0.03538409620523453
0.043912872672080994
0.028844784945249557
0.007440302055329084
0.014079968445003033
0.003926243633031845
0.002950146095827222
0.049430690705776215
0.18636250495910645
0.4464665949344635
0.6399438977241516
0.33956682682037354
0.7551807165145874
0.8652529120445251
0.832127034664154
0.07188139110803604
0.21288079023361206
0.08497695624828339
0.17251531779766083
0.014829776249825954
0.013596258126199245
0.29473328590393066
0.3472546637058258
0.17962206900119781
0.3299682140350342
0.01698177680373192
0.24951283633708954
0.005936458241194487
0.025168875232338905
0.10141316056251526
0.1372469663619995
0.20909570157527924
0.2291770875453949
0.011586517095565796
0.04201130568981171
0.004635776858776808
0.005336158908903599
0.029237855225801468
0.04345305263996124
0.20866471529006958
0.2229272723197937
0.6865121722221375
0.962089478969574
0.2754718065261841
0.3804091811180115
0.029047204181551933
0.05825655907392502
0.3147945702075958
0.38822928071022034
0.03982013463973999
0.10097527503967285
0.021201418712735176
0.015027801506221294
0.017182596027851105
0.030997632071375847
0.1661914587020874
0.1428702473640442
0.0829738900065422
0.1761246621608734
0.02330700308084488
0.10261692851781845
0.06077255681157112
0.01930791698396206
0.10824938863515854
0.12410195171833038
0.030651912093162537
0.06875418871641159
0.012765700928866863
0.025337260216474533
0.017185527831315994
0.01743641309440136
0.2000327706336975
0.20749714970588684
0.7408503293991089
1.52337646484375
0.16680818796157837
0.37132999300956726
0.03381188213825226
0.0701998919248581
0.23848775029182434
0.31864476203918457
0.9700756072998047
1.3206384181976318
0.19131040573120117
0.16034547984600067
0.025269776582717896
0.08717966079711914
0.07740695029497147
0.04178749397397041
0.22373895347118378
0.13066428899765015
0.08130422979593277
0.15369974076747894
0.007430776953697205
0.04116803780198097
0.047313109040260315
0.05119700729846954
0.14654690027236938
0.09911804646253586
0.03329033777117729
0.05272578448057175
0.007848548702895641
0.006939200218766928
0.07733630388975143
0.12085926532745361
1.8323142528533936
1.8948174715042114
0.7486759424209595
0.993476152420044
0.03294875845313072
0.2524915933609009
0.05524623394012451
0.06396938860416412
0.33970552682876587
1.125847339630127
0.15909075736999512
0.3446362614631653
0.008857162669301033
0.03471660986542702
0.16766855120658875
0.3721688389778137
0.11546118557453156
0.4737042784690857
0.09375432878732681
0.07971350103616714
0.023236429318785667
0.022378364577889442
0.1886366307735443
0.5160950422286987
0.06249212473630905
0.23487488925457
0.06399837881326675
0.07977773249149323
0.012517914175987244
0.1467846781015396
0.27718332409858704
0.18153949081897736
1.0521677732467651
1.522829532623291
0.5967366695404053
0.4381521940231323
0.004686941392719746
0.23468953371047974
0.40126702189445496
0.25810426473617554
0.235642671585083
0.7404739856719971
0.1788998544216156
0.22292838990688324
0.0063407844863832
0.10708332061767578
0.043826036155223846
0.08317255973815918
0.015376744791865349
0.06946596503257751
0.014850121922791004
0.02347582019865513
0.009731241501867771
0.00844462588429451
0.03862430155277252
0.09653692692518234
0.016152173280715942
0.04057783633470535
0.007255018688738346
0.007384430151432753
0.005103481002151966
0.007657002657651901
0.0615411177277565
0.09762616455554962
0.5330206751823425
0.3239293694496155
0.3471928536891937
0.4883281886577606
0.012522867880761623
0.02394157275557518
0.07395893335342407
0.04546576738357544
0.1952599287033081
0.07646608352661133
0.01669851318001747
0.018847502768039703
0.011215057224035263
0.008906014263629913
0.04121789336204529
0.14801307022571564
0.006175721064209938
0.02894573286175728
0.006107958033680916
0.016947105526924133
0.07963830232620239
0.0306597538292408
0.02670401893556118
0.06989740580320358
0.010846668854355812
0.04549149051308632
0.004420051351189613
0.0043348753824830055
0.013304898515343666
0.35659900307655334
0.018863549456000328
0.039933688938617706
0.28148069977760315
0.31889253854751587
0.11466482281684875
0.09141043573617935
0.012513924390077591
0.025064390152692795
0.028434768319129944
0.09525991976261139
0.381186842918396
0.6990488171577454
0.14237339794635773
0.07559488713741302
0.025657128542661667
0.04122432693839073
0.020002374425530434
0.036231763660907745
0.03280624374747276
0.1607005000114441
0.017689233645796776
0.06889478117227554
0.06603757292032242
0.3633160889148712
0.03798013553023338
0.06544468551874161
0.030170418322086334
0.11555567383766174
0.022027969360351562
0.025402940809726715
0.11554046720266342
0.2764684855937958
0.03569740056991577
0.029646174982190132
0.5341498851776123
0.6649999618530273
0.12985093891620636
0.38202258944511414
0.3173784017562866
0.019069436937570572
0.049891579896211624
0.036758486181497574
0.06588442623615265
0.03895319625735283
0.020276926457881927
0.01643793098628521
0.01596999168395996
0.026935163885354996
0.11175597459077835
0.1880273073911667
0.07006680220365524
0.16861382126808167
0.01761421002447605
0.027719764038920403
0.010469806380569935
0.010019253939390182
0.13341963291168213
0.23360732197761536
0.021176515147089958
0.030439510941505432
0.009430025704205036
0.01747892238199711
0.007604655809700489
0.028484655544161797
0.1369425356388092
0.1455543339252472
0.5508044958114624
0.7519295811653137
0.0878034457564354
0.14656080305576324
0.0032527786679565907
0.03788572922348976
0.2117701768875122
0.3875512480735779
0.47373366355895996
0.7313359975814819
0.02830537222325802
0.05907716229557991
0.004657259210944176
0.025264309719204903
0.03063364326953888
0.029932845383882523
0.009542212821543217
0.015160846523940563
0.023134630173444748
0.09266111999750137
0.0059028565883636475
0.005194949451833963
0.05400211736559868
0.08027715981006622
0.03671509772539139
0.01647837832570076
0.013343621976673603
0.05241367593407631
0.010836540721356869
0.006155299488455057
0.06397102773189545
0.14109651744365692
0.7261458039283752
0.5633798241615295
0.36977338790893555
0.29015132784843445
0.005031021311879158
0.052261389791965485
0.09848178923130035
0.12350204586982727
0.34746840596199036
0.2602471113204956
0.07616249471902847
0.07266369462013245
0.008402399718761444
0.16507583856582642
0.0517638623714447
0.07146435230970383
0.005074679851531982
0.013770274817943573
0.006388130132108927
0.011031725443899632
0.047291167080402374
0.008480757474899292
0.04595085605978966
0.07341237366199493
0.020888490602374077
0.04869173839688301
0.008520098403096199
0.016308514401316643
0.010032080113887787
0.0027347998693585396
0.05689415708184242
0.09052638709545135
0.2958564758300781
0.44203251600265503
0.1206510066986084
0.22559230029582977
0.0029680379666388035
0.03765760362148285
0.10795927047729492
0.20779456198215485
0.14043349027633667
0.39629030227661133
0.17182855308055878
0.342059463262558
0.004417795687913895
0.043621182441711426
0.042796432971954346
0.29958540201187134
0.043410588055849075
0.5469835996627808
0.01680680550634861
0.14333362877368927
0.002978138392791152
0.04741644114255905
0.043000344187021255
0.23299165070056915
0.2228621393442154
0.3286381959915161
0.029580678790807724
0.08526398986577988
0.004920952953398228
0.06107310950756073
0.1343722641468048
0.04652457684278488
0.7972056865692139
0.874472439289093
0.4181642532348633
0.3601132333278656
0.003113081678748131
0.006143020465970039
0.18611864745616913
0.18434998393058777
0.1870233714580536
0.3654040992259979
0.03492026403546333
0.0864546149969101
0.005058041773736477
0.00865053292363882
0.028396641835570335
0.2619742155075073
0.008782438933849335
0.10894175618886948
0.009988834150135517
0.04255547747015953
0.007638779003173113
0.01144200935959816
0.05417545139789581
0.28189224004745483
0.00748357642441988
0.056486040353775024
0.006036356091499329
0.015169186517596245
0.003758522681891918
0.006930092815309763
0.11528734117746353
0.047221530228853226
0.7908356189727783
0.3667970895767212
0.48550358414649963
0.44188037514686584
0.0072251297533512115
0.02598053589463234
0.19923295080661774
0.14737926423549652
0.013971343636512756
0.008838816545903683
0.01655523106455803
0.01312553882598877
0.0056252493523061275
0.006260404363274574
0.04170568287372589
0.1361282765865326
0.006502056028693914
0.02090153470635414
0.00428850157186389
0.01960045099258423
0.010258358903229237
0.04067182540893555
0.05334358662366867
0.2583431005477905
0.01878904551267624
0.014248130843043327
0.008542140945792198
0.009256269782781601
0.005634886212646961
0.15584632754325867
0.01461945939809084
0.03851604461669922
0.14339286088943481
0.8014903664588928
0.05222998186945915
0.10158529132604599
0.0030585243366658688
0.019870929419994354
0.04418561980128288
0.08154891431331635
0.06826487183570862
0.37056511640548706
0.018946047872304916
0.040000271052122116
0.013677566312253475
0.022339437156915665
0.03072965517640114
0.16925843060016632
0.009160934016108513
0.08640798181295395
0.0075559052638709545
0.1316974014043808
0.020023413002490997
0.10217690467834473
0.04481662064790726
0.03862616419792175
0.015261184424161911
0.030484216287732124
0.007310312706977129
0.011222093366086483
0.19492793083190918
0.3200153410434723
0.0251588374376297
0.06146840751171112
0.4392348527908325
0.9198857545852661
0.15657658874988556
0.308929443359375
0.02278156206011772
0.02980540692806244
0.04558829590678215
0.1855812668800354
0.4448797404766083
0.707129180431366
0.10799424350261688
0.0857275053858757
0.05247659608721733
0.09202741086483002
0.07327926158905029
0.13447031378746033
0.018761131912469864
0.09233276546001434
0.007151292636990547
0.056129053235054016
0.006804195698350668
0.07762394845485687
0.1213081032037735
0.17221412062644958
0.07140190899372101
0.10333286970853806
0.011854753829538822
0.022334102541208267
0.005327573046088219
0.02295655384659767
0.14169727265834808
0.11371184140443802
0.5626072287559509
0.6175360679626465
0.3946567475795746
0.33051276206970215
0.037339948117733
0.03758741915225983
0.24306783080101013
0.20624098181724548
0.10293672978878021
0.1882992386817932
0.06224028393626213
0.0770687609910965
0.2629645764827728
0.14250531792640686
0.08604367822408676
0.15337124466896057
0.015612330287694931
0.04665715619921684
0.04104157164692879
0.17127250134944916
0.015722911804914474
0.015335338190197945
0.1524837762117386
0.28033769130706787
0.01216502021998167
0.0474829338490963
0.038238245993852615
0.04965139552950859
0.015844205394387245
0.007886812090873718
0.059871602803468704
0.2838467061519623
0.7071357369422913
0.9845496416091919
0.7731795907020569
0.8495932221412659
0.010963017120957375
0.08014944195747375
0.10930843651294708
0.19823434948921204
0.02159990556538105
0.13449141383171082
0.05886813625693321
0.04708102345466614
0.015415916219353676
0.03227323293685913
0.20014116168022156
0.3989497721195221
0.022792262956500053
0.5440230965614319
0.010353686287999153
0.14863696694374084
0.009644197300076485
0.014806678518652916
0.2463655322790146
0.2616250514984131
0.014851773157715797
0.20917581021785736
0.009786774404346943
0.04165109619498253
0.009814943186938763
0.03177672252058983
0.24432730674743652
0.2212735265493393
0.8469465970993042
1.0769468545913696
0.23068690299987793
0.34816595911979675
0.01373993419110775
0.03834231197834015
0.33569425344467163
0.6417009830474854
0.7640486359596252
0.9302130937576294
0.11669225245714188
0.08074865490198135
0.01345400232821703
0.14158020913600922
0.045170001685619354
0.12459349632263184
0.009380144067108631
0.08793938159942627
0.0037434473633766174
0.02315976843237877
0.004514922853559256
0.009128443896770477
0.0717470720410347
0.22430315613746643
0.02625996060669422
0.07826616615056992
0.002401217818260193
0.005836114287376404
0.0049163661897182465
0.012141196988523006
0.10736928880214691
0.04992509260773659
0.6816509962081909
1.0981312990188599
0.21770043671131134
0.37712186574935913
0.0024061184376478195
0.004903893452137709
0.250482976436615
0.16441385447978973
0.10148065537214279
0.34360721707344055
0.04674861952662468
0.03802065923810005
0.005525126121938229
0.009459678083658218
0.03670318424701691
0.4188954532146454
0.10876688361167908
0.08277982473373413
0.02662179432809353
0.05777203291654587
0.00988992303609848
0.19067224860191345
0.027616985142230988
0.24195590615272522
0.021106170490384102
0.016234345734119415
0.006941395346075296
0.014261682517826557
0.006661491468548775
0.16266384720802307
0.01942075788974762
0.11024495959281921
0.8969117403030396
1.232805609703064
0.31618213653564453
0.3469706177711487
0.0344720222055912
0.3283138573169708
0.18824173510074615
0.30618730187416077
0.3439731299877167
0.5764766931533813
0.026837600395083427
0.052265726029872894
0.36739861965179443
0.40721261501312256
0.1904822587966919
0.10649345815181732
0.013567451387643814
0.3713397681713104
0.009090031497180462
0.0797218605875969
0.007693764753639698
0.012095202691853046
0.17085082828998566
0.11784166097640991
0.02327236346900463
0.26779741048812866
0.011622282676398754
0.016208002343773842
0.009861893951892853
0.016427921131253242
0.16047821938991547
0.15699158608913422
1.109021782875061
1.409435749053955
0.3955608308315277
0.3708782196044922
0.004466118291020393
0.048901237547397614
0.2168063372373581
0.2713337540626526
0.6977871656417847
1.0160690546035767
0.147694930434227
0.06463038921356201
0.008818047121167183
0.07944082468748093
0.01544271968305111
0.011990867555141449
0.07775899022817612
0.029644649475812912
0.01609964855015278
0.014793159440159798
0.007662444841116667
0.0033366973511874676
0.01783588156104088
0.01977546140551567
0.017490871250629425
0.033736418932676315
0.009147541597485542
0.006572923623025417
0.004274085164070129
0.006087170913815498
0.014193401671946049
0.029274694621562958
0.39064866304397583
0.8394373655319214
0.3007400929927826
0.4748353958129883
0.001889452920295298
0.20678040385246277
0.03173636645078659
0.10186859965324402
0.1005009338259697
0.48875635862350464
0.06907272338867188
0.7286577224731445
0.001571407075971365
0.0750013068318367
0.19073742628097534
0.4820348024368286
0.03352564573287964
0.10591739416122437
0.05119217187166214
0.05291933938860893
0.09191974997520447
0.10217508673667908
0.18093319237232208
0.19077445566654205
0.06572877615690231
0.13466805219650269
0.03021719679236412
0.023022223263978958
0.05980684235692024
0.14008325338363647
0.4210311472415924
0.15594160556793213
0.5534021258354187
0.44218507409095764
0.16086679697036743
0.3327491879463196
0.06317687034606934
0.051525600254535675
0.09974364936351776
0.2808029353618622
0.10241030901670456
0.15293478965759277
0.04343075677752495
0.17198733985424042
0.03522995486855507
0.03706447407603264
0.2865341007709503
0.12987883388996124
0.008912217803299427
0.028362611308693886
0.0030078075360506773
0.018115580081939697
0.002710287692025304
0.007047752384096384
0.3088728189468384
0.13433916866779327
0.004638472571969032
0.009523952379822731
0.003338039619848132
0.004538103938102722
0.0031417894642800093
0.004344648215919733
0.2632047235965729
0.4253045916557312
0.5900651812553406
0.9959743618965149
0.22046010196208954
0.3454066812992096
0.0021600567270070314
0.11807012557983398
0.26078182458877563
0.4542783200740814
0.03890985995531082
0.8038447499275208
0.06279626488685608
0.14909057319164276
0.00914240162819624
0.5811393857002258
0.05298914015293121
0.04050379991531372
0.009083246812224388
0.15049591660499573
0.014392380602657795
0.015041251666843891
0.0038938727229833603
0.006740203592926264
0.06889090687036514
0.09858746826648712
0.03444966673851013
0.020082132890820503
0.011074410751461983
0.007265377324074507
0.004033418372273445
0.003182311076670885
0.03397125005722046
0.05909988284111023
0.5069724321365356
0.3216429352760315
0.41693320870399475
0.4833354353904724
0.007148550823330879
0.022563299164175987
0.043664246797561646
0.08012054860591888
0.019938822835683823
0.02973618358373642
0.011156325228512287
0.014589447528123856
0.0028551798313856125
0.03926540166139603
0.026498569175601006
0.22494114935398102
0.058024246245622635
0.16886161267757416
0.037188753485679626
0.03340453281998634
0.0020721214823424816
0.038481008261442184
0.02648768573999405
0.14215365052223206
0.018373673781752586
0.09030023217201233
0.005796868819743395
0.00679513905197382
0.003488837741315365
0.018033433705568314
0.03342967480421066
0.08516386151313782
0.7762130498886108
0.6088021397590637
0.2951073944568634
0.1272515207529068
0.0024579758755862713
0.07557864487171173
0.03961312398314476
0.149284228682518
0.3086453080177307
0.3584476113319397
0.07765642553567886
0.077463299036026
0.0038208365440368652
0.01709035225212574
0.053494758903980255
0.05611356347799301
0.029270291328430176
0.05057898908853531
0.014353281818330288
0.01689673215150833
0.007661800365895033
0.007434884551912546
0.07597477734088898
0.07884754240512848
0.026474401354789734
0.04799509048461914
0.0030515145044773817
0.01374766044318676
0.006319703534245491
0.014371037483215332
0.06281068921089172
0.0876120999455452
0.7108768820762634
1.2929015159606934
0.4686805009841919
0.735374391078949
0.008296318352222443
0.006541652139276266
0.09692081063985825
0.37806206941604614
0.6073822379112244
1.4550310373306274
0.035338398069143295
0.11983855813741684
0.013073568232357502
0.010297931730747223
0.08716388046741486
0.25597167015075684
0.005450911819934845
0.02214341051876545
0.0033531480003148317
0.04815727099776268
0.007150969002395868
0.2888021469116211
0.06096918135881424
0.17218023538589478
0.0028937722090631723
0.021693341434001923
0.0008905343129299581
0.019769297912716866
0.004280592780560255
0.1775762289762497
0.223196342587471
0.1567443609237671
0.9817197918891907
1.1477112770080566
0.28246864676475525
0.24653613567352295
0.07433058321475983
0.02510775253176689
0.15924957394599915
0.22982975840568542
0.4214894771575928
1.1224703788757324
0.17780494689941406
0.25908300280570984
0.25116705894470215
0.0164874829351902
0.11509674787521362
0.7225348949432373
0.015743419528007507
0.07000653445720673
0.008172371424734592
0.33477678894996643
0.01154567115008831
0.1368970274925232
0.09587925672531128
0.6353417634963989
0.015372971072793007
0.04159768670797348
0.006586498115211725
0.011407905258238316
0.01317739300429821
0.008941266685724258
0.11700762808322906
0.15357279777526855
0.5841010212898254
0.5447456240653992
0.5040229558944702
0.41321855783462524
0.005916097201406956
0.021380575373768806
0.0801418274641037
0.2312564104795456
0.052000947296619415
0.05065801367163658
0.016863500699400902
0.02040448784828186
0.010252262465655804
0.010814027860760689
0.01779831200838089
0.023789720609784126
0.014913750812411308
0.02761128544807434
0.011999545618891716
0.0705539807677269
0.007399831898510456
0.061637114733457565
0.03674870356917381
0.016735009849071503
0.015126628801226616
0.08972792327404022
0.011095408350229263
0.014725622721016407
0.004580961540341377
0.008588400669395924
0.012999532744288445
0.028228195384144783
0.8747653961181641
1.1267364025115967
0.23572808504104614
0.6116762161254883
0.0033927327021956444
0.007099360693246126
0.07651538401842117
0.10439412295818329
0.18438246846199036
0.9800803065299988
0.03565845265984535
0.10041587799787521
0.004696464166045189
0.008816232904791832
0.14702430367469788
0.19246578216552734
0.018051210790872574
0.19995634257793427
0.00872417725622654
0.03645043447613716
0.013702071271836758
0.00889572873711586
0.1408257782459259
0.16540290415287018
0.023206740617752075
0.10528874397277832
0.009047736413776875
0.01949532888829708
0.0067891813814640045
0.011459952220320702
0.19523771107196808
0.14063601195812225
0.6703412532806396
0.7733445167541504
0.42010629177093506
0.33750638365745544
0.006071106530725956
0.048302166163921356
0.2721123695373535
0.17115868628025055
0.23247846961021423
0.20418310165405273
0.11595804244279861
0.20752832293510437
0.00599505752325058
0.02656804397702217
0.20725221931934357
0.16846416890621185
0.2896866202354431
0.08657127618789673
0.004342495463788509
0.03351401165127754
0.12022920697927475
0.27755504846572876
0.17271338403224945
0.17207826673984528
0.21567529439926147
0.07452333718538284
0.009620866738259792
0.005740937311202288
0.45838332176208496
0.5366339683532715
0.031625211238861084
0.3331121504306793
0.4210054278373718
1.7452378273010254
0.2884918749332428
0.3517788350582123
0.035593513399362564
0.27698996663093567
0.12928956747055054
0.3355492651462555
0.30013373494148254
0.3131377398967743
0.022887518629431725
0.03309790790081024
0.13431303203105927
0.19892993569374084
0.08189679682254791
0.24117878079414368
0.037783000618219376
0.08273133635520935
0.03474481403827667
0.06329236179590225
0.18590989708900452
0.03638166934251785
0.08304665982723236
0.1672239899635315
0.053752146661281586
0.036318033933639526
0.01687183976173401
0.012531078420579433
0.056042443960905075
0.01667422242462635
0.1697644740343094
0.07352031022310257
0.43528905510902405
0.522660493850708
0.09957116097211838
0.1923702508211136
0.016470041126012802
0.0716361477971077
0.24924230575561523
0.08991767466068268
0.20118774473667145
0.300699383020401
0.08385311812162399
0.17953845858573914
0.00821348000317812
0.015917396172881126
0.010466041043400764
0.03169430047273636
0.006905644200742245
0.07596174627542496
0.00978664867579937
0.05704794451594353
0.008831249549984932
0.2108466476202011
0.017079317942261696
0.0805552676320076
0.019679924473166466
0.03756454959511757
0.013642901554703712
0.01611536554992199
0.029040779918432236
0.1654270887374878
0.01996665820479393
0.03410859778523445
0.5591877698898315
0.8414158821105957
0.2359408587217331
0.36265578866004944
0.002231566235423088
0.07661962509155273
0.04077544063329697
0.11737391352653503
0.01646692305803299
0.15464694797992706
0.01567595638334751
0.02937166579067707
0.008797837421298027
0.051505476236343384
0.2575027644634247
0.1338452249765396
0.012669779360294342
0.047590263187885284
0.00694745359942317
0.03328295052051544
0.06453102827072144
0.07114432752132416
0.23805391788482666
0.18833667039871216
0.012463876977562904
0.07651913166046143
0.004765018820762634
0.005593996029347181
0.023779526352882385
0.01664625108242035
0.09403566271066666
0.09019137918949127
0.7238032221794128
0.6775805950164795
0.3244082033634186
0.18193002045154572
0.006971059367060661
0.1647433489561081
0.11653806269168854
0.13725316524505615
0.10416074842214584
0.1550857424736023
0.02122088149189949
0.022634588181972504
0.03841475397348404
0.19907647371292114
0.11715537309646606
0.1232801154255867
0.17643064260482788
0.029887795448303223
0.011017167940735817
0.02723809890449047
0.05685068294405937
0.041407518088817596
0.09385333955287933
0.11946342885494232
0.05397660657763481
0.04114551842212677
0.005789061542600393
0.009944555349647999
0.017639044672250748
0.017096707597374916
0.10424070060253143
0.15588463842868805
0.6841013431549072
1.624185562133789
0.18992926180362701
0.3586340546607971
0.03436329588294029
0.26804447174072266
0.12912532687187195
0.23093530535697937
0.5290273427963257
1.7173949480056763
0.11227796971797943
0.3668104410171509
0.029050083830952644
0.15853998064994812
0.02584162726998329
0.020406153053045273
0.008147843182086945
0.08689336478710175
0.009162907488644123
0.034924544394016266
0.006375754252076149
0.010371565818786621
0.027365244925022125
0.027699321508407593
0.046888429671525955
0.1412905901670456
0.015107082203030586
0.010885813273489475
0.0049325390718877316
0.003796561388298869
0.0190621018409729
0.18219490349292755
0.8469465374946594
0.982703447341919
0.4297654628753662
0.4937501549720764
0.005883573554456234
0.24040742218494415
0.06876177340745926
0.45317593216896057
0.0745883584022522
0.6978780031204224
0.020201267674565315
0.07065371423959732
0.029753871262073517
0.2043866366147995
0.06562303006649017
0.06727231293916702
0.008925206959247589
0.0446024127304554
0.004099142272025347
0.011770948767662048
0.005644802935421467
0.0034384685568511486
0.0613921694457531
0.10462811589241028
0.038833219558000565
0.04037299379706383
0.00681461114436388
0.007748154457658529
0.003037994261831045
0.0025814189575612545
0.05922577530145645
0.08657920360565186
0.37230029702186584
1.2779600620269775
0.06161700561642647
0.7278536558151245
0.002473803935572505
0.02795560099184513
0.06419359147548676
0.05851900577545166
0.11181394010782242
0.4953547418117523
0.0670461356639862
0.08973671495914459
0.003968621604144573
0.03892306983470917
0.08532783389091492
0.25354790687561035
0.06124614551663399
0.26778167486190796
0.007117613218724728
0.0969269648194313
0.016119197010993958
0.06865420937538147
0.1252700686454773
0.3478085696697235
0.019988402724266052
0.055772095918655396
0.006650098599493504
0.01200189907103777
0.005356617271900177
0.03584613278508186
0.232674241065979
0.10866394639015198
0.9666810035705566
1.6167287826538086
0.3575950264930725
0.5342906713485718
0.017278600484132767
0.04394923895597458
0.3767796456813812
0.26047009229660034
0.09822423756122589
0.10071773827075958
0.01901313289999962
0.021821260452270508
0.03390394523739815
0.010073266923427582
0.019848540425300598
0.03973107784986496
0.008646680042147636
0.07936606556177139
0.003522505285218358
0.0064100888557732105
0.00211661821231246
0.006205417215824127
0.029909363016486168
0.028721872717142105
0.008969072252511978
0.09188977628946304
0.012974987737834454
0.008983408100903034
0.004176976624876261
0.008455108851194382
0.015076633542776108
0.01726985163986683
0.3046859800815582
0.4174073040485382
0.04107223451137543
0.07581061124801636
0.0035776523873209953
0.0070600807666778564
0.1058766320347786
0.04856555536389351
0.0527351051568985
0.2729324996471405
0.008158830925822258
0.02573585696518421
0.005822899751365185
0.06567419320344925
0.08278292417526245
0.2494552582502365
0.0096817035228014
0.018387045711278915
0.005312804132699966
0.017536098137497902
0.0029080307576805353
0.006451831199228764
0.11435961723327637
0.33287450671195984
0.019182471558451653
0.025590986013412476
0.00568140484392643
0.009042871184647083
0.008377375081181526
0.011402448639273643
0.24867254495620728
0.20329713821411133
0.6707355976104736
0.6281523704528809
0.09792497009038925
0.13231374323368073
0.008054232224822044
0.01076317299157381
0.18445125222206116
0.16098232567310333
0.866865336894989
0.793965220451355
0.11676883697509766
0.16758912801742554
0.015413837507367134
0.01249416172504425
0.05016959458589554
0.2980746924877167
0.0155317522585392
0.12177698314189911
0.00543639063835144
0.01665274053812027
0.02322293259203434
0.02371584251523018
0.07378643751144409
0.27368998527526855
0.02032162994146347
0.03821494057774544
0.005402693524956703
0.005795220844447613
0.005502051208168268
0.008914219215512276
0.06632751226425171
0.09167641401290894
0.41289010643959045
0.6312733292579651
0.13572175800800323
0.24298927187919617
0.011827765963971615
0.03322626277804375
0.10246899724006653
0.3770774304866791
0.0682348683476448
0.14889764785766602
0.03420771285891533
0.028305573388934135
0.025946438312530518
0.07352626323699951
0.014349374920129776
0.1776387095451355
0.009088026359677315
0.11647096276283264
0.005053748842328787
0.021776985377073288
0.003614402376115322
0.0718628317117691
0.02596103399991989
0.15072394907474518
0.00678636971861124
0.020012658089399338
0.0063473847694695
0.00931692123413086
0.0024093231186270714
0.03816773742437363
0.043094225227832794
0.05089879408478737
0.6855181455612183
0.7923978567123413
0.09919009357690811
0.23708616197109222
0.002668879460543394
0.104573555290699
0.040008559823036194
0.027995776385068893
0.15791362524032593
0.44535955786705017
0.04470231756567955
0.026240041479468346
0.003394538536667824
0.017359746620059013
0.10618296265602112
0.4173494875431061
0.03899696469306946
0.3387582004070282
0.010280689224600792
0.038536187261343
0.008092951029539108
0.012939052656292915
0.10381456464529037
0.3584589660167694
0.030187135562300682
0.29998335242271423
0.006651094648987055
0.013130257837474346
0.004949249792844057
0.02479422278702259
0.08338966965675354
0.08169197291135788
0.7758880853652954
0.8350663185119629
0.5619191527366638
0.6021754741668701
0.004644947126507759
0.030390111729502678
0.1082918792963028
0.42071470618247986
0.3253706097602844
0.3770853579044342
0.029605699703097343
0.057795215398073196
0.006841288413852453
0.057015057653188705
0.028356138616800308
0.09707696735858917
0.0115459393709898
0.09724818170070648
0.006199969910085201
0.008819494396448135
0.009895405732095242
0.040361542254686356
0.023276114836335182
0.12127487361431122
0.008878213353455067
0.10272388160228729
0.07413217425346375
0.011142425239086151
0.004762591794133186
0.10973463207483292
0.08132041990756989
0.050201863050460815
0.7835312485694885
0.8319270014762878
0.17901252210140228
0.14027798175811768
0.01866828091442585
0.18576429784297943
0.1115972250699997
0.06698423624038696
0.25255000591278076
0.18564294278621674
0.03076896071434021
0.018454022705554962
0.03840784355998039
0.1658736914396286
0.03942664712667465
0.3638601303100586
0.007643571123480797
0.38556304574012756
0.010094774886965752
0.09060277044773102
0.19509907066822052
0.9227845072746277
0.0589664988219738
0.4035969376564026
0.013821784406900406
0.09877069294452667
0.02010367065668106
0.0566401481628418
0.019726915284991264
0.4495687186717987
0.23166674375534058
0.053592748939991
0.7526719570159912
0.9249555468559265
0.27884459495544434
0.29671692848205566
0.05466775223612785
0.05506959185004234
0.34532177448272705
0.1333225667476654
0.42074891924858093
0.45688584446907043
0.13368424773216248
0.06846010684967041
0.016869191080331802
0.05328185483813286
0.032930996268987656
0.03426842391490936
0.0033913832157850266
0.006098306737840176
0.007189496420323849
0.01145531702786684
0.08274713158607483
0.01990325003862381
0.04986678063869476
0.06941171735525131
0.013724563643336296
0.024150468409061432
0.003051708685234189
0.00377120403572917
0.020660623908042908
0.010728862136602402
0.013213950209319592
0.023090682923793793
0.2512611150741577
0.25030118227005005
0.025298332795500755
0.051104847341775894
0.010376762598752975
0.019288208335638046
0.028843004256486893
0.061987098306417465
0.13453280925750732
0.2212737500667572
0.05512355640530586
0.03279180824756622
0.005274392664432526
0.10271221399307251
0.15216773748397827
0.1977725625038147
0.1308979094028473
0.15617331862449646
0.056446101516485214
0.05218810588121414
0.03898376226425171
0.039576735347509384
0.2118096947669983
0.3008820414543152
0.1524200290441513
0.16480042040348053
0.06024475768208504
0.021682122722268105
0.4977884292602539
0.294185996055603
0.14798052608966827
0.31571462750434875
1.5692862272262573
1.8957701921463013
0.8934496641159058
1.4932646751403809
0.5515920519828796
1.312103033065796
0.12710557878017426
0.1727527379989624
0.6182343363761902
0.9448745846748352
0.19941797852516174
0.35959872603416443
0.07870399951934814
0.6906816959381104
0.04258180409669876
0.0890674814581871
1.0394054651260376
0.03485245630145073
0.032049622386693954
0.04698120802640915
0.011511731892824173
0.030441977083683014
0.0682862251996994
0.10855627059936523
0.3096807599067688
0.143453449010849
0.03377135470509529
0.06277734041213989
0.012716022320091724
0.011727983132004738
0.045253686606884
0.03786443918943405
0.17501577734947205
1.6611579656600952
0.14678099751472473
0.09341774135828018
0.009930210188031197
0.012686191126704216
0.08144420385360718
0.05449263006448746
0.05550612509250641
0.08583056926727295
0.025197582319378853
0.017664453014731407
0.01445793453603983
0.016669513657689095
0.0657183974981308
0.12740777432918549
0.009431264363229275
0.07383181154727936
0.008889452554285526
0.05223599821329117
0.004525498952716589
0.023383133113384247
0.0814686268568039
0.2924697697162628
0.01999489590525627
0.05815555900335312
0.014005126431584358
0.060010235756635666
0.0115683414041996
0.08321414142847061
0.135623037815094
0.08066029846668243
0.5457887649536133
0.34740298986434937
0.17013944685459137
0.1808360368013382
0.04541598632931709
0.04496818780899048
0.1582883894443512
0.11223098635673523
0.024968579411506653
0.08978487551212311
0.017896078526973724
0.02811228670179844
0.023686954751610756
0.032817959785461426
0.4713727533817291
0.7204914093017578
0.03320610895752907
0.20733307301998138
0.011142321862280369
0.020055467262864113
0.03311346098780632
0.013240551576018333
0.3654145896434784
0.5817732214927673
0.02181730605661869
0.09128256887197495
0.008621144108474255
0.005533920135349035
0.03291461244225502
0.02587982453405857
0.5112494230270386
0.44820263981819153
0.9607930183410645
1.310034990310669
0.7635223865509033
0.7641468644142151
0.0066869743168354034
0.3533424139022827
0.5932584404945374
0.6166853904724121
0.033590856939554214
0.244037926197052
0.04659575968980789
0.06963691860437393
0.0035483662504702806
0.5701474547386169
0.06799748539924622
0.09494414180517197
0.006281454116106033
0.0416862778365612
0.005147127900272608
0.025170255452394485
0.006194125860929489
0.007522572297602892
0.06458929926156998
0.20942188799381256
0.02212274633347988
0.05655813217163086
0.009456087835133076
0.026546992361545563
0.007998751476407051
0.014998997561633587
0.07346159964799881
0.08708687871694565
0.23261240124702454
0.29908961057662964
0.15057721734046936
0.10876725614070892
0.00738669466227293
0.02052444778382778
0.06046352535486221
0.07941098511219025
0.04377532750368118
0.23249763250350952
0.015926606953144073
0.053101252764463425
0.0032332215923815966
0.007749785669147968
0.3648231029510498
0.023564934730529785
0.04603983834385872
0.05564107745885849
0.049872297793626785
0.09418994933366776
0.03694670647382736
0.005719402804970741
0.8441168069839478
0.020130764693021774
0.10620483011007309
0.05272495746612549
0.05662349984049797
0.011298672296106815
0.17110836505889893
0.004140377044677734
0.01317044347524643
0.15027189254760742
0.9294283986091614
0.8863829970359802
0.18942590057849884
0.4540943503379822
0.008702808059751987
0.20623542368412018
0.02820364385843277
0.6509532332420349
0.07126273214817047
0.15418897569179535
0.02078089490532875
0.07215240597724915
0.031130483373999596
0.5079163312911987
0.8960173726081848
1.5221980810165405
0.06844250857830048
0.8087093234062195
0.044224608689546585
0.5319697260856628
0.33941134810447693
0.9957462549209595
0.9725209474563599
1.4950432777404785
0.09732528030872345
0.547160804271698
0.5349254012107849
0.5192494988441467
0.510604739189148
0.6124886274337769
1.0216776132583618
0.7810682654380798
0.8834185004234314
0.9282209277153015
0.2443428337574005
0.168193057179451
0.05992210656404495
0.1926260143518448
0.7715505957603455
0.5623950958251953
0.36847615242004395
0.38978123664855957
0.1483236849308014
0.03634222224354744
0.060144614428281784
0.12679709494113922
0.04359155893325806
0.035194091498851776
0.014873046427965164
0.49547815322875977
0.0021720596123486757
0.014146015048027039
0.0018404570873826742
0.004628244787454605
0.03493358567357063
0.08734120428562164
0.008649478666484356
0.07506638020277023
0.003834447590634227
0.006318370811641216
0.0025420302990823984
0.0029245859477669
0.02917078323662281
0.04343258589506149
1.3141717910766602
0.8443929553031921
0.29596835374832153
0.7136130332946777
0.002267849398776889
0.004427535459399223
0.0538657084107399
0.03919854760169983
0.8445565700531006
0.4274848997592926
0.013116401620209217
0.016987811774015427
0.005854644346982241
0.005355269648134708
0.19148893654346466
0.2517995536327362
0.014926854521036148
0.032745931297540665
0.006885553244501352
0.016406569629907608
0.03280259668827057
0.039621904492378235
0.15381933748722076
0.2168291062116623
0.06007949262857437
0.04722290486097336
0.015294747427105904
0.009303144179284573
0.03502152860164642
0.0525645837187767
0.0873662605881691
0.18140092492103577
0.43129563331604004
0.6308462023735046
0.1500752717256546
0.16518278419971466
0.0450560636818409
0.14281147718429565
0.09550440311431885
0.2237420529127121
0.3070189952850342
0.6902238130569458
0.10904213041067123
0.18457791209220886
0.046035315841436386
0.04893117398023605
0.0769260823726654
0.6203655004501343
0.16118091344833374
0.2286396622657776
0.006296027451753616
0.10752161592245102
0.011348284780979156
0.20656099915504456
0.09411792457103729
0.5863431692123413
0.2392052561044693
0.17600569128990173
0.009844409301877022
0.04359407350420952
0.020566387102007866
0.07980822771787643
0.2562442719936371
0.08260766416788101
0.7923523783683777
1.3860390186309814
0.427695095539093
0.4612919092178345
0.0078021325170993805
0.01795032247900963
0.27347177267074585
0.1964297890663147
0.2601160407066345
0.7752473950386047
0.11756566166877747
0.14064569771289825
0.02522331103682518
0.048498399555683136
0.054764583706855774
0.17942270636558533
0.020663060247898102
0.46970194578170776
0.009894845075905323
0.03548538684844971
0.02726101689040661
0.023072518408298492
0.10041078180074692
0.12850332260131836
0.03340078517794609
0.09101707488298416
0.02013716660439968
0.01556462049484253
0.03950151056051254
0.012200522236526012
0.06380216032266617
0.04144291579723358
1.4545999765396118
1.428197979927063
0.8142392039299011
0.6951192617416382
0.004086431115865707
0.3419302999973297
0.1656860113143921
0.30675914883613586
0.3024647533893585
0.7136934995651245
0.03969956934452057
0.057862866669893265
0.012738527730107307
0.5081115365028381
0.04606684669852257
0.1524892896413803
0.0039636059664189816
0.004996150266379118
0.006907678209245205
0.020714791491627693
0.020024459809064865
0.08362682163715363
0.07566332817077637
0.15753081440925598
0.019014807417988777
0.015319999307394028
0.00396693404763937
0.00786648690700531
0.007175642065703869
0.022175408899784088
0.06261993944644928
0.03738437965512276
0.4285631775856018
0.6904662251472473
0.20772676169872284
0.29694870114326477
0.018334856256842613
0.02786540985107422
0.07760398089885712
0.0796729326248169
0.4401760697364807
0.5381395220756531
0.0836019441485405
0.09157673269510269
0.11415737867355347
0.02356770820915699
0.018880905583500862
0.020201221108436584
0.04206964001059532
0.08134306967258453
0.12433944642543793
0.05959625914692879
0.005805016960948706
0.014600216411054134
0.03269734978675842
0.031181037425994873
0.0965704470872879
0.058098722249269485
0.02531811036169529
0.010789909400045872
0.1331818699836731
0.01736888848245144
0.01972857303917408
0.04079032316803932
0.7763519883155823
3.1362144947052
0.48198917508125305
2.0887069702148438
0.005958727560937405
0.14066238701343536
0.05898403748869896
0.12004666030406952
0.09525671601295471
0.7636306881904602
0.029827781021595
0.7851585745811462
0.01704462058842182
0.1191340759396553
0.0816042572259903
0.216237872838974
0.3549741506576538
0.2526196837425232
0.051537200808525085
0.06703921407461166
0.038258545100688934
0.07733914256095886
0.13154159486293793
0.21467545628547668
0.07247698307037354
0.04982931166887283
0.020968105643987656
0.02575523592531681
0.06560174375772476
0.04113005846738815
0.0846601128578186
0.20090679824352264
1.4919147491455078
1.86072838306427
0.7354777455329895
1.1464900970458984
0.034544751048088074
0.9863066077232361
0.05812894552946091
0.08930996805429459
0.43804171681404114
1.2890386581420898
0.24865539371967316
0.4848950207233429
0.016384948045015335
0.03890609368681908
0.05801532045006752
0.5790729522705078
0.03652657940983772
0.4851272702217102
0.02738175168633461
0.15143795311450958
0.0039823041297495365
0.011465952731668949
0.08320952206850052
0.4700593054294586
0.013708878308534622
0.05264491215348244
0.011080664582550526
0.02631695568561554
0.002569408854469657
0.010459932498633862
0.3308047354221344
0.10600295662879944
0.8948856592178345
0.735416054725647
0.2179657369852066
0.2611749768257141
0.008580686524510384
0.014591529965400696
0.5898852944374084
0.4311799108982086
0.6726037263870239
0.708621621131897
0.17234058678150177
0.1248997300863266
0.005238871555775404
0.01647416688501835
0.08044752478599548
0.16662049293518066
0.013447171077132225
0.21153728663921356
0.016612105071544647
0.02733520045876503
0.01752152293920517
0.007916262373328209
0.06301344931125641
0.18509195744991302
0.012220526114106178
0.17501822113990784
0.01000030804425478
0.025315161794424057
0.021821342408657074
0.007813167758286
0.1085178554058075
0.06896659731864929
0.519790530204773
0.5485686659812927
0.395853728055954
0.1917611062526703
0.003279991215094924
0.24008797109127045
0.21829341351985931
0.08477011322975159
0.09205163270235062
0.19610632956027985
0.03398594260215759
0.06693251430988312
0.002855441300198436
0.0635213702917099
0.05922503024339676
0.05809008330106735
0.08636372536420822
0.1815379410982132
0.18702898919582367
0.1513441503047943
0.05748941749334335
0.19912470877170563
0.1495421677827835
0.1388111710548401
0.12876059114933014
0.10797147452831268
0.27922767400741577
0.17594055831432343
0.16763433814048767
0.4549189507961273
0.0815170630812645
0.1307935267686844
0.4708903431892395
0.6754198670387268
0.10310319811105728
0.36828723549842834
0.16080939769744873
0.05559029430150986
0.22409257292747498
0.31827670335769653
0.28104522824287415
0.26990124583244324
0.22870026528835297
0.23369283974170685
0.058328546583652496
0.1616896688938141
0.02892877906560898
0.06696172803640366
0.025566857308149338
0.04134339466691017
0.0034137133043259382
0.008559887297451496
0.0019592242315411568
0.005508696660399437
0.020778868347406387
0.05030941590666771
0.01967019774019718
0.008078549057245255
0.0028774619568139315
0.004929025191813707
0.0035870790015906096
0.004495435394346714
0.02629462443292141
0.041780151426792145
0.6512073278427124
0.5256275534629822
0.4187992811203003
0.06945056468248367
0.0025918364990502596
0.04658180847764015
0.027465175837278366
0.051629628986120224
0.13672380149364471
0.23406749963760376
0.026685573160648346
0.01339676696807146
0.0041720750741660595
0.012074509635567665
0.05719684064388275
0.5699167251586914
0.021535782143473625
0.24098336696624756
0.009760013781487942
0.0463474877178669
0.07680641859769821
0.44100627303123474
0.04538954049348831
0.15968969464302063
0.018941326066851616
0.03985491394996643
0.010104606859385967
0.01170899998396635
0.0340527705848217
0.00814279355108738
0.326528400182724
0.1763184368610382
0.934859573841095
1.1386699676513672
0.46979576349258423
0.3568766117095947
0.3573456406593323
0.4057489037513733
0.3188306987285614
0.14402742683887482
1.0511399507522583
0.6524098515510559
0.057650286704301834
0.03499206528067589
0.21793125569820404
0.24344667792320251
0.09924429655075073
0.32342249155044556
0.007449878379702568
0.009212052449584007
0.002955495147034526
0.00932625774294138
0.0037556863389909267
0.024695610627532005
0.06954511255025864
0.29419761896133423
0.027758702635765076
0.04470117762684822
0.005691128317266703
0.003893965622410178
0.005795919802039862
0.04919843003153801
0.1902720034122467
0.1577201634645462
0.4660240113735199
0.6897115707397461
0.4380711615085602
0.6742140650749207
0.0033495845273137093
0.06129467859864235
0.15655598044395447
0.1687302142381668
0.17721422016620636
0.43847453594207764
0.09470554441213608
0.12551036477088928
0.0012900891015306115
0.03390795364975929
0.10049305111169815
0.27070707082748413
0.010974154807627201
0.06735582649707794
0.01566331274807453
0.03581249713897705
0.016118481755256653
0.030756106600165367
0.15757225453853607
0.3861424922943115
0.02355661801993847
0.07181491702795029
0.01807224191725254
0.03160471469163895
0.019334031268954277
0.027778344228863716
0.20160287618637085
0.16956010460853577
0.45311760902404785
1.023133635520935
0.41411998867988586
0.7625296115875244
0.010353123769164085
0.022350367158651352
0.24787122011184692
0.22521090507507324
0.26458367705345154
0.40259459614753723
0.05817081034183502
0.10125242173671722
0.01981077529489994
0.01780375838279724
0.14098088443279266
0.2187507301568985
0.0040400889702141285
0.00972069799900055
0.0030457135289907455
0.00986089464277029
0.0062171341851353645
0.005177561659365892
0.11713218688964844
0.13190574944019318
0.003338632406666875
0.012530145235359669
0.002009766409173608
0.005593593697994947
0.003986120689660311
0.0029856699984520674
0.3443695902824402
0.2514660358428955
0.6841495037078857
0.6692271828651428
0.14324906468391418
0.1057523712515831
0.0023197585251182318
0.010284054093062878
0.2799953520298004
0.3933601677417755
0.12785927951335907
0.6524854302406311
0.23004662990570068
0.14832480251789093
0.006427038460969925
0.052875783294439316
0.1809895932674408
0.7166429758071899
0.019885877147316933
0.20526261627674103
0.015243694186210632
0.28461527824401855
0.04670962691307068
0.2071906179189682
0.3736591637134552
0.6620017886161804
0.1039135754108429
0.2889860272407532
0.014298121444880962
0.32326003909111023
0.014067549258470535
0.2562676966190338
0.19071951508522034
0.22255828976631165
0.6293159127235413
0.7110578417778015
0.2950524091720581
0.15113161504268646
0.031560465693473816
0.033768486231565475
0.30270302295684814
0.25999778509140015
0.23063191771507263
0.07414428144693375
0.18612806499004364
0.050714440643787384
0.053016297519207
0.04352465644478798
0.11141303181648254
0.20571522414684296
0.027098188176751137
0.07937131822109222
0.01138328481465578
0.037110764533281326
0.022322818636894226
0.019039936363697052
0.12475097179412842
0.1799616515636444
0.021209683269262314
0.04470854625105858
0.010033834725618362
0.020092250779271126
0.0615803599357605
0.06669531017541885
0.06941667199134827
0.06810145080089569
0.2676161229610443
0.6591023206710815
0.06791919469833374
0.12378238141536713
0.009614315815269947
0.009974935092031956
0.11702397465705872
0.1483524739742279
0.11072711646556854
0.34650176763534546
0.04347861930727959
0.0527290515601635
0.012511823326349258
0.017074614763259888