0.4356665313243866
0.37545013427734375
0.04769314453005791
0.02781202830374241
0.025129035115242004
0.021434690803289413
0.0509808175265789
0.02777860313653946
0.05470561981201172
0.08285799622535706
0.038219425827264786
0.05801954120397568
0.4819123148918152
0.633811891078949
0.5018043518066406
0.475904256105423
0.5277886986732483
0.44569826126098633
0.06482860445976257
0.02249765954911709
0.18091200292110443
0.33597680926322937
0.07117235660552979
0.07446792721748352
0.046658243983983994
0.020078154280781746
0.016708651557564735
0.017565570771694183
0.15681466460227966
0.14551636576652527
0.15056784451007843
0.10397578775882721
0.008219446986913681
0.01852206513285637
0.0025071240961551666
0.004358457867056131
0.03340936452150345
0.3006068468093872
0.07138216495513916
0.2423986792564392
0.07542523741722107
0.5349220037460327
0.037069350481033325
0.2675926983356476
0.006043707951903343
0.005423109978437424
0.015571685507893562
0.018356507644057274
0.007768049370497465
0.051711566746234894
0.16598913073539734
0.5543468594551086
0.4644103944301605
0.5466898083686829
0.5465294718742371
0.4123128056526184
0.3987359404563904
0.17045536637306213
0.06030077114701271
0.12350127846002579
0.010302281007170677
0.06442754715681076
0.042860567569732666
0.35933366417884827
0.013302117586135864
0.010509025305509567
0.00997661892324686
0.009535701014101505
0.048463329672813416
0.033286821097135544
0.01874873787164688
0.028080999851226807
0.01387623231858015
0.011452040635049343
0.13235752284526825
0.027289262041449547
0.004896135069429874
0.0028915784787386656
0.0014941911213099957
0.0023203317541629076
0.013502436690032482
0.013698841445147991
0.008207346312701702
0.007954440079629421
0.014081625267863274
0.1083279475569725
0.0053636315278708935
0.015053357928991318
0.005011565051972866
0.10190784931182861
0.005110982805490494
0.2117220014333725
0.06436900794506073
0.11522630602121353
0.08778686076402664
0.11681812256574631
0.021057751029729843
0.29332882165908813
0.38902491331100464
0.908379316329956
0.04752245172858238
0.014209447428584099
0.041744835674762726
0.011075364425778389
0.0028651896864175797
0.007691677659749985
0.004658633843064308
0.003397202817723155
0.0054159583523869514
0.016802683472633362
0.0062204040586948395
0.016178715974092484
0.021915297955274582
0.01991952583193779
0.04354579746723175
0.045147351920604706
0.004290025215595961
0.02632959745824337
0.0032724353950470686
0.10230281203985214
0.030340757220983505
0.3783892095088959
0.10483123362064362
0.3710934519767761
0.18258289992809296
0.17539863288402557
0.0834878534078598
0.717192530632019
0.027372969314455986
0.059533875435590744
0.10827524960041046
0.08936335891485214
0.01910470239818096
0.008595069870352745
0.022694669663906097
0.012788061052560806
0.7730929255485535
0.7392441630363464
0.3614041209220886
0.5949461460113525
0.19680571556091309
0.28762590885162354
0.2609689235687256
0.2281559258699417
0.07632279396057129
0.10633587092161179
0.11582813411951065
0.4139488935470581
0.006562154274433851
0.07044808566570282
0.0027748062275350094
0.12474040687084198
0.057225387543439865
0.08564438670873642
0.34070369601249695
0.4185190200805664
0.03516558185219765
0.26755887269973755
0.02545858547091484
0.16387969255447388
0.031212903559207916
0.02302197739481926
0.06437226384878159
0.022082041949033737
0.0235018040984869
0.40500161051750183
0.027958855032920837
0.39231735467910767
0.3033911883831024
0.10471580922603607
0.034531883895397186
0.024936236441135406
0.001072856248356402
0.004710745066404343
0.0012021426809951663
0.0071379318833351135
0.015372230671346188
0.7133792042732239
0.013170519843697548
0.5319586992263794
0.012940017506480217
0.00818807352334261
0.03904313966631889
0.07357446104288101
0.057658255100250244
0.05201105773448944
0.046131156384944916
0.056395046412944794
0.020898928865790367
0.33099374175071716
0.030744029209017754
0.34872639179229736
0.01765277050435543
0.03183100000023842
0.010523545555770397
0.008891308680176735
0.008745183236896992
0.02600504457950592
0.07863789796829224
0.18746912479400635
0.027809269726276398
0.010274051688611507
0.018458306789398193
0.010609186254441738
0.0033206488005816936
0.07894401252269745
0.03232676908373833
0.14361274242401123
0.2048971801996231
0.33792585134506226
0.03335317224264145
0.17204803228378296
0.012391623109579086
0.006421593017876148
0.04530388116836548
0.04106266051530838
0.6058779954910278
0.22343841195106506
0.2818145751953125
0.1259540319442749
0.12116530537605286
0.4804072976112366
0.07992944866418839
0.37598758935928345
0.013951691798865795
0.010532124899327755
0.07077304273843765
0.03939206153154373
0.055538032203912735
0.7305600643157959
0.03399435803294182
0.1447640210390091
0.041187647730112076
0.33054670691490173
0.22694528102874756
0.6299328804016113
0.014868708327412605
0.17088113725185394
0.02301398664712906
0.02142387442290783
0.00782853551208973
0.017371809110045433
0.1284683495759964
0.15739332139492035
0.006600134074687958
0.01916440576314926
0.23672603070735931
0.09891384840011597
0.19060561060905457
0.1246437132358551
0.24804410338401794
0.20747268199920654
0.017856420949101448
0.07816926389932632
0.01150316372513771
0.43915367126464844
0.010085821151733398
0.0352773480117321
0.0067168367095291615
0.05240010470151901
0.007646115962415934
0.008117866702377796
0.011562621220946312
0.01356713380664587
0.10259562730789185
0.08414570987224579
0.026421211659908295
0.02065492607653141
0.006368257105350494
0.15873602032661438
0.024793613702058792
0.22884495556354523
0.018649673089385033
0.010275432839989662
0.014124581590294838
0.008366278372704983
0.14746585488319397
0.5088246464729309
0.23057864606380463
0.8737963438034058
0.06422412395477295
0.4064067602157593
0.08075518906116486
0.21364200115203857
0.7232557535171509
0.9571613073348999
1.241916298866272
1.251354455947876
0.009148233570158482
0.009559029713273048
0.042051710188388824
0.04859915003180504
0.023221492767333984
0.03746624290943146
0.017062809318304062
0.06714437901973724
0.024185655638575554
0.029123496264219284
0.007294710725545883
0.017781276255846024
0.011390837840735912
0.009608939290046692
0.010734543204307556
0.00984870083630085
0.0031265232246369123
0.014662574976682663
0.014522137120366096
0.14387960731983185
0.01875593140721321
0.17446371912956238
0.021878883242607117
0.5671788454055786
0.0974946841597557
0.1446850597858429
0.03197931498289108
0.01654808782041073
0.20435474812984467
0.15855193138122559
0.1283930242061615
0.06943689286708832
0.005761646665632725
0.0047746021300554276
0.005080924369394779
0.00769435428082943
0.1439480036497116
1.0634480714797974
0.061018191277980804
0.9523724913597107
0.0029950567986816168
0.002712828107178211
0.002236500848084688
0.01613161712884903
0.057658154517412186
0.3334171175956726
0.18762540817260742
0.2730851471424103
0.005826996173709631
0.027793942019343376
0.011426141485571861
0.2721415162086487
0.06775212287902832
0.024598857387900352
0.6300721764564514
0.0648915246129036
0.11110255122184753
0.05416412279009819
0.07031139731407166
0.10595259070396423
0.013058610260486603
0.012871388345956802
0.02124534361064434
0.008805529214441776
0.04031692445278168
0.030170297250151634
0.04608096927404404
0.07923946529626846
0.02834099344909191
0.01699291355907917
0.047141268849372864
0.027472052723169327
0.5501770377159119
0.3569889962673187
0.42359933257102966
0.347456693649292
0.024026334285736084
0.1058899387717247
0.007613510359078646
0.04010385274887085
0.004045737441629171
0.39386823773384094
0.002477223053574562
0.10672568529844284
0.016638223081827164
0.11665992438793182
0.06264569610357285
0.17290939390659332
0.03428424894809723
0.21941129863262177
0.179399311542511
0.20057927072048187
0.10038509219884872
0.02302529662847519
0.5316063165664673
0.18837814033031464
1.2228922843933105
0.8421501517295837
0.7913020849227905
0.3857974708080292
0.0929500013589859
0.36932605504989624
0.04057422652840614
0.2885339558124542
0.064722940325737
0.07297253608703613
0.02954433113336563
0.23005080223083496
0.21832969784736633
0.6126445531845093
0.2644899785518646
0.5813333988189697
0.05460355430841446
0.042373090982437134
0.023847347125411034
0.027668297290802002
0.011026249267160892
0.0510261245071888
0.014686670154333115
0.03744581714272499
0.004358252044767141
0.00501442002132535
0.03040386363863945
0.013305715285241604
0.02404455654323101
0.039910078048706055
0.0010727697517722845
0.019010210409760475
0.026967577636241913
0.1657973825931549
0.04162013903260231
0.0759553536772728
0.01065482385456562
0.018999602645635605
0.01760556735098362
0.23971699178218842
0.05730745196342468
0.08253290504217148
0.014354054816067219
0.027314554899930954
0.01637711375951767
0.482205331325531
0.02450910583138466
0.3807813823223114
0.3489755392074585
0.33271324634552
0.034677594900131226
0.17911307513713837
0.03200677037239075
0.07957684248685837
0.04306816682219505
0.23589704930782318
0.041959039866924286
0.3104732036590576
0.04837055504322052
0.5492535829544067
0.043300922960042953
0.03238630294799805
0.010611437261104584
0.2728336453437805
0.07084620743989944
0.06483608484268188
0.03550215810537338
0.05532534047961235
0.09136733412742615
0.07503204047679901
0.18564686179161072
0.18990328907966614
0.302646279335022
0.3800385296344757
0.554247260093689
0.42643222212791443
0.0192229226231575
0.01000998169183731
0.026146307587623596
0.02008260041475296
0.015717828646302223
0.37310656905174255
0.0047626434825360775
0.4177095890045166
0.0030573371332138777
0.006710290443152189
0.02064739540219307
0.02490359917283058
0.005115708336234093
0.0031429468654096127
0.03705785423517227
0.042888399213552475
0.14727289974689484
0.4861931800842285
0.28464460372924805
0.5226786136627197
0.020198900252580643
0.02764800749719143
0.0041265483014285564
0.041330453008413315
0.23991352319717407
0.09842824935913086
0.15223482251167297
0.03801644220948219
0.00756771769374609
0.011587194167077541
0.01576313190162182
0.0272971224039793
0.008621945977210999
0.01305396482348442
0.2337692379951477
0.01478181965649128
0.010821817442774773
0.0033796499483287334
0.02507477067410946
0.015354782342910767
0.0372990183532238
0.09553302824497223
0.028459493070840836
0.06276353448629379
0.006071938667446375
0.07899611443281174
0.01106264442205429
0.09304970502853394
0.0067688338458538055
0.017363354563713074
0.0181900504976511
0.015808463096618652
0.07084156572818756
0.05032305419445038
0.04480934888124466
0.048194289207458496
0.0448826365172863
0.22986666858196259
0.06984011083841324
0.5130245089530945
0.009931742213666439
0.029231365770101547
0.0044383034110069275
0.0359615758061409
0.006288922857493162
0.006805431097745895
0.005712061654776335
0.009032159112393856
0.024885719642043114
0.015837758779525757
0.02952784299850464
0.017026826739311218
0.013643183745443821
0.04418865218758583
0.015029577538371086
0.010744266211986542
0.01481703482568264
0.04426302760839462
0.0019049636321142316
0.008691532537341118
0.033540621399879456
0.02594805881381035
0.02053132653236389
0.017137568444013596
0.011982046067714691
0.13344615697860718
0.012712475843727589
0.38179072737693787
0.023360315710306168
0.03308000788092613
0.02120114117860794
0.0267960075289011
0.02855673059821129
0.3492749333381653
0.01019700150936842
0.26060763001441956
0.010991277173161507
0.1255120038986206
0.016735345125198364
0.309561163187027
0.016205307096242905
0.03354591503739357
0.023734398186206818
0.05139085650444031
0.021639123558998108
0.019794683903455734
0.011124770157039165
0.028772413730621338
0.03379638120532036
0.18763554096221924
0.11760187149047852
0.3091226816177368
0.04853019118309021
0.3856073021888733
0.2640398144721985
0.1793367862701416
0.004968434572219849
0.005310248117893934
0.00720772473141551
0.008272498846054077
0.005457133054733276
0.007099409122020006
0.0032218715641647577
0.00291836098767817
0.017757974565029144
0.010864224284887314
0.008447019383311272
0.019418904557824135
0.13603739440441132
0.03691360354423523
0.025977231562137604
0.02074112743139267
0.018670454621315002
0.017868278548121452
0.03804417699575424
0.06396553665399551
0.004165233112871647
0.006723522208631039
0.0014446252025663853
0.001990523189306259
0.07262875139713287
0.12324517965316772
0.026876308023929596
0.030000489205121994
0.00414537126198411
0.04840086027979851
0.007282034959644079
0.011820098385214806
0.01659093052148819
0.00783462356775999
0.007272415794432163
0.00895961094647646
0.002777446759864688
0.004416573792695999
0.0022653627675026655
0.0085561228916049
0.03409784287214279
0.15506604313850403
0.037178169935941696
0.02725692093372345
0.024027254432439804
0.04069606587290764
0.030995957553386688
0.067945197224617
0.023829376325011253
0.08511720597743988
0.018576206639409065
0.1052357405424118
0.05735870823264122
0.37844663858413696
0.07798274606466293
0.24793460965156555
0.004144072532653809
0.007890315726399422
0.0008172329980880022
0.007535971235483885
0.02658158354461193
0.2548585832118988
0.07547245919704437
0.506681501865387
0.006082107312977314
0.01246898714452982
0.01274467259645462
0.029012177139520645
0.006342108827084303
0.007085798308253288
0.4024883508682251
0.3726089596748352
0.009434162639081478
0.02458532713353634
0.0029294283594936132
0.032213639467954636
0.6020011901855469
0.14838674664497375
0.08702629804611206
0.02479013428092003
0.0024515902623534203
0.005853645503520966
0.003866590093821287
0.004970450419932604
0.26352113485336304
0.4477178454399109
0.22898809611797333
0.5690712928771973
0.0032703266479074955
0.0947796031832695
0.01251944899559021
0.0649474561214447
0.012409401126205921
0.019740808755159378
0.026685183867812157
0.049288783222436905
0.007845303975045681
0.020483186468482018
0.03357122838497162
0.024851948022842407
0.06713108718395233
0.11868090182542801
0.1304549276828766
0.20663806796073914
0.04747052118182182
0.07802512496709824
0.19613614678382874
0.5481209754943848
0.003833633614704013
0.008855372667312622
0.013476070016622543
0.03291173279285431
0.017753686755895615
0.012986419722437859
0.47860682010650635
0.44905948638916016
0.20619156956672668
0.4150428771972656
0.04642211273312569
0.986894965171814
0.023053504526615143
0.019489500671625137
0.044682472944259644
0.017359474673867226
0.009665372781455517
0.17498892545700073
0.019678711891174316
0.1787758618593216
0.0398356057703495
0.3750171661376953
0.008110438473522663
0.38867300748825073
0.045756176114082336
0.06807857751846313
0.07294822484254837
0.038910772651433945
0.007979934103786945
0.10095469653606415
0.013523323461413383
0.29491084814071655
0.0047525567933917046
0.010296158492565155
0.00270874984562397
0.03143249452114105
0.030066419392824173
0.015410816296935081
0.09853396564722061
0.07807520031929016
0.28615474700927734
0.14932018518447876
0.12683764100074768
0.08759087324142456
0.0012251088628545403
0.0035934410989284515
0.021053485572338104
0.04735506325960159
0.009918212890625
0.11879421025514603
0.01702008582651615
0.04866807162761688
0.4201279282569885
0.13883499801158905
0.02426823228597641
0.03239486366510391
0.18165744841098785
0.28013139963150024
0.025855768471956253
0.08229062706232071
0.04117918014526367
0.049237631261348724
0.01830160804092884
0.021915053948760033
0.004675343632698059
0.005710020195692778
0.015443667769432068
0.03425808250904083
0.06647959351539612
0.02117220126092434
0.28168076276779175
0.07304347306489944
0.03098735772073269
0.0639263167977333
0.005739186890423298
0.010600193403661251
0.009831729345023632
0.017423316836357117
0.030451854690909386
0.04023443162441254
0.007196057587862015
0.06248066946864128
0.03762195259332657
0.18386435508728027
0.005310933571308851
0.07142142206430435
0.039570845663547516
0.4637153446674347
0.005884138401597738
0.009515378624200821
0.1963576376438141
0.06936459988355637
0.009781026281416416
0.23538519442081451
0.004990539979189634
0.010522648692131042
0.0028829779475927353
0.009143657051026821
0.004180892836302519
0.023590460419654846
0.04262501746416092
0.02299502119421959
0.7442263960838318
0.4101305603981018
0.07389561086893082
0.46241629123687744
0.3632512092590332
0.4028064012527466
0.07611353695392609
0.018871886655688286
0.23171690106391907
0.06736816465854645
0.011152598075568676
0.015728384256362915
0.08574704825878143
0.025132715702056885
0.20621567964553833
0.2134525179862976
0.22270160913467407
0.39931127429008484
0.014047759585082531
0.014276886358857155
0.04088812693953514
0.03681880235671997
0.01663872040808201
0.2639150023460388
0.8493859767913818
0.6545905470848083
0.13899388909339905
0.3710061013698578
0.1851697415113449
0.14734096825122833
0.022367708384990692
0.010948605835437775
0.07581071555614471
0.08567444235086441
0.00272254622541368
0.007480342872440815
0.10441794991493225
0.3993128538131714
0.10808777809143066
0.04776870459318161
0.10490144789218903
0.14234094321727753
0.0028637051582336426
0.033891163766384125
0.08223529160022736
0.21603098511695862
0.11689360439777374
0.11634132266044617
0.14384940266609192
0.25051480531692505
0.19828015565872192
0.08738596737384796
0.16647912561893463
0.08052382618188858
0.0036520797293633223
0.004942003637552261
0.0014252495020627975
0.0027641141787171364
0.05550162121653557
0.026881640776991844
0.027448849752545357
0.02657969482243061
0.07464322447776794
0.46948564052581787
0.014884847216308117
0.4851730465888977
0.0401492714881897
0.348593145608902
0.15722349286079407
0.7388583421707153
0.018505459651350975
0.0842243880033493
0.009075906127691269
0.037255916744470596
0.11013773828744888
0.01615815795958042
0.03069400042295456
0.012295826338231564
0.028680598363280296
0.021142661571502686
0.010301662608981133
0.01633993536233902
0.02012505754828453
0.02964739315211773
0.0433492586016655
0.04675429314374924
0.22886303067207336
0.21494954824447632
1.1713308095932007
1.016796588897705
0.05751395225524902
0.0378575325012207
0.07819031924009323
0.29019683599472046
0.11933603137731552
0.05887514725327492
0.01714835688471794
0.025104830041527748
0.11728810518980026
0.04449579119682312
0.06495052576065063
0.025873098522424698
0.020360352471470833
0.02057134173810482
0.29433098435401917
0.07739365100860596
0.20419012010097504
0.007610762491822243
0.023980360478162766
0.005486009642481804
0.005087761674076319
0.01917966455221176
0.007786142639815807
0.21634307503700256
0.06567548215389252
0.1490519642829895
0.00993746891617775
0.2929981052875519
0.017151854932308197
0.012280289083719254
0.007985951378941536
0.03628348931670189
0.28737205266952515
0.03005833551287651
0.04794582724571228
0.04846085235476494
0.010299448855221272
0.05666317045688629
0.020493054762482643
0.7122964262962341
0.009899687953293324
0.018603716045618057
0.04157564043998718
0.05345616117119789
0.007856679148972034
0.13601469993591309
0.005711184348911047
0.15443068742752075
0.06455664336681366
0.032362956553697586
0.010814201086759567
0.05163826793432236
0.0052693625912070274
0.01248134858906269
0.0032347063533961773
0.007655104622244835
0.019643789157271385
0.026057187467813492
0.019514843821525574
0.43826135993003845
0.0044893561862409115
0.006341203115880489
0.008169816806912422
0.02266831323504448
0.00973779708147049
0.019625863060355186
0.055634692311286926
0.06076151132583618
0.005034707486629486
0.3576076328754425
0.013973782770335674
0.20597313344478607
0.013298559933900833
0.013205911964178085
0.016301050782203674
0.00698481872677803
0.063425712287426
0.009664680808782578
0.007615766488015652
0.010883387178182602
0.01746104471385479
0.334329217672348
0.01589995063841343
0.36398887634277344
0.012519772164523602
0.05276065692305565
0.01412411779165268
0.014456170611083508
0.0019581704400479794
0.0036278138868510723
0.19058361649513245
0.3310452699661255
0.0056406185030937195
0.4063970744609833
0.0045256721787154675
0.434501051902771
0.0012160164769738913
0.0043352823704481125
0.0028505472000688314
0.00891861692070961
0.013805054128170013
0.015675915405154228
0.17075324058532715
0.12284242361783981
0.014535840600728989
0.015258423052728176
0.05012059584259987
0.04620875045657158
0.049213629215955734
0.07141401618719101
0.02339775674045086
0.026066245511174202
1.1859391927719116
0.9724283218383789
0.11071207374334335
0.22406697273254395
0.14348147809505463
0.1672002673149109
0.015164809301495552
0.022900229319930077
0.03516467660665512
0.05163624882698059
0.11254341900348663
0.03766217827796936
0.05349419265985489
0.011670881882309914
0.006014462560415268
0.0366780161857605
0.005355926230549812
0.006887577008455992
0.004783757030963898
0.009353517554700375
0.00401293532922864
0.004986024461686611
0.1292514055967331
0.06963855773210526
0.028976669535040855
0.027901945635676384
0.036727674305438995
0.06600549817085266
0.011997121386229992
0.12323260307312012
0.008670790120959282
0.036865234375
0.04091748967766762
0.06333331763744354
0.025027502328157425
0.041167594492435455
0.1604337990283966
0.4241354167461395
0.4910338521003723
0.8149506449699402
0.7545045614242554
0.5053301453590393
0.07163330912590027
0.2900693416595459
0.007237073965370655
0.011268298141658306
0.014281751587986946
0.02789231948554516
0.15024568140506744
0.13975687325000763
0.11245772987604141
0.12357712537050247
0.05802566930651665
0.019023491069674492
0.014402898028492928
0.005008758511394262
0.027111273258924484
0.03859316185116768
0.0019842509645968676
0.004000121261924505
0.5531985759735107
0.2631886303424835
0.0678148865699768
0.0561164990067482
0.0011065027210861444
0.24772799015045166
0.009173400700092316
0.4070853888988495
0.1940404772758484
0.4895324110984802
0.38144442439079285
0.6674584150314331
0.1729578673839569
0.2735832631587982
0.6857727766036987
0.6088067293167114
0.028746217489242554
0.061494119465351105
0.19563111662864685
0.08174935728311539
0.05157076567411423
0.07710565626621246
0.07260683923959732
0.04466354101896286
0.012143360450863838
0.020285500213503838
0.00571882538497448
0.027433430776000023
0.03129331022500992
0.049692392349243164
0.01507478766143322
0.03413483500480652
0.016136396676301956
0.28695130348205566
0.0405680313706398
0.71788090467453
0.016710475087165833
0.38288724422454834
0.025165757164359093
0.16454963386058807
0.07380077242851257
0.3960508406162262
0.04944226145744324
0.40346798300743103
0.03233281150460243
0.1151924729347229
0.024424629285931587
0.02979862503707409
0.018284114077687263
0.3123268187046051
0.019168276339769363
0.2869526445865631
0.02207786589860916
0.04063543304800987
0.04226221144199371
0.020748229697346687
0.04731601104140282
0.029253389686346054
0.27428436279296875
0.13593776524066925
0.0013489247066900134
0.0030131996609270573
0.0061350660398602486
0.005805336870253086
0.0026042484678328037
0.012232162058353424
0.002524545881897211
0.06362669914960861
0.019217249006032944
0.06023716926574707
0.030443400144577026
0.021813446655869484
0.010726816952228546
0.05116724222898483
0.18295471370220184
0.15697041153907776
0.0019470234401524067
0.004697698168456554
0.008769972249865532
0.029836401343345642
0.5651657581329346
0.9536734819412231
1.3003780841827393
1.1031763553619385
0.002726475242525339
0.008920346386730671
0.002304823836311698
0.0037778373807668686
0.23091654479503632
0.17732124030590057
0.1986207664012909
0.10884697735309601
0.013302764855325222
0.01390790194272995
0.06502183526754379
0.12976370751857758
0.041814520955085754
0.20427380502223969
0.09988632053136826
0.18156030774116516
0.1255556046962738
0.1977054923772812
0.021550491452217102
0.20472149550914764
0.006889362819492817
0.09568023681640625
0.05532941222190857
0.18039830029010773
0.0805324986577034
0.0072184158489108086
0.5858180522918701
0.18483757972717285
0.010847002267837524
0.03657939285039902
0.04560927301645279
0.19797465205192566
0.298850417137146
0.25504958629608154
0.8017140626907349
0.4962192177772522
0.0119825704023242
0.15578632056713104
0.015614138916134834
0.21241939067840576
0.011588828638195992
0.30930274724960327
0.10105010867118835
0.6623697280883789
0.6514359712600708
0.40052568912506104
0.004903536289930344
0.05911172926425934
0.29704713821411133
0.07124687731266022
0.7338373064994812
0.6426239013671875
0.006836913991719484
0.006119182799011469
0.018805084750056267
0.0156712643802166
0.22648610174655914
0.1699407696723938
0.16174650192260742
0.06707406044006348
0.02062784507870674
0.019931674003601074
0.016550879925489426
0.03963404893875122
0.37582144141197205
0.25161683559417725
0.11950062215328217
0.2673489451408386
0.02985556423664093
0.08585216850042343
0.1659800112247467
0.2909841537475586
0.01329623069614172
0.006635670084506273
0.015784256160259247
0.11474935710430145
0.008840261027216911
0.038822393864393234
0.15832345187664032
0.5608049631118774
0.01549135148525238
0.00528736924752593
0.0031875206623226404
0.0021320029627531767
0.03711850196123123
0.019277626648545265
0.009736976586282253
0.010424308478832245
0.3144232928752899
0.5415148735046387
0.25838613510131836
0.49974772334098816
0.013417799957096577
0.02167237177491188
0.019125746563076973
0.011454777792096138
0.283760130405426
0.041870664805173874
0.05676879733800888
0.03931228071451187
0.02154996059834957
0.028563067317008972
0.015411194413900375
0.01659388281404972
0.3370835483074188
0.21765807271003723
0.15660375356674194
0.18481218814849854
0.14184647798538208
0.5477511286735535
0.07173661142587662
0.48005878925323486
0.02170480228960514
0.475576788187027
0.013283579610288143
0.6332039833068848
0.03245733678340912
0.030369345098733902
0.04131872579455376
0.03160199522972107
0.011980889365077019
0.3695072829723358
0.09263864159584045
0.5190030336380005
0.023635748773813248
0.010720311664044857
0.041612423956394196
0.020404506474733353
0.07267184555530548
0.36194735765457153
0.027884412556886673
0.15626436471939087
0.008057080209255219
0.02533845603466034
0.01396471168845892
0.04901544749736786
0.003918997012078762
0.0032760165631771088
0.006560673005878925
0.010583116672933102
0.012645985931158066
0.22330516576766968
0.01591162011027336
0.35615482926368713
0.02344907447695732
0.1503303200006485
0.06273910403251648
0.1815197914838791
0.05391312390565872
0.04279595613479614
0.0812583714723587
0.06452497094869614
0.17118096351623535
0.1521599441766739
0.05546078830957413
0.12342286109924316
0.022768910974264145
0.009054485708475113
0.020054319873452187
0.024944378063082695
0.0024333607871085405
0.01892252080142498
0.00798383541405201
0.01908894255757332
0.012277070432901382
0.021621938794851303
0.011328613385558128
0.04071052372455597
0.02125532366335392
0.08574056625366211
0.020534394308924675
0.046521224081516266
0.08991046249866486
0.262043297290802
0.022104281932115555
0.3347201347351074
0.0009479735745117068
0.0009157246677204967
0.0009761983528733253
0.001071523642167449
0.015158790163695812
0.3048737645149231
0.05636480078101158
0.867306649684906
0.059995412826538086
0.23582832515239716
0.17832136154174805
0.12591001391410828
0.02306756190955639
0.35097378492355347
0.027662573382258415
0.06915805488824844
0.2079891860485077
0.3284655511379242
0.06100301072001457
0.02055608667433262
0.009322774596512318
0.0061140540055930614
0.012037365697324276
0.00635364418849349
0.27073585987091064
0.1640183925628662
0.38667964935302734
0.41682448983192444
0.011980030685663223
0.0070372577756643295
0.01903763972222805
0.01951051689684391
0.036886490881443024
0.36071068048477173
0.0662129670381546
0.4291967749595642
0.13977955281734467
0.21010544896125793
0.018277373164892197
0.6593393683433533
0.04112136363983154
0.011881345883011818
0.042251765727996826
0.03705830127000809
0.007572854403406382
0.018186379224061966
0.0018605916993692517
0.007879933342337608
0.002783412579447031
0.032935697585344315
0.005806995555758476
0.22123761475086212
0.0311772208660841
0.20156772434711456
0.027952609583735466
0.033819396048784256
0.006293917074799538
0.3496789336204529
0.14383117854595184
0.23848246037960052
0.0058713373728096485
0.03564056381583214
0.05083002150058746
0.029321692883968353
0.016107387840747833
0.015013686381280422
0.0011145919561386108
0.00548112066462636
0.01830124482512474
0.05422492325305939
0.3289332985877991
0.3874167799949646
0.0055397311225533485
0.016416236758232117
0.014675507321953773
0.03479651361703873
0.0072774458676576614
0.022959120571613312
0.015724632889032364
0.03224388509988785
0.026127632707357407
0.3552775979042053
0.05079441890120506
0.2717587947845459
0.006306130439043045
0.027178164571523666
0.4024212062358856
0.6114258170127869
0.007866144180297852
0.0094473697245121
0.005365241318941116
0.003995461855083704
0.05514313280582428
0.13334429264068604
0.04720942676067352
0.052111849188804626
0.013389947824180126
0.0164114311337471
0.011424480937421322
0.0078124552965164185
0.013455073349177837
0.1404600739479065
0.06766422092914581
0.34773218631744385
0.004500357899814844
0.08293095231056213
0.028740033507347107
0.11090781539678574
0.0033693271689116955
0.006086432375013828
0.016738172620534897
0.015130201354622841
0.38554272055625916
0.25612175464630127
0.015166712924838066
0.0038594806101173162
0.11407841742038727
0.49465328454971313
0.1301165521144867
0.5388666391372681
0.06054616719484329
0.13227953016757965
0.04637251794338226
0.04425401985645294
0.003178569721058011
0.004360854160040617
0.010606952011585236
0.008732345886528492
0.2884182333946228
0.3858204782009125
0.18985438346862793
0.5544174313545227
0.003653640393167734
0.03078753873705864
0.00954206008464098
0.041044801473617554
0.07668662816286087
0.18712186813354492
0.00751878134906292
0.3786872625350952
0.026740897446870804
0.020412053912878036
0.014742067083716393
0.013852945528924465
0.002963594626635313
0.05203631520271301
0.004530780017375946
0.11423793435096741
0.09643383324146271
0.4427540898323059
0.5441223382949829
0.6461271643638611
0.01333847176283598
0.013345614075660706
0.14995962381362915
0.1882169246673584
0.02475999854505062
0.029243603348731995
0.13580459356307983
0.06876242160797119
0.0100652314722538
0.014536648988723755
0.10777685046195984
0.061436913907527924
0.015343929640948772
0.021283438429236412
0.3111211061477661
0.20038121938705444
0.1300707757472992
0.06404867023229599
0.09031465649604797
0.04158371314406395
0.06575548648834229
0.013308609835803509
0.28755199909210205
0.12948966026306152
0.30625784397125244
0.6210100650787354
0.043658263981342316
0.5064094662666321
0.00539119727909565
0.008028813637793064
0.053929299116134644
0.04015849158167839
0.27475666999816895
0.4653390645980835
0.1686599850654602
0.4011352062225342
0.16478949785232544
0.05998241901397705
0.08920882642269135
0.06106806546449661
0.060984574258327484
0.047223180532455444
0.07590213418006897
0.16157931089401245
0.008733892813324928
0.0063079046085476875
0.016143247485160828
0.03924722597002983
0.031231224536895752
0.016987241804599762
0.1545606106519699
0.014713513664901257
0.055105216801166534
0.047719474881887436
0.054299287497997284
0.08135710656642914
0.028211282566189766
0.30486226081848145
0.010787513107061386
0.08003535866737366
0.0067142341285943985
0.004918767139315605
0.0007791916141286492
0.0027094674296677113
0.1874493956565857
0.04804184287786484
0.12286674976348877
0.1959892213344574
0.00939346756786108
0.014089184813201427
0.007494139950722456
0.017559582367539406
0.042394306510686874
0.12811145186424255
0.05309056118130684
0.40195098519325256
0.21240901947021484
0.0870317742228508
0.23573504388332367
0.06829074770212173
0.005818370264023542
0.01659795269370079
0.027897879481315613
0.0688534677028656
0.08920293301343918
0.7470338940620422
0.08342035859823227
0.5307572484016418
0.03927581012248993
0.02589576318860054
0.02435723878443241
0.06823903322219849
0.023180818185210228
0.04111795872449875
0.024038134142756462
0.05163463205099106
0.010085049085319042
0.009637250564992428
0.02131139300763607
0.015233361162245274
0.024249367415905
0.012489208951592445
0.031230246648192406
0.021272476762533188
0.22946703433990479
0.40725016593933105
0.06713122129440308
0.3348853886127472
0.003637235378846526
0.004376550670713186
0.0017902943072840571
0.0029218788258731365
0.08850115537643433
0.23995256423950195
0.043653704226017
0.3666304349899292
0.008244362659752369
0.0045164464972913265
0.00957395602017641
0.007574306335300207
0.030988018959760666
0.4277893304824829
0.0864332765340805
0.4167267382144928
0.24967414140701294
0.25313153862953186
0.2502424120903015
0.3337274193763733
0.01981477439403534
0.08263488113880157
0.03794284164905548
0.07978285849094391
0.1296384334564209
0.011160315945744514
0.1701699197292328
0.02681867592036724
0.015188632532954216
0.009488806128501892
0.11125686764717102
0.19376753270626068
0.0705917626619339
0.12597808241844177
0.05625491961836815
0.10844570398330688
0.02990052103996277
0.01906425878405571
0.013295160606503487
0.013157391920685768
0.03375167399644852
0.40089792013168335
0.005381700582802296
0.13108104467391968
0.004464301280677319
0.0014364426024258137
0.006813647225499153
0.004645876586437225
0.15131068229675293
0.35947316884994507
0.01206551305949688
0.3641779124736786
0.014352371916174889
0.014002407900989056
0.012955784797668457
0.013467038981616497
0.00865407008677721
0.19225285947322845
0.055405788123607635
0.6225218772888184
0.0037844651378691196
0.019662365317344666
0.14537106454372406
0.24826902151107788
0.00840018130838871
0.3358181416988373
0.03225645050406456
0.6044696569442749
0.23440665006637573
0.018260985612869263
0.07302067428827286
0.006727645173668861
0.008966086432337761
0.042043861001729965
0.02301255613565445
0.0568075105547905
0.12013451755046844
0.04637880623340607
0.12969259917736053
0.10502597689628601
0.0029331573750823736
0.06372633576393127
0.007437426131218672
0.30802443623542786
0.1776086390018463
0.09414036571979523
0.08650165796279907
0.054902054369449615
0.0054616197012364864
0.061147745698690414
0.0174334105104208
0.32738590240478516
0.01272566244006157
0.17295300960540771
0.18069730699062347
0.3516152501106262
0.008870151825249195
0.00578713184222579
0.0037595878820866346
0.004564576782286167
0.04444717615842819
0.12346094101667404
0.045851968228816986
0.07350867241621017
0.01045241579413414
0.011586872860789299
0.1732509583234787
0.01246399525552988
0.20026414096355438
0.29380494356155396
0.09325937926769257
0.12168978154659271
0.11673788726329803
0.014162316918373108
0.022385956719517708
0.012831642292439938
0.012586845085024834
0.26843416690826416
0.07826558500528336
0.1953500360250473
0.016329310834407806
0.030070992186665535
0.05296821519732475
0.030915342271327972
0.003599712625145912
0.005492183845490217
0.03173152729868889
0.03482530638575554
0.02365458756685257
0.03532400354743004
0.005891570821404457
0.024036411195993423
0.024465709924697876
0.021380171179771423
0.0073857917450368404
0.012322809547185898
0.18284264206886292
0.2909125089645386
0.19102315604686737
0.044602327048778534
0.05241886526346207
0.04977309703826904
0.06338369846343994
0.1239786148071289
0.02148631028831005
0.017243139445781708
0.02989591471850872
0.032493844628334045
0.11593078821897507
0.055331554263830185
0.07216665893793106
0.018565014004707336
0.15818139910697937
0.12010610848665237
0.2203521430492401
0.21344220638275146
0.005832065362483263
0.011144000105559826
0.006896937731653452
0.01890263520181179
0.0029804978985339403
0.02892046980559826
0.004576810635626316
0.03148511424660683
0.2951176166534424
1.1285984516143799
0.8851258754730225
1.2659183740615845
0.007692947052419186
0.007959938608109951
0.03235604241490364
0.01447715237736702
0.005546582397073507
0.08752309530973434
0.018688788637518883
0.2843639552593231
0.00847093015909195
0.008132591843605042
0.023725397884845734
0.03512056916952133
0.009911522269248962
0.023504896089434624
0.011980807408690453
0.0840158462524414
0.020309939980506897
0.011117620393633842
0.03016383945941925
0.04480328783392906
0.006911455653607845
0.007556739263236523
0.0026724354829639196
0.02126728929579258
0.4268767535686493
0.26239001750946045
0.12421192228794098
0.10755433142185211
0.003549237735569477
0.22044339776039124
0.01840193383395672
0.4974026381969452
0.004413257818669081
0.16424775123596191
0.26627248525619507
0.2843874394893646
0.043376293033361435
0.037715233862400055
0.008790715597569942
0.013771298341453075
0.006879761815071106
0.008731990121304989
0.00559510150924325
0.008943048305809498
0.2568119168281555
0.13041189312934875
0.11942122876644135
0.049032874405384064
0.23295196890830994
0.12419669330120087
0.12351083010435104
0.04593405872583389
0.014721265062689781
0.05707183852791786
0.016107112169265747
0.14095711708068848
0.6342618465423584
0.757927417755127
0.3194362223148346
0.19048139452934265
0.27417171001434326
0.24824963510036469
0.12508487701416016
0.06240871176123619
0.1030825600028038
0.2210155725479126
0.21530306339263916
0.27169641852378845
0.011938000097870827
0.15341562032699585
0.02749110385775566
0.08404265344142914
0.24923869967460632
0.16384357213974
0.14259159564971924
0.05318941920995712
0.6435748338699341
0.6600249409675598
0.26975542306900024
0.2154182642698288
0.006173888221383095
0.043593477457761765
0.07515629380941391
0.1659906953573227
0.0695197805762291
0.006416652351617813
0.04835086315870285
0.05937120318412781
0.008117083460092545
0.010280638933181763
0.007025575265288353
0.06249883025884628
0.031244467943906784
0.214065819978714
0.13619300723075867
0.5508272647857666
0.0025013696867972612
0.007702749688178301
0.7059349417686462
0.7355238199234009
0.11032405495643616
0.12566572427749634
0.070305235683918
0.14215199649333954
0.25352567434310913
0.5526070594787598
0.2738540470600128
0.6069513559341431
0.04963614419102669
0.032362110912799835
0.11482049524784088
0.08186479657888412
0.007853231392800808
0.35191500186920166
0.013811362907290459
0.11477935314178467
0.06684541702270508
0.06028370186686516
0.15699394047260284
0.3498285710811615
0.001547694788314402
0.002501322189345956
0.010011961683630943
0.015604850836098194
0.0035913821775466204
0.0053847674280405045
0.009630823507905006
0.009203203953802586
0.1882070004940033
0.1085536777973175
0.4179493188858032
0.4416769742965698
0.02165389433503151
0.011051910929381847
0.03434717655181885
0.020320950075984
0.07858256250619888
0.04119885712862015
0.47935763001441956
0.3340858817100525
0.022897837683558464
0.48796117305755615
0.1629137247800827
0.08320868015289307
0.001122486311942339
0.0026673420798033476
0.24938616156578064
0.1430898755788803
0.06260423362255096
0.0830402672290802
0.040735434740781784
0.14367470145225525
0.06589516997337341
0.19451962411403656
0.14085866510868073
0.45547249913215637
0.006233084015548229
0.011809246614575386
0.011121300980448723
0.11616569012403488
0.20136763155460358
0.032276928424835205
0.047116752713918686
0.04999992623925209
0.018131881952285767
0.01932695135474205
0.035608921200037
0.05897502228617668
0.3873438835144043
0.4889894723892212
0.39703378081321716
0.20159956812858582
0.0005197615246288478
0.0019033440621569753
0.0006184463854879141
0.0037195365875959396
0.08915060758590698
0.07766925543546677
0.17457622289657593
0.16420941054821014
0.010538988746702671
0.025049926713109016
0.009068816900253296
0.17393916845321655
0.05005934089422226
0.025039955973625183
0.015561136417090893
0.03252601623535156
0.050507571548223495
0.08575372397899628
0.025812046602368355
0.020413408055901527
0.03065260872244835
0.00904091726988554
0.08650337904691696
0.03640824183821678
0.014622103422880173
0.6549517512321472
0.0027732437010854483
0.38721296191215515
0.0067047420889139175
0.016365181654691696
0.015395499765872955
0.008956098929047585
0.039929624646902084
0.04595189914107323
0.02885134518146515
0.028345804661512375
0.016778886318206787
0.5666559338569641
0.4645687937736511
0.43207618594169617
0.004820304457098246
0.00582160335034132
0.06472239643335342
0.04006461054086685
0.002902599750086665
0.010140463709831238
0.007840846665203571
0.0045366445556283
0.02834664285182953
0.03077464923262596
0.025817034766077995
0.018563145771622658
0.011806651949882507
0.008329021744430065
0.025762338191270828
0.03712351247668266
0.01368197426199913
0.10707971453666687
0.06394399702548981
0.33479952812194824
0.005068094003945589
0.04915078729391098
0.04151936247944832
0.49978119134902954
0.004270386416465044
0.012321516871452332
0.021170398220419884
0.026719070971012115
0.4019038677215576
0.5093927383422852
0.27000564336776733
0.5061777234077454
0.015501903370022774
0.01000244915485382
0.03643995523452759
0.02109241671860218
0.002701522083953023
0.006669007707387209
0.015829920768737793
0.02563970349729061
0.0017652189126238227
0.04701821133494377
0.0028678453527390957
0.2160293459892273
0.019163204357028008
0.008565090596675873
0.07308543473482132
0.09942417591810226
0.0029585568699985743
0.02583921141922474
0.0023207198828458786
0.03409416601061821
0.06741002202033997
0.09318627417087555
0.013376227580010891
0.03132893145084381
0.003280635690316558
0.010049697011709213
0.00997539795935154
0.006063261069357395
0.01701219007372856
0.006994454190135002
0.012282936833798885
0.0144598837941885
0.07782649993896484
0.0691639706492424
0.06858468800783157
0.05064397305250168
0.005907860584557056
0.013391213491559029
0.01118012797087431
0.005457623861730099
0.025382909923791885
0.01262971293181181
0.022804178297519684
0.010454731993377209
0.08553337305784225
0.007851829752326012
0.008521279320120811
0.00524706207215786
0.04535043239593506
0.04174968600273132
0.0754864290356636
0.15081948041915894
0.10952674597501755
0.3470451831817627
0.04598979651927948
0.2954936623573303
0.02756616100668907
0.026897525414824486
0.019859790802001953
0.03024890273809433
0.4159136712551117
0.08230927586555481
0.04386568069458008
0.018727982416749
0.010373197495937347
0.00543076079338789
0.04211876913905144
0.007887540385127068
0.10080515593290329
0.06329621374607086
0.024352727457880974
0.019808068871498108
0.07412691414356232
0.11423793435096741
0.23527145385742188
0.7061283588409424
0.03913554549217224
0.577617883682251
0.37857139110565186
0.6260647773742676
0.007237417623400688
0.019123701378703117
0.012194674462080002
0.08400382101535797
0.061429914087057114
0.03784125670790672
0.04911225289106369
0.023862499743700027
0.02205723337829113
0.033887192606925964
0.03568052500486374
0.009832792915403843
0.010366324335336685
0.1192304790019989
0.03625889867544174
0.029656756669282913
0.03600483387708664
0.021037526428699493
0.13935905694961548
0.1709069311618805
0.011982150375843048
0.07606641948223114
0.011576127260923386
0.17589907348155975
0.08751801401376724
0.8756436705589294
0.04093294218182564
0.6611384749412537
0.007780126295983791
0.0024326182901859283
0.006136607378721237
0.006701289676129818
0.004411437548696995
0.29085248708724976
0.0038364010397344828
0.2278212457895279
0.04747515544295311
0.08491641283035278
0.017095275223255157
0.02583155408501625
0.1318710893392563
0.03508101776242256
0.16578422486782074
0.08042290061712265
0.015301831066608429
0.021817145869135857
0.022973505780100822
0.034594498574733734
0.04212002083659172
0.01057395339012146
0.11213324218988419
0.10582593828439713
0.32984134554862976
0.13407087326049805
0.11931940168142319
0.07650124281644821
0.06284534931182861
0.27423322200775146
0.01655254326760769
0.5844797492027283
0.0018076769774779677
0.00698847696185112
0.003926998004317284
0.032521381974220276
0.12982697784900665
0.3173709511756897
0.02222519740462303
0.3561755120754242
0.00429886719211936
0.15206752717494965
0.04166865348815918
0.35792088508605957
0.026547884568572044
0.044925492256879807
0.023314541205763817
0.012474678456783295
0.016431774944067
0.03814651072025299
0.003994538448750973
0.059126805514097214
0.18237420916557312
0.1994408220052719
0.01293289102613926
0.10995688289403915
0.1506119668483734
0.040807995945215225
0.10899793356657028
0.12132024019956589
0.15747641026973724
0.1696249097585678
0.039526503533124924
0.07477974891662598
0.00909159891307354
0.026342252269387245
0.20067888498306274
0.24292701482772827
0.16762876510620117
0.3285751938819885
0.08380583673715591
0.15641966462135315
0.46888816356658936
0.625975489616394
0.12618239223957062
0.31737565994262695
0.03616487979888916
0.5072537660598755
0.031365424394607544
0.27560552954673767
0.09138278663158417
0.19234482944011688
0.07599238306283951
0.16343295574188232
0.33334025740623474
0.3615485429763794
0.3156350255012512
0.7095820903778076
0.0522247813642025
0.3218725621700287
0.06806235015392303
0.29239535331726074
0.06301280856132507
0.0275583453476429
0.01825213059782982
0.010732720606029034
0.03159119561314583
0.00834011472761631
0.014120601117610931
0.01640913262963295
0.01578119769692421
0.02035733498632908
0.0753086507320404
0.18325555324554443
0.00581629853695631
0.012503950856626034
0.03354116156697273
0.01945982314646244
0.002365078777074814
0.0038739051669836044
0.0017978001851588488
0.005674775689840317
0.040947288274765015
0.061026204377412796
0.01917482353746891
0.03209280967712402
0.07140424102544785
0.16146114468574524
0.032073382288217545
0.04229944571852684
0.3055938184261322
0.3317137658596039
0.12128418684005737
0.1347549855709076
0.25569528341293335
0.21291840076446533
0.06724737584590912
0.28786569833755493
0.1910763531923294
0.10022091120481491
0.4244755208492279
0.2366853505373001
0.015535390935838223
0.15343324840068817
0.006075470242649317
0.24772784113883972
0.14646930992603302
0.1291445791721344
0.020167559385299683
0.01345931924879551
0.009563214145600796
0.033854592591524124
0.005016939248889685
0.08395573496818542
0.16353964805603027
0.1414002776145935
0.10060402005910873
0.11461585760116577
0.004509275779128075
0.011826956644654274
0.004490933381021023
0.00823213905096054
0.03571479395031929
0.02569163776934147
0.008806995116174221
0.012642239220440388
0.01459300797432661
0.03172023594379425
0.3573407828807831
0.3882021903991699
0.10827715694904327
0.019440291449427605
0.038783326745033264
0.05631808191537857
0.0072757285088300705
0.11228691041469574
0.3153715133666992
0.34359052777290344
0.002616352867335081
0.17152433097362518
0.005483667831867933
0.31932464241981506
0.006294939201325178
0.03395639359951019
0.02570270001888275
0.19482892751693726
0.04025150090456009
0.04475736618041992
0.35979780554771423
0.3467751741409302
0.308841347694397
0.10940640419721603
0.07836943119764328
0.023078739643096924
0.031428657472133636
0.019586265087127686
0.06579852104187012
0.027047108858823776
0.004997584968805313
0.011683227494359016
0.002466679085046053
0.006582042668014765
0.03090551123023033
0.01493292860686779
0.3579396903514862
0.10930488258600235
0.07757995277643204
0.010267051868140697
0.05174018815159798
0.02137206867337227
0.015977265313267708
0.027475198730826378
0.15195932984352112
0.05561303347349167
0.004266560077667236
0.1518937051296234
0.021433107554912567
0.21525010466575623
0.0018960743909701705
0.0022508539259433746
0.0021595433354377747
0.002869911026209593
0.020271969959139824
0.09140153229236603
0.13565969467163086
0.05288508161902428
0.005749143194407225
0.010502323508262634
0.007814335636794567
0.0316290557384491
0.010795824229717255
0.02927441895008087
0.04674474149942398
0.26869648694992065
0.006848464719951153
0.023315852507948875
0.008103583008050919
0.00872083194553852
0.007526916917413473
0.2615813612937927
0.12569671869277954
0.13911651074886322
0.013269457034766674
0.008312555029988289
0.011093820445239544
0.011308692395687103
0.024753635749220848
0.008910953998565674
0.09148149937391281
0.042005009949207306
0.6146603226661682
0.33748936653137207
0.17738480865955353
0.2532377243041992
0.018217170611023903
0.1545642763376236
0.014220267534255981
0.32998597621917725
0.01717890426516533
0.011291773989796638
0.007091763895004988
0.019771166145801544
0.010003067553043365
0.03588567674160004
0.029299303889274597
0.07169876992702484
0.8258674144744873
1.1483875513076782
0.6417003273963928
0.6709761023521423
0.03625407814979553
0.06448190659284592
0.022938508540391922
0.03540148213505745
0.08119410276412964
0.12838809192180634
0.34110313653945923
0.3009380102157593
0.16397356986999512
0.23008237779140472
0.1267036497592926
0.02070833183825016
0.007313806563615799
0.11727781593799591
0.00654588034376502
0.4257882833480835
0.035422444343566895
0.24028077721595764
0.01849973388016224
0.2257041186094284
0.07187607884407043
0.04363512620329857
0.08506029844284058
0.04655422642827034
0.2365744560956955
0.07107410579919815
0.7720889449119568
0.3224303126335144
0.004710203502327204
0.13701674342155457
0.0072724828496575356
0.022143442183732986
0.00888548232614994
0.027857637032866478
0.014880294911563396
0.35002461075782776
0.03265724331140518
0.03411787375807762
0.022185221314430237
0.01958394981920719
0.01790730096399784
0.008011261001229286
0.011570442467927933
0.03489909693598747
0.0058471327647566795
0.00472041592001915
0.006590486969798803
0.0031673831399530172
0.187584787607193
0.11853626370429993
0.18104678392410278
0.09822070598602295
0.013241935521364212
0.03239216282963753
0.0052457391284406185
0.08377286791801453
0.08180209994316101
0.16563580930233002
0.2504708170890808
0.44825202226638794
0.029959052801132202
0.07782482355833054
0.008151457644999027
0.022902261465787888
0.39441877603530884
0.36171287298202515
0.6869145631790161
0.6578537821769714
0.03546098247170448
0.010864578187465668
0.06870735436677933
0.020573681220412254
0.004385534208267927
0.12898395955562592
0.008380881510674953
0.11893890798091888
0.005093623884022236
0.026227835565805435
0.020661253482103348
0.04901029169559479
0.00822543352842331
0.014913602732121944
0.009764224290847778
0.03836354240775108
0.014657302759587765
0.0977310836315155
0.03395974263548851
0.08745336532592773
0.012776831164956093
0.14097395539283752
0.00869482010602951
0.022428834810853004
0.009664170444011688
0.005249287933111191
0.01599682867527008
0.020500045269727707
0.011431224644184113
0.03924483060836792
0.006408787798136473
0.08189954608678818
0.11352069675922394
0.009778461419045925
0.014104027301073074
0.03219391778111458
0.4149152338504791
0.5108804702758789
0.48332419991493225
0.7009347081184387
0.036979012191295624
0.023794934153556824
0.05095718801021576
0.010572550818324089
0.1990710347890854
0.13733802735805511
0.011163645423948765
0.01604556106030941
0.05825537443161011
0.07119672745466232
0.007755005266517401
0.013622578233480453
0.003678219858556986
0.004960366524755955
0.0033176958095282316
0.002067695138975978
0.10584236681461334
0.11263564229011536
0.005921017378568649
0.0022638251539319754
0.008765286765992641
0.10473497956991196
0.0016919723711907864
0.05463137850165367
0.05805538222193718
0.06860073655843735
0.06609874963760376
0.11360935866832733
0.0784764513373375
0.34890997409820557
0.14316007494926453
0.20488858222961426
0.006231607403606176
0.005008861422538757
0.008393144235014915
0.014172843657433987
0.009213847108185291
0.004962516948580742
0.00790132861584425
0.004675150383263826
0.05651899799704552
0.027561217546463013
0.09238871186971664
0.09176861494779587
0.006864562630653381
0.0050309086218476295
0.004099423531442881
0.008703671395778656
0.21506798267364502
0.049896806478500366
0.24489209055900574
0.08698084205389023
0.025698572397232056
0.011861063539981842
0.0162816159427166
0.016561295837163925
0.07809897512197495
0.04484003409743309
0.028959818184375763
0.024729542434215546
0.03630448877811432
0.0760299488902092
0.15053501725196838
0.1942022144794464
0.028781143948435783
0.025005578994750977
0.008402140811085701
0.005793344229459763
0.0054887933656573296
0.0039822692051529884
0.0016733647789806128
0.003010544227436185
0.1281983107328415
0.5906735062599182
0.022734135389328003
0.05126582831144333
0.01886446215212345
0.4477163255214691
0.016397526487708092
0.1399315595626831
0.0031158667989075184
0.01238433551043272
0.002409575507044792
0.02240644209086895
0.011519129388034344
0.009926793165504932
0.024812370538711548
0.00526310782879591
0.5210865139961243
0.4307957589626312
0.038587700575590134
0.11697512865066528
0.0069746822118759155
0.007266823202371597
0.025645827874541283
0.007745673414319754
0.003787050023674965
0.004072432406246662
0.005755552090704441
0.00714170653373003
0.10866578668355942
0.03275103494524956
0.21892812848091125
0.2766434848308563
0.003695725230500102
0.009734083898365498
0.014304932206869125
0.040939804166555405
0.023976227268576622
0.44943684339523315
0.12276290357112885
0.6504442095756531
0.004551433026790619
0.005209597758948803
0.007256016135215759
0.0050131771713495255
0.05929429829120636
0.04195787012577057
0.021261675283312798
0.02845524065196514
0.002204340882599354
0.009222681634128094
0.0034588295966386795
0.07346522063016891
0.045490812510252
0.48865747451782227
0.09026946872472763
0.46255987882614136
0.017715878784656525
0.010952500626444817
0.013473126105964184
0.010440181940793991
0.4542836546897888
0.44693228602409363
0.2552689015865326
0.08165460079908371
0.023186419159173965
0.31712257862091064
0.02639772556722164
0.5562630295753479
0.6634194254875183
0.40710505843162537
0.45207157731056213
0.42555394768714905
0.0030982233583927155
0.009914299473166466
0.0031779331620782614
0.013832924887537956
0.020233837887644768
0.07290200889110565
0.02365582436323166
0.20622596144676208
0.022487368434667587
0.02320130169391632
0.0149527033790946
0.015504930168390274
0.006177854724228382
0.013582455925643444
0.003070294624194503
0.014934583567082882
0.008120562881231308
0.016108199954032898
0.013183199800550938
0.022517982870340347
0.34315022826194763
0.11383658647537231
0.246036559343338
0.3225538730621338
0.009844872169196606
0.04961022362112999
0.35828110575675964
0.47394365072250366
0.04784831404685974
0.08749045431613922
0.08454935252666473
0.05491156876087189
0.0016444826032966375
0.002509848214685917
0.012460132129490376
0.03338833525776863
0.3408781588077545
0.5293545126914978
0.004428900312632322
0.008467139676213264
0.007247996516525745
0.009687378071248531
0.060597434639930725
0.06322751939296722
0.003933098632842302
0.007293192204087973
0.1637004315853119
0.16864675283432007
0.03293006122112274
0.403883159160614
0.6314634084701538
0.6293278336524963
0.008200787007808685
0.009098709560930729
0.004204748198390007
0.010432413779199123
0.07642748206853867
0.4021488428115845
0.48798295855522156
0.5964336395263672
0.032219450920820236
0.055148132145404816
0.08392449468374252
0.22142934799194336
0.9019193053245544
1.2441481351852417
0.8196529150009155
0.8423349857330322
0.011082155629992485
0.18164300918579102
0.07078304141759872
0.4788152575492859
0.012247416190803051
0.013783425092697144
0.0283350870013237
0.026408886536955833
0.011460035108029842
0.12634579837322235
0.02287512831389904
0.2672063410282135
0.028510279953479767
0.5147601366043091
0.2050558626651764
0.18270760774612427
0.25872939825057983
0.39046233892440796
0.17101448774337769
0.5250132083892822
0.010603513568639755
0.014266530983150005
0.04801127314567566
0.02231910079717636
0.08506079763174057
0.02665511704981327
0.14008450508117676
0.032311782240867615
0.003406563075259328
0.05417242646217346
0.006798805668950081
0.052839405834674835
0.012601460330188274
0.00866962131112814
0.014068931341171265
0.008725626394152641
0.12285333126783371
0.04169261455535889
0.0475478433072567
0.06239695101976395
0.6046162247657776
0.7721537351608276
0.8985187411308289
1.1690032482147217
0.016708729788661003
0.024783656001091003
0.043722003698349
0.04175616428256035
0.15289542078971863
0.13167719542980194
0.01580098085105419
0.006186371203511953
0.2008133977651596
0.5001078248023987
0.47458797693252563
0.6227480173110962
0.001154385507106781
0.003764640772715211
0.0011471279431134462
0.005308293737471104
0.3376821279525757
0.2154858112335205
0.612910270690918
0.4390319585800171
0.0051904041320085526
0.005138250067830086
0.052808210253715515
0.10775671899318695
0.45520302653312683
0.24327006936073303
0.19831669330596924
0.1432979702949524
0.007014063652604818
0.0075861988589167595
0.18253466486930847
0.08201722800731659
0.007510703057050705
0.007913816720247269
0.0017376742325723171
0.004119840916246176
0.011182151734828949
0.01579306833446026
0.025774117559194565
0.04191776365041733
0.03874807804822922
0.09266971051692963
0.03648100793361664
0.05700872838497162
0.02008584700524807
0.06355532258749008
0.1645863801240921
0.14920905232429504
0.14315971732139587
0.29439812898635864
0.009732651524245739
0.5247979164123535
0.0366368368268013
0.07975272089242935
0.4611664116382599
0.2969211935997009
0.02214956097304821
0.031049354001879692
0.021733148023486137
0.044279035180807114
0.06782662868499756
0.015929285436868668
0.6956878900527954
0.04307812452316284
0.12792684137821198
0.04289400577545166
0.15699024498462677
0.055659107863903046
0.015163974836468697
0.24393397569656372
0.10856568813323975
0.3215262293815613
0.014173154719173908
0.2581498622894287
0.025134271010756493
0.5751743316650391
0.04043100029230118
0.10381883382797241
0.02746593952178955
0.011976897716522217
0.05378543585538864
0.0669000893831253
0.019903430715203285
0.038742322474718094
0.003727133385837078
0.1224047988653183
0.04055698961019516
0.5155928134918213
0.003600968513637781
0.007802529260516167
0.0030052096117287874
0.027263907715678215
0.1579604297876358
0.7202314138412476
0.22048984467983246
0.43928584456443787
0.03342091292142868
0.14026889204978943
0.14796319603919983
0.18393298983573914
0.1682986468076706
0.5572052001953125
0.09137867391109467
0.7174054980278015
0.0023860898800194263
0.028945548459887505
0.0005160271539352834
0.0030157638248056173
0.002540763933211565
0.0030049558263272047
0.008351583033800125
0.0036026218440383673
0.8542752265930176
1.0291786193847656
0.8482877612113953
1.3206677436828613
0.07400519400835037
0.018036991357803345
0.009844053536653519
0.016987616196274757
0.010432323440909386
0.014488888904452324
0.02760794572532177
0.0485043078660965
0.009136080741882324
0.03731581196188927
0.02566302753984928
0.023751622065901756
0.23413227498531342
0.381576269865036
0.14126935601234436
0.23388755321502686
0.04805917292833328
0.00851074606180191
0.010021387599408627
0.009967958554625511
0.04723283275961876
0.12778858840465546
0.14214642345905304
0.19352081418037415
0.005302067380398512
0.005937416106462479
0.015292627736926079
0.035106807947158813
0.012727128341794014
0.04156092554330826
0.037434715777635574
0.023202981799840927
0.005093852058053017
0.012828498147428036
0.002635034266859293
0.032047759741544724
0.028929445892572403
0.05736057087779045
0.03645193576812744
0.030568402260541916
0.14292170107364655
0.16991737484931946
0.009882060810923576
0.008462483063340187
0.09356324374675751
0.013088913634419441
0.02646978572010994
0.016535619273781776
0.007663756608963013
0.07400496304035187
0.017161862924695015
0.06819363683462143
0.05527537316083908
0.04527994990348816
0.03436297923326492
0.026002999395132065
0.0012986361980438232
0.01242160052061081
0.006701286882162094
0.012180257588624954
0.2806277871131897
0.25888141989707947
0.007382882758975029
0.005939566530287266
0.1326512098312378
0.08007156848907471
0.06531773507595062
0.0752151757478714
0.020617714151740074
0.016477296128869057
0.02892759069800377
0.1084454134106636
0.4741191267967224
0.8753900527954102
1.0208120346069336
1.1754306554794312
0.0636398196220398
0.22515611350536346
0.009689047001302242
0.3934215009212494
0.005260521546006203
0.01264676358550787
0.10163060575723648
0.055096495896577835
0.012078097090125084
0.06775344908237457
0.22118282318115234
0.43263769149780273
0.16349279880523682
0.08967021107673645
0.24868576228618622
0.25683093070983887
0.11710134148597717
0.10199349373579025
0.09596529603004456
0.06439406424760818
0.00920913927257061
0.010122878476977348
0.011409865692257881
0.015835052356123924
0.009562160819768906
0.022865023463964462
0.009230108000338078
0.03430663421750069
0.011582202278077602
0.0030875594820827246
0.012340141460299492
0.010887774638831615
0.318920761346817
0.47634658217430115
0.06522610783576965
0.08455030620098114
0.0641665831208229
0.28791165351867676
0.050681132823228836
0.2951142191886902
0.004373949021100998
0.003477113088592887
0.0014198946300894022
0.0023281830362975597
0.06777340173721313
0.08086051046848297
0.019210904836654663
0.08294547349214554
0.1118185892701149
0.7928035259246826
0.07546645402908325
0.6468053460121155
0.3032277524471283
0.4865715205669403
0.19656935334205627
0.2898879051208496
0.004330068361014128
0.01030805241316557
0.0188757237046957
0.024838542565703392
0.007633438799530268
0.009227856062352657
0.051823850721120834
0.04361151158809662
0.020238634198904037
0.03555973619222641
0.09082352370023727
0.1526351124048233
0.2618464231491089
0.1526513695716858
0.006469388958066702
0.01569530740380287
0.01593954674899578
0.08532465249300003
0.006006182637065649
0.12609052658081055
0.02399386465549469
0.027418918907642365
0.0788397267460823
0.06274063885211945
0.267389178276062
0.35676372051239014
0.1719391644001007
0.4724380373954773
0.25501376390457153
0.3031317889690399
0.27131375670433044
0.07328350096940994
0.13037684559822083
0.08876516669988632
0.04761331155896187
0.017626000568270683
0.030237741768360138
0.09910626709461212
0.2616237998008728
0.016293946653604507
0.011267694644629955
0.01411659549921751
0.4201338291168213
0.2234264314174652
0.7980977296829224
0.6964744925498962
0.059331826865673065
0.3450978398323059
0.14487358927726746
0.11360467970371246
0.041793227195739746
0.04048822075128555
0.012570599094033241
0.009027381427586079
0.038101207464933395
0.030125416815280914
0.39905470609664917
0.37809163331985474
0.19512158632278442
0.09930412471294403
0.11980541795492172
0.06960941851139069
0.03744049742817879
0.040521007031202316
0.0011647450737655163
0.01368060614913702
0.03430674970149994
0.026860464364290237
0.009112006053328514
0.0163419209420681
0.0083086546510458
0.004799642134457827
0.05398205667734146
0.03297450393438339
0.010569056496024132
0.003708274569362402
0.0036082349251955748
0.007114327047020197
0.018610363826155663
0.010593818500638008
0.21407121419906616
0.09996610879898071
0.004872153978794813
0.011061043478548527
0.004487395752221346
0.004539813846349716
0.1813918799161911
0.3868054151535034
0.013106226921081543
0.05057043954730034
0.07770349085330963
0.0363197922706604
0.42020899057388306
0.16479098796844482
0.00698937987908721
0.004591246135532856
0.009180929511785507
0.00558775570243597
0.24592134356498718
0.6805344820022583
0.13542377948760986
0.5697752833366394
0.28570881485939026
0.2654855251312256
0.062058188021183014
0.8185557723045349
0.006927823182195425
0.010604898445308208
0.02450111135840416
0.1774469017982483
0.004124619998037815
0.19453859329223633
0.02668081969022751
0.4310702085494995
0.016635335981845856
0.17569446563720703
0.03173207864165306
0.12500101327896118
0.014015920460224152
0.030264241620898247
0.01276385597884655
0.03275313973426819
0.1299383044242859
0.09128442406654358
0.08113431930541992
0.034618109464645386
0.18626722693443298
0.08704029023647308
0.4890456199645996
0.18293806910514832
0.00488706398755312
0.005564471706748009
0.004692580085247755
0.0036490578204393387
0.04012329503893852
0.02332877367734909
0.10849639773368835
0.10197470337152481
0.5829290151596069
0.4324999749660492
0.45626312494277954
0.37447911500930786
0.057266246527433395
0.38339537382125854
0.5735418796539307
0.7139182090759277
0.005746504291892052
0.008266504853963852
0.006962103769183159
0.007295061834156513
0.13935674726963043
0.11927923560142517
0.04043076932430267
0.1593663990497589
0.018294841051101685
0.03279676288366318
0.10643786191940308
0.043619539588689804
0.9283785223960876
0.9790629744529724
0.5358036756515503
0.8493679165840149
0.023106932640075684
0.013361413963139057
0.006076114717870951
0.004815965425223112
0.008438369259238243
0.013129017315804958
0.014000955037772655
0.011874362826347351
0.062961146235466
0.08131439983844757
0.050534069538116455
0.06462781131267548
0.01932697370648384
0.15931668877601624
0.028997449204325676
0.04403546825051308
0.009773006662726402
0.026378195732831955
0.006037040147930384
0.015116970986127853
0.006531484890729189
0.07895036041736603
0.011550253257155418
0.4078308343887329
0.04464346542954445
0.06620185077190399
0.05205859988927841
0.060619015246629715
0.013273941352963448
0.03293771296739578
0.017742633819580078
0.15616340935230255
0.008964327163994312
0.009657487273216248
0.005209879484027624
0.0036117401905357838
0.041135650128126144
0.1218545138835907
0.01270708255469799
0.03345542401075363
0.006586839444935322
0.038538407534360886
0.004493699874728918
0.16722238063812256
0.006868691183626652
0.0026377770118415356
0.03398026525974274
0.019054222851991653
0.009445706382393837
0.08921295404434204
0.03516072779893875
0.677794873714447
0.009151823818683624
0.11657936871051788
0.005955827422440052
0.035199958831071854
0.2184259593486786
0.13472697138786316
0.4687023162841797
0.331754207611084
0.0026426766999065876
0.011164095252752304
0.004085395019501448
0.05187331140041351
0.07548584043979645
0.05515385791659355
0.25813600420951843
0.10419429838657379
0.031523093581199646
0.06337235867977142
0.036438703536987305
0.051854413002729416
0.011975734494626522
0.27877646684646606
0.06778734922409058
0.18472078442573547
0.30577152967453003
0.2214643657207489
0.09929034858942032
0.14651671051979065
0.028365999460220337
0.04768870770931244
0.10754241049289703
0.11156219244003296
0.0026268286164849997
0.01477837935090065
0.002834860933944583
0.0073929158970713615
0.0046342164278030396
0.1352963000535965
0.0063797179609537125
0.08789307624101639
0.1002969965338707
0.034158334136009216
0.009786018170416355
0.009193054400384426
0.2594273090362549
0.27999627590179443
0.4162447452545166
0.38829872012138367
0.050119608640670776
0.02447206899523735
0.038661494851112366
0.056822795420885086
0.3664418160915375
0.28290891647338867
0.1304095983505249
0.09822580963373184
0.002048788359388709
0.008578074164688587
0.012213585898280144
0.01994749903678894
0.0021039971616119146
0.012190773151814938
0.007807916030287743
0.011118906550109386
0.002832985483109951
0.010200897231698036
0.002720035146921873
0.023249175399541855
0.010668338276445866
0.6226888298988342
0.2268943041563034
0.9020501971244812
0.19185560941696167
0.22461377084255219
0.13011138141155243
0.09571816027164459
0.08345505595207214
0.127542182803154
0.0707564428448677
0.07726439088582993
0.0678202211856842
0.4917513132095337
0.06737629324197769
0.6002197265625
0.004104043357074261
0.09595847129821777
0.1853688657283783
0.2625771760940552
0.09698320180177689
0.18390385806560516
0.13909561932086945
0.22093917429447174
0.32051295042037964
0.13237252831459045
0.1124667301774025
0.0702536478638649
0.004628031048923731
0.09080126136541367
0.014640182256698608
0.12466920912265778
0.5313065052032471
0.5595219731330872
0.10800811648368835
0.22412684559822083
0.016699472442269325
0.13603992760181427
0.014992471784353256
0.11964761465787888
0.00881882943212986
0.2874753177165985
0.0045824795961380005
0.2537849545478821
0.011947261169552803
0.017672568559646606
0.05178995057940483
0.033383309841156006
0.5129325985908508
0.1376858949661255
0.4722163677215576
0.07776019722223282
0.00292734382674098
0.003077662317082286
0.034778863191604614
0.013576219789683819
0.007419187109917402
0.039192747324705124
0.007302645593881607
0.016276976093649864
0.006110658869147301
0.009064259938895702
0.001869389321655035
0.0036536329425871372
0.25981396436691284
0.13859646022319794
0.12315303087234497
0.09082923084497452
0.019316941499710083
0.009078253991901875
0.005506151355803013
0.006147516425698996
0.004625754430890083
0.3810981810092926
0.005233002360910177
0.1246768981218338
0.0064610643312335014
0.010771038942039013
0.021120920777320862
0.03706490993499756
0.32813602685928345
0.45794546604156494
0.0039894673973321915
0.01094343513250351
0.1921655386686325
0.27187880873680115
0.030801130458712578
0.21930591762065887
0.2252054661512375
0.2510239779949188
0.26097217202186584
0.4288846254348755
0.11264048516750336
0.28270429372787476
0.27586811780929565
0.41672080755233765
0.0063211265951395035
0.005571344401687384
0.0030709230341017246
0.013859132304787636
0.017736341804265976
0.03031657263636589
0.003210305469110608
0.0029269251972436905
0.007162532769143581
0.016618762165308
0.007080187555402517
0.022284558042883873
0.025471802800893784
0.011520475149154663
0.08286083489656448
0.05121908336877823
0.028395218774676323
0.014851497486233711
0.005520941223949194
0.004347294103354216
0.051920052617788315
0.04662483185529709
0.008474532514810562
0.01780424825847149
0.07706528156995773
0.05758634954690933
0.006052073556929827
0.0035328646190464497
0.05080768093466759
0.08927339315414429
0.01922939158976078
0.05440809950232506
0.014771122485399246
0.2728695869445801
0.010693120770156384
0.25032442808151245
0.021707186475396156
0.10162832587957382
0.00943798664957285
0.13345976173877716
0.005883862730115652
0.017504394054412842
0.013915566727519035
0.0260185357183218
0.0015973425470292568
0.3055741786956787
0.0032357454765588045
0.0972585454583168
0.12126725167036057
0.08294647186994553
0.006871441844850779
0.2517079710960388
0.014158060774207115
0.02980193868279457
0.3774244785308838
0.2184855043888092
0.14117446541786194
0.02096114680171013
0.024897851049900055
0.010992727242410183
0.03352610766887665
0.16420002281665802
0.08112311363220215
0.5577793717384338
0.0021707750856876373
0.0039198631420731544
0.005843311548233032
0.005673583596944809
0.033391665667295456
0.17494365572929382
0.23752564191818237
0.5267640352249146
0.005549656227231026
0.011289755813777447
0.03598611429333687
0.07713252305984497
0.04463093727827072
0.0176705289632082
0.09322737157344818
0.03398274630308151
0.006039317697286606
0.0070011126808822155
0.010902833193540573
0.010408659465610981
0.004593688528984785
0.2360590100288391
0.009043383412063122
0.20385752618312836
0.0018529383232817054
0.008250695653259754
0.005123686045408249
0.04150879383087158
0.008087148889899254
0.021381154656410217
0.06160546466708183
0.09157457947731018
0.022709690034389496
0.31357377767562866
0.055576156824827194
0.2828398048877716
0.06480047106742859
0.04024292528629303
0.1760188490152359
0.06205672398209572
0.005387362092733383
0.023374656215310097
0.004192083142697811
0.03406586870551109
0.021168148145079613
0.08245199918746948
0.04063059762120247
0.4716750383377075
0.021448900923132896
0.034638408571481705
0.04663308709859848
0.06207623705267906
0.005822440143674612
0.013575233519077301
0.013136276975274086
0.012610365636646748
0.0196340661495924
0.07297331094741821
0.03520560637116432
0.07134968042373657
0.01634833589196205
0.10012748092412949
0.09692022204399109
0.12383199483156204
0.0029552201740443707
0.04476058483123779
0.0027959560975432396
0.1626555174589157
0.03727467730641365
0.030948787927627563
0.020792225375771523
0.02564489096403122
0.02592381089925766
0.03510216623544693
0.2874450087547302
0.03639756888151169
0.5168309807777405
0.76032555103302
0.310833215713501
0.7456384301185608
0.08554639667272568
0.0513712577521801
0.350613534450531
0.042136602103710175
0.07733755558729172
0.020433083176612854
0.017209883779287338
0.15705877542495728
0.017469391226768494
0.03889371454715729
0.1229885146021843
0.39752620458602905
0.1034063771367073
0.29521432518959045
0.046112705022096634
0.17571817338466644
0.005056505557149649
0.015019736252725124
0.1086464375257492
0.035557158291339874
0.006515956949442625
0.04501808434724808
0.06267040222883224
0.16757336258888245
0.01568557135760784
0.04597428813576698
0.006324713118374348
0.006607702001929283
0.005181245040148497
0.004233852960169315
0.008661150932312012
0.00630844384431839
0.03522351384162903
0.17313531041145325
0.0822872593998909
0.15451917052268982
0.1300625503063202
0.11812306940555573
0.2776370644569397
0.3033607602119446
0.06790748238563538
0.025153791531920433
0.018636483699083328
0.03266949579119682
0.6509002447128296
0.22272834181785583
0.018972445279359818
0.03377293050289154
0.04084806889295578
0.015259059146046638
0.009489163756370544
0.012454872019588947
0.026577744632959366
0.21495310962200165
0.1369224339723587
0.47090667486190796
0.010862167924642563
0.026743829250335693
0.0264066681265831
0.046212684363126755
0.04237170144915581
0.21780508756637573
0.05613241344690323
0.32063084840774536
0.012292221188545227
0.03994906693696976
0.04389810189604759
0.07674963027238846
0.4361836314201355
0.377204954624176
0.4671662449836731
0.9409756064414978
0.0068570347502827644
0.015430733561515808
0.0035458062775433064
0.004712596070021391
0.005016620736569166
0.08509735018014908
0.014265754260122776
0.07131790369749069
0.009027186781167984
0.014826233498752117
0.0989491268992424
0.06389303505420685
0.014557999558746815
0.010978618636727333
0.022494403645396233
0.02012389525771141
0.003563616191968322
0.01651693508028984
0.15673482418060303
0.09736166894435883
0.07996241003274918
0.4651881158351898
0.04904647544026375
0.22735098004341125
0.09565840661525726
0.08017359673976898
0.019469058141112328
0.0935962051153183
0.33036017417907715
0.18321546912193298
0.10359665751457214
0.123601034283638
0.056182779371738434
0.2654030919075012
0.15121503174304962
0.16885650157928467
0.2487420290708542
0.13090386986732483
0.06841295957565308
0.08221296966075897
0.048382245004177094
0.24200968444347382
0.05354423075914383
0.21719112992286682
0.01892828196287155
0.011268462985754013
0.05510767176747322
0.020355910062789917
0.031642429530620575
0.24168959259986877
0.018740525469183922
0.20913970470428467
0.11703245341777802
0.015893684700131416
0.01824495568871498
0.013132462278008461
0.02237994596362114
0.09399708360433578
0.08045658469200134
0.2098923772573471
0.0718521997332573
0.06133812293410301
0.6446342468261719
0.458249568939209
0.48037028312683105
0.35179758071899414
0.16750137507915497
0.16305094957351685
0.03675904870033264
0.02708151936531067
0.5796210765838623
0.3309667706489563
0.43058639764785767
0.5762082934379578
0.5213748812675476
0.5824617743492126
0.29003700613975525
0.2751978039741516
0.03734961897134781
0.8963958024978638
0.12804971635341644
0.06584036350250244
0.09704624116420746
0.03719398379325867
0.006180760450661182
0.009740322828292847
0.003536503529176116
0.006714911665767431
0.08957115560770035
0.10631147772073746
0.014465630054473877
0.020248444750905037
0.7069377899169922
0.5257394313812256
0.4135902523994446
0.4222016930580139
0.006224540527909994
0.11953486502170563
0.012564755976200104
0.18745575845241547
0.015428097918629646
0.07046538591384888
0.15090268850326538
0.14946484565734863
0.007658019196242094
0.021730659529566765
0.004998338874429464
0.01998399943113327
0.1652856171131134
0.07049471139907837
0.12010826170444489
0.0452592670917511
0.0023994515649974346
0.005533916410058737
0.004253440070897341
0.004732266068458557
0.008655953221023083
0.08345091342926025
0.008605248294770718
0.08575783669948578
0.4112812578678131
0.03228713572025299
0.15926899015903473
0.012534893117845058
0.014340260066092014
0.0052131954580545425
0.013079923577606678
0.026260927319526672
0.6294472813606262
0.4247574508190155
0.010600083507597446
0.4099900424480438
0.007751986384391785
0.006020840257406235
0.08267175406217575
0.060305025428533554
0.0073700230568647385
0.005602408200502396
0.007845789194107056
0.0200778990983963
0.127932608127594
0.46595266461372375
0.057463139295578
0.46731147170066833
0.01351235993206501
0.2038450539112091
0.025496933609247208
0.17465102672576904
0.006337139755487442
0.0076761627569794655
0.002681103767827153
0.02097298577427864
0.012341867201030254
0.010882560163736343
0.01235884428024292
0.009945631958544254
0.6600475907325745
0.4336016774177551
1.0179789066314697
0.6346443891525269
0.005880795419216156
0.006308555603027344
0.009246889501810074
0.020775143057107925
0.5054289102554321
0.5845208168029785
0.7326115965843201
0.8432339429855347
0.14717407524585724
0.1955537348985672
0.12157436460256577
0.14911743998527527
0.06092514842748642
0.008030110970139503
0.042627155780792236
0.016062039881944656
0.07132112234830856
0.3993161916732788
0.16606229543685913
0.6036655306816101
0.01703663170337677
0.20928840339183807
0.051915474236011505
0.03758298605680466
0.37350091338157654
0.7783075571060181
0.4572601318359375
0.7067867517471313
0.014249908737838268
0.08382031321525574
0.06200280413031578
0.12570497393608093
0.00527947349473834
0.08188897371292114
0.04903840273618698
0.4764251410961151
0.02551127038896084
0.04722319915890694
0.041265446692705154
0.07027211040258408
0.24907776713371277
0.27448469400405884
0.5732985734939575
0.5626468062400818
0.004937496967613697
0.010870290920138359
0.005327585618942976
0.1995968520641327
0.03391249477863312
0.040998250246047974
0.00958205945789814
0.03692859038710594
0.009736808016896248
0.2022486925125122
0.031562440097332
0.28598636388778687
0.05704956874251366
0.02124466560781002
0.03601546958088875
0.044127192348241806
0.022013796493411064
0.023652512580156326
0.39099884033203125
0.5562138557434082
0.07972470670938492
0.37464821338653564
0.046508945524692535
0.2964596450328827
0.02395370975136757
0.10870244354009628
0.008286637254059315
0.11893954128026962
0.010095945559442043
0.22461764514446259
0.18418335914611816
0.7390788793563843
0.004342951811850071
0.019999787211418152
0.010913707315921783
0.028063373640179634
0.05889591574668884
0.08303447812795639
0.09456667304039001
0.0624091774225235
0.10782734304666519
0.18417295813560486
0.06483890116214752
0.07333273440599442
0.21952806413173676
0.4291561245918274
0.23044297099113464
0.32646867632865906
0.06489212810993195
0.10888545960187912
0.011157824657857418
0.02219647727906704
0.024861013516783714
0.004623612854629755
0.03928204998373985
0.05613650009036064
0.21566849946975708
0.24196234345436096
0.9920023679733276
0.9334679841995239
0.003758428618311882
0.0035888957791030407
0.004347567446529865
0.0076289670541882515
0.05890348181128502
0.01944848522543907
0.04618918523192406
0.01942550390958786
0.0027143515180796385
0.0018067616038024426
0.0015762337716296315
0.0030944228637963533
0.03351482003927231
0.02105211466550827
0.01773291453719139
0.29202961921691895
0.009764186106622219
0.06767717003822327
0.03718750923871994
0.11661502718925476
0.22303104400634766
0.11700745671987534
0.24749869108200073
0.13580265641212463
0.010934535413980484
0.016084300354123116
0.010039378888905048
0.012016736902296543
0.049044329673051834
0.304243803024292
0.020215757191181183
0.15446962416172028
0.09416414797306061
0.0780538022518158
0.013524634763598442
0.0693572610616684
0.017525944858789444
0.021918555721640587
0.016863882541656494
0.03834670037031174
0.06208920478820801
0.05250772461295128
0.23123475909233093
0.0834507867693901
0.022504538297653198
0.015143582597374916
0.12123675644397736
0.1097753643989563
0.0038804765790700912
0.04722334444522858
0.03939863666892052
0.21851423382759094
0.03532026335597038
0.045873261988162994
0.14013658463954926
0.11913777887821198
0.012109363451600075
0.02667303942143917
0.5084166526794434
0.19609057903289795
0.2371651977300644
0.022859444841742516
0.10030658543109894
0.020454082638025284
0.03167519345879555
0.013121293857693672
0.005268534179776907
0.010547449812293053
0.20282863080501556
0.1224118024110794
0.11057073622941971
0.2547943592071533
0.007945495657622814
0.09530303627252579
0.1109575629234314
0.34103208780288696
0.0038570791948586702
0.0023528500460088253
0.0028928739484399557
0.0021179914474487305
0.015293417498469353
0.2959651052951813
0.17508892714977264
0.23300403356552124
0.773300290107727
1.0354770421981812
0.4342263638973236
0.3713533282279968
0.027523692697286606
0.2708938717842102
0.017134729772806168
0.10513366758823395
0.01865210384130478
0.01889149658381939
0.06510201096534729
0.03973862901329994
0.010090844705700874
0.008371363393962383
0.012137684039771557
0.012701602652668953
0.08980991691350937
0.03028920292854309
0.020290929824113846
0.02543504536151886
0.011307465843856335
0.01265922375023365
0.011776037514209747
0.01065185945481062
0.02381928637623787
0.027197927236557007
0.8535472750663757
0.6816668510437012
0.02004312351346016
0.019926438108086586
0.018116159364581108
0.030993951484560966
0.014715718105435371
0.019995011389255524
0.002068064408376813
0.003202781779691577
0.021815098822116852
0.03157174587249756
0.003992184065282345
0.03706526756286621
0.028249038383364677
0.02131935954093933
0.0492759607732296
0.05534934252500534
0.012753207236528397
0.008844982832670212
0.008861108683049679
0.009574552066624165
0.043122924864292145
0.013238709419965744
0.014983567409217358
0.016870591789484024
0.010871762409806252
0.04213375970721245
0.018220948055386543
0.016076378524303436
0.014903940260410309
0.2576846480369568
0.05104878544807434
0.2972017228603363
0.0064803846180438995
0.007631736807525158
0.008038682863116264
0.008343786001205444
0.004534279461950064
0.002799598267301917
0.4914674460887909
0.5869487524032593
0.009029742330312729
0.008097813464701176
0.08712012320756912
0.053915414959192276
0.008516909554600716
0.007683151867240667
0.004251009318977594
0.006745214108377695
0.0192924402654171
0.08799966424703598
0.023505542427301407
0.04839295893907547
0.09594567120075226
0.235988050699234
0.006503085605800152
0.08812965452671051
0.06255465745925903
0.17707297205924988
0.05574820935726166
0.16812486946582794
0.009283773601055145
0.008473053574562073
0.03393338620662689
0.021393058821558952
0.1254197061061859
0.09749411791563034
0.28168052434921265
0.210807204246521
0.192702054977417
0.019695958122611046