-27.690400004386902
-31.286151885986328
-30.93452525138855
-35.56797277927399
-41.787590742111206
-45.75321924686432
-53.7955105304718
-51.802963972091675
-43.61174696683884
-47.394203931093216
-43.75211799144745
-50.74772799015045
-46.2010555267334
-52.689069986343384
-34.92040312290192
-38.410757303237915
-39.14370560646057
-43.418179631233215
-46.01268291473389
-48.66850709915161
-58.860777854919434
-55.27879619598389
-56.61554279923439
-57.574843406677246
-57.325039863586426
-59.620105624198914
-53.853941202163696
-56.31003785133362
-30.45405737310648
-38.16829514503479
-36.581383645534515
-41.47597551345825
-48.33879828453064
-53.53226113319397
-58.800880908966064
-60.55522918701172
-53.291624903678894
-62.35206413269043
-66.91608166694641
-63.634926438331604
-60.47522974014282
-59.04292285442352
-37.237640380859375
-43.87466740608215
-42.48375380039215
-47.15326118469238
-52.21204614639282
-56.31788206100464
-64.88833475112915
-74.89685010910034
-60.558237075805664
-73.47246670722961
-70.43445229530334
-74.1725926399231
-59.88213062286377
-64.34175550937653
-26.41411530971527
-38.85558605194092
-29.165120840072632
-40.85336518287659
-44.16584748029709
-53.50095582008362
-42.66769313812256
-47.9717972278595
-37.946367755532265
-48.14113086462021
-38.804041266441345
-52.74872148036957
-41.73102295398712
-47.227715730667114
-32.94183301925659
-43.23109531402588
-34.178518414497375
-45.664960980415344
-48.97437930107117
-60.08991742134094
-54.861581325531006
-54.44877099990845
-48.99520626664162
-56.099926963448524
-53.15510284900665
-58.373990297317505
-44.8421328663826
-49.75027096271515
-32.208782598376274
-33.60172975063324
-35.149779587984085
-38.31624746322632
-52.536240339279175
-54.12193560600281
-54.124135971069336
-57.377838134765625
-50.34977972507477
-54.59308910369873
-62.965855717659
-58.03353428840637
-55.76104933023453
-55.775358974933624
-38.86252236366272
-39.61398196220398
-40.42902421951294
-43.345131278038025
-58.48805832862854
-56.655704617500305
-58.64660024642944
-62.31252384185791
-51.651538133621216
-56.13911175727844
-67.00202751159668
-66.78987956047058
-53.491363286972046
-55.38034760951996
-26.007392406463623
-34.17610800266266
-32.888411939144135
-37.785284757614136
-44.838269114494324
-52.85116732120514
-52.44831204414368
-54.177645206451416
-37.67875862121582
-46.850052535533905
-43.45587658882141
-57.508904457092285
-46.488240480422974
-54.42788124084473
-32.31737530231476
-37.22034311294556
-35.81159543991089
-40.04616379737854
-50.547738552093506
-56.67538356781006
-54.34844398498535
-58.17791795730591
-43.983046770095825
-53.368539929389954
-49.42667198181152
-65.74029755592346
-48.54869747161865
-60.14833903312683
-26.438048154115677
-32.2490177154541
-31.41826470196247
-38.859182953834534
-53.29878234863281
-54.30528450012207
-66.68406772613525
-61.91644525527954
-50.22056558728218
-44.11026477813721
-65.91464757919312
-55.398430585861206
-64.70360434055328
-58.45324730873108
-31.237435340881348
-35.39657908678055
-36.725690841674805
-42.129163324832916
-58.81528854370117
-58.615049839019775
-55.493146896362305
-58.1919002532959
-49.32827854156494
-46.133575201034546
-68.76075506210327
-62.647464752197266
-58.38750457763672
-57.661744236946106
-32.71117651462555
-42.06709122657776
-33.871101796627045
-46.36536622047424
-48.53960824012756
-55.75852105021477
-44.43906772136688
-50.82538318634033
-58.52442944049835
-61.97004160284996
-52.285985469818115
-62.143067598342896
-48.89702653884888
-54.150323152542114
-39.74164444208145
-47.4214563369751
-37.94005882740021
-50.42930781841278
-52.471691250801086
-62.99500513076782
-46.49178194999695
-52.38591766357422
-64.04814058542252
-64.63156926631927
-58.6850483417511
-64.6527419090271
-50.632447242736816
-53.563238859176636
-39.14882082492113
-35.40247583389282
-43.52333015203476
-38.161688804626465
-58.45516014099121
-55.61287045478821
-65.34715127944946
-57.267863273620605
-61.48620355129242
-62.59165596961975
-68.26811480522156
-60.73637342453003
-58.86915183067322
-61.880380630493164
-44.731629610061646
-40.543522357940674
-48.23083519935608
-42.611807465553284
-62.95091438293457
-57.28088700771332
-54.24049663543701
-51.53373432159424
-62.10368597507477
-66.02047455310822
-73.44521975517273
-67.37019872665405
-58.96333932876587
-59.20539093017578
-22.84905230998993
-38.28211998939514
-26.975688070058823
-41.69343984127045
-41.5801847577095
-50.75604510307312
-43.88946056365967
-53.66276454925537
-43.78521071374416
-54.47779102623463
-47.008469581604004
-56.1910035610199
-42.736759543418884
-51.036943435668945
-29.573425501585007
-41.67000222206116
-32.74528670310974
-45.693891525268555
-46.76284357905388
-54.46516442298889
-52.012967109680176
-62.77137756347656
-55.080646216869354
-66.0737803131342
-55.892528653144836
-65.98625326156616
-43.905285596847534
-58.756755352020264
-33.03783160448074
-29.99767965078354
-38.73523476719856
-36.34556823968887
-50.414062798023224
-52.223132371902466
-61.272887229919434
-56.042861461639404
-56.38947814702988
-51.535561203956604
-68.3558657169342
-63.89014410972595
-60.59256446361542
-51.79942846298218
-37.748271465301514
-34.456963539123535
-42.07939636707306
-40.11182814836502
-53.97389817237854
-54.230194211006165
-61.01951503753662
-53.069278717041016
-58.13197562098503
-53.84752196073532
-71.46420049667358
-64.55259490013123
-57.27882981300354
-54.90555274486542
-23.729103907942772
-35.36772155761719
-28.17441914975643
-41.070618629455566
-42.43358224630356
-52.01879549026489
-51.070075035095215
-52.13308525085449
-41.16644695401192
-52.259587079286575
-42.290080428123474
-52.03856408596039
-42.112579584121704
-47.35551857948303
-30.87009108066559
-39.060731291770935
-31.11824679374695
-42.42951583862305
-44.1575288772583
-55.023959159851074
-57.90141725540161
-59.896677017211914
-51.44080325961113
-61.280228316783905
-49.69802784919739
-60.12126171588898
-47.24714133143425
-54.157755851745605
-26.995478358119726
-30.31445574760437
-31.390408009290695
-35.62047743797302
-47.904648661613464
-51.3321852684021
-58.19681215286255
-64.01058197021484
-53.74673190712929
-54.48640835285187
-61.391263127326965
-58.81377863883972
-58.85134434700012
-58.602850794792175
-34.04016447067261
-36.406669437885284
-37.06735974550247
-38.18381404876709
-54.087711572647095
-53.54577112197876
-64.44390296936035
-64.93570351600647
-58.81294572353363
-58.49193447828293
-70.80171775817871
-65.0682897567749
-60.72317051887512
-58.782323971390724
-51.82030749320984
-54.24489164352417
-60.764891624450684
-65.81544256210327
-62.503055572509766
-60.97645044326782
-61.8236780166626
-67.41534233093262
-25.188232243061066
-36.50056052207947
-30.59285795688629
-39.26051092147827
-46.365145325660706
-49.49833047389984
-45.47445333003998
-56.50587177276611
-39.85972420871258
-54.94399304687977
-45.0138783454895
-51.85212576389313
-41.06220304965973
-54.12366306781769
-33.81842589378357
-42.37255096435547
-37.92009347677231
-45.35309398174286
-50.45583915710449
-54.26600170135498
-60.15916442871094
-67.19981288909912
-51.445888072252274
-62.96175539493561
-52.59666419029236
-57.59817552566528
-49.96885997056961
-58.51081418991089
-30.49967496842146
-33.425252199172974
-35.29699605703354
-42.44705426692963
-51.12422013282776
-57.21944284439087
-65.62464904785156
-58.99769687652588
-56.41997563838959
-57.47643339633942
-65.46096396446228
-63.09982776641846
-61.451333820819855
-54.842653810977936
-36.14913046360016
-40.42103439569473
-43.08165222406387
-49.02972203493118
-55.970112800598145
-60.72839570045471
-69.37278318405151
-64.58478999137878
-62.12580645084381
-64.0348972082138
-70.91237139701843
-68.16456317901611
-63.76081609725952
-60.465832352638245
-26.19993907213211
-33.2965772151947
-25.94465047121048
-33.562560081481934
-36.44376061856747
-46.54021394252777
-40.961491107940674
-50.33205604553223
-35.879535257816315
-41.78052268177271
-40.76942157745361
-51.04780125617981
-34.58716467767954
-40.853595197200775
-35.25242614746094
-40.98433744907379
-32.59666579961777
-40.009265542030334
-43.869455099105835
-53.648560523986816
-45.762492656707764
-52.83773708343506
-47.17243406176567
-53.36268924921751
-52.032042264938354
-60.24311447143555
-39.32685512304306
-51.48053538799286
-27.00716545432806
-34.201168179512024
-29.159713178873062
-34.697205901145935
-46.02553153038025
-45.86581087112427
-56.46135473251343
-53.91494607925415
-44.96455276012421
-49.005880415439606
-64.18611085414886
-58.40079975128174
-54.18326669931412
-48.940694846212864
-35.773731112480164
-40.195733308792114
-36.205615282058716
-39.845715045928955
-54.15161609649658
-51.641374349594116
-52.12448596954346
-51.252007484436035
-49.7409283220768
-52.56688165664673
-67.28382062911987
-62.43383741378784
-52.19405663013458
-46.49375520646572
-24.386772513389587
-32.84003305435181
-28.697708070278168
-36.07039737701416
-45.64978301525116
-54.85672736167908
-43.907734394073486
-45.61567401885986
-43.934096582233906
-46.48803202807903
-39.20372271537781
-44.709110498428345
-40.04711276292801
-43.01130485534668
-33.14268898963928
-38.33707296848297
-35.85020133852959
-41.37091243267059
-51.76979839801788
-60.0473895072937
-48.8963520526886
-53.94538164138794
-55.846400678157806
-56.63509748876095
-49.31207776069641
-56.39627981185913
-40.61648237705231
-46.48920965194702
-28.00011222437024
-35.59839707612991
-32.401133835315704
-42.0268337726593
-55.37157440185547
-58.468504905700684
-49.77847385406494
-50.21956491470337
-46.13527290150523
-48.788570523262024
-56.763551473617554
-52.55842971801758
-48.10982310771942
-50.200271010398865
-32.507912278175354
-41.58953016996384
-37.764370799064636
-45.47358977794647
-58.90952014923096
-60.99657201766968
-52.25496053695679
-54.15921449661255
-47.027144722640514
-57.60790836811066
-62.80376076698303
-61.58135199546814
-49.18167746067047
-51.84587919712067
-22.722328662872314
-35.67317748069763
-28.539390325546265
-42.181469440460205
-42.33953881263733
-56.401185274124146
-36.139021158218384
-44.56789708137512
-42.672856628894806
-50.087778866291046
-37.97128248214722
-49.244123101234436
-45.17809355258942
-50.28351092338562
-30.75405901670456
-40.572680711746216
-36.20919090509415
-46.33168017864227
-47.00446701049805
-59.09487247467041
-44.87014961242676
-54.2849645614624
-55.71263690292835
-60.5362266600132
-50.866427421569824
-61.05200552940369
-47.203250885009766
-58.05003499984741
-29.726368099451065
-30.16627824306488
-36.51212388277054
-37.045244216918945
-56.29115676879883
-53.45408844947815
-45.60444402694702
-44.56807565689087
-46.492105066776276
-49.742684960365295
-52.68503701686859
-49.12918448448181
-51.229883432388306
-51.155325412750244
-36.510257840156555
-36.808206021785736
-44.495954751968384
-43.87971305847168
-59.92375040054321
-54.84500503540039
-52.450695514678955
-53.81446576118469
-53.81711742281914
-57.81421232223511
-64.57447123527527
-59.37153100967407
-57.92384886741638
-58.924373388290405
-40.86894941329956
-49.37962293624878
-47.7978196144104
-55.305448055267334
-59.97735929489136
-55.29551458358765
-58.672669410705566
-59.052701473236084
-28.820189476013184
-31.651508331298828
-34.46139642596245
-35.26153564453125
-46.47357749938965
-49.43501615524292
-58.05116510391235
-52.54483366012573
-49.516006253659725
-46.15226800739765
-45.51215445995331
-45.850754737854004
-47.41801452636719
-48.94805145263672
-37.28160905838013
-36.850910902023315
-41.116880893707275
-41.16115927696228
-50.85494589805603
-54.641018867492676
-61.15324544906616
-60.3113374710083
-63.40980488061905
-58.408346980810165
-57.5711305141449
-54.85447359085083
-45.95339334011078
-51.54507899284363
-27.47730704396963
-36.99407958984375
-33.723483204841614
-42.276042461395264
-54.49043273925781
-57.0042450428009
-59.161555767059326
-62.102158069610596
-49.527931064367294
-56.78130257129669
-59.64863634109497
-57.798545360565186
-57.35835611820221
-51.18273878097534
-31.649611234664917
-42.01822519302368
-38.72163248062134
-47.24999177455902
-57.27677941322327
-58.00837802886963
-62.178428173065186
-71.35194778442383
-49.04823489487171
-61.54521709680557
-63.49781513214111
-66.29186511039734
-54.90248954296112
-58.1816828250885
-30.37483675777912
-40.887484312057495
-34.926825523376465
-48.484856843948364
-47.55834621191025
-63.532567739486694
-53.161364793777466
-59.988117814064026
-47.43959566950798
-60.66159629821777
-43.75383985042572
-56.95080363750458
-47.72715389728546
-49.69912505149841
-38.63480061292648
-45.284977436065674
-42.759545624256134
-53.000282287597656
-52.35527455806732
-66.00475883483887
-62.53376865386963
-69.33627033233643
-66.9513535797596
-72.89593458175659
-59.9030567407608
-67.91549503803253
-52.63786005973816
-54.668600142002106
-36.7950007468462
-38.59390252828598
-42.031954139471054
-45.17525267601013
-62.63851022720337
-59.4503778219223
-66.69469261169434
-67.5515365600586
-55.85400687903166
-62.155191242694855
-62.3467333316803
-65.17232775688171
-55.461834251880646
-58.84554481506348
-40.72864294052124
-44.9503670334816
-46.81570339202881
-52.29110085964203
-67.23984456062317
-61.60689997673035
-67.53824615478516
-73.26315975189209
-61.807463958859444
-70.2116494178772
-70.0056746006012
-72.61961340904236
-57.09902834892273
-61.023812770843506
-34.411623775959015
-38.277164816856384
-39.19864064455032
-40.82031464576721
-32.499914184212685
-41.67529761791229
-65.7961938381195
-58.91566705703735
-47.12334880977869
-47.49964069575071
-43.40896689891815
-48.76695120334625
-52.2985999584198
-49.292052030563354
-41.54245924949646
-44.32186508178711
-46.09961247444153
-46.052778840065
-39.58612307906151
-45.76776969432831
-68.19291162490845
-61.84663724899292
-57.55871665477753
-59.667571395635605
-55.578914165496826
-60.241504549980164
-54.62265062332153
-55.39860224723816
-33.40100081264973
-38.64852857589722
-37.59240543842316
-44.47035074234009
-43.252382040023804
-39.84390303492546
-69.9599347114563
-71.91683626174927
-55.937688291072845
-58.899484276771545
-65.89548337459564
-60.81075620651245
-56.72461497783661
-58.041505098342896
-37.86581873893738
-44.48043739795685
-43.544356405735016
-51.10404622554779
-48.84779191017151
-44.1296803355217
-63.48886966705322
-73.13378810882568
-59.84343260526657
-64.75270056724548
-68.40155577659607
-67.22145700454712
-59.45179224014282
-63.63940501213074
-31.738287568092346
-32.24319314956665
-39.4059853553772
-33.128942012786865
-47.22305691242218
-48.57572913169861
-65.13723754882812
-64.31129741668701
-47.07878878712654
-51.514591842889786
-52.09399175643921
-58.16686701774597
-56.31869554519653
-53.43264031410217
-37.8658185005188
-39.02271914482117
-46.57948279380798
-39.33444356918335
-52.825748443603516
-53.17237639427185
-71.7638111114502
-67.70385360717773
-54.5787498652935
-56.59678888320923
-62.38055658340454
-63.12648034095764
-62.78933668136597
-56.53079915046692
-32.5239882171154
-36.52381646633148
-33.419594049453735
-43.22017502784729
-52.160505533218384
-55.23360013961792
-67.79365396499634
-69.61647701263428
-57.18610239028931
-53.96363115310669
-72.97681760787964
-68.67608547210693
-63.68298387527466
-65.25595760345459
-37.484413623809814
-41.54194450378418
-39.02622056007385
-48.591105937957764
-55.460294008255005
-59.65124702453613
-71.30561828613281
-78.76481580734253
-56.71985203027725
-60.940096974372864
-73.76739978790283
-72.01353883743286
-63.23787832260132
-67.55859088897705
-42.678959369659424
-47.63310933113098
-49.80825686454773
-54.36756658554077
-60.22481918334961
-63.24316167831421
-54.117846727371216
-55.64718198776245
-35.073360443115234
-33.1836177110672
-37.49308693408966
-36.167527198791504
-51.42052638530731
-49.34031701087952
-50.16140007972717
-47.94228982925415
-41.240104354918
-40.939868330955505
-47.22096252441406
-47.300214529037476
-42.43080019950867
-44.43463182449341
-42.80674505233765
-36.64077067375183
-42.21943402290344
-39.92391800880432
-56.34072923660278
-56.114500284194946
-58.74560499191284
-54.84691286087036
-48.738980785012245
-47.46542239189148
-55.29849338531494
-52.512075901031494
-52.81037938594818
-51.414610862731934
-27.532766863703728
-41.06114721298218
-30.518003821372986
-44.7124662399292
-53.81420969963074
-60.55528783798218
-57.924363136291504
-63.299856662750244
-50.46715605258942
-55.39419460296631
-65.68220472335815
-62.95793342590332
-59.418187737464905
-57.21780526638031
-31.51839780807495
-47.66580772399902
-37.303290128707886
-51.145713329315186
-59.003220558166504
-66.59944105148315
-60.889766454696655
-65.42630887031555
-54.096450090408325
-57.200336158275604
-68.18995380401611
-71.17693281173706
-60.56963801383972
-61.03727090358734
-29.102113783359528
-40.29558980464935
-26.01785659790039
-39.257142305374146
-41.50737768411636
-56.02510845661163
-50.16610026359558
-60.54037046432495
-39.55089972913265
-51.09134039282799
-42.86909222602844
-54.383909940719604
-41.15309500694275
-47.97301006317139
-34.53483372926712
-45.72109365463257
-29.710901498794556
-45.778143525123596
-46.58655267953873
-62.86190605163574
-58.1254825592041
-67.27376079559326
-49.512228325009346
-61.59566429257393
-52.73001444339752
-64.52477264404297
-47.68071389198303
-55.88519740104675
-33.93959813565016
-36.46442890167236
-35.25294551253319
-35.82954841852188
-56.13091480731964
-53.8692512512207
-60.183884620666504
-57.85153532028198
-52.103860437870026
-54.604326128959656
-66.51078939437866
-58.64680790901184
-61.29850220680237
-54.143348932266235
-39.430572390556335
-40.472510010004044
-41.3441903591156
-39.68802189826965
-61.75348138809204
-56.67776012420654
-73.21447944641113
-71.29553556442261
-55.99717652797699
-57.73169827461243
-71.0574426651001
-64.60937190055847
-60.25344157218933
-55.71759104728699
-25.602080047130585
-37.49260866641998
-32.198821783065796
-46.29676699638367
-45.68951195478439
-59.66733407974243
-56.63796889781952
-62.524470806121826
-47.147437155246735
-55.36192116141319
-42.190225481987
-52.36893022060394
-47.07958942651749
-54.71827781200409
-34.31418287754059
-42.55134403705597
-38.08415985107422
-51.14880192279816
-48.94393107295036
-63.07266092300415
-61.40415823459625
-64.96530485153198
-59.16996347904205
-65.24487525224686
-55.129020512104034
-60.413103103637695
-47.912025928497314
-56.394251585006714
-32.41817187704146
-34.01783791184425
-40.92314125597477
-41.86845391988754
-56.08525276184082
-56.90443915128708
-67.74711418151855
-61.204068660736084
-51.47837050259113
-54.956986486911774
-59.46708965301514
-54.252578139305115
-56.29767328500748
-52.774505734443665
-38.08294725418091
-40.88637675344944
-47.00620222091675
-48.513870269060135
-60.83402752876282
-60.3059438765049
-68.96493101119995
-71.68048095703125
-55.28250625729561
-62.44290387630463
-66.78188371658325
-66.97661137580872
-58.078927397727966
-59.50099980831146
-22.937747955322266
-35.20622277259827
-30.275534629821777
-37.735591173172
-43.09810084104538
-58.92241978645325
-51.369550704956055
-58.613988399505615
-40.836303755640984
-53.61472289264202
-41.42769134044647
-51.463175654411316
-45.19331908226013
-59.115835666656494
-32.669572591781616
-42.814536571502686
-37.09691786766052
-43.9272346496582
-49.667041301727295
-63.1026496887207
-60.646382093429565
-62.93374443054199
-56.60378210246563
-67.91862416267395
-52.81369197368622
-62.58320474624634
-48.16543936729431
-62.74540424346924
-30.694204978644848
-30.407602906227112
-34.69467279314995
-39.338486552238464
-60.23289513587952
-54.73042678833008
-58.86840772628784
-61.76570701599121
-51.538197338581085
-49.012611865997314
-62.921480655670166
-52.09439516067505
-59.83454251289368
-49.79977869987488
-38.281338691711426
-37.222458720207214
-42.57378280162811
-46.02916359901428
-64.09326696395874
-58.7474467754364
-60.695210695266724
-63.73946285247803
-57.51102206110954
-62.23142731189728
-70.79676795005798
-63.73947787284851
-65.55225610733032
-60.63730192184448
-23.429556906223297
-33.31593680381775
-29.800185441970825
-39.90205109119415
-44.59927594661713
-47.89715397357941
-51.73538136482239
-54.90554618835449
-44.43522350490093
-52.85638798773289
-48.11811351776123
-53.05928814411163
-49.80091595649719
-50.44245171546936
-31.183470368385315
-38.74624228477478
-37.95134902000427
-45.23092532157898
-48.94576358795166
-54.79509973526001
-59.38282132148743
-60.76657485961914
-58.61599478125572
-62.081135869026184
-61.62872564792633
-62.431883811950684
-55.02391314506531
-56.10917246341705
-25.43575282767415
-29.95590591430664
-32.44552653282881
-38.42963111400604
-49.33545255661011
-54.78930306434631
-68.77871227264404
-68.3144268989563
-45.87123215198517
-52.36211949586868
-59.486555337905884
-61.08386516571045
-54.22274053096771
-55.26830792427063
-30.716610610485077
-37.14389777183533
-37.07870310544968
-44.46887946128845
-54.26328420639038
-57.55075716972351
-64.86247491836548
-70.83488821983337
-53.10322779417038
-62.91467863321304
-66.38145804405212
-67.20792150497437
-54.984109342098236
-62.07230830192566
-56.3878812789917
-56.90265417098999
-55.138282775878906
-57.037490367889404
-69.90892887115479
-65.16956424713135
-58.617342710494995
-62.988670349121094
-25.713184535503387
-34.56155967712402
-30.117056727409363
-35.43688678741455
-41.51240664720535
-49.06680655479431
-46.43144178390503
-52.13784956932068
-40.83618947118521
-49.18665935099125
-41.979607939720154
-55.88346862792969
-45.4278302192688
-54.64662957191467
-32.34530448913574
-39.233176946640015
-35.973698019981384
-41.20641589164734
-47.43491005897522
-55.3467333316803
-57.230061531066895
-56.98236656188965
-48.6084258556366
-57.61498260498047
-52.96722197532654
-61.36833095550537
-52.44541621208191
-59.30974340438843
-27.940356209874153
-31.356417894363403
-29.55524532496929
-38.43919849395752
-48.81860017776489
-51.326663970947266
-59.66539478302002
-60.92539167404175
-46.96120126545429
-50.134512186050415
-66.8095760345459
-61.33182096481323
-62.40491056442261
-61.06877613067627
-34.94001746177673
-36.90890169143677
-37.00256931781769
-43.5821408033371
-56.00803256034851
-56.960487842559814
-62.56517791748047
-61.97040843963623
-56.31409972906113
-54.95328998565674
-70.14867687225342
-64.25898838043213
-63.82730841636658
-58.27187395095825
-46.56270706653595
-52.365992069244385
-53.34527063369751
-63.006033420562744
-64.95823359489441
-58.658143520355225
-64.23991870880127
-61.12762188911438
-25.181903570890427
-33.33039367198944
-28.946174144744873
-35.789140701293945
-44.57338082790375
-56.84828519821167
-48.95327013731003
-57.14852571487427
-48.282441183924675
-51.50129422545433
-41.03074049949646
-45.00188744068146
-43.9511821269989
-46.190937519073486
-32.402282282710075
-37.64797395467758
-34.12273493409157
-40.45827090740204
-50.079172253608704
-60.172306537628174
-54.54936504364014
-62.65039253234863
-58.58148002624512
-62.396893352270126
-49.2279497385025
-56.183743953704834
-44.11459922790527
-53.77960824966431
-25.649279111996293
-34.195714712142944
-30.122939616441727
-39.407639145851135
-56.49091935157776
-55.603273034095764
-62.6039137840271
-59.61519479751587
-45.397593691945076
-55.079986453056335
-52.966270446777344
-57.40052366256714
-50.20133173465729
-50.39223539829254
-30.888871610164642
-39.82423684000969
-36.246259570121765
-43.71344697475433
-59.08535671234131
-59.08820903301239
-61.970595598220825
-62.4420280456543
-54.4681408777833
-60.30421382188797
-64.66860365867615
-62.931013107299805
-51.80954051017761
-56.73230254650116
-19.59690421819687
-29.627209842205048
-20.40362223982811
-30.146904349327087
-37.106137692928314
-46.09281086921692
-37.0543007850647
-42.27155518531799
-35.190194472670555
-43.14452576637268
-38.209733843803406
-47.87976372241974
-38.905486822128296
-45.93028378486633
-28.833719730377197
-35.91397666931152
-26.3990096449852
-35.76382356882095
-42.298204869031906
-50.438119411468506
-41.827359676361084
-44.98545455932617
-42.89846506714821
-50.26085829734802
-46.15714251995087
-52.07967948913574
-44.82067561149597
-48.968934774398804
-24.839226186275482
-26.5011528134346
-24.685986936092377
-29.713383615016937
-43.25166726112366
-46.286201655864716
-46.63384294509888
-50.796082496643066
-46.19490522146225
-49.67563188076019
-57.30857300758362
-59.145445346832275
-57.74587035179138
-54.85792863368988
-30.59803283214569
-33.549162209033966
-30.122135877609253
-34.94063824415207
-49.2309672832489
-49.5364106297493
-42.81428623199463
-46.70534300804138
-51.23039311170578
-52.81117045879364
-64.72316074371338
-62.18803679943085
-53.2539336681366
-52.68032109737396
-59.10740804672241
-60.208505630493164
-62.42177200317383
-63.15677356719971
-69.35076379776001
-68.8745608329773
-65.46904373168945
-69.03760242462158
-52.59156668186188
-54.239099740982056
-60.64989185333252
-59.067235469818115
-59.16585683822632
-62.052435874938965
-57.22261905670166
-62.74930143356323
-41.644821882247925
-50.46929740905762
-47.12324094772339
-53.44126653671265
-50.39489698410034
-51.53974795341492
-52.32720994949341
-52.692343950271606
-26.498349606990814
-37.10421860218048
-27.562045454978943
-36.50291180610657
-40.29530408978462
-47.896809339523315
-45.38911330699921
-55.93755531311035
-37.49469240009785
-41.110815554857254
-47.481154173612595
-49.01885509490967
-36.14735400676727
-44.55192720890045
-33.503004282712936
-42.76717406511307
-32.61676287651062
-41.65955775976181
-44.02033245563507
-53.319385051727295
-53.29321908950806
-68.60602235794067
-47.2104721814394
-52.780473709106445
-54.09571397304535
-61.41875159740448
-44.7198831140995
-57.18191206455231
-28.87078031897545
-31.109206080436707
-30.67755100131035
-35.28483659029007
-50.521262884140015
-51.99215644598007
-69.34674644470215
-59.3376350402832
-48.51451909542084
-47.45910042524338
-63.11550736427307
-62.13114416599274
-59.84097957611084
-49.78799740970135
-35.51352494955063
-35.90931509435177
-36.52628955245018
-40.892045736312866
-55.87461614608765
-54.981067419052124
-64.91330432891846
-57.370319962501526
-52.78126680850983
-51.9541517496109
-69.32752466201782
-68.45973280072212
-60.527363300323486
-51.590636521577835
-28.855436861515045
-29.256075143814087
-32.21369290351868
-33.69180381298065
-42.28127193450928
-51.08366882801056
-43.649433851242065
-50.572192668914795
-38.10108967125416
-44.91705125570297
-43.62486910820007
-57.29858708381653
-47.98698854446411
-50.37473130226135
-34.75402116775513
-36.54333162307739
-38.73144054412842
-40.55432045459747
-47.06627607345581
-55.310446977615356
-47.82468843460083
-54.70422554016113
-49.95843896269798
-56.931088387966156
-56.06809687614441
-62.96226620674133
-54.67185640335083
-54.17797660827637
-27.294951803982258
-33.381349086761475
-32.356140583753586
-39.30569577217102
-53.204116106033325
-51.316096782684326
-56.15109825134277
-55.10231399536133
-49.26259210705757
-51.859635174274445
-68.48278760910034
-62.835455894470215
-54.67468810081482
-58.663925647735596
-33.73779916763306
-38.54009294509888
-39.57137453556061
-45.002164363861084
-58.140769481658936
-55.616363525390625
-55.282090187072754
-53.08721566200256
-53.766394674777985
-58.241642475128174
-72.44343209266663
-71.09176063537598
-57.75031554698944
-61.48952269554138
-25.987351536750793
-36.737239360809326
-29.594962537288666
-41.85956287384033
-40.794416069984436
-52.523202776908875
-47.08945989608765
-54.21346569061279
-37.33369792997837
-50.5278592556715
-43.324586033821106
-51.40766096115112
-39.472405195236206
-50.76150584220886
-32.11706727743149
-43.34414565563202
-34.64666169881821
-49.25518751144409
-47.19282126426697
-58.39227247238159
-54.31946849822998
-60.021881103515625
-50.60414534807205
-62.31783030927181
-58.186057567596436
-64.20475232601166
-50.0199773311615
-60.98356032371521
-32.10959883034229
-33.71180713176727
-39.010499864816666
-40.29573392868042
-52.82972764968872
-51.677892208099365
-56.11709022521973
-51.65040922164917
-48.462285578250885
-46.02506113052368
-61.88429152965546
-55.58675670623779
-53.57159775495529
-47.642633974552155
-38.92651176452637
-39.28334879875183
-44.85710299015045
-45.56587338447571
-58.92795133590698
-57.003708362579346
-58.430728912353516
-61.04077768325806
-57.68099170923233
-59.64703595638275
-70.01482832431793
-69.41165161132812
-59.2627809047699
-56.47676944732666
-55.722332239151
-60.378249168395996
-61.337496757507324
-65.607346534729
-67.37710475921631
-67.17702913284302
-70.53814601898193
-71.06438827514648
-21.967514038085938
-31.19425332546234
-26.72521698474884
-35.35641074180603
-39.64751636981964
-51.24705934524536
-47.35935115814209
-50.04957342147827
-41.93261498212814
-48.163271367549896
-48.05052876472473
-59.36553740501404
-47.40407967567444
-55.5556001663208
-29.35758364200592
-36.184100329875946
-32.384954154491425
-40.150760650634766
-44.28837704658508
-56.30156397819519
-51.786288022994995
-56.121323108673096
-50.34417021274567
-54.10558155179024
-55.695573568344116
-64.7448091506958
-49.9650559425354
-58.43077278137207
-27.79824236035347
-31.85985577106476
-31.579448103904724
-39.88970589637756
-52.52999567985535
-54.553131103515625
-67.00676965713501
-64.48311996459961
-51.083460211753845
-49.52767091989517
-70.84798431396484
-66.41066646575928
-62.782015800476074
-60.00032329559326
-33.65458798408508
-40.51441961526871
-38.772524893283844
-45.77481734752655
-58.01038336753845
-58.990612506866455
-61.44416809082031
-63.2361421585083
-58.93542444705963
-58.39485430717468
-74.32586932182312
-72.82516360282898
-64.69223499298096
-63.94123649597168
-50.24139356613159
-52.76795434951782
-58.96384954452515
-60.28338861465454
-58.498849868774414
-58.82025623321533
-62.43315887451172
-64.85651636123657
-49.20870494842529
-60.152140617370605
-56.93239498138428
-69.23156929016113
-67.14651441574097
-61.01987648010254
-68.51658916473389
-63.07731235027313
-49.77417576313019
-48.74550175666809
-54.76100778579712
-56.52533531188965
-58.75928831100464
-53.331191539764404
-52.20192766189575
-58.71080923080444
-49.13905119895935
-53.82602000236511
-62.23143410682678
-68.740562915802
-56.02291011810303
-61.638351917266846
-61.02912759780884
-69.68568062782288
-27.292829155921936
-36.70565223693848
-27.69497576355934
-35.67802619934082
-44.79869210720062
-52.70678758621216
-39.78282332420349
-47.83111619949341
-42.93752592802048
-49.605539083480835
-44.94986402988434
-55.65503811836243
-42.837799072265625
-46.842870473861694
-34.48668396472931
-42.63766551017761
-33.05686858296394
-42.923962354660034
-48.90803587436676
-58.44020938873291
-47.1388726234436
-54.62402629852295
-48.76371514797211
-54.30132591724396
-55.25230288505554
-60.717812299728394
-48.06959056854248
-47.86887276172638
-28.333553783595562
-35.24534821510315
-29.1227433308959
-38.8954581618309
-51.84553360939026
-55.54556703567505
-50.63129758834839
-48.89978742599487
-44.78483045101166
-50.2539923787117
-57.7013521194458
-56.078017711639404
-50.22037327289581
-51.55486387014389
-36.68232464790344
-41.79721483588219
-38.26613807678223
-44.4651882648468
-57.79557800292969
-58.41126489639282
-56.27030277252197
-55.5698447227478
-56.30692672729492
-62.84157848358154
-72.65439081192017
-69.53794717788696
-52.21651816368103
-57.61691498756409
-26.92241472005844
-33.144601464271545
-33.14878612756729
-37.20071518421173
-42.518226623535156
-49.06925344467163
-47.91220021247864
-49.22908091545105
-43.916104197502136
-43.78570897877216
-42.67644238471985
-52.08145809173584
-40.17366063594818
-45.82627213001251
-34.68341875076294
-37.93534469604492
-40.93965482711792
-43.35497581958771
-48.86238157749176
-53.133042335510254
-59.53305625915527
-61.791192054748535
-56.586754620075226
-56.13109216094017
-56.44405150413513
-60.83975422382355
-47.01068067550659
-54.36851221323013
-33.89657783508301
-39.39517402648926
-40.44624066352844
-45.67276418209076
-55.812081813812256
-56.34424304962158
-58.44572877883911
-60.53088569641113
-47.733890891075134
-55.964168310165405
-58.565054178237915
-58.5611093044281
-53.16612151265144
-51.79691702127457
-38.00371193885803
-44.07016408443451
-45.7366898059845
-50.709312200546265
-59.262003660202026
-59.45165801048279
-62.0603084564209
-65.85430765151978
-54.52815616130829
-66.93179094791412
-68.13040471076965
-68.93779516220093
-57.69287019968033
-59.960182905197144
-24.882737636566162
-33.29735600948334
-29.58440938591957
-38.482421875
-42.26241111755371
-46.78015732765198
-42.75847887992859
-42.08725619316101
-43.03151248395443
-51.26132245361805
-46.629759192466736
-51.76402187347412
-50.81303298473358
-54.33281672000885
-33.44641900062561
-39.4253910779953
-35.74126172065735
-43.843614876270294
-47.35566294193268
-50.8608033657074
-51.59374165534973
-54.23209238052368
-54.12470239400864
-60.619605988264084
-55.56360709667206
-61.17068707942963
-50.71157217025757
-56.69364941120148
-24.977916760370135
-31.025190830230713
-30.97413296997547
-37.1651286482811
-46.68617606163025
-51.65352988243103
-52.427491188049316
-54.06185865402222
-47.31310924887657
-49.7343425154686
-61.10694599151611
-58.81217360496521
-56.885157346725464
-53.40615427494049
-32.93613839149475
-38.73845899105072
-37.44826194643974
-44.035000801086426
-51.37604284286499
-53.82230305671692
-56.56429481506348
-61.41149854660034
-52.163270108401775
-58.15932238101959
-66.03823757171631
-67.10353684425354
-58.18038892745972
-58.3664071559906
-24.98665553331375
-32.06480157375336
-28.373257279396057
-36.18610060214996
-45.664794981479645
-53.73253774642944
-39.443209409713745
-46.87357425689697
-40.55964990705252
-51.00306224822998
-39.161746978759766
-49.38717031478882
-38.809372544288635
-43.236518144607544
-30.84388357400894
-37.765679717063904
-32.989042937755585
-42.289522886276245
-49.994744181632996
-59.20217967033386
-48.50779342651367
-55.39571237564087
-52.41735199093819
-61.76276929676533
-51.55686116218567
-58.00902462005615
-42.2802711725235
-49.73299980163574
-27.587654873728752
-32.00281709432602
-33.11008447408676
-38.818931221961975
-51.97040271759033
-56.0259428024292
-56.512861251831055
-50.330551624298096
-53.54999232292175
-49.2109854221344
-63.32975435256958
-55.96006679534912
-54.387862741947174
-52.2111052274704
-33.11111283302307
-36.87450420856476
-38.76026463508606
-42.615777373313904
-57.36505174636841
-58.88094699382782
-58.90772867202759
-57.72827959060669
-55.90009796619415
-57.90574932098389
-63.766905784606934
-60.973825454711914
-50.51347327232361
-51.52454054355621
-46.758933544158936
-46.63545882701874
-50.75419235229492
-51.718332290649414
-52.33310890197754
-56.68018341064453
-57.157952070236206
-62.19571328163147
-44.37877321243286
-54.594719886779785
-56.53188896179199
-63.14309597015381
-57.6716365814209
-55.628478050231934
-65.2195496559143
-65.46817588806152
-29.325209110975266
-28.421817779541016
-28.299418672919273
-29.98897212743759
-42.43621438741684
-51.31714487075806
-58.80095362663269
-54.636396408081055
-42.94374564290047
-38.23788210749626
-45.585717022418976
-53.25979804992676
-43.029404401779175
-49.17753553390503
-37.92068302631378
-35.57922983169556
-35.73283135890961
-36.191179513931274
-47.249356269836426
-56.705546855926514
-64.24871397018433
-65.12448644638062
-53.73834240436554
-54.696125477552414
-55.974557280540466
-63.30811643600464
-45.53738236427307
-56.734983682632446
-29.882435739040375
-37.98087131977081
-32.31627178192139
-37.757447481155396
-54.1958692073822
-53.68775391578674
-70.0977840423584
-70.65451669692993
-47.94479101896286
-55.645774483680725
-66.07326054573059
-57.95083975791931
-53.964417695999146
-51.436300575733185
-35.01013803482056
-46.283865451812744
-37.876487016677856
-44.22296988964081
-58.38952136039734
-56.5547981262207
-68.05850553512573
-71.51841974258423
-55.54479259252548
-62.50766122341156
-75.94906711578369
-68.91021370887756
-59.885117292404175
-56.470010459423065
-26.217672765254974
-27.10256326198578
-32.71093535423279
-33.507681369781494
-48.246737599372864
-50.799792647361755
-47.34796690940857
-50.6383113861084
-43.78360925614834
-41.21957989037037
-49.4531512260437
-51.06282949447632
-46.41052532196045
-48.26548635959625
-34.3963018655777
-34.30487406253815
-39.705071806907654
-40.46262329816818
-53.968037366867065
-55.537161469459534
-56.529480934143066
-60.760005474090576
-56.596327260136604
-50.608064129948616
-59.27085101604462
-62.18146824836731
-52.76397776603699
-56.12634640932083
-24.367179177701473
-31.511343359947205
-31.55034278333187
-38.251691818237305
-51.42383873462677
-53.596832513809204
-64.96550559997559
-59.940062046051025
-49.55911257863045
-51.955660462379456
-66.98307061195374
-61.117892026901245
-57.333904564380646
-52.10269320011139
-32.14262503385544
-40.420278787612915
-39.141933023929596
-46.33066391944885
-56.79894709587097
-58.12695026397705
-64.71787309646606
-63.76732778549194
-50.66356173157692
-63.256972908973694
-70.57875871658325
-71.86554384231567
-59.972269117832184
-60.951933443546295
-39.00484216213226
-49.61236548423767
-47.51986062526703
-59.59117841720581
-65.23051691055298
-57.763723850250244
-54.79452037811279
-48.27161514759064
-20.294203281402588
-35.40785777568817
-22.43368148803711
-38.96453869342804
-37.87806570529938
-51.49206602573395
-44.89935922622681
-58.715660095214844
-34.87100473046303
-43.42532104253769
-42.28893381357193
-55.056920647621155
-28.03727352619171
-43.10406970977783
-29.90547725558281
-41.33726119995117
-28.08546806871891
-44.53169447183609
-42.68770805001259
-55.2457469701767
-53.94295692443848
-67.89237308502197
-47.21344402432442
-54.803851038217545
-47.016093015670776
-63.287665247917175
-34.27887487411499
-51.983145236968994
-30.58370327949524
-28.41428679227829
-34.90723140537739
-31.994228899478912
-50.77418518066406
-48.288569658994675
-67.511803150177
-58.80923509597778
-42.98747742176056
-38.298825681209564
-59.24676990509033
-46.56114220619202
-48.00607991218567
-37.8237429857254
-37.492931842803955
-35.71514183282852
-41.91136384010315
-37.27074491977692
-55.839852690696716
-51.543861746788025
-70.95507001876831
-62.92321467399597
-53.44241905212402
-54.312074184417725
-70.23052263259888
-63.58203196525574
-51.566439628601074
-44.355618834495544
-50.95816469192505
-53.835214614868164
-56.06814622879028
-58.00104093551636
-59.38752746582031
-59.53535461425781
-65.57442808151245
-64.64508628845215
-51.2475061416626
-53.49761629104614
-55.25985813140869
-57.70235252380371
-56.80618858337402
-58.767343521118164
-58.83633494377136
-64.61114692687988
-42.20033311843872
-44.160024642944336
-49.76222085952759
-55.02971172332764
-51.346046924591064
-49.2082314491272
-54.93160390853882
-55.529473304748535
-51.81122052669525
-51.29846906661987
-58.350446701049805
-59.28391122817993
-59.097853660583496
-58.2022180557251
-61.47033667564392
-64.84939384460449
-48.76406407356262
-52.0378303527832
-54.516823530197144
-57.84153366088867
-57.47016191482544
-54.6131432056427
-60.246281147003174
-63.32528519630432
-30.655250370502472
-34.76902198791504
-35.61510989069939
-40.765628695487976
-41.1895546913147
-50.08626198768616
-60.664499282836914
-56.765201568603516
-48.273327082395554
-49.3816554248333
-49.83036744594574
-53.4560706615448
-52.0708384513855
-48.790499448776245
-38.40165036916733
-40.75985491275787
-42.254427909851074
-45.861093640327454
-47.176225662231445
-55.9781699180603
-62.64603233337402
-61.15068292617798
-57.712779849767685
-60.18586042523384
-61.34892654418945
-63.27835416793823
-54.964540004730225
-51.72341775894165
-30.718308463692665
-34.86390799283981
-36.503976583480835
-41.28040158748627
-49.66857862472534
-50.53269338607788
-65.40048551559448
-69.52499341964722
-48.06760910153389
-58.32242614030838
-61.67062568664551
-62.731030225753784
-51.07111382484436
-56.63855028152466
-36.392104506492615
-41.806792974472046
-43.760231733322144
-48.74563717842102
-55.44145631790161
-55.59004878997803
-62.853135108947754
-68.00268769264221
-55.8710940182209
-66.38629627227783
-70.8437569141388
-72.11251449584961
-57.735037088394165
-62.5511200428009
-56.51957631111145
-53.84044671058655
-60.58301877975464
-67.10395431518555
-58.865262031555176
-65.0589861869812
-69.76693201065063
-69.70628237724304
-29.173214077949524
-38.518961906433105
-31.6007082760334
-39.896645069122314
-45.962594985961914
-55.01592254638672
-55.231778144836426
-63.79514408111572
-41.87466710805893
-52.099496990442276
-45.79285955429077
-53.00237679481506
-44.440804839134216
-44.97998511791229
-34.585479378700256
-42.81656467914581
-37.086680591106415
-45.648136496543884
-51.69747692346573
-61.1385133266449
-62.462984800338745
-70.37459230422974
-52.1478039175272
-60.94573783874512
-57.398250579833984
-60.207061767578125
-50.20462131500244
-50.432654559612274
-31.638486869633198
-32.79675090312958
-36.37400743365288
-38.83558851480484
-54.57556092739105
-55.16020929813385
-67.74616527557373
-65.63430404663086
-51.937646210193634
-53.99981427192688
-64.48415040969849
-63.09693646430969
-55.50717753171921
-53.08368241786957
-37.21724557876587
-38.83467423915863
-44.197495102882385
-45.46537959575653
-60.36377668380737
-58.86399257183075
-78.0881700515747
-73.05656814575195
-56.19368767738342
-58.2093847990036
-71.39240312576294
-69.6448929309845
-52.88012915849686
-56.1130154132843
-28.498273611068726
-36.78723108768463
-30.610161811113358
-40.16154170036316
-48.98841732740402
-59.30073320865631
-51.814974546432495
-50.43426322937012
-48.237587213516235
-54.30223459005356
-50.495739221572876
-57.4707692861557
-41.69975543022156
-46.06474149227142
-35.02437835931778
-41.47834885120392
-35.43680953979492
-44.64371395111084
-49.32181590795517
-59.95235621929169
-58.79397463798523
-59.86956453323364
-63.87112399935722
-66.18503034114838
-63.052669048309326
-68.03710067272186
-45.79088222980499
-50.79167139530182
-31.395281359553337
-36.185386419296265
-33.68219056725502
-39.41077756881714
-55.24745440483093
-58.14656615257263
-55.41123723983765
-59.69499969482422
-52.6938823312521
-60.80998086929321
-60.874197483062744
-59.09804725646973
-48.114017844200134
-47.85894858837128
-35.44114005565643
-40.59003281593323
-40.309404373168945
-43.82183289527893
-57.599507331848145
-57.557371616363525
-58.14443349838257
-63.999874114990234
-56.91664229333401
-69.10461807250977
-70.36312556266785
-70.7444543838501
-49.498530089855194
-54.445579171180725
-45.43112111091614
-50.97031283378601
-56.213491916656494
-63.30695724487305
-63.03074789047241
-58.644704818725586
-62.96115064620972
-63.86238622665405
-45.18607568740845
-43.05164885520935
-51.52848148345947
-54.32128667831421
-50.28353261947632
-55.9397349357605
-52.624247550964355
-57.903642654418945
-48.604308128356934
-51.22042226791382
-58.723896503448486
-60.291605949401855
-58.71696615219116
-60.62603282928467
-64.05376625061035
-60.69787907600403
-22.70544397830963
-34.179137110710144
-25.246479004621506
-37.071173906326294
-40.35525405406952
-51.95717668533325
-59.87623715400696
-66.94369459152222
-35.9305505156517
-47.79145538806915
-41.19454371929169
-56.049577713012695
-48.256526470184326
-55.5632381439209
-27.928914427757263
-38.69926130771637
-29.424195289611816
-42.13980758190155
-45.106576323509216
-56.33200192451477
-66.40861177444458
-73.46681261062622
-48.1688734292984
-59.031618654727936
-52.648935317993164
-63.788697481155396
-52.81055808067322
-62.31536817550659
-23.798899713903666
-25.631404221057892
-26.461523490026593
-30.332139492034912
-47.23657965660095
-47.872191429138184
-70.49134397506714
-71.04436302185059
-49.24365500360727
-44.0430052280426
-64.22829985618591
-59.055675983428955
-67.21811294555664
-60.37182116508484
-31.49849796295166
-30.54680037498474
-33.17995858192444
-34.2698774933815
-52.09346532821655
-53.01452445983887
-72.29580688476562
-74.28481078147888
-52.690265357494354
-50.429306626319885
-69.57016611099243
-65.36939692497253
-65.83330631256104
-61.8932204246521
-46.30132591724396
-46.36236500740051
-57.914705753326416
-59.316312313079834
-58.76886606216431
-60.7718505859375
-56.05314540863037
-63.0257248878479
-24.98381695151329
-38.134517788887024
-32.47112354636192
-41.02916955947876
-45.44199538230896
-50.272730588912964
-49.00344121456146
-51.84522259235382
-36.85740792751312
-52.38367077708244
-45.04145121574402
-56.72787582874298
-42.71889638900757
-50.592854022979736
-33.245284378528595
-43.913328647613525
-39.58355736732483
-46.786338329315186
-51.92295241355896
-55.05280423164368
-56.78104853630066
-58.702937841415405
-52.21339023113251
-61.911906361579895
-61.20702147483826
-69.32995629310608
-59.22989773750305
-61.79142999649048
-33.40779743343592
-32.93686443567276
-38.046088203787804
-42.19450032711029
-52.49631750583649
-56.77212142944336
-63.54335594177246
-60.21649646759033
-52.168478071689606
-53.645466327667236
-65.50408172607422
-60.72634744644165
-57.64859747886658
-54.45489192008972
-38.86689281463623
-40.404803931713104
-43.925101935863495
-48.92915964126587
-56.60927855968475
-61.04629707336426
-61.38793110847473
-63.90740966796875
-59.59611976146698
-63.05613577365875
-74.54064655303955
-72.18703317642212
-63.39711046218872
-61.761070251464844
-44.90716278553009
-53.72800874710083
-57.63990259170532
-64.28876638412476
-60.377713680267334
-59.263657569885254
-63.30436706542969
-65.12797737121582
-49.94064426422119
-50.83739733695984
-57.69490146636963
-59.30827522277832
-58.699398040771484
-59.44278907775879
-64.68950271606445
-66.73674726486206
-47.36748218536377
-59.46345663070679
-55.12333965301514
-66.57305431365967
-71.77619504928589
-64.25131273269653
-72.46100902557373
-61.353636145591736
-30.74532723426819
-38.065685510635376
-35.906014800071716
-39.977991819381714
-53.80594366788864
-52.24955654144287
-50.23108267784119
-54.936760902404785
-42.92605169117451
-45.50455269217491
-45.357497334480286
-51.257338762283325
-45.845064640045166
-42.32993596792221
-37.920716285705566
-41.07342445850372
-39.07526111602783
-41.642563819885254
-59.951934814453125
-58.8440580368042
-55.21571969985962
-61.472376585006714
-54.133784875273705
-54.135475501418114
-53.66488170623779
-58.645694732666016
-51.82073736190796
-51.365733325481415
-31.83001134544611
-37.37916851043701
-35.36780125647783
-40.42585277557373
-57.17337226867676
-62.09170866012573
-61.11605882644653
-64.32227945327759
-49.39323979616165
-57.602704763412476
-64.41045641899109
-61.16127371788025
-52.717308193445206
-55.31443798542023
-38.35331869125366
-44.841217041015625
-40.58325481414795
-46.84043264389038
-63.260894775390625
-67.53674697875977
-62.493035554885864
-62.585530519485474
-55.66706657409668
-59.738978147506714
-68.14432144165039
-72.39256930351257
-57.192795157432556
-62.705519914627075
-52.64347577095032
-48.7753529548645
-56.58005475997925
-54.85107636451721
-57.62749433517456
-64.8661036491394
-60.86489915847778
-69.84077072143555
-51.317503571510315
-56.45402193069458
-56.079763650894165
-61.048691272735596
-58.845571994781494
-57.609392166137695
-58.47105121612549
-62.02131474018097
-28.28981041908264
-35.675697684288025
-35.310253858566284
-42.03958749771118
-51.540547490119934
-56.74175238609314
-53.27764296531677
-56.984116077423096
-45.488580375909805
-53.59618279337883
-49.24040246009827
-64.571852684021
-48.69602918624878
-61.76889896392822
-34.778437197208405
-39.98719334602356
-38.31784278154373
-44.19939374923706
-56.374000668525696
-57.76882266998291
-60.454094886779785
-65.64762210845947
-52.30428832769394
-58.918060183525085
-54.78031849861145
-70.76721739768982
-55.867241978645325
-65.45546436309814
-26.9250858835876
-34.23215079307556
-33.292169496417046
-41.617796897888184
-55.2232403755188
-59.69037926197052
-68.94073390960693
-69.19676780700684
-51.569930374622345
-52.10186576843262
-63.57423782348633
-56.33898663520813
-66.70911645889282
-61.12755727767944
-33.18661332130432
-39.87640333175659
-39.44991385936737
-44.962050557136536
-58.71276807785034
-62.43884754180908
-62.56088733673096
-66.66708970069885
-54.94313871860504
-59.12401396036148
-70.51305842399597
-69.92887556552887
-65.09177923202515
-67.88845151662827
-41.796048641204834
-49.88442635536194
-51.720789194107056
-60.96834087371826
-58.802804708480835
-57.48980212211609
-61.23897171020508
-60.79556965827942
-46.92962980270386
-48.58344745635986
-50.44830775260925
-52.607245445251465
-56.53384828567505
-60.63919639587402
-45.47907996177673
-55.38827574253082
-46.421226978302
-47.06916379928589
-48.73488187789917
-48.46352291107178
-57.819539070129395
-59.769131660461426
-51.780471086502075
-56.66445863246918
-46.97420001029968
-53.94828748703003
-57.1556978225708
-58.510775566101074
-58.55884265899658
-54.83582592010498
-59.8312554359436
-60.81480026245117
-51.221606731414795
-56.56903648376465
-52.04708480834961
-56.733628273010254
-63.80807113647461
-61.62908411026001
-56.47532773017883
-59.31542086601257
-60.46047925949097
-66.43143033981323
-65.87440848350525
-71.6394772529602
-70.37203693389893
-69.05540752410889
-78.44793510437012
-74.96617603302002
-47.15567874908447
-53.34221911430359
-54.96279191970825
-60.96041941642761
-59.34125518798828
-59.06228494644165
-57.758541107177734
-61.38188123703003
-51.22039604187012
-51.64951992034912
-54.19590520858765
-58.59685277938843
-57.60810136795044
-59.36088275909424
-58.82449769973755
-56.24765110015869
-51.18660235404968
-58.66955757141113
-54.92141342163086
-62.121453285217285
-66.80904293060303
-61.42985963821411
-62.30804920196533
-58.30316615104675
-51.96212160587311
-58.76787281036377
-58.34325933456421
-65.29189205169678
-62.96043014526367
-64.28450107574463
-71.26888275146484
-69.9312037229538
-28.311316192150116
-37.02810621261597
-31.971622109413147
-39.384681701660156
-44.12569582462311
-49.292537808418274
-47.487239718437195
-52.518661975860596
-43.04492709040642
-48.54056012630463
-44.65142071247101
-53.21362829208374
-50.09647023677826
-49.32782578468323
-36.79223692417145
-43.164971590042114
-38.84561312198639
-43.11272203922272
-50.393263936042786
-54.68690228462219
-54.65468883514404
-59.10532808303833
-54.98826442658901
-57.8695205450058
-55.378567695617676
-61.06638169288635
-50.092570781707764
-51.846224546432495
-30.887059397995472
-35.33754086494446
-33.812242954969406
-41.76739227771759
-50.35921931266785
-55.20780336856842
-57.755470275878906
-54.82344603538513
-43.61901396512985
-49.74759066104889
-58.40107083320618
-55.87412929534912
-50.001150012016296
-54.27409327030182
-36.999000549316406
-42.47889709472656
-40.665100157260895
-48.01932966709137
-55.892231464385986
-59.04761600494385
-59.277464389801025
-59.08287525177002
-50.65991699695587
-60.112015545368195
-68.18980717658997
-65.08705830574036
-55.81910514831543
-60.31274461746216
-45.586453437805176
-49.982980251312256
-56.612658739089966
-64.83846378326416
-58.931302070617676
-56.71025991439819
-62.013322830200195
-63.08149862289429
-47.98311519622803
-52.31571006774902
-55.03178119659424
-59.65360879898071
-62.29642701148987
-59.047505378723145
-58.5682692527771
-61.855674743652344
-45.5846152305603
-51.22964668273926
-50.59062623977661
-56.045828342437744
-61.75772190093994
-57.30382299423218
-58.102295875549316
-62.09120273590088
-53.79653251171112
-52.65187311172485
-57.497967004776
-62.27427697181702
-60.75021743774414
-62.86948204040527
-65.9661660194397
-70.43554139137268
-56.88503074645996
-54.603028297424316
-58.278114318847656
-57.13401126861572
-63.540812492370605
-65.12174224853516
-54.11453318595886
-62.03752779960632
-45.42349982261658
-51.16606163978577
-59.217615604400635
-62.35527229309082
-60.90884613990784
-60.42335796356201
-64.95659637451172
-67.53943252563477
-44.198439598083496
-49.09920287132263
-58.570770025253296
-62.45638370513916
-61.39798974990845
-61.00542736053467
-63.653542041778564
-63.98632287979126
-32.82102918624878
-40.68175983428955
-39.475091218948364
-48.79365348815918
-47.70921182632446
-44.24606466293335
-45.653653383255005
-45.65714955329895
-53.62870526313782
-57.48287010192871
-59.458184480667114
-63.585702896118164
-58.9381799697876
-57.28108739852905
-61.49507713317871
-65.64473915100098
-50.01292824745178
-59.35638618469238
-54.88771891593933
-65.05686521530151
-69.65940761566162
-63.02753305435181
-69.46429634094238
-63.559651136398315
-26.791762590408325
-39.29037845134735
-32.55990028381348
-41.27056658267975
-40.42383152246475
-52.669883728027344
-48.710613489151
-56.53743243217468
-50.681154906749725
-54.795023411512375
-41.452183842659
-53.24108529090881
-43.01469910144806
-45.646450877189636
-31.5856910943985
-43.860641956329346
-35.814717173576355
-45.914835691452026
-44.4954129755497
-57.807212114334106
-53.94157803058624
-63.99052929878235
-58.50669449567795
-64.84460508823395
-47.330472469329834
-59.967756509780884
-42.487138748168945
-52.403770446777344
-30.61609172821045
-38.07005786895752
-34.215797424316406
-43.49918222427368
-53.15994608402252
-52.2539644241333
-61.07612180709839
-62.96267795562744
-50.45865395665169
-59.08699285984039
-57.70974636077881
-58.45655703544617
-49.79621857404709
-52.96429818868637
-34.223955273628235
-40.99506777524948
-39.10097694396973
-46.202152609825134
-56.752524971961975
-55.34208691120148
-60.67089915275574
-65.18025374412537
-51.22543486952782
-62.07398563623428
-61.956493854522705
-62.287978649139404
-45.9923232793808
-51.63482904434204
-43.93713998794556
-50.984028339385986
-50.791847229003906
-56.6999397277832
-56.99616241455078
-59.568482875823975
-56.848668575286865
-57.8234384059906
-47.89916276931763
-59.8965744972229
-57.184096813201904
-70.73484706878662
-63.13008213043213
-59.58539819717407
-66.36375284194946
-64.61025404930115
-51.92396008968353
-52.29957461357117
-57.452940464019775
-59.2490348815918
-61.88481950759888
-60.49030351638794
-61.42654037475586
-66.73842549324036
-49.85127592086792
-50.181904792785645
-57.8678617477417
-57.526588439941406
-52.65590572357178
-57.08560848236084
-57.600234508514404
-61.72775745391846
-41.77462148666382
-45.55525088310242
-48.28647804260254
-52.30149841308594
-51.047340869903564
-51.74171209335327
-52.950584411621094
-58.317543268203735
-46.98943066596985
-56.29235124588013
-58.783992767333984
-66.86546182632446
-62.67473363876343
-54.06215023994446
-64.29117012023926
-63.291775703430176
-47.38792026042938
-50.24318504333496
-52.730923652648926
-56.5521354675293
-60.82342052459717
-63.90440082550049
-54.34471249580383
-58.07534623146057
-44.21453619003296
-51.01083731651306
-54.55582141876221
-61.27262878417969
-64.63367652893066
-58.73678112030029
-58.400450468063354
-55.34322774410248
-24.757037967443466
-30.378562569618225
-32.494528859853745
-38.104501128196716
-44.99174702167511
-50.237006187438965
-52.457130908966064
-53.674285888671875
-43.26421692967415
-50.720560133457184
-48.55272698402405
-49.884029030799866
-48.04851186275482
-48.24146556854248
-33.09662842750549
-37.559046268463135
-39.06226468086243
-44.57827842235565
-50.22340798377991
-55.61376631259918
-58.31734895706177
-60.6621036529541
-61.408601552248
-65.629050552845
-64.5556173324585
-62.624454617500305
-54.53313493728638
-55.60409426689148
-28.266938537359238
-33.68706250190735
-37.47862312197685
-44.09556436538696
-52.596096992492676
-54.730538845062256
-51.63482046127319
-58.17609477043152
-48.193589091300964
-57.93459379673004
-53.482041120529175
-61.61139512062073
-52.544368863105774
-56.64421534538269
-36.55947399139404
-41.05513733625412
-45.02534466981888
-49.84838247299194
-58.63278794288635
-58.76598072052002
-63.93055725097656
-68.6508002281189
-61.6638645529747
-70.63704597949982
-64.17513155937195
-71.08753633499146
-56.89939880371094
-63.57358121871948
-42.13823890686035
-45.22679138183594
-52.13155674934387
-55.69082450866699
-54.67195701599121
-54.27569103240967
-58.87232732772827
-62.68538570404053
-28.56181889772415
-44.22149467468262
-31.797449469566345
-45.269980669021606
-48.143938601017
-59.54098057746887
-47.04747188091278
-55.73437452316284
-48.2587284296751
-56.59497091174126
-47.895633816719055
-57.465078353881836
-49.275028228759766
-50.8474555015564
-35.76233470439911
-48.68070149421692
-36.912331342697144
-51.670186042785645
-51.21951138973236
-63.54177737236023
-50.459280014038086
-60.91792011260986
-57.97267210483551
-65.11722798645496
-54.42572295665741
-66.95025062561035
-46.21753120422363
-55.269704818725586
-37.67288048937917
-36.07346534729004
-40.94401229918003
-41.027985870838165
-58.39126169681549
-59.960527539253235
-63.86081838607788
-55.66486310958862
-57.43557558953762
-51.26528882980347
-64.45814871788025
-53.936230182647705
-57.055816888809204
-51.47431182861328
-42.38511085510254
-43.612640500068665
-46.23717474937439
-46.23109954595566
-62.55351114273071
-61.51059412956238
-60.087913513183594
-61.19834303855896
-58.489790722727776
-60.58275294303894
-68.43107676506042
-68.08897709846497
-58.10670614242554
-58.17964565753937
-48.020458698272705
-45.8486442565918
-55.75040888786316
-55.1441707611084
-46.959481716156006
-56.331955909729004
-60.50712203979492
-67.22387742996216
-49.81688094139099
-61.15241074562073
-59.055355191230774
-66.96812057495117
-69.34143543243408
-63.52679109573364
-66.97582006454468
-62.11890912055969
-48.12959861755371
-55.2503228187561
-56.49618721008301
-64.56096172332764
-58.740046977996826
-56.643624782562256
-58.27279233932495
-62.01492738723755
-48.05081033706665
-55.86382579803467
-46.942776560783386
-59.63258934020996
-64.55681943893433
-57.647884368896484
-63.121506690979004
-62.481706857681274
-40.752172231674194
-45.294837474823
-50.611637115478516
-52.01412534713745
-53.7189884185791
-55.91674470901489
-55.1802339553833
-55.93628787994385
-54.06977081298828
-55.488407373428345
-61.49268054962158
-60.79538631439209
-63.40014171600342
-65.42318439483643
-65.67905807495117
-68.54603910446167
-55.638622522354126
-59.3330340385437
-63.40401768684387
-68.42246389389038
-65.09476280212402
-61.69532775878906
-68.11722898483276
-66.68018078804016
-42.789635181427
-48.733413219451904
-48.02417588233948
-56.26528596878052
-57.053804874420166
-51.68979597091675
-59.64236283302307
-57.376445293426514
-50.43813872337341
-51.09530735015869
-56.19793438911438
-59.655985832214355
-55.17065715789795
-54.09378147125244
-62.496485471725464
-66.86773800849915
-46.94404649734497
-53.09865617752075
-58.03270101547241
-60.501100301742554
-62.43113660812378
-60.45347213745117
-62.43161630630493
-66.43515396118164
-60.60759115219116
-58.940324783325195
-65.20974922180176
-61.30797863006592
-68.03693962097168
-65.75783443450928
-59.52051639556885
-62.578322410583496
-27.215883433818817
-35.70625948905945
-34.02433464676142
-41.6951579451561
-39.832556039094925
-51.206273317337036
-55.90320324897766
-59.980064153671265
-37.713570177555084
-51.783328145742416
-47.222675919532776
-55.49048089981079
-43.679529786109924
-49.125564098358154
-34.53083794564009
-39.27892565727234
-38.37376869469881
-44.72777286171913
-44.95589995384216
-54.41942763328552
-65.2340487241745
-70.59574043750763
-47.5625734180212
-61.47276031970978
-55.90103626251221
-65.46698188781738
-53.12772536277771
-59.68668222427368
-26.214417051523924
-30.15391430258751
-33.33968027681112
-39.58085913956165
-50.19572424888611
-48.37394118309021
-65.33691596984863
-62.99316453933716
-51.86793327331543
-40.42413729429245
-66.60166549682617
-56.57002329826355
-60.681265354156494
-55.77308750152588
-32.97798579931259
-37.76757460832596
-39.658613830804825
-45.107179030776024
-53.613712549209595
-52.66953778266907
-64.7091875076294
-64.06017136573792
-53.029434114694595
-50.810167729854584
-71.71208906173706
-69.67074966430664
-58.886383056640625
-58.48445653915405
-44.22963738441467
-48.76564693450928
-50.112531661987305
-51.72986602783203
-54.621405601501465
-58.03624868392944
-49.67345440387726
-54.41623544692993
-50.430795192718506
-60.57325983047485
-57.50617551803589
-67.69882392883301
-66.70556402206421
-59.072970390319824
-66.11499452590942
-63.07294988632202
-47.44317293167114
-50.74090051651001
-55.74115324020386
-59.794649600982666
-57.42056941986084
-61.79359149932861
-56.217472553253174
-60.030213594436646
-50.58223223686218
-54.788594245910645
-62.612643241882324
-65.99982833862305
-64.52000570297241
-64.16238307952881
-67.3311607837677
-68.41051292419434
-47.36494016647339
-54.48483657836914
-55.712212562561035
-60.92912483215332
-60.96212100982666
-59.42823266983032
-62.504348278045654
-64.49765729904175
-45.5936541557312
-59.67912530899048
-47.49705219268799
-61.55698585510254
-62.32923936843872
-56.69754981994629
-66.38325262069702
-60.98238229751587
-48.954978466033936
-49.28695297241211
-59.77421307563782
-59.942617416381836
-55.638314723968506
-59.785972118377686
-62.353710651397705
-65.67670917510986
-65.84125256538391
-64.11608409881592
-72.55888652801514
-74.62672328948975
-64.28374147415161
-70.83151435852051
-67.5254545211792
-76.50541591644287
-53.462263107299805
-50.93576192855835
-61.073570251464844
-58.36810350418091
-56.1944465637207
-61.98605251312256
-56.06017208099365
-60.914875507354736
-48.231735706329346
-52.2000036239624
-56.718650817871094
-64.30175161361694
-60.74384307861328
-58.417481422424316
-63.071736335754395
-67.47856998443604
-30.239998698234558
-34.2755172252655
-34.85330072045326
-39.802902579307556
-48.464497804641724
-50.97018474340439
-48.67771053314209
-51.42288255691528
-44.38533565402031
-48.51629437506199
-46.216590881347656
-51.065539598464966
-45.04644751548767
-46.256444454193115
-34.42090392112732
-39.40236532688141
-39.658008217811584
-46.26060825586319
-53.909011244773865
-57.218828558921814
-66.94404363632202
-65.93786668777466
-61.22822146117687
-61.42648911476135
-60.534916162490845
-63.05523681640625
-55.21206545829773
-55.62328338623047
-29.547399193048477
-35.21087288856506
-35.81146302819252
-42.22395831346512
-50.73072898387909
-57.759074211120605
-60.76293325424194
-64.51124429702759
-47.843201003968716
-55.46508210897446
-63.0012731552124
-59.40853023529053
-49.038310050964355
-48.81710231304169
-34.948840856552124
-38.570268869400024
-44.42037236690521
-47.52798104286194
-56.11136770248413
-60.49249291419983
-60.883078813552856
-62.636061668395996
-51.78638829290867
-61.43469429016113
-69.94306087493896
-66.69071078300476
-52.97400325536728
-56.63615369796753
-55.53340816497803
-54.858017921447754
-59.723870277404785
-59.06245517730713
-57.10835599899292
-62.776076793670654
-59.839059591293335
-68.6484260559082
-48.02935194969177
-51.67856287956238
-51.70553493499756
-54.27328538894653
-57.18402051925659
-61.5574631690979
-55.06629753112793
-59.03632640838623
-27.12598180770874
-32.096627712249756
-31.41322350502014
-37.08344101905823
-46.81729245185852
-54.87804687023163
-52.0229856967926
-52.88961124420166
-45.29210403561592
-51.71883663535118
-45.2154586315155
-48.843541860580444
-47.21397399902344
-48.91615605354309
-33.13063097000122
-37.796645641326904
-37.97326058149338
-43.84642517566681
-50.726855754852295
-58.370893239974976
-59.72296094894409
-62.33532428741455
-53.64536213874817
-60.7352739572525
-55.46213924884796
-58.5524001121521
-48.99019718170166
-50.499314308166504
-29.95629133284092
-33.91137087345123
-35.10247963666916
-40.90068280696869
-56.660587310791016
-57.828649282455444
-62.76818227767944
-61.2131781578064
-45.96101637929678
-48.715439796447754
-55.934427976608276
-52.35878539085388
-48.91401791572571
-49.97274923324585
-35.142077684402466
-39.096505880355835
-42.929752707481384
-47.70675480365753
-59.477874994277954
-59.720099449157715
-67.4763867855072
-70.71752405166626
-51.87454575300217
-58.16672146320343
-66.74179148674011
-66.32479310035706
-53.41297996044159
-57.407060623168945
-46.153165340423584
-51.77876687049866
-52.08977222442627
-60.2448935508728
-60.04179239273071
-55.208258628845215
-56.419071197509766
-57.59123611450195
-49.53361415863037
-56.028193950653076
-58.46985721588135
-62.93524503707886
-59.75824737548828
-55.92107939720154
-66.60303688049316
-67.2014410495758
-48.01863634586334
-51.924330949783325
-57.13190698623657
-60.23882484436035
-56.76112079620361
-52.96715068817139
-61.06987190246582
-63.16962194442749
-46.89686870574951
-51.13029623031616
-53.77283716201782
-61.04343271255493
-55.24261140823364
-56.177345752716064
-60.89188623428345
-56.7336962223053
-51.09918439388275
-52.907612681388855
-59.76728296279907
-62.23340392112732
-57.47298765182495
-56.74372577667236
-59.25088095664978
-59.50558829307556
-45.40292286872864
-41.106727600097656
-51.723562717437744
-51.83827447891235
-52.06477355957031
-55.52984571456909
-52.530953884124756
-60.008254528045654
-52.09263372421265
-54.00204908847809
-63.18418264389038
-67.42609190940857
-59.59384250640869
-63.314584732055664
-62.59913897514343
-69.60614013671875
-63.30613327026367
-64.08486652374268
-66.61552619934082
-67.21452140808105
-73.00285482406616
-74.19342041015625
-68.41634964942932
-69.58294701576233
-47.30282515287399
-53.673901081085205
-56.8003613948822
-63.62061929702759
-69.59952735900879
-67.0881085395813
-63.28034472465515
-61.83010697364807
-28.435751020908356
-32.98253655433655
-32.924355298280716
-40.82421016693115
-52.30309975147247
-64.78140783309937
-48.889344692230225
-54.83746814727783
-40.88458368182182
-48.938792780041695
-48.81829857826233
-51.541778445243835
-50.373034954071045
-49.649861454963684
-34.30660080909729
-38.118547201156616
-38.900745153427124
-46.851523995399475
-56.73140549659729
-67.10878646373749
-58.58069038391113
-64.99252843856812
-54.325666546821594
-60.9648594558239
-59.5318398475647
-67.11279726028442
-52.339653968811035
-57.73834180831909
-29.334288626909256
-35.20198976993561
-35.41473239660263
-41.20425260066986
-62.53355598449707
-66.0652117729187
-60.43062448501587
-59.19170904159546
-52.488501228392124
-52.24250769615173
-64.25969457626343
-63.53790581226349
-54.66648980975151
-56.82030653953552
-33.36521100997925
-42.07771599292755
-42.51537001132965
-49.52397131919861
-66.46623349189758
-69.92944550514221
-61.52675652503967
-67.2210283279419
-55.34300175309181
-56.680436849594116
-68.55360102653503
-70.60090208053589
-55.457117795944214
-60.57172632217407
-55.96009588241577
-62.46725034713745
-65.02726674079895
-68.92170810699463
-70.9040355682373
-63.20045042037964
-69.06828689575195
-70.98536539077759
-29.359220683574677
-33.567322969436646
-38.569479793310165
-42.19332456588745
-47.50650209188461
-53.11528396606445
-50.02091693878174
-51.14470338821411
-47.606820076704025
-51.69780372083187
-42.37998414039612
-49.001426577568054
-51.63147330284119
-49.90721917152405
-37.931577265262604
-38.1973060965538
-42.974018931388855
-44.77837038040161
-50.253395438194275
-57.62386703491211
-60.92307233810425
-60.223172187805176
-59.635343819856644
-63.22960214316845
-54.77646541595459
-59.49048137664795
-54.053712129592896
-56.96499502658844
-28.581612788140774
-35.06075096130371
-37.5601262152195
-47.4718279838562
-57.4730019569397
-58.103822469711304
-58.176963806152344
-62.92370843887329
-53.84410136938095
-54.53016531467438
-60.053577184677124
-57.74807691574097
-56.41473466157913
-57.95171546936035
-36.35174632072449
-42.52599382400513
-43.42146968841553
-53.55440282821655
-62.357450008392334
-60.779221534729004
-61.72459697723389
-63.34580755233765
-63.98787188529968
-66.48273062705994
-71.4223952293396
-66.4549949169159
-59.568420112133026
-65.18511390686035
-35.886311531066895
-42.260769963264465
-39.540993213653564
-45.51741886138916
-50.33186912536621
-47.86499834060669
-48.62507128715515
-47.312058448791504
-56.876556396484375
-61.10833263397217
-60.066882371902466
-62.48857879638672
-66.69021034240723
-66.6844425201416
-70.01549434661865
-74.60964488983154
-48.82090497016907
-52.81110191345215
-60.010844707489014
-59.072463035583496
-56.839712142944336
-64.23687314987183
-62.281935930252075
-67.96763372421265
-51.582927107810974
-54.43174481391907
-60.57624697685242
-61.87943983078003
-59.775622844696045
-60.8298602104187
-60.217010498046875
-64.43994116783142
-47.54772192239761
-60.294761180877686
-58.35473322868347
-71.10042452812195
-63.83343267440796
-56.17671298980713
-72.31925702095032
-62.091938972473145
-52.17378497123718
-61.4122200012207
-58.96864151954651
-67.02803134918213
-61.99405288696289
-55.623005628585815
-69.48683500289917
-67.13949966430664
-52.87038612365723
-52.331679821014404
-60.66637897491455
-59.28783416748047
-60.50580310821533
-66.60358953475952
-65.47628402709961
-67.87352204322815
-25.710250854492188
-29.90627408027649
-28.963737353682518
-33.7869131565094
-37.426537588238716
-46.51933228969574
-53.23853397369385
-53.5323543548584
-38.29009285569191
-47.196145325899124
-45.90775191783905
-58.719326972961426
-43.138410806655884
-51.37289524078369
-33.37530744075775
-34.97015023231506
-33.2632651925087
-38.96231830120087
-42.55584263801575
-52.70240569114685
-61.14128065109253
-64.73149585723877
-49.32025209069252
-58.1528217792511
-56.089372634887695
-65.38277387619019
-49.5629346370697
-61.31039047241211
-24.987229999154806
-33.586307644844055
-29.31987626850605
-37.387142181396484
-47.47066903114319
-48.149460196495056
-69.06075477600098
-71.09918689727783
-49.65901046991348
-49.48712170124054
-66.89660811424255
-66.1254358291626
-61.39178991317749
-52.82656669616699
-31.103214502334595
-40.98723542690277
-35.84790873527527
-43.148794174194336
-52.67762613296509
-52.55675947666168
-69.21113586425781
-67.9715564250946
-57.835736870765686
-57.42899179458618
-76.01613092422485
-71.07411098480225
-65.40548419952393
-59.840755224227905
-45.580387353897095
-49.03948736190796
-52.73055648803711
-54.181771755218506
-59.14970016479492
-58.40969276428223
-58.693259716033936
-63.62532615661621
-40.83139610290527
-51.68180751800537
-46.974862575531006
-53.969964027404785
-59.08677816390991
-57.96817398071289
-59.8889684677124
-57.939807415008545
-38.324551582336426
-48.19392156600952
-43.94048357009888
-51.324657917022705
-52.93843746185303
-48.461926221847534
-52.8037486076355
-50.819101333618164
-49.883437275886536
-57.97728967666626
-54.87526321411133
-64.63528823852539
-63.67130374908447
-66.20433235168457
-66.81807613372803
-64.56878852844238
-41.58631229400635
-44.60406303405762
-48.054725646972656
-48.43650960922241
-49.35216426849365
-54.909316539764404
-49.46706700325012
-54.18268966674805
-42.42906641960144
-50.51328420639038
-50.67401742935181
-59.999178886413574
-55.97940540313721
-50.846620082855225
-59.93483877182007
-58.01008176803589
-45.13071537017822
-58.442848682403564
-57.39900469779968
-63.175326347351074
-70.17267751693726
-63.14232015609741
-68.0886378288269
-64.09143781661987
-53.76509118080139
-57.62281084060669
-58.23437809944153
-63.850900173187256
-65.04602098464966
-64.74274682998657
-65.70062112808228
-65.4466872215271
-54.594627261161804
-50.92550241947174
-61.83771061897278
-59.224989891052246
-55.42872381210327
-61.44626998901367
-60.753103733062744
-68.9510440826416
-46.796226024627686
-50.98850965499878
-52.38910222053528
-56.86734390258789
-60.50066328048706
-61.51900672912598
-59.04530715942383
-58.069623947143555
-43.716150879859924
-52.77979326248169
-57.42889189720154
-61.35692834854126
-65.21947956085205
-62.04320526123047
-65.48428869247437
-62.138449907302856
-42.62624680995941
-52.77839946746826
-55.5037784576416
-63.85712814331055
-60.85079908370972
-53.337706565856934
-63.68778705596924
-62.790618896484375
-42.992443203926086
-49.8822226524353
-43.022979855537415
-53.915159702301025
-56.72285270690918
-50.40246772766113
-50.49839162826538
-48.20374262332916
-41.346076130867004
-47.863527059555054
-58.584388256073
-62.95038318634033
-60.12231731414795
-58.16740322113037
-56.00105857849121
-56.735153675079346
-49.74652647972107
-57.926608204841614
-56.35834050178528
-63.67237949371338
-61.49151682853699
-64.64727830886841
-60.944013595581055
-64.63990616798401
-48.507193088531494
-47.443519115448
-59.16348314285278
-58.03867816925049
-55.52358913421631
-61.852946281433105
-60.279404163360596
-64.12311220169067
-38.61808466911316
-46.44959032535553
-44.266204833984375
-50.991140842437744
-50.011807441711426
-52.45680046081543
-51.736480474472046
-51.67942976951599
-45.54727029800415
-50.83243751525879
-57.37830305099487
-59.19327664375305
-62.09023475646973
-59.745136737823486
-61.69898223876953
-63.90841317176819
-41.84483575820923
-41.48021340370178
-52.63965845108032
-51.966092586517334
-54.41532635688782
-58.115827560424805
-55.19853925704956
-57.97827768325806
-36.91293454170227
-45.70156455039978
-44.66685676574707
-48.82820963859558
-50.222761154174805
-49.69988822937012
-48.84130525588989
-56.0366952419281
-44.18077909946442
-54.71509671211243
-54.17739677429199
-62.60487699508667
-59.151939392089844
-55.9012553691864
-63.43589973449707
-58.61771059036255
-47.65858602523804
-47.6582715511322
-58.87146615982056
-60.60611915588379
-60.94401502609253
-62.01415967941284
-62.73826503753662
-66.1220281124115
-34.32942771911621
-40.03235459327698
-40.384774684906006
-49.21122932434082
-50.37073612213135
-48.438477993011475
-47.07453536987305
-45.138335943222046
-55.09249210357666
-62.651731729507446
-59.16519784927368
-67.74317455291748
-71.31339311599731
-68.56440162658691
-71.01828026771545
-68.58074760437012
-42.016406536102295
-51.01404333114624
-44.517961740493774
-52.46086764335632
-58.31074047088623
-52.55694532394409
-53.987098813056946
-52.26489794254303
-49.42513060569763
-53.642112255096436
-56.50209701061249
-64.39772939682007
-57.26865911483765
-62.807411670684814
-56.88234257698059
-63.79805099964142
-57.19446039199829
-58.77974224090576
-60.058897972106934
-58.826486587524414
-63.41843223571777
-62.84831237792969
-62.53717231750488
-68.1343355178833
-53.53515422344208
-57.78461289405823
-60.077003479003906
-66.31094121932983
-68.21709156036377
-64.40036535263062
-72.13187909126282
-74.55070769786835
-47.15373432636261
-54.8108172416687
-53.720924615859985
-57.41330671310425
-55.214542388916016
-55.097285747528076
-60.18820762634277
-62.54791522026062
-47.219491958618164
-48.90091276168823
-49.78125977516174
-56.50951671600342
-55.96975088119507
-61.89476728439331
-50.62073230743408
-57.93903398513794
-49.256651878356934
-58.436187744140625
-57.416977405548096
-65.01285314559937
-57.25236892700195
-52.92644166946411
-64.90663480758667
-64.24296426773071
-39.65770947933197
-43.68814134597778
-47.65694236755371
-51.167415618896484
-49.84009027481079
-54.3894681930542
-50.58348536491394
-57.05328059196472
-54.877217531204224
-62.559802532196045
-63.290504455566406
-72.14109134674072
-66.60306310653687
-66.03438997268677
-71.801105260849
-74.24505257606506
-57.28474235534668
-62.95340657234192
-63.27505707740784
-72.15658569335938
-70.37262344360352
-67.44336414337158
-73.9631187915802
-76.41331148147583
-43.60892939567566
-52.04649639129639
-49.82303714752197
-57.39529991149902
-59.490360736846924
-58.85202360153198
-58.344343185424805
-54.05334663391113
-45.63375771045685
-46.72800552845001
-51.29255771636963
-50.28270721435547
-56.449828147888184
-58.93482828140259
-52.023699045181274
-58.34987151622772
-42.69174146652222
-51.63044714927673
-52.743770599365234
-58.24771213531494
-62.665263175964355
-56.36779546737671
-63.22036647796631
-61.258846044540405
-47.643903493881226
-51.712815284729004
-58.286450147628784
-63.5750036239624
-63.24642586708069
-61.6526517868042
-59.41712999343872
-61.37344241142273
-43.32153105735779
-50.378777503967285
-52.13248825073242
-59.3250617980957
-59.79446029663086
-59.532142162323
-62.80054712295532
-60.84313678741455
-53.3790807723999
-58.041778564453125
-67.90560817718506
-71.57677888870239
-62.44876432418823
-60.14106035232544
-66.10115671157837
-66.90531611442566
-50.91618871688843
-50.69616222381592
-56.67693376541138
-56.3175630569458
-54.00488615036011
-56.685110092163086
-55.86079120635986
-63.63678312301636
-65.09642314910889
-68.4169807434082
-66.53199291229248
-68.08978128433228
-70.79010772705078
-67.97928810119629
-75.99712467193604
-75.25506782531738
-48.28146314620972
-53.43536698818207
-53.26726174354553
-60.322551250457764
-60.778483390808105
-58.96544170379639
-58.82874035835266
-59.89250063896179
-51.90488958358765
-56.859994411468506
-58.55187273025513
-64.12152290344238
-70.26532316207886
-66.82854843139648
-64.34800100326538
-62.42507028579712
-54.47251081466675
-53.48632192611694
-63.11497735977173
-62.733771324157715
-59.61431264877319
-63.95712757110596
-65.33444118499756
-70.2028226852417
-55.11770009994507
-59.39470458030701
-63.286993980407715
-67.55322551727295
-63.735618591308594
-63.221317768096924
-65.92554950714111
-65.79532670974731
-38.855470418930054
-45.33369588851929
-45.59582161903381
-49.314629554748535
-51.19798994064331
-49.265212535858154
-55.20844841003418
-58.25021266937256
-60.9087872505188
-65.3920567035675
-64.93204641342163
-69.12328863143921
-67.11872291564941
-68.64822673797607
-68.44268321990967
-71.99633407592773
-56.12829828262329
-54.38725519180298
-59.28530979156494
-55.605834007263184
-66.80304479598999
-66.8909044265747
-59.753089904785156
-65.7913465499878
-52.69948387145996
-57.21363401412964
-56.423924922943115
-63.552743911743164
-62.87949180603027
-63.89699363708496
-61.56463670730591
-59.824323892593384