-47.1005000770092
-60.152112394571304
-48.270954728126526
-62.25704288482666
-48.707483142614365
-60.0715173073113
-56.18292208015919
-66.75236555933952
-48.65530025959015
-57.011850506067276
-44.47700399160385
-62.20742592215538
-54.331524312496185
-60.80059006810188
-63.387761265039444
-65.97336876392365
-56.73951432108879
-60.13890016078949
-64.14324009418488
-66.26377379894257
-49.846354112029076
-50.04605481028557
-52.10897305607796
-49.00203835964203
-53.71474589407444
-65.41233730316162
-56.580162316560745
-64.78190153837204
-57.37503957748413
-67.19310200214386
-53.49630564451218
-59.282513439655304
-53.41776007413864
-61.458770185709
-50.365813702344894
-63.99740308523178
-45.05387908220291
-60.413507997989655
-51.22568964958191
-64.5324792265892
-45.99763324856758
-50.691575944423676
-56.429961651563644
-62.20826414227486
-49.22052189707756
-63.75672149658203
-44.702262580394745
-60.41301128268242
-56.08657893538475
-59.16203814744949
-61.46988207101822
-69.45575046539307
-54.34954082965851
-60.55568619072437
-60.3619205057621
-67.68686601519585
-62.09043130278587
-75.21559762954712
-58.64861124753952
-73.21009516716003
-51.28539642691612
-52.066783741116524
-47.06607976555824
-56.02801077067852
-66.29890209436417
-71.99978497624397
-69.7471176981926
-77.733522772789
-45.04066491872072
-61.18886685371399
-44.791123896837234
-58.920011788606644
-55.00532948970795
-61.97924590110779
-57.603447914123535
-66.88070064783096
-55.947347819805145
-68.84724423289299
-48.4610650241375
-65.45382899045944
-54.21623741090298
-67.08551377058029
-47.75118912756443
-60.242043912410736
-54.80902981758118
-55.61813548207283
-42.674164175987244
-41.79013332724571
-58.96663057804108
-66.97737850248814
-53.380582332611084
-68.81922262907028
-65.55408903956413
-73.57834017276764
-58.22887867689133
-67.25366607308388
-52.72365140914917
-65.1726884841919
-59.85403513908386
-71.50078147649765
-41.11633941531181
-52.519071102142334
-39.27719724178314
-54.488647133111954
-45.85671591758728
-53.67389763891697
-44.65884980559349
-53.60926342010498
-43.57056899368763
-54.59890475869179
-49.68955987691879
-63.03031921386719
-52.54435011744499
-59.031894505023956
-65.302959471941
-69.29269036650658
-54.58794927597046
-62.45437651872635
-45.68319100141525
-58.242661982774734
-38.757517501711845
-55.476217433810234
-54.31183871626854
-66.6826097369194
-46.08113765716553
-59.63388577103615
-40.913293808698654
-59.96164210140705
-52.31219385564327
-63.064413756132126
-54.37206318974495
-61.06661608815193
-41.88376086950302
-55.544831573963165
-57.36880213022232
-63.76532480120659
-47.24434348940849
-57.74413964152336
-52.02568045258522
-65.2860478758812
-47.7622260004282
-48.704751297831535
-45.16799658536911
-47.685901671648026
-45.91734081506729
-55.690092757344246
-50.63067802786827
-60.814924120903015
-44.34600868821144
-56.49587820470333
-44.774107083678246
-62.49467059969902
-56.38379120826721
-79.41634556651115
-55.293501645326614
-75.98845785856247
-58.453280717134476
-69.34712401032448
-50.9337417781353
-69.15412721037865
-53.735452979803085
-59.41469928622246
-60.324914306402206
-68.17002257704735
-49.82001265883446
-60.972350746393204
-52.313197165727615
-61.7991489470005
-46.07146134972572
-57.02147117257118
-54.80049407482147
-66.37836575508118
-44.500598937273026
-48.618004605174065
-53.82664495706558
-60.553680062294006
-39.08838899433613
-47.347876876592636
-44.78958719968796
-56.68535068631172
-50.055516332387924
-52.597733557224274
-48.70729652047157
-54.95607656240463
-63.47021132707596
-67.84925672411919
-65.88257929682732
-70.8971811234951
-52.41504916548729
-60.757230907678604
-57.70441448688507
-68.4997085928917
-45.00527759641409
-54.676116324961185
-53.91606915742159
-64.62756806612015
-43.37159061431885
-49.25507655739784
-52.884986996650696
-57.876555383205414
-48.20869529247284
-60.279879093170166
-45.57051780819893
-62.474360704422
-63.04282745718956
-71.90056982636452
-68.92208924889565
-75.91210654377937
-49.04237265884876
-64.4489661604166
-37.922969967126846
-58.023100048303604
-49.33150953054428
-60.67831292748451
-42.764441177248955
-60.75962142646313
-44.40434141457081
-54.5336492061615
-49.59402672946453
-67.04193904995918
-51.261012583971024
-61.35055739432573
-51.18458269536495
-64.35104356706142
-48.14463169872761
-56.75341382622719
-55.57380184531212
-63.16652452945709
-54.411665230989456
-63.885445296764374
-53.809720516204834
-61.67288380861282
-58.90051397681236
-58.312379866838455
-57.71395489573479
-60.801391154527664
-45.450721710920334
-60.20593422651291
-48.78889727592468
-66.06085941195488
-54.7069556415081
-61.202902257442474
-50.4119930267334
-61.85242089629173
-44.63861860334873
-52.03897286951542
-43.68313726782799
-53.19504937529564
-44.42247250676155
-67.73202401399612
-49.68188413977623
-58.509644508361816
-61.664561092853546
-70.60686594247818
-70.64192029833794
-76.31396502256393
-49.01442340016365
-57.791764706373215
-47.53186547756195
-62.28182515501976
-41.49378162622452
-50.94993183016777
-47.83216083049774
-57.182018011808395
-43.06095354259014
-56.44317588210106
-47.40592947602272
-53.25194898247719
-52.907532185316086
-67.72344917058945
-60.49691399931908
-75.01986920833588
-51.22020173072815
-68.31291572749615
-46.82690107822418
-58.573471546173096
-48.81606411933899
-57.63119810819626
-58.16864836215973
-64.3586636185646
-49.56198209524155
-62.2930708527565
-44.06407427787781
-60.46511536836624
-62.631473660469055
-73.80520761013031
-61.15998047590256
-70.61879462003708
-45.309499368071556
-57.67938359826803
-45.08825480937958
-59.88135852664709
-50.775422394275665
-50.28838178515434
-48.72419220209122
-54.98682102560997
-49.14774140715599
-54.933816730976105
-49.69080886244774
-61.37175118923187
-51.36401563882828
-59.96200403571129
-56.47263556718826
-65.35818842053413
-42.77207615971565
-59.73879960179329
-54.51212257146835
-64.38815277814865
-55.0914323925972
-66.63456615805626
-58.029767364263535
-65.89610522985458
-46.57616754621267
-53.324149802327156
-45.25580532848835
-54.101989805698395
-52.174171417951584
-68.38588696718216
-44.89108619093895
-62.40751585364342
-56.173210978507996
-71.03512865304947
-51.2370083630085
-70.19656780362129
-49.57818418741226
-58.766191095113754
-51.09937036037445
-61.1208661198616
-39.082275815308094
-56.16906899213791
-51.58818477392197
-65.12538328766823
-45.909292846918106
-61.52985855937004
-46.674060702323914
-59.83814361691475
-55.31037259101868
-65.77199748158455
-49.250030875205994
-66.02822390198708
-46.1790317595005
-55.01330602169037
-42.73545551300049
-56.3026949763298
-45.808894127607346
-59.89698678255081
-48.48688644170761
-64.63170450925827
-54.218165040016174
-53.295999489724636
-59.18389768898487
-56.94274494051933
-44.08477744460106
-67.43346416950226
-36.514295503497124
-57.46657866239548
-42.44553804397583
-56.374506056308746
-48.530159413814545
-63.29518449306488
-53.24389296770096
-60.16930343210697
-52.43582794070244
-62.1793527007103
-47.23305578529835
-56.974817872047424
-48.7620150744915
-62.86493295431137
-53.801341116428375
-60.94059157371521
-48.75849238038063
-60.74207866191864
-43.35172973573208
-45.792767718434334
-40.08980545401573
-41.502839744091034
-49.124342650175095
-56.27082720398903
-54.933805137872696
-60.868527710437775
-45.70849612355232
-56.04778661578894
-51.04392835497856
-62.40453162789345
-63.886872828006744
-71.75363036990166
-58.82968470454216
-68.73377829790115
-48.77256911993027
-58.16083922982216
-54.367325991392136
-63.97064512968063
-46.418417781591415
-57.62526813149452
-46.34506815671921
-55.487718403339386
-53.00408607721329
-62.20891115069389
-52.54370528459549
-64.7939355969429
-46.09967601299286
-59.660336673259735
-58.824896305799484
-69.74703776836395
-55.364940494298935
-64.84867340326309
-53.14518401026726
-62.67467778921127
-52.0421467423439
-65.11144179105759
-49.15257626771927
-61.34788358211517
-49.40652492642403
-52.958035960793495
-57.67458865046501
-62.592705458402634
-36.25189018249512
-37.082544192671776
-47.779732435941696
-46.54140041768551
-44.66032636165619
-52.3261441886425
-59.306511372327805
-66.2441275715828
-52.05220466852188
-64.14577302336693
-55.88845571875572
-62.627008974552155
-49.92193141579628
-60.8559085726738
-51.04095587134361
-64.47189444303513
-59.19134655594826
-71.65627118945122
-58.472961246967316
-65.02197188138962
-54.06965643167496
-59.91918574646115
-53.339165575802326
-61.21358561515808
-44.60812854766846
-55.38570782542229
-56.99041908979416
-67.24159067869186
-42.575147211551666
-46.13101875782013
-35.17701868712902
-35.03709565103054
-51.8391909301281
-56.272314473986626
-58.76789405941963
-64.00541812181473
-68.34342151880264
-73.8205614387989
-63.866390377283096
-70.76668971776962
-49.14698910713196
-53.09554323554039
-46.10539948940277
-56.11414784193039
-56.86082434654236
-65.53177267313004
-47.70852968096733
-60.37869471311569
-55.20529964566231
-65.80466961860657
-57.51532742381096
-70.88925567269325
-51.87089002132416
-62.54757007956505
-49.812509298324585
-70.2017098069191
-42.64547261595726
-53.97858017683029
-49.243875443935394
-60.381828278303146
-58.53913924098015
-66.24333369731903
-55.551969796419144
-67.8727108836174
-53.45510846376419
-63.680179953575134
-53.90322479605675
-66.47565400600433
-56.24383793771267
-65.79427060484886
-59.3560456931591
-63.93445447087288
-44.350495144724846
-55.316184759140015
-44.74497316777706
-54.340766817331314
-52.12138983607292
-58.3065315335989
-46.35660362243652
-54.46449053287506
-52.991113513708115
-65.21831767261028
-53.411161690950394
-69.53966787457466
-59.11800929903984
-68.20026925206184
-64.4874886572361
-70.38105988502502
-60.61746469140053
-72.57627585530281
-56.73276123404503
-66.59933894872665
-42.33055034279823
-39.46930930018425
-48.1108308583498
-44.25998964905739
-56.16233339905739
-59.105863466858864
-49.58587855100632
-67.01955077052116
-48.2165447473526
-66.86978325247765
-54.510519713163376
-62.504341423511505
-58.04554742574692
-66.66084444522858
-55.66756656765938
-66.36831432580948
-49.576683193445206
-52.88854639977217
-42.012404561042786
-51.16273042559624
-38.31243935227394
-53.2754987180233
-39.96472769975662
-53.37980879843235
-45.32604819536209
-50.41260036826134
-38.58166663348675
-41.4077263623476
-55.678240820765495
-63.431523114442825
-57.98744049668312
-61.769093096256256
-66.63775247335434
-74.58077231049538
-66.42604768276215
-73.9626435637474
-52.792032063007355
-72.75170624256134
-56.24817532300949
-65.46827504038811
-49.446204870939255
-49.62542401254177
-50.29684269428253
-47.32844737172127
-62.56051805615425
-66.11663991212845
-58.468113988637924
-65.97702366113663
-48.37216380238533
-61.70793268084526
-55.615652769804
-64.97915929555893
-48.59173634648323
-64.9947417974472
-42.60236336290836
-56.57949894666672
-54.37545356154442
-58.496207892894745
-53.42336443066597
-62.58989726006985
-62.87404778599739
-72.48590052127838
-64.89895436167717
-68.99714374542236
-42.94572231173515
-60.43166786432266
-55.89664816856384
-65.66383361816406
-50.18548610806465
-51.479977548122406
-40.17091915011406
-44.371810644865036
-47.2618342936039
-59.6518035531044
-47.08707055449486
-57.47783648967743
-65.80790391564369
-74.89376345276833
-60.597523391246796
-62.279241263866425
-49.25317418575287
-60.67031702399254
-52.218875020742416
-64.98787531256676
-44.38195726275444
-45.72462695837021
-43.6389485001564
-50.27346512675285
-51.459183275699615
-59.71158814430237
-54.11973023414612
-65.09902036190033
-62.11443370580673
-75.37738186120987
-57.67023867368698
-71.50145825743675
-43.98391705751419
-42.53701436519623
-48.71066865324974
-45.964057356119156
-41.535104125738144
-54.32618886232376
-42.85150304436684
-56.92828366160393
-61.78203526139259
-76.04153135418892
-62.25384020805359
-75.62893390655518
-49.48827648162842
-60.44124937057495
-59.949678510427475
-66.37166231870651
-57.790833592414856
-65.44502121210098
-62.41387850046158
-69.33829575777054
-44.43077051639557
-53.21633706986904
-41.8870213329792
-58.18740031123161
-53.17563450336456
-60.05242791771889
-56.131013333797455
-62.19787287712097
-53.03650525212288
-67.37488437071443
-61.87788277864456
-64.29629975557327
-36.569349974393845
-51.319705441594124
-37.01377199590206
-51.809191852808
-41.47831679135561
-48.37889602780342
-32.18191705644131
-36.27571538090706
-49.07372909784317
-62.12958738207817
-45.69724926352501
-62.54632964730263
-52.26523792743683
-69.91869246959686
-47.1775361597538
-64.037980645895
-50.971720069646835
-59.77897980809212
-65.32484701275826
-68.11381083726883
-45.96304368972778
-50.75237978249788
-47.87429837137461
-51.80079187452793
-39.02111300826073
-47.35084193944931
-40.694867223501205
-52.265431463718414
-51.222446113824844
-58.84193144738674
-58.11484122276306
-63.23478412628174
-41.162982136011124
-45.74215205013752
-38.03924477100372
-44.90295213460922
-43.80068638920784
-47.98116537928581
-48.835980877280235
-52.51727718114853
-39.67773833870888
-42.83414879441261
-36.65469151735306
-42.16426883637905
-57.24431608617306
-67.58127945661545
-51.9691025018692
-65.1266203224659
-46.08950515091419
-56.93246206641197
-57.891364604234695
-66.58814941346645
-60.62440553307533
-67.0796175301075
-55.283596605062485
-67.44929990172386
-54.755009949207306
-67.82861450314522
-50.77503025531769
-62.34567213058472
-53.11565425992012
-54.87695148587227
-55.51673996448517
-56.4113946557045
-50.00516524910927
-62.56530824303627
-47.91587124764919
-62.680399030447006
-53.48221293091774
-65.82378381490707
-44.27441120147705
-55.86302010715008
-49.225286573171616
-63.35901299118996
-54.805153012275696
-71.78074836730957
-52.313953787088394
-51.12184013426304
-53.085663229227066
-59.95146730542183
-37.28849582374096
-39.867026180028915
-51.45958411693573
-52.48063388466835
-46.30391828715801
-59.6599985063076
-60.401450395584106
-69.08584076166153
-58.48932263255119
-68.49875470995903
-63.96100127696991
-72.63818192481995
-48.23943230509758
-60.82477352023125
-54.372572153806686
-64.16909119486809
-48.87655530869961
-58.514205083251
-56.17711241543293
-64.715248093009
-47.69629265367985
-60.63864557445049
-48.99179056286812
-62.46837271749973
-62.64243546128273
-74.83211776614189
-60.55980858206749
-65.48662328720093
-45.81107088923454
-52.37299022078514
-46.6225066781044
-57.406020283699036
-50.83965891599655
-54.65190961956978
-45.53965416550636
-55.192602038383484
-52.40576982498169
-50.45708879828453
-51.659883469343185
-52.13904199004173
-44.89812895655632
-58.680126279592514
-52.01981562376022
-67.65401774644852
-53.14409023523331
-62.52524647116661
-60.94342881441116
-66.50019353628159
-57.86797559261322
-63.93910990655422
-47.7437047958374
-65.27924986183643
-55.042260229587555
-56.034455701708794
-55.434475928545
-58.69305804371834
-56.917814522981644
-67.85228660702705
-50.89988669753075
-66.83845275640488
-43.40490451455116
-58.89029389619827
-47.99167436361313
-65.8561681509018
-63.14583566784859
-68.72035640478134
-55.89826700091362
-63.9197259247303
-48.884697675704956
-49.333080142736435
-42.626140892505646
-46.51525619626045
-56.73673963546753
-73.9542248249054
-50.84306862950325
-70.32062157988548
-36.6758176535368
-50.29373978078365
-34.370395720005035
-50.849166840314865
-48.73183012008667
-59.67465332150459
-54.93012121319771
-64.4321516752243
-56.1122387945652
-66.76101669669151
-48.35660403966904
-52.680405497550964
-41.41281187534332
-47.83120721578598
-48.289177656173706
-60.857214987277985
-53.62607690691948
-66.86687535047531
-58.968851298093796
-73.68508127331734
-61.38621526956558
-71.5334535241127
-69.49188184738159
-79.43013632297516
-66.10633903741837
-78.44611924886703
-42.478544637560844
-55.47946923971176
-49.21881648898125
-63.01864433288574
-68.31134441494942
-75.53207486867905
-67.39889144897461
-81.34702196717262
-41.96829116344452
-51.2410831451416
-50.34657061100006
-56.47484716773033
-43.77890619635582
-59.52739721536636
-51.648796409368515
-63.2930229306221
-40.276089288294315
-42.28310239315033
-43.31016977131367
-47.84129863977432
-40.37920233607292
-42.40574885904789
-53.489496886730194
-50.36783719062805
-55.48480608314276
-58.747258849442005
-53.8061264231801
-62.83034960925579
-51.25817683339119
-76.00450474023819
-57.650108098983765
-68.9703371822834
-51.52622626721859
-61.272318959236145
-49.12631273269653
-63.84025612473488
-41.391923159360886
-47.49165740609169
-43.095018059015274
-53.208194732666016
-42.98070748150349
-43.50563442707062
-51.931306540966034
-54.950725734233856
-53.01453623175621
-71.47481420636177
-54.11754444241524
-61.835684180259705
-51.356276512145996
-59.49600437283516
-43.4627428650856
-48.43246981501579
-52.641006499528885
-54.72330763936043
-58.84401127696037
-64.34194004535675
-48.37370850145817
-58.561318159103394
-57.08168360590935
-63.91584053635597
-49.58581367135048
-61.33562244474888
-43.68062640726566
-57.87440446019173
-43.49661608040333
-48.6897634267807
-52.928470969200134
-59.95341166853905
-60.448090970516205
-66.90422475337982
-62.047707825899124
-68.96748769283295
-53.0291762650013
-59.83481764793396
-61.126370787620544
-69.93172115087509
-68.05307513475418
-75.5839963555336
-60.366795510053635
-71.69161468744278
-58.02597941458225
-64.96238398551941
-51.81840354204178
-64.13856217265129
-54.26916600763798
-65.09820461273193
-58.439335107803345
-71.78760695457458
-38.0886994600296
-51.197902113199234
-41.78795373439789
-56.61399531364441
-53.84460175037384
-54.856439650058746
-52.800488725304604
-57.31328719854355
-52.815111845731735
-68.37021315097809
-56.70211240649223
-68.4781679213047
-55.99219363927841
-73.10116103291512
-48.94665218889713
-58.245387472212315
-53.00204399228096
-65.4148517549038
-50.617729276418686
-60.38163360953331
-42.69252336025238
-55.741941660642624
-44.5915796905756
-62.07198041677475
-60.696450769901276
-69.97270116209984
-68.00821232795715
-75.88511353731155
-53.81379550695419
-63.96738774329424
-55.41034905612469
-64.83343942463398
-39.01233135908842
-59.24598756432533
-42.982293486595154
-65.6395814716816
-57.19502907991409
-68.23336488008499
-61.97390851378441
-72.49830549955368
-50.6832674741745
-64.5641496181488
-49.271008640527725
-67.32890930771828
-62.85853570699692
-76.2318848669529
-66.5563436448574
-71.32185381650925
-48.248911023139954
-62.02943193912506
-55.035682052373886
-69.75245100259781
-37.081823617219925
-54.922818928956985
-39.52359226346016
-56.46478605270386
-50.26191118359566
-53.38804788887501
-41.663610726594925
-46.967390805482864
-38.320805713534355
-50.82115350663662
-39.68986991047859
-55.332188457250595
-45.575082048773766
-56.871565878391266
-46.57713595032692
-60.249790132045746
-52.75716653466225
-68.05687174201012
-60.79676416516304
-68.6219841837883
-54.56767535209656
-62.177350878715515
-49.90552860498428
-59.377036929130554
-54.674966901540756
-63.95871323347092
-60.79382681846619
-67.69867926836014
-45.40105912089348
-58.719860166311264
-53.91403180360794
-64.53782135248184
-45.16063731908798
-57.383121371269226
-60.23343539237976
-66.7570409476757
-42.398021548986435
-46.823938965797424
-45.600294068455696
-48.95188969373703
-56.02916729077697
-57.63956530019641
-56.869458951056004
-59.08849209547043
-60.12463644146919
-69.9810534119606
-59.71485078334808
-70.91329485177994
-51.255023539066315
-63.14834275841713
-46.7415354847908
-59.81511755287647
-37.0541862398386
-42.63624181598425
-47.6112320125103
-50.601105719804764
-55.628376960754395
-63.812280267477036
-63.37787011265755
-73.19651684165001
-40.56898406147957
-52.02507296204567
-44.522000163793564
-56.616845428943634
-49.46809071302414
-59.99610596895218
-55.636714935302734
-58.12733632326126
-48.453196585178375
-53.635389894247055
-58.00013855099678
-62.126766085624695
-54.231278732419014
-50.2062931060791
-49.76238678395748
-55.069581508636475
-49.33706897497177
-55.019091844558716
-57.05540719628334
-62.907523810863495
-58.69838225841522
-65.33717710524797
-50.23663741350174
-63.238555282354355
-54.08638669550419
-66.38951274752617
-50.846725076437
-62.439063251018524
-59.711532175540924
-73.48336231708527
-52.46286988258362
-68.39567339420319
-47.3594776391983
-60.1910160779953
-47.49040652811527
-58.1740942299366
-51.88685581088066
-62.76235747337341
-55.873234927654266
-68.03676599264145
-52.74080029129982
-55.22743159532547
-56.79882088303566
-62.342495918273926
-52.517314195632935
-55.21310010552406
-49.88384464383125
-54.727416932582855
-31.32612420618534
-38.34917372465134
-31.438080295920372
-42.22208619117737
-38.15508848428726
-49.29533362388611
-43.65552879869938
-54.252311915159225
-42.6994182318449
-52.394664354622364
-39.20319929718971
-50.883304953575134
-42.71726140379906
-55.432685405015945
-56.612536519765854
-62.29713201522827
-59.7453775703907
-69.97600376605988
-67.69228482246399
-75.26771205663681
-49.25911918282509
-67.01529014110565
-40.15633249282837
-56.237220138311386
-48.52972447872162
-66.50097209215164
-54.93698072433472
-60.82275462150574
-51.86770471930504
-63.312307596206665
-48.1627322435379
-64.54940915107727
-61.57533019781113
-70.85367324948311
-62.958835780620575
-70.10535663366318
-51.01379096508026
-63.267815321683884
-55.72574079036713
-63.05442154407501
-56.79353603720665
-58.09994697570801
-63.02265763282776
-67.13688760995865
-62.063621670007706
-67.6225488036871
-61.159042716026306
-63.68769980967045
-48.68088385462761
-56.90498685836792
-62.052313566207886
-68.17404216527939
-45.910696506500244
-54.52637791633606
-55.17271268367767
-65.05477619171143
-61.806958347558975
-73.41809582710266
-52.13463893532753
-67.13988423347473
-54.1391224861145
-61.24715152382851
-56.580002784729004
-69.6393531858921
-35.655459836125374
-43.118980556726456
-40.981197357177734
-52.75190594792366
-46.60607549548149
-57.34182471036911
-47.72124430537224
-66.786481320858
-49.82718752324581
-62.29887214303017
-50.286170303821564
-64.59962323307991
-62.72077456116676
-71.19743543863297
-58.211918741464615
-69.91334268450737
-47.57299026846886
-58.15155532956123
-52.251485109329224
-62.94146794080734
-36.21434462070465
-51.81190279126167
-39.9029546380043
-56.64026811718941
-45.05589884519577
-58.059558272361755
-53.19416332244873
-63.27665522694588
-58.16283291578293
-64.50322583317757
-55.23332208395004
-66.59483131766319
-48.07927930355072
-59.20097288489342
-57.2586053609848
-62.45397397875786
-44.88654714822769
-59.34791287779808
-37.306160002946854
-49.61376932263374
-51.184587597846985
-62.773503482341766
-59.239410161972046
-66.4953102171421
-51.642477840185165
-54.7138954102993
-58.83117979764938
-61.166108548641205
-54.63608738780022
-67.27408677339554
-66.87053814530373
-75.63995227217674
-49.68754979968071
-59.73909506201744
-54.73135009407997
-60.7824921309948
-70.58080860972404
-78.20321846008301
-63.27480906248093
-69.89621266722679
-60.257063776254654
-72.47870379686356
-52.01512065529823
-70.8708698451519
-48.661214113235474
-55.59664145112038
-41.080359518527985
-48.05917155742645
-52.08007946610451
-62.5651496052742
-53.7360956966877
-68.77583971619606
-48.99320334196091
-67.59806391596794
-46.06057831645012
-61.26720651984215
-62.813318610191345
-75.8264054954052
-56.92706570029259
-69.48785272240639
-44.037203669548035
-45.49715995788574
-39.04055245220661
-39.69725289940834
-61.31053477525711
-70.08829683065414
-55.24956667423248
-67.16548198461533
-55.488129168748856
-66.12211838364601
-54.858656376600266
-58.19385379552841
-58.30900892615318
-70.92004910111427
-65.68528640270233
-69.73557233810425
-52.46799673140049
-64.98958417773247
-53.22350353002548
-64.61684969067574
-55.671544939279556
-56.50099912285805
-59.44661518931389
-61.000472128391266
-43.74702978134155
-58.46157908439636
-40.612384751439095
-59.27027279138565
-58.92240723967552
-75.67222887277603
-50.72681102156639
-64.63594046235085
-56.794242441654205
-65.02610841393471
-46.814010947942734
-61.581528067588806
-57.03718024492264
-64.35577484965324
-49.40071937441826
-63.37252226471901
-43.628781884908676
-59.20004689693451
-53.93688175082207
-65.37189570069313
-46.99558010697365
-56.87854000926018
-51.04141557216644
-59.04424574971199
-50.37792035937309
-56.71882535517216
-61.21092948317528
-69.48607498407364
-52.92085745930672
-59.84905070066452
-53.602289497852325
-63.3410464823246
-43.19036500155926
-54.181625723838806
-50.1785834133625
-64.34191656112671
-57.83148068189621
-70.65847480297089
-64.69411081075668
-74.74403297901154
-50.335611909627914
-58.06188488006592
-51.18859341740608
-61.59788089990616
-50.67472107708454
-60.295132890343666
-57.75611498951912
-64.61466738581657
-50.549768045544624
-62.909951120615005
-50.35223041474819
-65.80938124656677
-62.33995497226715
-68.28759810328484
-67.25777876377106
-73.94220292568207
-51.952975034713745
-60.720151737332344
-53.05335134267807
-65.99419662356377
-54.83212837576866
-60.01617443561554
-67.84778699278831
-68.60369455814362
-47.640386909246445
-51.357837080955505
-52.6478670835495
-60.89294981956482
-52.743356585502625
-64.64967247843742
-58.94086271524429
-67.79487788677216
-48.23306514322758
-53.89056211709976
-37.8264085650444
-49.2124879360199
-49.915644615888596
-60.324203848838806
-62.479301273822784
-69.33179199695587
-50.565969586372375
-53.76606047153473
-54.34338191151619
-55.86552631855011
-53.473644226789474
-63.05905404686928
-52.495229452848434
-64.89036709070206
-48.053736716508865
-59.98439544439316
-51.02390682697296
-66.09200343489647
-48.709261775016785
-58.40943616628647
-44.48483566939831
-53.23903626203537
-44.8721239566803
-61.98145788908005
-39.60607826709747
-54.73738232254982
-45.38548403978348
-59.303756058216095
-41.16983923316002
-55.13037693500519
-49.79012089967728
-54.42927798628807
-41.19472876191139
-46.35653245449066
-47.09336310997605
-55.41961506009102
-48.58021900057793
-58.20255210995674
-47.1557619869709
-55.97941818833351
-58.71450683474541
-66.0754262804985
-46.481597661972046
-50.77766767144203
-50.583325654268265
-57.24523392319679
-55.440950095653534
-67.62103056907654
-45.10561114549637
-60.02914705872536
-55.7771292924881
-66.06543602049351
-62.88124719262123
-74.73743790388107
-52.44404162466526
-62.18182182312012
-49.40397009253502
-64.23645436763763
-49.55890817940235
-60.99114382266998
-52.926560908555984
-64.77183675765991
-52.91545286774635
-59.731715470552444
-49.04576963186264
-56.5814074575901
-52.495171904563904
-52.532460898160934
-46.099987238645554
-45.37980604171753
-51.43330988287926
-59.586060494184494
-50.31600978970528
-63.258561849594116
-50.04467260837555
-63.619186729192734
-54.430051028728485
-70.13166764378548
-69.70664578676224
-70.49400064349174
-66.78427365422249
-71.80135869979858
-44.914484798908234
-44.128297597169876
-60.379998594522476
-58.992324978113174
-53.45381908863783
-58.61213805526495
-56.070426758378744
-62.833785854279995
-44.88595570623875
-55.53769552335143
-50.329996570944786
-59.35812693834305
-40.87835273146629
-51.59840077161789
-49.714499205350876
-62.83842861652374
-66.42250382900238
-72.21959602832794
-65.53790432214737
-73.49692851305008
-50.461309522390366
-62.06922851502895
-61.60856783390045
-68.38188064098358
-53.621494591236115
-63.4776628613472
-60.23398646712303
-69.30611622333527
-48.52884382009506
-59.461227774620056
-52.78334856033325
-63.061010122299194
-48.627766102552414
-51.26519259810448
-44.69786037504673
-53.73580786585808
-58.13198772072792
-61.71365109086037
-52.827628165483475
-60.96284145116806
-59.25384184718132
-72.4169807434082
-64.04062360525131
-71.78878751397133
-53.80453860759735
-53.5529705286026
-58.60591071844101
-60.54369139671326
-49.89876902103424
-62.337872356176376
-59.286529034376144
-72.35422509908676
-52.84638714790344
-62.90966093540192
-56.16307267546654
-66.12527176737785
-59.12862649559975
-65.66879507899284
-63.54627364873886
-71.00472086668015
-57.75966677069664
-68.7876550257206
-52.39929556846619
-65.57951393723488
-42.14240109920502
-51.45190393924713
-44.07536298036575
-51.23659044504166
-48.363813400268555
-57.305476635694504
-56.62341031432152
-65.65306532382965
-68.32222753763199
-73.27878400683403
-62.00924336910248
-70.28040951490402
-60.85336107760668
-59.47882279753685
-58.29339665174484
-61.09222391247749
-50.58141624927521
-53.486889749765396
-45.79024854302406
-54.395903408527374
-41.65739235281944
-49.7262277007103
-57.04074630141258
-59.79117950797081
-37.37402179837227
-52.435650527477264
-52.93612563610077
-62.650779724121094
-48.8515100479126
-55.3303998708725
-59.766788333654404
-67.85617417097092
-56.17455017566681
-61.85731101036072
-61.51576939225197
-67.22116833925247
-55.262168288230896
-63.3473045527935
-54.27158856391907
-66.06097024679184
-55.323059141635895
-69.09885603189468
-59.78868606686592
-70.29539513587952
-61.76241463422775
-71.2677654325962
-59.87664386630058
-68.38498747348785
-49.07116064429283
-58.065079510211945
-50.20902669429779
-57.9209743142128
-57.59385359287262
-63.11173775792122
-59.43895384669304
-68.71477660536766
-63.02401104569435
-59.96763917803764
-55.94985941052437
-52.15897071361542
-52.038074254989624
-63.26285272836685
-51.638146579265594
-60.33865615725517
-58.69256833195686
-72.32246434688568
-57.90729337930679
-65.66810294985771
-48.00559239089489
-59.413006603717804
-55.091241002082825
-70.77424454689026
-53.68599155545235
-67.21973738074303
-45.91628211736679
-63.73175325989723
-54.741948902606964
-67.65571081638336
-62.75308495759964
-68.50477308034897
-46.15318763256073
-55.83634766936302
-49.51781424880028
-56.63541802763939
-54.13682344555855
-61.84961619973183
-52.09256610274315
-63.43771913647652
-53.79973375797272
-61.047794193029404
-52.524169623851776
-62.58159214258194
-57.05607810616493
-69.27267387509346
-60.24763950705528
-71.95736682415009
-68.6524513065815
-76.90274146199226
-67.30012559890747
-76.7231575846672
-43.17305723577738
-45.44978481531143
-36.79482054710388
-37.478388890624046
-45.95201925933361
-57.050800651311874
-43.586549669504166
-47.53546929359436
-53.01925566792488
-64.14021062850952
-64.04566788673401
-74.56601473689079
-47.459430545568466
-64.83056890964508
-47.16082584857941
-65.1980767250061
-58.8495819568634
-66.98209398984909
-56.318247348070145
-67.85049682855606
-48.484055921435356
-61.89425377547741
-51.250816345214844
-66.9411683678627
-52.32874348759651
-64.91506859660149
-54.870808720588684
-63.74395227432251
-53.20913743972778
-61.77907410264015
-59.51020261645317
-65.82138848304749
-47.41019448637962
-55.64731052517891
-48.19619733095169
-55.628325670957565
-50.468790620565414
-58.97901064157486
-49.433718264102936
-60.664872109889984
-49.94655096530914
-52.61826902627945
-53.06233838200569
-54.89737945795059
-46.3476559817791
-58.533540427684784
-49.117366909980774
-62.79721012711525
-43.91691878437996
-57.35009491443634
-49.70524097979069
-59.57922625541687
-61.00102040171623
-65.78962209820747
-62.34813275933266
-70.8183690905571
-51.8717782497406
-55.71101474761963
-58.96003857254982
-66.8961064517498
-50.857342571020126
-49.23571861535311
-48.16325828433037
-48.86017306149006
-41.87881380319595
-47.41193047165871
-45.461628288030624
-48.750639259815216
-45.54979260265827
-57.84163835644722
-53.53967234492302
-66.50428667664528
-48.072550132870674
-54.57218587398529
-53.337168261408806
-62.31739088892937
-50.96023389697075
-72.26428127288818
-57.24876093864441
-64.25365889072418
-44.105479687452316
-57.18767565488815
-53.24450844526291
-57.81840464472771
-50.877752631902695
-57.55059924721718
-48.91022324562073
-61.189265221357346
-50.35244584083557
-55.977981358766556
-49.00446930527687
-59.82958224415779
-49.404704093933105
-55.52138262987137
-58.063555508852005
-65.58388257026672
-41.989904291927814
-49.70173115283251
-47.32482747733593
-51.11661532521248
-45.10769999027252
-56.85112737119198
-51.31821030378342
-63.14770132303238
-54.07227638363838
-62.12104481458664
-46.07114231586456
-58.4304304420948
-50.13177511096001
-56.86614631861448
-47.775962598621845
-60.7674155831337
-48.22058565914631
-59.90811359882355
-47.1762418448925
-65.6863551735878
-55.39424681663513
-68.36665505170822
-54.364370346069336
-64.3759434223175
-55.01907879114151
-63.50411143898964
-59.87757644057274
-67.36773973703384
-54.876014083623886
-63.40749052166939
-58.034300327301025
-66.78348988294601
-61.5453382730484
-67.40953902900219
-61.40570732951164
-71.24862766265869
-49.810364693403244
-55.7847857773304
-51.897892862558365
-61.18406292796135
-43.742947697639465
-46.40569347143173
-49.63874328136444
-49.50936287641525
-49.31536518037319
-55.21801733970642
-51.70602087676525
-59.446632727980614
-49.355828046798706
-57.883051350712776
-47.93674027919769
-55.471408769488335
-55.29468923807144
-62.794748812913895
-61.448388427495956
-66.11433559656143
-44.8384145796299
-57.80305689573288
-51.95829999446869
-68.0273607969284
-55.73532062768936
-65.82174494862556
-55.907900899648666
-69.26306065917015
-55.537862718105316
-67.40267539024353
-57.30249226093292
-62.166513949632645
-56.78665226697922
-67.35321068763733
-60.09635677933693
-72.14455848932266
-56.907916486263275
-66.5411785542965
-56.813993245363235
-64.90231442451477
-51.39230701327324
-58.762503296136856
-52.03347185254097
-59.639190554618835
-49.673179388046265
-56.05680193006992
-58.377635806798935
-67.51603001356125
-59.41213038563728
-71.85939621925354
-57.20262694358826
-69.55410301685333
-50.951251447200775
-58.250981986522675
-60.69133177399635
-62.68050080537796
-44.0642354786396
-57.14647680521011
-38.09527260065079
-58.3604936003685
-50.99181571602821
-59.59090003371239
-56.10578054189682
-63.910216212272644
-61.40963989496231
-75.8551949262619
-59.19300180673599
-75.44302189350128
-47.9857302904129
-52.8709337413311
-50.1978465616703
-57.87255683541298
-41.49509409070015
-42.97241947054863
-52.66430330276489
-53.633284986019135
-52.52977812290192
-68.57770332694054
-55.13772866129875
-74.71972984075546
-62.814710557460785
-63.460251688957214
-64.20278543233871
-70.27064326405525
-60.596269965171814
-63.785060063004494
-53.632120698690414
-63.408699065446854
-48.828682497143745
-64.7580105252564
-48.32677508890629
-61.520537689328194
-46.606968224048615
-59.991261035203934
-49.6908857524395
-62.02625119686127
-59.604040682315826
-69.16891422867775
-54.608597338199615
-58.0387359559536
-37.55854207277298
-43.303582936525345
-42.24117663502693
-47.3564071059227
-42.45353652536869
-43.83869291096926
-32.48707762360573
-39.61938313022256
-46.06060171127319
-58.550831347703934
-39.83593210577965
-53.14454507827759
-63.01545998454094
-72.95545330643654
-56.502830028533936
-66.25958368182182
-48.86485040187836
-57.35532656311989
-63.57116934657097
-65.52342480421066
-52.07136118412018
-60.09433197975159
-60.516847521066666
-66.99038898944855
-37.18337769806385
-49.0902236700058
-51.83227297663689
-55.51928135752678
-64.79586014151573
-72.41374638676643
-62.52099618315697
-67.48875579237938
-58.7612199485302
-67.57192555069923
-59.467947751283646
-68.67264583706856
-61.83660677075386
-65.63995152711868
-60.78106161952019
-65.17799066007137
-52.151103079319
-62.25603923201561
-60.974768936634064
-71.24900272488594
-58.41787278652191
-71.51824727654457
-62.128726065158844
-68.36878669261932
-49.01431316137314
-58.290675945580006
-49.71276341378689
-64.34571912884712
-43.78449419140816
-58.78473573923111
-45.277185916900635
-64.38375014066696
-54.59789699316025
-65.54695215821266
-65.91087174415588
-76.28561756014824
-55.573167592287064
-72.78730362653732
-61.101338326931
-68.84797555208206
-42.677437484264374
-55.54654936492443
-52.929312348365784
-66.59966671466827
-42.959660083055496
-59.068730026483536
-43.67746740579605
-63.30742505192757
-43.28083907067776
-47.41186127066612
-36.27246370911598
-39.458350256085396
-49.702816396951675
-55.085677832365036
-58.288495779037476
-56.749732822179794
-48.3245293200016
-60.340951055288315
-47.90909507870674
-59.162274569272995
-51.24742382764816
-62.19767764210701
-50.505733758211136
-61.348366022109985
-52.331122010946274
-62.68624445796013
-54.11423087120056
-62.19549286365509
-56.29160839319229
-64.17445701360703
-56.556105732917786
-70.69587635993958
-43.3624956458807
-51.78534606099129
-49.45818090438843
-59.3065522313118
-39.85685285925865
-48.00598792731762
-57.28781217336655
-59.18203631043434
-48.726869001984596
-68.94448426365852
-44.573582239449024
-58.14518070220947
-51.485151678323746
-58.02948120236397
-61.85272842645645
-68.71298438310623
-56.30012756586075
-69.22058394551277
-62.53187698125839
-73.71511393785477
-51.81616619229317
-61.02854144573212
-54.360918283462524
-64.20641151070595
-47.000337928533554
-54.23280322551727
-50.03104963898659
-57.50913083553314
-50.49634990096092
-51.55479748547077
-50.955596685409546
-52.10979187488556
-51.193312615156174
-59.5884453356266
-57.18741601705551
-68.61178749799728
-42.86343556642532
-49.37948399782181
-52.04224720597267
-58.410098403692245
-53.01647946238518
-64.38241985440254
-53.958282232284546
-60.74314659833908
-51.005729377269745
-60.938854813575745
-52.28809905052185
-67.17268985509872
-55.36629870533943
-67.50453183054924
-54.36869341135025
-66.5340838432312
-44.17840373516083
-52.4299593269825
-44.81849926710129
-53.53097215294838
-55.84569272398949
-67.12629184126854
-58.8298234641552
-69.38200837373734
-51.64122334122658
-62.692692309617996
-57.25047925114632
-67.52787870168686
-51.891307801008224
-65.27656108140945
-61.244375973939896
-70.77661007642746
-41.90097397565842
-41.81880310177803
-48.98972934484482
-52.80226889252663
-54.80667716264725
-70.14390876889229
-53.26477834582329
-73.30746334791183
-51.683375775814056
-62.62502966821194
-53.491940796375275
-68.63593974709511
-56.78343629837036
-69.51947569847107
-62.88749274611473
-74.00563937425613
-45.35088637471199
-60.368645906448364
-49.75719228386879
-60.81057006120682
-51.21034440398216
-64.11083053052425
-56.053484082221985
-69.29293668270111
-46.971461713314056
-53.25210550427437
-57.84632670879364
-60.48007172346115
-50.37031960487366
-65.75169867277145
-57.71668204665184
-74.82172632217407
-55.04325458407402
-56.72149470448494
-42.723559468984604
-45.12848404049873
-57.551169127225876
-70.09026351571083
-49.372827768325806
-61.495494574308395
-53.83630758523941
-62.631300151348114
-59.584994435310364
-67.713427901268
-46.328031957149506
-59.70369765162468
-58.414255142211914
-67.62548691034317
-53.480042174458504
-68.67350733280182
-56.72485598921776
-66.39613589644432
-39.681432753801346
-51.642594397068024
-42.533569663763046
-58.30444148182869
-57.505654722452164
-72.27425414323807
-54.67682757973671
-71.07403472065926
-54.51229912042618
-66.16284388303757
-65.47037973999977
-75.88423985242844
-43.21877220273018
-44.48032435774803
-53.35948756337166
-54.61245337128639
-58.15665701031685
-67.37806212902069
-65.38497105240822
-73.85698327422142
-48.21816739439964
-49.576424181461334
-46.98922857642174
-47.42984813451767
-43.90811821818352
-46.67436596751213
-46.32438427209854
-44.853446424007416
-50.186513006687164
-70.98110717535019
-48.267166793346405
-63.78388378024101
-50.764143228530884
-58.07580316066742
-44.03827863931656
-56.75087484717369
-63.86805546283722
-67.10713717341423
-60.46289795637131
-59.45807075500488
-48.99301137030125
-53.72250854969025
-52.04736593365669
-61.44318430125713
-40.28294122219086
-45.52761626243591
-54.44503918290138
-55.002150028944016
-54.86365929245949
-67.63915339112282
-52.65268450975418
-59.87228190898895
-48.210772067308426
-59.68122452497482
-52.45473340153694
-64.15582585334778
-52.0049609541893
-61.75935411453247
-59.362609803676605
-67.34239584207535
-45.81366869807243
-50.65129864215851
-50.53770437836647
-52.8473182618618
-54.580693662166595
-64.41087430715561
-66.12012648582458
-69.670515447855
-59.47574596107006
-72.88875886797905
-63.275392562150955
-68.39998525381088
-47.871145740151405
-56.1245331466198
-51.16232404112816
-66.9891329407692
-45.51749414205551
-51.058554112911224
-42.434865802526474
-54.77375613152981
-69.95504775643349
-74.49507841467857
-64.88774925470352
-73.71691957116127
-54.56280882656574
-55.77022850513458
-50.28677099943161
-56.22302004694939
-36.35044622421265
-39.70875093340874
-47.6779922246933
-49.75283020734787
-62.75415042042732
-73.3835119009018
-63.63514602184296
-77.93351599574089
-55.3714939057827
-72.96834060549736
-50.28723528981209
-64.82406079769135
-54.443206906318665
-71.89571958780289
-56.930597722530365
-67.92752641439438
-41.74632625281811
-56.58795100450516
-39.26080197095871
-61.4331488609314
-49.642756164073944
-65.48400223255157
-48.06882846355438
-66.06241002678871
-67.78248971700668
-72.33097931742668
-72.06215077638626
-74.94857856631279
-42.56949970126152
-53.761729657649994
-49.69174161553383
-59.547230541706085
-45.721156924963
-63.214187145233154
-48.29528921842575
-68.43265464901924
-47.856951504945755
-50.170183062553406
-43.24737563729286
-46.97050741314888
-50.75944471359253
-50.04554045200348
-46.31327971816063
-49.3205980360508
-48.33131255209446
-49.009162962436676
-48.01824887096882
-44.50150614976883
-56.06276239454746
-65.24455070495605
-67.87564557790756
-77.74657440185547
-53.11893907189369
-63.20748728513718
-56.05676206946373
-68.511703312397
-60.005981266498566
-76.23711347579956
-54.666099816560745
-73.69989064335823
-51.73442167043686
-60.42895865440369
-57.74180746078491
-64.56714791059494
-50.747861698269844
-72.53925047814846
-48.26993577182293
-65.49670422077179
-65.60626271367073
-74.9853610098362
-66.956039249897
-72.2236133813858
-53.9911105632782
-67.83223882317543
-66.5179206430912
-75.41914558410645
-44.44003036618233
-58.17521575093269
-52.98332065343857
-64.65018966794014
-59.79978737235069
-64.43699955940247
-65.23991787433624
-72.53229007124901
-47.31973919272423
-66.61353999376297
-54.36147382855415
-65.65528085827827
-51.17177280783653
-69.24432021379471
-54.0461887717247
-65.40367397665977
-46.39681154489517
-55.65870621800423
-44.24686601758003
-60.53463786840439
-47.07808890938759
-58.35251331329346
-55.691379338502884
-68.40865331888199
-59.6998428106308
-64.35015949606895
-63.73878490924835
-73.92756468057632
-53.29441878199577
-59.10223300755024
-60.99479353427887
-68.00632300972939
-47.795565992593765
-56.12765130400658
-50.44505035877228
-60.98574811220169
-49.89815050363541
-66.53291001915932
-56.365927547216415
-69.6274696290493
-40.6775970607996
-44.97542202472687
-38.91319897770882
-46.556737810373306
-43.387183994054794
-55.19572141766548
-48.67220667004585
-60.40024593472481
-54.395050540566444
-61.56310549378395
-60.860485911369324
-67.2392805814743
-43.890708073973656
-50.90787896513939
-52.887595891952515
-63.61566209793091
-39.936520144343376
-51.92837446928024
-45.226155906915665
-56.020053297281265
-52.9578920006752
-57.511757999658585
-68.13045474886894
-71.25699317455292
-38.041653990745544
-38.71992316842079
-42.49190831184387
-43.62291398644447
-66.54469686746597
-72.41665214300156
-67.27885809540749
-70.70407631993294
-69.83938199281693
-76.30379378795624
-58.84213066101074
-67.72294226288795
-54.745803743600845
-56.64968937635422
-58.3281834423542
-57.86140018701553
-60.84116691350937
-74.08151552081108
-50.06955760717392
-61.005574971437454
-43.621353164315224
-50.621945947408676
-44.73659390211105
-53.15592899918556
-49.844039514660835
-58.86407170072198
-43.44679011404514
-56.34037655591965
-47.3786216750741
-57.59002563357353
-50.43089234828949
-65.96811181306839
-43.41824644804001
-57.327125668525696
-53.88971987366676
-64.11471426486969
-49.394420862197876
-59.516977429389954
-53.12083959579468
-65.0385619699955
-40.7381252720952
-50.26150141656399
-38.19034369289875
-52.053527154028416
-50.809993624687195
-59.47050356864929
-59.299367278814316
-65.08014577627182
-48.85934540629387
-58.021998196840286
-51.3054957985878
-60.1064495742321
-50.833271622657776
-57.96815970540047
-54.915323346853256
-64.81814575195312
-51.53136703372002
-54.36351242661476
-48.29880899190903
-57.40412139892578
-62.71187233924866
-68.37624515593052
-59.170797765254974
-70.50998681783676
-46.15559536218643
-58.613068252801895
-47.181744277477264
-59.42391237616539
-50.61589398980141
-58.63277879357338
-53.43909206986427
-70.12469613552094
-44.78496927022934
-55.23865196108818
-55.09760141372681
-62.728807389736176
-57.46655848622322
-63.44387477636337
-63.64943239092827
-68.53090637922287
-40.84733146429062
-48.60979014635086
-39.15905511379242
-51.21888491511345
-47.020714461803436
-63.19241803884506
-48.60652543604374
-67.26570159196854
-62.60924705862999
-72.74113519489765
-68.99026444554329
-75.16095501184464
-50.677564173936844
-68.40222346782684
-48.5465022623539
-62.579317688941956
-62.509052246809006
-71.55884146690369
-59.77034091949463
-67.70418429374695
-56.900385677814484
-64.2094016969204
-49.05883714556694
-59.7909300327301
-43.86480873823166
-47.55446746945381
-44.07873645424843
-46.81056010723114
-58.865441739559174
-61.61345934867859
-48.88766208291054
-61.71543416380882
-53.66120225191116
-61.456876903772354
-49.49126769602299
-61.879527896642685
-49.522343426942825
-62.02562615275383
-53.1732919216156
-68.99272349476814
-53.431088745594025
-54.38140991330147
-46.13450226187706
-46.06952020525932
-55.1769123673439
-68.33289110660553
-46.79337292909622
-58.51142981648445
-55.994484812021255
-65.42561043798923
-50.43591222167015
-65.33474478125572
-48.087079018354416
-51.63209915161133
-65.07460102438927
-64.8507060110569
-53.156784027814865
-69.17362383008003
-53.98540171980858
-65.8475127518177
-48.21349301934242
-51.429952681064606
-48.70696884393692
-45.61698427796364
-53.34411719441414
-59.94945976138115
-41.95281046628952
-55.00982517004013
-51.791295647621155
-63.53789725899696
-52.93802070617676
-59.56618556380272
-50.074504256248474
-58.864806324243546
-50.56108358502388
-65.70804065465927
-42.827577278018
-52.384620279073715
-44.18905529379845
-54.723425418138504
-52.60393953323364
-62.67295524477959
-61.407286286354065
-65.90140718221664
-41.758098632097244
-43.953657165169716
-36.90785872936249
-39.70415812730789
-56.254779517650604
-63.82400640845299
-57.76881352066994
-62.628421276807785
-52.14848154783249
-59.40741166472435
-49.248511612415314
-62.6076882481575
-56.66262248158455
-59.2013026624918
-54.88923355937004
-61.42348796129227
-53.42062446475029
-63.531229972839355
-49.48738431930542
-58.78105294704437
-46.919775396585464
-57.22834335267544
-53.415227830410004
-65.39542099833488
-46.89775276184082
-56.4456552863121
-40.12742334604263
-54.233630299568176
-56.75336501002312
-63.79768505692482
-54.0845131278038
-62.86476644873619
-51.50147661566734
-73.61101393401623
-54.62285849452019
-65.12047895789146
-57.8374388217926
-65.97791570425034
-51.132655173540115
-61.05929058790207
-52.881895661354065
-64.56297469139099
-50.03666454553604
-60.623443841934204
-51.75081115961075
-63.25811919569969
-54.11716106534004
-67.6580517590046
-51.62117111682892
-60.91588959097862
-48.25498241186142
-60.632295936346054
-46.376100808382034
-57.55581110715866
-42.9257333278656
-56.748392790555954
-52.05059811472893
-65.95689016580582
-49.91253724694252
-64.58369129896164
-50.9629475325346
-57.56725895404816
-65.75290048122406
-67.56825464963913
-48.44636446237564
-55.869101375341415
-51.48066398501396
-60.08459961414337
-59.753773897886276
-72.94029664993286
-53.371989488601685
-64.5250712633133
-48.54183489084244
-63.73387715220451
-52.552586019039154
-70.66190284490585
-49.15029534697533
-55.99436017870903
-48.25175988674164
-57.86350244283676
-61.94215500354767
-69.35997501015663
-53.54058122634888
-63.63461971282959
-37.14710679650307
-55.11625525355339
-44.65590223670006
-61.028032660484314
-45.527408331632614
-55.15041372179985
-47.7802819609642
-60.16693386435509
-41.41477645933628
-52.71159228682518
-42.63111253082752
-55.08220449090004
-53.35709801316261
-62.977070301771164
-47.833828926086426
-66.00058114528656
-35.42995920777321
-57.183824092149734
-44.469394981861115
-63.89005196094513
-44.85927565395832
-59.31800824403763
-39.71166455745697
-55.60142722725868
-53.116027653217316
-65.83563774824142
-50.13261580467224
-63.68283572793007
-44.03063976764679
-68.80141994357109
-31.814473658800125
-53.92102360725403
-46.659062564373016
-70.27730226516724
-51.5705489218235
-59.26434440910816
-52.27004651725292
-50.452535927295685
-50.422788083553314
-54.78058326244354
-59.87512953579426
-64.72738855332136
-61.977854147553444
-71.28578519821167
-45.35286965966225
-53.72586289048195
-51.41838610172272
-64.1072590649128
-54.59402948617935
-68.34307673573494
-56.08589228987694
-68.8070696592331
-59.433306992053986
-65.64165216684341
-62.45811715722084
-71.12963363528252
-42.78977744281292
-52.23696434497833
-45.19024705886841
-55.039240926504135
-41.36290808022022
-41.524788320064545
-55.848658949136734
-53.1686686873436
-52.450793981552124
-66.26480084657669
-50.40415993332863
-66.3263258934021
-49.54742377996445
-67.34832456707954
-47.0569928586483
-60.102841317653656
-51.11162728071213
-57.40623581409454
-55.35546487569809
-62.04385310411453
-50.556862473487854
-55.18394806981087
-58.25186809897423
-64.6482743024826
-54.19852760434151
-60.893799498677254
-58.395752519369125
-63.86322867870331
-42.477582424879074
-50.99718062579632
-50.835535138845444
-60.613151013851166
-54.887089133262634
-55.471624702215195
-66.48678794503212
-66.4397254884243
-59.865190505981445
-67.27377173304558
-59.49220681190491
-65.60877454280853
-55.03854416310787
-64.27726989984512
-54.8191964328289
-69.96010679006577
-58.87962359189987
-59.46724262833595
-61.83752027153969
-58.42104557156563
-42.80520914494991
-61.11846560239792
-37.35150966048241
-58.79299074411392
-62.228437423706055
-71.44266265630722
-62.22822433710098
-73.72283563017845
-46.61179402470589
-58.961650371551514
-41.130026400089264
-54.15163171291351
-57.917746528983116
-67.61120004951954
-61.80999267101288
-69.58781513571739
-54.72577250003815
-53.12363249063492
-54.196433037519455
-52.68515568971634
-56.13938122987747
-68.16400822997093
-57.999143064022064
-62.33654469251633
-47.678122758865356
-57.095696568489075
-50.62941148877144
-60.804004818201065
-50.69238139688969
-62.69733348488808
-43.6712921410799
-56.796896770596504
-44.52343413233757
-48.31928771734238
-41.36621379852295
-36.95635436475277
-64.33607134222984
-70.86294198036194
-62.36030635237694
-69.58643919229507
-54.31557163596153
-66.84330692887306
-55.536037027835846
-69.9762631058693
-48.79411423206329
-59.8490931391716
-57.81159025430679
-66.18886944651604
-51.134968519210815
-60.054153710603714
-56.965017557144165
-64.54107916355133
-43.89410498738289
-55.11160255968571
-41.833471566438675
-55.51235009729862
-47.1053911447525
-64.02419292926788
-52.87568524479866
-63.188125133514404
-46.553884357213974
-61.61505168676376
-54.82903093099594
-70.58031249046326
-57.140534460544586
-69.94600611925125
-58.00358924269676
-67.90950527787209
-42.969700157642365
-58.784178644418716
-47.34406474232674
-65.76648336648941
-51.753680646419525
-62.24927106499672
-59.63232272863388
-68.1078853905201
-59.34210151433945
-65.31139667332172
-53.42367622256279
-69.17609941959381
-61.57516857981682
-73.14049276709557
-52.31109470129013
-70.92822355031967
-46.874037086963654
-58.324285715818405
-58.30088749527931
-66.97956085205078
-58.435618340969086
-63.27742621302605
-57.59972169995308
-62.880403101444244
-50.51190456748009
-59.63816758990288
-51.211095690727234
-58.733495235443115
-49.57037681341171
-70.37509244680405
-47.09139996767044
-62.67209333181381
-69.90041619539261
-71.88614791631699
-67.20417481660843
-75.64806669950485
-55.41111037135124
-65.0712765455246
-57.54499813914299
-69.57148995995522
-49.86694322526455
-61.138906210660934
-54.028028070926666
-62.515206694602966
-51.261005610227585
-62.141596764326096
-55.4511633515358
-62.09160050749779
-49.19856634736061
-60.634722381830215
-46.282541155815125
-55.92384906113148
-44.806463211774826
-54.223383247852325
-57.65908241271973
-63.26188975572586
-48.366812229156494
-48.90471836924553
-47.955293983221054
-50.62681770324707
-52.95052120089531
-58.6294724047184
-55.17927697300911
-63.952705919742584
-55.80412030220032
-69.66035547852516
-51.28512132167816
-70.16342297196388
-59.18987110257149
-66.34234660863876
-61.48350605368614
-70.43509918451309
-50.73456397652626
-60.837184861302376
-51.007660523056984
-63.182083278894424
-57.1165047287941
-67.88558486104012
-57.195731431245804
-66.2687696814537
-49.079821571707726
-60.91797789931297
-45.44519481062889
-59.45669901371002
-54.886265724897385
-65.13194060325623
-52.357931673526764
-69.34276148676872
-56.91210317611694
-63.41650149226189
-58.41459932923317
-66.78755223751068
-51.968011647462845
-64.32066372036934
-50.24914309382439
-58.562758684158325
-51.089919447898865
-64.5323206782341
-51.005096822977066
-70.33803662657738
-44.35873681306839
-47.51461499929428
-44.490489572286606
-52.2534656226635
-54.16245290637016
-66.2858020067215
-59.45306417346001
-71.45144772529602
-54.8407920897007
-66.41706985235214
-66.72997027635574
-74.62703084945679
-47.83155933022499
-54.74821487814188
-51.48387287557125
-56.47930923104286
-64.26816737651825
-71.3384639620781
-59.19345596432686
-71.86400836706161
-52.5531108379364
-64.48874351382256
-56.13155218958855
-63.13304886221886
-43.975732892751694
-60.38388416171074
-43.45220997929573
-64.82754972577095
-40.73981177806854
-51.73816314339638
-47.58770081400871
-60.17221117019653
-51.19043144583702
-66.45592775940895
-46.135292276740074
-60.30754590034485
-48.80458849668503
-57.66535413265228
-50.756830275058746
-58.93657359480858
-55.4385224878788
-61.79158052802086
-51.00400388240814
-57.40011775493622
-52.835896730422974
-60.026118725538254
-50.40715596079826
-58.63398841023445
-42.23866045475006
-44.69455832242966
-54.26976630091667
-51.49391150474548
-52.70462313294411
-56.54084584861994
-57.3217601031065
-59.91127622127533
-61.76133593916893
-65.64685651659966
-61.5053975880146
-70.46540597081184
-49.718137323856354
-61.950970739126205
-53.63169550895691
-70.75374948978424
-59.68623596429825
-68.53632888197899
-63.60363772511482
-69.02322107553482
-51.67168086767197
-59.72952738404274
-56.68144881725311
-66.15380290150642
-43.27588576078415
-44.93092522025108
-46.824385583400726
-49.48713779449463
-65.28400120139122
-75.11102592945099
-72.01553824543953
-81.11350533366203
-57.464121237397194
-65.66495304182172
-54.69839242845774
-65.5209618806839
-54.70878356695175
-68.30878576636314
-67.4675362110138
-75.67199838161469
-40.203971207141876
-55.36302626132965
-50.57645207643509
-62.82040050625801
-55.38349097967148
-52.89493742585182
-59.381138414144516
-57.930071413517
-43.781952261924744
-49.46427695453167
-41.39790776371956
-53.718265146017075
-47.8801521807909
-63.18945750594139
-47.55090546607971
-62.59673970937729
-36.26242297887802
-55.79350218176842
-42.88837859034538
-62.11535373330116
-36.893375515937805
-43.220855951309204
-45.40233463048935
-50.80019724369049
-41.06445065140724
-55.90132927894592
-43.62838864326477
-62.38866063952446
-50.39882372319698
-53.36885558068752
-47.90952140837908
-51.008433885872364
-46.09610331058502
-55.87996816635132
-49.77313143014908
-61.42144840955734
-37.14741638302803
-52.699973434209824
-46.092536211013794
-58.90068033337593
-53.88040170073509
-69.051787763834
-56.90840697288513
-68.07163247466087
-46.87775945663452
-61.11809399724007
-61.880434930324554
-71.56837892532349
-52.63233703374863
-61.900663167238235
-61.706026300787926
-72.65252774953842
-49.823011457920074
-56.70287470519543
-53.082055792212486
-59.28464660048485
-56.25440959632397
-65.81895563006401
-53.18699675798416
-67.19396781921387
-43.70496228337288
-51.98069915175438
-48.27635130286217
-48.85272541642189
-61.21757745742798
-65.65502008795738
-65.66598385572433
-73.47538551688194
-42.37104973196983
-54.59449204802513
-44.59183543920517
-55.91707691550255
-46.97907295823097
-55.81713619828224
-58.12180632352829
-65.32299828529358
-57.428552716970444
-64.51495295763016
-58.21572533249855
-65.8254451751709
-48.28981053829193
-58.13241130113602
-52.31438264250755
-60.91363990306854
-45.18764838576317
-52.77991756796837
-53.22207632660866
-62.735812962055206
-58.03750205039978
-69.35133621096611
-61.64176455140114
-68.90802764892578
-51.10822993516922
-58.27165585756302
-49.78243485093117
-62.139405369758606
-52.58518868684769
-59.55795866250992
-54.74351170659065
-68.39811944961548
-57.699787348508835
-65.02073402702808
-57.22182413935661
-64.90346777439117
-49.94742852449417
-62.697737231850624
-49.53741657733917
-64.69464752078056
-39.854251980781555
-59.08720076084137
-40.29065623879433
-59.13275656104088
-54.90572866797447
-64.01266445219517
-61.444999396800995
-70.97261321544647
-44.502039432525635
-47.733717411756516
-49.844045251607895
-50.84830462932587
-51.09875175356865
-60.383310198783875
-48.83870750665665
-59.96840354800224
-47.97806081175804
-65.0910364985466
-47.233006209135056
-61.41770714521408
-49.642915189266205
-57.476345241069794
-37.505868911743164
-49.719294518232346
-44.04964178800583
-57.8981311917305
-55.06379455327988
-64.3467743396759
-53.11274400353432
-52.65454664826393
-60.24312201142311
-56.01869648694992
-66.12855112552643
-71.4874202311039
-55.46731850504875
-61.24898013472557
-46.969544410705566
-53.72631374001503
-44.01201382279396
-52.603464514017105
-54.62253886461258
-61.85169371962547
-67.90578237175941
-68.34850716590881
-50.39750914275646
-56.6041776239872
-59.072880417108536
-65.10086292028427
-35.32039515674114
-50.01633532345295
-36.02088297903538
-50.69841482490301
-50.380661606788635
-63.10063886642456
-56.438790023326874
-64.55804441869259
-46.17222732305527
-55.64928278326988
-57.0619982779026
-58.70736947655678
-47.067500695586205
-48.98150786757469
-58.64016279578209
-55.143316835165024
-48.64771646261215
-61.4917908012867
-43.70602171123028
-56.549575209617615
-50.324078515172005
-65.76454138755798
-45.73640005290508
-61.40210336446762
-51.87248319387436
-55.363208785653114
-44.280624091625214
-56.590509071946144
-41.93007703125477
-52.74483993649483
-44.57275393605232
-57.976721942424774
-55.50841894745827
-73.21827584505081
-50.217789739370346
-68.28063464164734
-53.947955802083015
-64.63786545395851
-50.70878094434738
-61.104111060500145
-59.11258780956268
-61.881382405757904
-65.25899344682693
-70.88972476124763
-49.668233811855316
-55.759404227137566
-50.188959151506424
-58.58001971244812
-53.97582548856735
-62.304112017154694
-53.40664219856262
-61.806776493787766
-50.5104458630085
-65.12569537758827
-49.655175507068634
-63.78349280357361
-37.768784657120705
-43.23097236454487
-32.48873354494572
-43.9592407643795
-56.72867298126221
-69.30149722099304
-59.97900101542473
-63.3451412320137
-55.272817343473434
-73.15911540389061
-52.69776904582977
-71.6745976805687
-40.91914492845535
-53.59878443181515
-54.10513165593147
-63.09473514556885
-56.29830729961395
-64.61960759758949
-51.35414403676987
-61.01467326283455
-50.30680766701698
-60.44150207936764
-45.124726951122284
-57.951302856206894
-45.60252399742603
-50.16273212432861
-42.687187910079956
-52.358014196157455
-45.20084163546562
-52.80882951617241
-55.595765352249146
-61.38690868020058
-48.97754317522049
-61.351798206567764
-53.830256938934326
-70.70265173912048
-55.158102959394455
-71.97674599289894
-49.8797022998333
-68.80629935860634
-43.592443346977234
-50.500486329197884
-49.998057156801224
-61.834626376628876
-49.385050386190414
-59.42444705963135
-51.78074896335602
-61.51994785666466
-58.60904788970947
-61.81166782975197
-56.57955038547516
-62.33391809463501
-44.0556034296751
-53.87072145938873
-43.373929053545
-54.01634806394577
-63.09159344434738
-71.92525586485863
-56.57874992489815
-72.39787980914116
-44.968238562345505
-54.18208011984825
-46.853575527668
-57.6904386729002
-59.06848046183586
-72.8096678853035
-64.5643393099308
-73.66177046298981
-72.27247512340546
-73.20057132840157
-71.3835309445858
-74.48803490400314
-54.46286338567734
-63.53519454598427
-55.805882424116135
-64.00435274839401
-43.50295916199684
-54.44567722082138
-43.17398747801781
-54.64485138654709
-38.41336232423782
-40.70087802410126
-42.2844822704792
-48.21637135744095
-44.93869602680206
-57.147240191698074
-48.1538420021534
-60.70562607049942
-37.303398698568344
-50.512918159365654
-37.18709425628185
-54.8885723054409
-45.48646795749664
-53.8333535194397
-54.15419486165047
-61.462104111909866
-44.45327685773373
-59.00019332766533
-49.02123901247978
-64.66267412900925
-43.60298511385918
-51.37283298373222
-38.234730035066605
-47.44137278199196
-50.8886863142252
-59.6600635945797
-48.425363302230835
-57.82271173596382
-42.632234305143356
-51.05607154965401
-48.069484174251556
-58.227941036224365
-55.78108128905296
-64.47930556535721
-64.36160609126091
-74.09181141853333
-53.55160002410412
-74.8202148526907
-55.36955310404301
-71.53198006749153
-45.77583932876587
-50.59125432372093
-57.774639040231705
-60.273218750953674
-53.30971321463585
-65.05991423130035
-53.45938688516617
-64.112549751997
-49.668318301439285
-55.41556188464165
-54.32703560590744
-57.21082167327404
-54.84149327874184
-61.73190104961395
-54.53769564628601
-65.69547522068024
-54.89086842536926
-66.53932864964008
-57.97557634115219
-74.11016941070557
-51.2408165037632
-55.53720462322235
-50.460433423519135
-59.242473006248474
-44.5434376001358
-58.95221960544586
-42.68955421447754
-57.12887814640999
-62.621372640132904
-67.24661549925804
-66.28440749645233
-72.13074186444283
-39.375786781311035
-52.233286678791046
-52.18101951479912
-62.29782655835152
-44.574790969491005
-55.14873448014259
-58.657494723796844
-64.45460042357445
-58.75141966342926
-65.14205202460289
-61.9533334672451
-69.34792867302895
-47.19801703095436
-55.80821093916893
-57.757623583078384
-66.32670485973358
-34.196194022893906
-47.64299440383911
-42.21098391711712
-53.391016125679016
-54.88422307372093
-60.03610917925835
-52.545247346162796
-59.525957494974136
-47.30252209305763
-62.162757217884064
-52.151931166648865
-66.30159145593643
-41.77917221188545
-49.11354386806488
-59.13852500915527
-61.48379337787628
-36.15485940128565
-46.525071412324905
-48.82157674431801
-55.14058715105057
-66.82239064574242
-75.96155309677124
-66.43506273627281
-73.18833804130554
-46.5315625667572
-65.297617174685
-38.90396377444267
-54.40155629813671
-52.850057393312454
-62.5982283949852
-50.82277709245682
-59.420448899269104
-56.81984981894493
-67.13348463177681
-58.0380274951458
-67.67025941610336
-69.1408204138279
-70.58555108308792
-65.62876406311989
-72.69960924983025
-59.42483186721802
-67.6145541369915
-60.88331365585327
-65.27560213208199
-49.670370012521744
-55.1273053586483
-54.11070045828819
-61.31637626886368
-57.169229716062546
-61.82853537797928
-66.08574816584587
-71.06456863880157
-42.58204063773155
-49.0345301926136
-54.114677131175995
-56.289030611515045
-55.57673719525337
-68.12162256240845
-55.95128157734871
-74.35514834523201
-43.37908652424812
-55.44911769032478
-43.26609346270561
-56.97675874829292
-58.68868252635002
-61.30270144343376
-51.59435650706291
-56.96745580434799
-51.15207816660404
-60.444880694150925
-47.111119121313095
-62.12059164047241
-45.251666247844696
-52.08697049319744
-39.21122319996357
-48.024681732058525
-61.77939519286156
-68.24292853474617
-63.149097472429276
-70.09927052259445
-45.383102029562
-49.033922612667084
-61.205004543066025
-63.11456444859505
-49.32437616586685
-60.75783681869507
-54.34572583436966
-63.12349462509155
-47.56356739997864
-48.29731824994087
-42.99047663807869
-45.75948718190193
-57.55851945281029
-61.07181331515312
-62.361147075891495
-64.30089512467384
-55.53442281484604
-66.02080881595612
-45.37720364332199
-57.81158119440079
-48.5720124989748
-60.85302048921585
-58.86535406112671
-65.94452303647995
-62.38842123746872
-77.07635655999184
-55.84197834134102
-65.74190613627434
-55.949336260557175
-69.77815765142441
-57.89639940857887
-70.789381980896
-77.37527513504028
-80.84518721699715
-74.55583536624908
-81.3687991797924
-52.35137656331062
-67.77612036466599
-50.26731050014496
-62.09460976719856
-51.58721911907196
-62.157929718494415
-49.449913293123245
-62.14375388622284
-53.24445599317551
-66.6778327524662
-57.89990922808647
-68.62835451960564
-40.17792093753815
-47.654397666454315
-50.84981872141361
-55.632041931152344
-62.316144809126854
-74.8910011947155
-64.39513754844666
-69.75305426120758
-48.404523849487305
-62.24361765384674
-42.4489878565073
-59.77214162051678
-69.99333092570305
-71.8563120663166
-66.87556427717209
-73.57500779628754
-58.06677743792534
-70.74931091815233
-61.96253004670143
-69.92090708017349
-51.099676340818405
-60.941055566072464
-49.677628099918365
-61.02511051297188
-40.44498831033707
-56.114572405815125
-45.54036474227905
-54.54385468363762
-48.83627066016197
-63.66662335395813
-40.4555324614048
-59.42414331436157
-48.868893563747406
-58.81551420688629
-49.943972051143646
-63.39924797415733
-51.9742017686367
-59.42138114571571
-60.330334544181824
-67.99688854813576
-58.58067798614502
-72.1362255513668
-47.399945706129074
-59.264687433838844
-54.24894228577614
-64.61134040355682
-48.7437729537487
-60.23905631899834
-44.477345168590546
-60.25697040557861
-53.422244906425476
-69.71557760238647
-44.930312648415565
-57.78822110593319
-50.01151239871979
-59.349895656108856
-44.38967873156071
-50.333335012197495
-46.79299557209015
-55.489365711808205
-50.79053857922554
-62.43756366893649
-46.968882992863655
-62.17909121513367
-41.57019305229187
-54.66591526567936
-44.86039166152477
-60.465056359767914
-55.64429050683975
-70.92666882276535
-53.34364232420921
-68.97894483804703
-47.20085549354553
-55.75232581794262
-45.49650952219963
-63.66337251663208
-49.63302227854729
-59.58205133676529
-51.74169588088989
-61.44312071800232
-52.13932201266289
-52.60447871685028
-41.20737138390541
-43.376123547554016
-49.00287702679634
-58.64055198431015
-41.74898040294647
-58.45633217692375
-39.66517423093319
-52.20781475305557
-52.528589099645615
-60.37019594013691
-48.947493731975555
-57.66593265533447
-43.17072570323944
-49.69206911325455
-54.51750046014786
-65.09740129113197
-54.668992698192596
-69.28257396817207
-59.41316558420658
-64.32541538029909
-63.195023491978645
-67.60454025864601
-48.00026771426201
-56.355203941464424
-51.77727970480919
-64.23650616407394
-47.60076394677162
-55.82025387883186
-39.26459428668022
-45.63369172811508
-54.47505968809128
-69.1020337343216
-50.55008411407471
-59.5406779050827
-43.787400245666504
-49.654930874705315
-36.66872112452984
-50.59955507516861
-50.79015851020813
-57.38305473327637
-61.22602993249893
-68.14689880609512
-56.79580444097519
-65.72662881016731
-58.361098498106
-62.11572399735451
-45.976322054862976
-53.538862228393555
-54.607217609882355
-60.0694594681263
-52.39123336970806
-60.60152614861727
-42.32933285832405
-58.72621417045593
-48.87781172990799
-66.70028528571129
-40.05372476577759
-51.800496101379395
-48.70986096560955
-61.21947377920151
-54.51590430736542
-62.069769859313965
-62.942337423563
-67.91793540120125
-38.00664412975311
-48.137314185500145
-50.290775805711746
-58.7724866271019
-53.99975594878197
-64.63875874876976
-58.75797414779663
-63.09205120801926
-48.48307168483734
-65.29625052213669
-55.73210820555687
-66.46025210618973
-56.176741659641266
-63.55154514312744
-50.568798542022705
-59.88187211751938
-58.203918009996414
-70.88020059466362
-55.60971716046333
-67.26066666841507
-37.910103753209114
-53.89696608483791
-50.60495415329933
-62.58227598667145
-56.1004553437233
-64.30656689405441
-57.803533643484116
-69.27586913108826
-48.06264083087444
-61.92212921380997
-50.69512717425823
-61.651432916522026
-41.75903555750847
-54.44146844744682
-52.41866919398308
-60.04137071967125
-65.60924088954926
-77.72566542029381
-63.25213712453842
-74.09047722816467
-38.41951295733452
-36.93696948885918
-41.591390922665596
-41.65366259217262
-50.73837077617645
-63.34585979580879
-60.469942688941956
-70.05482697486877
-59.295991867780685
-62.96659359335899
-59.71639436483383
-67.35646003484726
-44.06669932603836
-56.96722677350044
-53.36522704362869
-63.4699484705925
-53.32322824001312
-53.04222494363785
-59.209356904029846
-55.703090131282806
-57.99999821186066
-68.89164319634438
-58.48978638648987
-76.74587786197662
-47.66393482685089
-66.96667963266373
-46.09962436556816
-58.99962955713272
-64.22202181816101
-73.81856945157051
-58.42720076441765
-65.96558472514153
-40.25340515375137
-53.1550175845623
-41.21295726299286
-56.57347112894058
-45.587722793221474
-52.18626603484154
-46.00674244761467
-58.10828152298927
-54.95246738195419
-71.45906049013138
-47.291216999292374
-62.525669515132904
-42.31897693872452
-41.518587201833725
-47.72317525744438
-43.12296578288078
-49.34987515211105
-57.95619595050812
-48.93164139986038
-58.10993358492851
-42.07669943571091
-57.86815242469311
-46.69312447309494
-65.75888830423355
-40.745538115501404
-57.506811171770096
-41.00821191072464
-53.86176472902298
-48.22726455330849
-63.254828095436096
-61.85398265719414
-73.91393381357193
-46.39591586589813
-58.26709219813347
-50.280863374471664
-62.877349242568016
-49.62518838047981
-60.2388411462307
-43.386960327625275
-59.190586268901825
-59.756343096494675
-69.81105643510818
-54.686257392168045
-68.38188832998276
-52.76318874955177
-60.06414616107941
-58.352273017168045
-66.9368103146553
-52.29423898458481
-58.788745284080505
-54.250919222831726
-59.68991160392761
-40.20350992679596
-50.533376932144165
-39.42562183737755
-49.46407413482666
-56.63999028503895
-69.33634446933866
-46.93115046620369
-65.22358295321465
-50.595302134752274
-67.96471256017685
-55.678075313568115
-62.36941462755203
-51.25113609433174
-62.90549489855766
-58.51790910959244
-69.19203490018845
-53.311050072312355
-69.59103214740753
-58.226437240839005
-64.51252654194832
-42.27388621866703
-52.372130274772644
-48.080596044659615
-65.11655035614967
-54.28378486633301
-66.90362945199013
-58.085462510585785
-69.32903814315796
-49.28440776467323
-64.51615697145462
-53.775766521692276
-66.84273439645767
-64.8507209122181
-70.71464875340462
-59.72260448336601
-70.2419518828392
-48.68956655263901
-64.58715921640396
-44.71129575371742
-63.03505280613899
-58.461771070957184
-63.27843102812767
-59.287989646196365
-70.3235277235508
-43.562794268131256
-45.337542697787285
-52.260879546403885
-52.30182480812073
-56.50000274181366
-65.78197658061981
-61.084769904613495
-73.8100113272667
-60.22164195775986
-72.14484441280365
-62.77195179462433
-74.24130582809448
-48.00641226768494
-54.94269734621048
-51.79107877612114
-60.72808915376663
-61.08233851194382
-62.88961857557297
-61.16867807507515
-65.08846247196198
-55.377659887075424
-63.75419104099274
-57.45397192239761
-63.157024562358856
-51.644334495067596
-63.08373361825943
-49.66901894658804
-65.20246334373951
-50.42894410341978
-60.92033338546753
-46.21754044294357
-56.946956753730774
-45.810474663972855
-54.75713896751404
-38.42034289240837
-45.25663138926029
-50.130110532045364
-58.78675580024719
-48.78251016139984
-58.08733710646629
-48.79229161143303
-57.38017697632313
-53.3339586853981
-62.432863891124725
-43.92200803756714
-57.01956906914711
-37.535283386707306
-55.53197771310806
-44.64629665017128
-56.539327532052994
-52.53405079245567
-60.75422519445419
-48.079730808734894
-57.95581802725792
-59.79602548480034
-63.99830737709999
-43.24632707238197
-59.423763155937195
-56.466767370700836
-67.58587524294853
-48.9005962908268
-61.13575991988182
-50.11494880914688
-60.6712444126606
-49.542951211333275
-58.15881958603859
-49.41361127793789
-63.78634849190712
-60.8511019051075
-69.3071616590023
-51.761116117239
-66.4100734591484
-58.50363203883171
-67.09331661462784
-58.88297811150551
-67.31491422653198
-49.99760231375694
-57.639756232500076
-50.140186220407486
-62.20220169425011
-50.30031129717827
-58.160572681576014
-60.77657687664032
-65.7366721779108
-63.15209883451462
-73.22750502824783
-58.757364958524704
-65.21373865008354
-54.69959530234337
-73.5048277080059
-54.5790579020977
-66.15764981508255
-39.363917380571365
-44.98777994513512
-43.75545486807823
-53.333984553813934
-61.109552055597305
-71.20036724209785
-56.253735184669495
-70.81190437078476
-44.18902277946472
-50.58659225702286
-35.82527208328247
-49.66232141852379
-53.53415963053703
-58.76318842172623
-59.047523230314255
-68.96770855784416
-45.597063049674034
-51.745934784412384
-48.642454490065575
-49.07271611690521
-44.29421907663345
-61.20376616716385
-49.346933484077454
-66.7023658156395
-54.2230858951807
-62.870745450258255
-54.26392103731632
-63.357631891965866
-45.75137749314308
-57.25256945192814
-47.61402517557144
-57.05040307343006
-58.516647934913635
-69.9053425192833
-48.192729979753494
-59.53809767961502
-49.656008183956146
-61.02683898806572
-46.28205341100693
-56.80414009094238
-52.54745075106621
-56.62706050276756
-50.12357014417648
-59.418706089258194
-57.47594401240349
-65.63984355330467
-57.61267799139023
-65.80700644850731
-53.22375476360321
-62.391568541526794
-52.0588563978672
-65.17584606260061
-46.13261780142784
-55.828948587179184
-56.47007277607918
-65.23249560594559
-60.35152658820152
-70.12917932868004
-57.987693160772324
-73.17904281616211
-51.12744304537773
-48.67659039795399
-56.5687498152256
-54.78574702143669
-56.13870942592621
-67.56684377789497
-62.46142306923866
-71.67573392391205
-45.2515184879303
-56.53329588472843
-45.314950585365295
-60.661911845207214
-42.905897945165634
-52.954171448946
-42.11458146572113
-59.14619606733322
-51.77184519171715
-62.61400419473648
-44.230583906173706
-58.269847363233566
-64.7664455473423
-71.20630556344986
-68.30307510495186
-80.55468940734863
-65.5295002758503
-72.87158185243607
-64.65175327658653
-70.4829478263855
-49.456587225198746
-62.1417603045702
-45.81581415235996
-65.27083086967468
-51.80685889720917
-61.71746364235878
-55.52649253606796
-62.92798990011215
-53.06443375349045
-66.9654253423214
-56.63573044538498
-63.55388671159744
-44.39001592993736
-53.109673261642456
-42.171234488487244
-55.10575059056282
-56.07132601737976
-67.88256323337555
-63.691956371068954
-71.6674696803093
-41.999857664108276
-45.45147979259491
-35.129928439855576
-35.68951094150543
-56.54560849070549
-59.9043770134449
-58.115613132715225
-61.48613527417183
-44.88729712367058
-50.544236570596695
-46.89495813846588
-53.47942626476288
-54.7569285929203
-64.5219030380249
-63.44424623250961
-71.68378955125809
-49.53900635242462
-58.70959484577179
-57.381927996873856
-67.9628809094429
-51.834541976451874
-62.54660713672638
-35.29888252913952
-36.94489182531834
-39.251090317964554
-47.10280579328537
-42.52908545732498
-55.598979860544205
-43.963768780231476
-48.306386440992355
-45.71861206740141
-60.46609714627266
-52.82192845642567
-62.557447373867035
-52.1378618478775
-66.88992503285408
-44.04090893268585
-58.288861602544785
-47.21760094165802
-54.28262633085251
-48.793905049562454
-61.32859820127487
-47.677146315574646
-60.80758127570152
-47.36637058854103
-61.73467803001404
-52.78799304366112
-69.89000105857849
-58.93615385890007
-64.52934259176254
-45.43446663022041
-54.10911834985018
-55.75774121284485
-62.96335870027542
-55.98767763376236
-55.594258055090904
-52.99027907848358
-62.9359632730484
-43.0331269800663
-53.52358117699623
-42.638180673122406
-56.611170679330826
-57.38763231039047
-65.41254317760468
-58.61268350481987
-68.31037372350693
-50.765769481658936
-63.022452265024185
-52.77133667469025
-60.97269919514656
-49.696513056755066
-69.60179603099823
-51.945959627628326
-65.70570236444473
-55.7219158411026
-66.96525573730469
-56.407086461782455
-69.57629969716072
-51.51267862319946
-63.31660795211792
-56.54619112610817
-66.70987474918365
-43.155621737241745
-44.22160376608372
-54.5528289526701
-49.175704658031464
-54.76811441779137
-57.70852190256119
-58.56726264953613
-63.81923981010914
-44.829235941171646
-61.31174010038376
-44.856522649526596
-59.487278178334236
-56.463295578956604
-66.09434780478477
-61.839410334825516
-70.74407860636711
-51.280277252197266
-58.22026468813419
-52.35654008388519
-59.92193350195885
-49.2216939330101
-55.333930879831314
-55.41620373725891
-61.10466745495796
-59.95661401748657
-70.22275215387344
-50.42064416408539
-64.69822889566422
-56.747180700302124
-70.03373096883297
-58.46604576706886
-65.85514387488365
-42.81679570674896
-54.914599657058716
-53.087806701660156
-60.58228647708893
-52.039347887039185
-60.87022216618061
-50.66546988487244
-65.11931145191193
-54.08708590269089
-68.12711584568024
-58.91264542937279
-66.15392369031906
-51.483730018138885
-67.8176298737526
-51.17362907528877
-71.36336809396744
-64.65465041995049
-73.33275666832924
-67.869688808918
-74.71913093328476
-44.599600329995155
-50.71464996226132
-47.19873230159283
-55.326547130942345
-44.38581709563732
-54.04638493061066