-23.404641568660736
-27.807439640164375
-26.965980000793934
-27.754042968153954
-27.31607222557068
-34.456825256347656
-32.47796604037285
-33.166566610336304
-19.494521389715374
-25.114582205656916
-24.92011398077011
-25.96031700912863
-22.304228774271905
-25.54383402597159
-26.114198037423193
-25.867094681598246
-25.312783539295197
-32.32580241560936
-29.535792529582977
-30.998395889997482
-38.1983063519001
-38.78739872574806
-44.25257161259651
-41.607601284980774
-41.202299028635025
-46.41595673561096
-51.94574421644211
-48.382951855659485
-32.66279745101929
-39.942470759153366
-41.51809051632881
-39.83010086417198
-28.435436487197876
-37.58533164858818
-36.72792360186577
-33.904760748147964
-25.3430372774601
-33.08926262706518
-28.77208550274372
-31.706462621688843
-18.388751044869423
-24.66877642273903
-23.57654732465744
-25.22618581354618
-25.04565316438675
-32.85266104340553
-31.917379766702652
-31.380725234746933
-35.480275988578796
-37.61651082895696
-43.28392967954278
-41.309682566672564
-33.1487800180912
-40.71636927127838
-42.78527417778969
-40.46421539783478
-31.864574193954468
-40.432747811079025
-40.14774686098099
-37.2485194504261
-18.976183861494064
-23.860983431339264
-22.36357456445694
-26.233631253242493
-40.012890696525574
-42.12162470817566
-46.946136087179184
-45.5402016043663
-35.71580573916435
-43.65356454253197
-47.98790270090103
-46.82607102394104
-27.361553370952606
-37.68162775039673
-37.96486812084913
-32.951756209135056
-32.06526890397072
-37.628029108047485
-34.90807342529297
-37.04194748401642
-22.700627997517586
-28.461651097983122
-27.216375157237053
-28.238454647362232
-32.8789658844471
-40.25972907245159
-41.898483365774155
-40.11263769865036
-32.38231783732772
-36.559627428650856
-47.23368847370148
-41.05892114341259
-16.71080058719963
-28.136002957820892
-31.95371913537383
-24.596280448138714
-38.6339807510376
-44.29146856069565
-42.71601814031601
-42.22794735431671
-25.01197049021721
-28.006240129470825
-27.500952273607254
-31.341841489076614
-33.17295031249523
-37.95738661289215
-39.94062876701355
-38.99918580055237
-40.43025939166546
-42.25451669096947
-47.76506935060024
-44.92803309857845
-31.544907212257385
-36.91017150878906
-48.005451679229736
-40.01660135388374
-39.59472742676735
-44.557236313819885
-52.822789400815964
-46.9273432046175
-45.805346339941025
-51.01468873023987
-54.79220911860466
-50.8191519677639
-29.216861985623837
-26.93552641570568
-28.332631267607212
-35.1479000672698
-28.182873755693436
-31.783468008041382
-38.138766258955
-34.67085060477257
-33.92572486400604
-37.138378351926804
-41.430206686258316
-42.840416610240936
-30.341877257917076
-41.327975660562515
-43.524559050798416
-37.73170788027346
-17.943461924791336
-24.11944317817688
-21.13693678379059
-26.18858903646469
-44.275529235601425
-50.819279193878174
-53.51974084973335
-49.22099503874779
-28.15745361149311
-35.85036277770996
-38.85628081858158
-33.44710123538971
-18.33985412120819
-23.755620032548904
-20.391787707805634
-24.594598591327667
-18.863126695156097
-24.375603586435318
-22.74331706762314
-26.353465884923935
-34.30678313970566
-39.99691793322563
-46.22933232784271
-40.72989356517792
-27.629684805870056
-29.344514816999435
-26.271748304367065
-33.317331433296204
-28.200008034706116
-37.33522783219814
-39.827206410467625
-33.94123865664005
-25.707418978214264
-31.479335874319077
-28.570252895355225
-32.61887460947037
-22.30560427904129
-31.06774628162384
-32.77626129984856
-27.972225844860077
-41.05324426293373
-48.802063047885895
-48.54265132546425
-47.64676868915558
-30.626089811325073
-36.79622882604599
-44.02861776947975
-38.06489086151123
-24.44752663373947
-31.382283747196198
-27.540873110294342
-30.59250870347023
-25.669866408221424
-37.19846165180206
-40.23818680644035
-33.27588204666972
-38.2299469858408
-39.45945847034454
-45.918130710721016
-45.78261737525463
-27.811533719301224
-32.12515303492546
-34.095265448093414
-33.835963904857635
-24.724277533590794
-33.842323519289494
-35.44973347336054
-29.240299485623837
-38.98094940185547
-39.397393345832825
-42.02435824275017
-39.51556822657585
-21.455853164196014
-26.866505682468414
-23.26793623715639
-29.703615449368954
-35.75401872396469
-41.424604058265686
-47.05723065137863
-41.17349398136139
-31.25867983698845
-33.035684049129486
-37.22709220647812
-35.74609091877937
-42.84385821223259
-50.450604408979416
-51.12433233857155
-49.24239003658295
-38.35779044032097
-46.722804725170135
-47.396186739206314
-42.35188743472099
-21.803137950599194
-31.35445260256529
-33.79537992179394
-28.308118402957916
-31.96458499133587
-40.59433275461197
-43.768880009651184
-37.38961334526539
-31.899639278650284
-37.143353670835495
-45.921641170978546
-40.497553676366806
-23.712191551923752
-28.987711891066283
-28.80725501757115
-28.755163598805666
-33.748806208372116
-37.61977145075798
-49.92867815494537
-43.01175898313522
-16.94464111328125
-22.13244077563286
-20.417115420103073
-24.871613085269928
-26.342993825674057
-31.626031018793583
-29.677443638443947
-31.77356532216072
-19.98692272650078
-30.757996648550034
-34.19100043177605
-27.831818588078022
-37.6726861000061
-44.87514942884445
-45.68382886052132
-43.874136328697205
-33.067520558834076
-41.53074669837952
-40.533915400505066
-36.3542343378067
-11.867861106991768
-13.731963478028774
-20.202459812164307
-21.04092139005661
-32.14254570007324
-34.6315798163414
-46.60338744521141
-43.1004019677639
-19.595793455839157
-24.742874085903168
-22.683046102523804
-27.320723474025726
-27.179074741899967
-31.6288281083107
-27.599944233894348
-32.89945396780968
-21.298259884119034
-26.988682210445404
-25.58901223540306
-26.600008875131607
-31.591850832104683
-35.68102665245533
-36.43658754974604
-36.5518913269043
-46.43565234541893
-49.12036198377609
-49.74342718720436
-50.333158046007156
-33.09101527929306
-30.756327658891678
-41.50625677406788
-41.11385700106621
-43.76966506242752
-51.82587221264839
-52.30022272467613
-50.53874012827873
-35.504762798547745
-39.90101781487465
-43.08243468403816
-38.64291995763779
-22.56299313902855
-27.099448084831238
-25.134287655353546
-28.78518271446228
-39.32343691587448
-46.03873524069786
-49.5726101398468
-45.654945224523544
-46.4621117413044
-52.612767934799194
-55.65708804130554
-51.82879137992859
-35.604202568531036
-44.671774350106716
-42.48685386776924
-40.011418759822845
-25.200749814510345
-32.34179189801216
-28.78413438796997
-31.563401371240616
-23.799376741051674
-30.797380566596985
-37.82182374596596
-37.38620646297932
-38.58937646076083
-44.26140879839659
-50.78901333361864
-44.19726054370403
-34.69842901825905
-40.86505964398384
-41.22349986433983
-41.66441226005554
-18.139443166553974
-21.36004177480936
-20.084223352372646
-24.3125936165452
-21.991586476564407
-30.53945544362068
-28.887812077999115
-28.835734635591507
-27.86360201239586
-38.077983275055885
-39.161972768604755
-34.405957229435444
-27.559073239564896
-33.641036957502365
-32.94839996099472
-34.40755793452263
-26.229436427354813
-29.45913788676262
-31.578842729330063
-33.06849876046181
-40.64527988433838
-39.864617586135864
-49.029703587293625
-49.61531916260719
-24.516912519931793
-32.4761126190424
-38.362121760845184
-37.76380291581154
-23.758077561855316
-29.046027153730392
-25.817468345165253
-28.855856239795685
-23.74124301224947
-33.0258027613163
-36.79442808032036
-30.509768277406693
-27.812328219413757
-35.54181116819382
-40.89737069606781
-41.24553680419922
-37.28977473080158
-42.98167270421982
-48.42244064807892
-43.170493230223656
-26.03253073245287
-31.975264623761177
-26.640044674277306
-31.067156702280045
-39.42317819595337
-45.77730816602707
-51.55958715081215
-47.477178782224655
-36.97111088037491
-39.871327579021454
-42.98797541856766
-42.47173285484314
-42.32944858074188
-44.89268270134926
-46.75266134738922
-43.97479668259621
-33.52986493706703
-36.935609966516495
-41.067285150289536
-40.60266235470772
-35.47566596418619
-44.57693512737751
-43.88538533449173
-40.38196186721325
-18.319881349802017
-24.326202273368835
-22.790574580430984
-23.243372440338135
-21.853321313858032
-27.118249982595444
-25.07498225569725
-28.93207898736
-27.06918865442276
-30.40405410528183
-34.69546541571617
-33.51074129343033
-36.64235223084688
-38.238846100866795
-43.979604952037334
-41.98080648481846
-28.636950999498367
-31.418133050203323
-28.632568359375
-34.29757288098335
-24.825273752212524
-30.552251368761063
-28.04451695084572
-30.19472399353981
-20.592806875240058
-25.407226957846433
-25.847578764427453
-25.83127737417817
-34.562260925769806
-32.17588099837303
-36.78317487239838
-41.613612681627274
-36.38715070486069
-40.2889678478241
-43.93341442942619
-42.81425866484642
-34.10314625501633
-40.77091056108475
-37.98693785071373
-39.725010216236115
-33.95323821902275
-32.126045644283295
-35.41385942697525
-41.47628957033157
-18.740479844156653
-22.587105590850115
-23.159773065708578
-23.796514029148966
-37.85899564623833
-40.48190802335739
-43.190422892570496
-41.858684837818146
-31.484058737754822
-40.50822991132736
-44.16986954212189
-37.027448773384094
-37.15902170538902
-37.4416426718235
-41.76605349779129
-42.504872024059296
-25.25259900279343
-35.77593286335468
-40.22543156147003
-33.22326113656163
-27.1466466486454
-29.983658105134964
-26.67648857831955
-32.30410072207451
-22.509349524974823
-32.913712322711945
-38.25289133191109
-31.27191644255072
-27.01885363459587
-35.829914689064026
-34.35580396652222
-34.200759053230286
-23.025702744722366
-33.55056497454643
-33.61677011847496
-30.550140142440796
-28.143086723983288
-34.10865166038275
-28.570176504552364
-31.91091624647379
-30.557521402835846
-36.8778038918972
-37.93260292708874
-37.79749193787575
-28.199965089559555
-38.86858743429184
-42.63824209570885
-35.77375194709748
-35.18487185239792
-35.40000146627426
-39.644757241010666
-40.61626586318016
-25.676698388531804
-35.526713609695435
-39.88254073262215
-33.83522830950096
-23.758188515901566
-32.28009484708309
-34.30364776402712
-28.802578665316105
-23.82996479794383
-35.245170924812555
-38.4084407761693
-31.596816455945373
-45.09511399269104
-46.761920154094696
-53.684011697769165
-50.86223500967026
-25.09427936375141
-32.11012288928032
-31.1838418841362
-31.50335156917572
-29.388426907360554
-27.206502936780453
-30.6831758543849
-36.14656026661396
-34.136772841215134
-37.92997068166733
-40.125882148742676
-38.99165916442871
-24.75508116185665
-32.43298273533583
-37.36904263496399
-37.57950249314308
-30.955244556069374
-31.55942004919052
-35.62743289023638
-36.618128180503845
-26.034722313284874
-34.33601060509682
-38.556175634264946
-32.34581868350506
-21.9060678742826
-32.34861207008362
-35.797319650650024
-29.690539833158255
-42.66587853431702
-43.78977960348129
-45.87699183821678
-46.38740521669388
-30.523546412587166
-35.42440394312143
-46.82962116599083
-39.785767555236816
-35.26097497344017
-38.71072760224342
-33.66446101665497
-39.80702456831932
-30.74153945595026
-33.83099389821291
-35.143978998064995
-36.33464328199625
-41.21910336613655
-52.76863059401512
-49.23508536815643
-45.76455461978912
-27.829869329929352
-35.80829709768295
-34.93471670150757
-33.70980182290077
-39.73258340358734
-51.22387111186981
-48.72292760014534
-47.07677701115608
-26.091923281550407
-30.33938106894493
-26.987769082188606
-31.870895743370056
-40.20126023888588
-45.40910145640373
-51.649355977773666
-46.60309040546417
-19.634048849344254
-25.24614743888378
-21.03915524482727
-27.14865654706955
-21.489585280418396
-20.272536501288414
-29.097139731049538
-30.852319456636906
-14.135013900697231
-18.202004089951515
-22.92530606687069
-23.72377322614193
-24.9684756398201
-27.88173869252205
-33.55394685268402
-32.84046211838722
-16.56725177168846
-26.934414643794298
-27.753115743398666
-24.218185879290104
-33.789104267954826
-34.69155539572239
-38.01983815431595
-38.97605538368225
-21.77673476934433
-24.804817885160446
-27.927935361862183
-28.62457799911499
-16.40087702870369
-23.575484238564968
-20.36204095929861
-21.956837594509125
-21.34080897271633
-22.59455518424511
-28.28846936672926
-29.486760314553976
-28.472930431365967
-36.09369093179703
-31.364295840263367
-33.57036837935448
-36.5072018802166
-40.077855348587036
-41.97042816877365
-41.24870565533638
-33.474978029727936
-37.279273331165314
-33.350487649440765
-37.701963514089584
-28.24014164507389
-34.739356219768524
-34.669671446084976
-35.10575148463249
-20.547647029161453
-31.219328314065933
-31.976069182157516
-28.539635241031647
-47.2255340218544
-54.75450113415718
-55.37537503242493
-54.01573985815048
-20.414881572127342
-26.412213660776615
-23.96795431524515
-25.216849267482758
-25.252637952566147
-33.385865300893784
-32.56534366309643
-31.053147435188293
-24.937725737690926
-28.062634512782097
-31.476533994078636
-31.668074160814285
-32.771413050591946
-42.389884278178215
-43.34325924515724
-38.315221540629864
-29.31364005804062
-31.960099190473557
-35.65414735674858
-34.213382095098495
-32.00677448511124
-40.461804926395416
-41.068653494119644
-36.8557363152504
-23.922844618558884
-32.983740985393524
-31.03752464056015
-29.967475473880768
-24.88923215866089
-34.91876593232155
-33.975389182567596
-31.8573879301548
-18.979339741170406
-22.587752103805542
-20.74073914438486
-25.625358760356903
-38.04496657848358
-44.10164284706116
-45.578317642211914
-44.56728118658066
-37.53142461180687
-42.967819303274155
-49.68696165084839
-44.84995126724243
-25.332727886736393
-30.418790943920612
-27.489221058785915
-32.242755219340324
-19.813847303390503
-23.97508955001831
-21.25360430777073
-26.915309704840183
-32.50692230463028
-39.16802182793617
-39.95982950925827
-39.42326167225838
-31.543260887265205
-38.3685078471899
-39.36432904005051
-38.04389230906963
-33.00167725235224
-34.30879698693752
-36.84990306198597
-37.304181665182114
-29.309109343215823
-42.15457144379616
-43.1046162545681
-37.55388102307916
-32.6403671503067
-40.03776142001152
-41.31660631299019
-39.581783294677734
-41.301734663546085
-49.91187524795532
-48.84295031428337
-45.7274280115962
-39.86913004517555
-44.94391310214996
-54.05681490898132
-45.771740794181824
-25.245655317790806
-30.35094204125926
-29.424352528061718
-28.16123606543988
-25.830291464924812
-31.390341132879257
-32.72913897037506
-33.035817712545395
-25.990731596946716
-27.61842691898346
-32.35914573073387
-32.4535716176033
-44.373823553323746
-47.06739354133606
-49.39966815710068
-47.170951187610626
-26.088033944368362
-29.225851386785507
-27.171492129564285
-30.71983790397644
-30.115397572517395
-37.39239263534546
-36.34820136427879
-36.9454605281353
-32.46271702647209
-38.3528770506382
-37.71498543024063
-37.19825491309166
-24.960751444101334
-29.81789740920067
-28.65950071811676
-32.06392860412598
-44.562944412231445
-50.668434739112854
-54.09778720140457
-50.132879972457886
-26.755252331495285
-28.254195034503937
-25.40411114692688
-31.56318274140358
-43.54949909448624
-49.86063811182976
-50.88009613752365
-50.08198720216751
-19.83764692163095
-30.279052533209324
-35.98445115983486
-29.399269815534353
-29.390981897711754
-36.72351212799549
-41.50892776250839
-40.4527637809515
-20.313640534877777
-31.423956722021103
-30.692105509340763
-27.794066458940506
-29.938784678466618
-40.560678124427795
-42.42281749844551
-37.247917864471674
-20.396811917424202
-27.15499883890152
-27.386883795261383
-28.366111770272255
-21.13215932250023
-27.648170441389084
-24.250169038772583
-26.945718377828598
-32.83216607570648
-37.151427537202835
-49.204886853694916
-42.366148859262466
-36.13878708332777
-45.67787404358387
-43.984928250312805
-41.59827213734388
-21.89665500074625
-28.824099235236645
-26.122556880116463
-29.155025601387024
-25.59026039391756
-30.255715338513255
-29.91403890773654
-31.676553721539676
-28.689200341701508
-27.026707850396633
-28.819533348083496
-34.57354600727558
-32.383941888809204
-39.58289724588394
-34.35571822524071
-37.885177582502365
-32.28649175167084
-33.04120247811079
-37.513117238879204
-37.42324706912041
-27.576530393678695
-32.56789200613275
-31.52895327284932
-30.239355532452464
-31.753346756100655
-32.5959320217371
-35.49990416318178
-35.467975951731205
-25.02424206584692
-32.68752892315388
-36.31907610595226
-30.601273730397224
-24.10562942130491
-34.80154140293598
-40.927311696112156
-33.57207916676998
-30.029760725796223
-36.888077199459076
-35.94963453710079
-34.703467309474945
-24.056654185056686
-30.31465619802475
-30.6486699283123
-31.05996462702751
-23.679867062717676
-33.71976101398468
-37.90904280543327
-31.755964153213426
-39.499677896499634
-35.92966493964195
-39.622783571481705
-46.17050859332085
-32.92599664628506
-40.50143752992153
-41.28423212468624
-40.061548724770546
-31.89869585633278
-39.82665145397186
-40.83361729979515
-38.6254498064518
-38.93340799212456
-44.42865538597107
-51.32498091459274
-44.70699301362038
-39.86748397350311
-42.074828773736954
-47.77165886759758
-45.10876154899597
-39.11460494995117
-45.66891756653786
-49.833654791116714
-45.584328174591064
-26.862578690052032
-34.49633377790451
-33.8567761182785
-33.58127471804619
-23.923319041728973
-30.859777748584747
-30.990077674388885
-30.867197319865227
-21.663245007395744
-28.63144986331463
-33.60087889432907
-33.221166253089905
-18.554384373128414
-30.80149880051613
-33.992776568979025
-26.642502769827843
-25.14955574274063
-34.754498809576035
-33.61371499300003
-33.09949088096619
-34.271742820739746
-41.82010926306248
-43.21916112303734
-41.619064688682556
-27.366173192858696
-37.947170443832874
-38.65443153679371
-33.27302198857069
-32.682031095027924
-30.950623251497746
-41.375413969159126
-40.85764579474926
-34.72635439038277
-38.91221585869789
-43.279947608709335
-41.98294976353645
-19.219110742211342
-25.10488323122263
-22.078683726489544
-24.178473502397537
-33.70660352706909
-40.430948197841644
-41.52625122666359
-40.85053336620331
-36.357522398233414
-39.24596041440964
-42.6861212849617
-42.44130104780197
-29.377235904335976
-32.89745324105024
-37.479095324873924
-33.681387431919575
-36.75811801105738
-33.815498881042004
-37.66881810873747
-42.85461234301329
-40.5992486178875
-45.785302609205246
-53.24554052948952
-47.83993446826935
-24.52325466275215
-34.898612678050995
-32.14550206065178
-31.550349056720734
-32.8327691257
-40.40810579061508
-42.00431549549103
-40.0805658698082
-26.604654133319855
-35.11986431479454
-34.21371257305145
-32.43545612692833
-25.403866410255432
-34.91632077097893
-36.840010821819305
-34.68055635690689
-29.38690921664238
-35.623767614364624
-34.588691383600235
-35.62171822786331
-43.66954630613327
-46.51774179935455
-47.71976178884506
-47.75883173942566
-15.338578261435032
-14.69606126844883
-25.13094163686037
-24.304028764367104
-47.24178001284599
-53.35973769426346
-54.08985769748688
-53.45240631699562
-26.77219045162201
-34.2142069041729
-32.788958966732025
-33.11012223362923
-27.664918392896652
-35.678429275751114
-37.45113977789879
-32.42631161212921
-33.991496697068214
-43.468165040016174
-46.97436687350273
-39.28062176704407
-39.18530648946762
-43.937613010406494
-50.71013009548187
-46.06930407881737
-30.070825424045324
-36.57606008276343
-36.57376116514206
-36.97557896375656
-23.18795943260193
-32.19968290627003
-32.279542580246925
-31.45466361939907
-30.869394600391388
-37.4783773124218
-37.230968326330185
-37.26731142401695
-20.458344787359238
-24.00020821392536
-21.395282596349716
-28.26725748181343
-40.233119666576385
-47.943950206041336
-48.920330286026
-46.413476049900055
-32.29701964557171
-28.241193272173405
-33.24477184563875
-38.660435646772385
-41.43425014615059
-46.73672115802765
-53.49254113435745
-48.794152319431305
-24.92263376712799
-30.83340561389923
-31.683744579553604
-31.757815927267075
-20.55346122663468
-30.89024657011032
-36.001247972249985
-28.817890680860728
-31.344684667885303
-32.12100601941347
-35.056450232863426
-35.88614757359028
-23.826568633317947
-31.75024090707302
-30.366813093423843
-29.636936098337173
-32.58692779764533
-30.617785450071096
-31.7373420111835
-37.55976005271077
-27.063177347183228
-36.84766015410423
-38.36421525478363
-33.04646106809378
-29.70798994600773
-39.38682383298874
-41.06078254431486
-35.48799044638872
-19.853735983371735
-30.796617031097412
-30.190023481845856
-26.81388920545578
-29.552143394947052
-33.40001991391182
-40.37518158555031
-36.227414071559906
-26.05304542183876
-34.03678518533707
-33.459598392248154
-33.057389080524445
-26.77376300096512
-35.57769852876663
-39.392269089818
-33.125806361436844
-31.727352797985077
-38.3379046022892
-44.90838170051575
-39.659230560064316
-24.857004672288895
-33.565448224544525
-35.76124531030655
-30.40739330649376
-49.56020697951317
-56.315719693899155
-59.80420625209808
-54.75406268239021
-33.18192648887634
-36.3436439037323
-46.237469136714935
-42.13125967979431
-19.90199050307274
-23.480230063199997
-22.014241755008698
-27.343682020902634
-27.36931288987398
-34.889761328697205
-40.03771875798702
-40.16128744184971
-17.837456069886684
-20.870166212320328
-27.469243451952934
-27.750967405736446
-25.3506982922554
-29.66696771979332
-26.44833429157734
-29.96201929450035
-36.62788173556328
-43.87866148352623
-45.51214700937271
-44.49240419268608
-26.586408972740173
-28.20277291536331
-33.063980400562286
-32.38263490796089
-29.041237741708755
-32.477599918842316
-36.56905183196068
-36.32323595881462
-26.017021149396896
-30.225013196468353
-27.210060507059097
-32.560839504003525
-20.06296682357788
-26.904063373804092
-25.373089015483856
-27.579821705818176
-37.49567413330078
-43.801918506622314
-45.1638807952404
-44.69176024198532
-21.34650655835867
-21.969591423869133
-30.606714844703674
-30.453601621091366
-21.79991501569748
-28.005353927612305
-27.178851455450058
-27.659366607666016
-30.403996095061302
-33.21532483398914
-35.62553769350052
-36.9189186245203
-28.90449970960617
-36.93834400177002
-36.800508469343185
-36.73809576034546
-25.704672127962112
-32.705690741539
-39.44481733441353
-39.40131592750549
-28.40842032060027
-40.54074013233185
-42.04878666996956
-36.814898608252406
-30.20047128200531
-37.39333549141884
-33.28569784760475
-35.59419006109238
-30.848272867500782
-38.797132447361946
-41.57278644293547
-36.30038991570473
-26.315039202570915
-24.832188740372658
-28.38971520960331
-33.249574452638626
-17.682494320441037
-28.078906796872616
-34.50407512485981
-26.936572071164846
-23.440214529633522
-31.191038087010384
-35.563771575689316
-35.06600019335747
-20.48654130101204
-23.685758970677853
-20.788050189614296
-27.40829873085022
-31.12811951339245
-39.354268461465836
-43.34365576505661
-42.279409021139145
-26.09870284795761
-29.965843558311462
-34.425876170396805
-33.164243310689926
-20.77711322903633
-31.161125279963017
-31.789390332996845
-29.09357552230358
-37.62014952301979
-34.739653408527374
-35.385179966688156
-42.18177258968353
-32.326452404260635
-28.93945337831974
-40.81871059536934
-41.12508289515972
-23.997324496507645
-27.86054879426956
-32.84350299835205
-31.640957415103912
-24.3324179276824
-27.013262435793877
-30.793866895139217
-30.574772402644157
-33.860030829906464
-40.748789966106415
-40.32556375861168
-40.969716280698776
-19.30255138874054
-22.260805785655975
-26.808066815137863
-26.791080504655838
-19.927042543888092
-29.569695562124252
-31.50302717089653
-26.13667294383049
-25.54563817381859
-28.539331376552582
-26.093750834465027
-32.45973274111748
-24.447373669594526
-33.94786086678505
-38.42164722084999
-31.349625797010958
-35.05741372704506
-40.51830753684044
-41.53318065404892
-41.345416724681854
-37.63186368346214
-43.234103322029114
-48.792538702487946
-43.66347870230675
-23.0501489341259
-29.805227637290955
-27.443292051553726
-30.03352677822113
-26.17580819129944
-31.3024500310421
-35.58600249886513
-33.6510865688324
-38.26499002799392
-40.99285412952304
-44.79079373925924
-42.75572073459625
-17.944676518440247
-29.69047974795103
-33.26856242120266
-26.259288558736444
-18.749470309354365
-29.199628058820963
-32.471024703234434
-26.279695680364966
-39.81481844186783
-39.32301926612854
-41.84854480624199
-42.803191274404526
-29.235577672719955
-37.11527040600777
-38.402453541755676
-36.273651242256165
-34.879724472761154
-36.78945827484131
-41.403459548950195
-40.12187531590462
-19.435997504740953
-31.83321049809456
-34.150451600551605
-27.157196685671806
-19.786084175109863
-24.692206144332886
-21.293958216905594
-25.00783270597458
-32.699394039809704
-33.32392566651106
-37.14630268514156
-38.40553519129753
-25.371606081724167
-33.088986963033676
-32.94863844662905
-32.74787648022175
-19.8421543687582
-26.411031275987625
-24.62933960556984
-26.007553100585938
-21.658222764730453
-26.580870270729065
-21.95194500684738
-27.42993488907814
-26.894862115383148
-32.31252095103264
-27.91539692878723
-32.85605651140213
-20.538690745830536
-29.43347728252411
-37.16688349843025
-29.260305553674698
-37.477853924036026
-39.81550696492195
-43.147125005722046
-42.57118213176727
-24.948960475623608
-26.059143096208572
-31.685279704630375
-33.58364687860012
-38.55323866009712
-41.06316351890564
-43.74181765317917
-41.17980244755745
-26.264108180999756
-33.84840986132622
-30.67480343580246
-32.62568163871765
-25.824478805065155
-29.00797539949417
-32.52068716287613
-30.466447591781616
-21.05620351433754
-27.119402915239334
-22.968979597091675
-27.688844457268715
-43.43419101834297
-46.121607810258865
-47.297777116298676
-48.96459922194481
-28.82672354578972
-30.800197303295135
-26.95491862297058
-34.765694469213486
-34.920973643660545
-37.53754065930843
-41.45139552652836
-39.19446776807308
-18.35328894108534
-27.910586692392826
-30.37708479911089
-24.82287185639143
-22.657811203040183
-32.33018997311592
-36.90354463458061
-30.30541111063212
-30.59029257297516
-33.27609747648239
-36.83551353216171
-34.80192196369171
-31.739202603697777
-39.3636983782053
-43.94790104031563
-43.10291622579098
-41.608528316020966
-42.82883921265602
-45.41298019886017
-45.67051109671593
-25.495252557098866
-30.36926608532667
-30.95284214615822
-31.44161492586136
-31.923655420541763
-33.022416934370995
-36.039467073976994
-37.337844394147396
-20.273396694567055
-31.100306287407875
-35.0855330824852
-28.415191119536757
-21.363773891236633
-31.649274859577417
-35.755871430039406
-29.365250622853637
-23.71053697913885
-27.136153504252434
-25.867216274142265
-30.101117238402367
-20.07892134785652
-29.748767465353012
-30.370943784713745
-27.231330811977386
-34.357830345630646
-36.40078777074814
-42.72188797593117
-41.6419235765934
-25.686977922916412
-34.30420732498169
-33.153160095214844
-32.15632829070091
-41.65712860226631
-42.7905268073082
-44.231798112392426
-45.861605018377304
-41.45282471179962
-45.4182890355587
-49.21751317381859
-44.58211621642113
-24.776788279414177
-29.50565711548552
-28.559450241737068
-30.279409058392048
-26.534903347492218
-32.4699941277504
-30.09047096967697
-35.128451108932495
-24.504329413175583
-32.296746611595154
-30.109280735254288
-30.54163646697998
-28.205858528614044
-25.538890421390533
-27.867028266191483
-34.99559620022774
-31.924483835697174
-38.392092019319534
-44.86341208219528
-39.14232552051544
-22.80257286131382
-31.828327246010303
-35.8543239235878
-29.624196410179138
-17.242238342761993
-23.1672001183033
-20.49837376177311
-25.07462154328823
-32.43758895993233
-31.629725724458694
-41.93876641988754
-41.612400248646736
-24.76858639717102
-31.62945067882538
-27.79217179119587
-30.865312665700912
-33.43127855658531
-35.738969296216965
-46.970084339380264
-43.253433257341385
-24.060865195468068
-35.98032674193382
-38.187408208847046
-31.682740326970816
-29.357808828353882
-32.549887388944626
-29.172848343849182
-34.15083411335945
-38.39674961566925
-43.43153002858162
-49.992677718400955
-45.23989596962929
-40.72575989365578
-43.320972591638565
-48.50958168506622
-46.00641503930092
-42.1551159620285
-37.61922189593315
-41.49093014001846
-47.467937707901
-36.65620341897011
-36.834222078323364
-40.06802839040756
-41.47662517428398
-30.51636165007949
-42.49732545018196
-43.00814750790596
-37.343183076009154
-31.921636164188385
-32.17566537857056
-40.70864050090313
-39.823578879237175
-20.670732975006104
-26.44707342982292
-23.538994640111923
-28.970702975988388
-34.03044331073761
-37.58492574095726
-33.02563816308975
-37.363209038972855
-30.896177858114243
-36.49304509907961
-45.19381871819496
-38.268814235925674
-29.54994124174118
-36.04020896553993
-35.836745232343674
-35.247711181640625
-26.050476849079132
-32.516247391700745
-30.017649441957474
-35.20807334780693
-46.04184854030609
-49.288059532642365
-50.68052804470062
-48.99294030666351
-26.848306626081467
-30.860313057899475
-31.891424745321274
-32.22401902079582
-24.452078657690436
-29.277265161741525
-28.43597759352997
-27.23288368154317
-33.798173010349274
-43.49216587841511
-44.813148736953735
-38.885638520121574
-26.944187462329865
-37.003946185112
-36.008927792310715
-31.859735071659088
-24.31641910970211
-29.579825365450233
-28.90837539965287
-28.825071721337736
-18.615479350090027
-24.07347099483013
-20.885171696543694
-26.948791950941086
-34.26586985588074
-37.53441413491964
-41.415505185723305
-40.81532683968544
-27.918204188346863
-29.144024074077606
-35.808980107307434
-34.76373326778412
-40.288125932216644
-42.95213782787323
-44.63920947909355
-42.632083028554916
-26.125109553337097
-36.8979035615921
-38.23059546947479
-31.7932368516922
-26.512735664844513
-32.315415173769
-33.79902419447899
-33.60479059815407
-35.78720560669899
-41.10556074976921
-50.25322508811951
-42.781042993068695
-20.141388475894928
-23.095606178045273
-22.62732857465744
-27.368437737226486
-35.35206380486488
-40.16012215614319
-44.395855128765106
-44.25770279765129
-35.36029961705208
-37.82791142165661
-40.49450021982193
-38.0844261944294
-17.246155619621277
-21.59703692793846
-19.977157443761826
-25.263057380914688
-30.44117572903633
-40.131477892398834
-36.49897313117981
-36.32713842391968
-33.00725692510605
-40.5610194504261
-42.50177758932114
-40.16198551654816
-19.52455562353134
-30.162123523652554
-32.50982637703419
-26.498088739812374
-30.902356296777725
-32.53945755958557
-36.44374364614487
-35.039670526981354
-43.39079435914755
-45.919897351413965
-48.43367025628686
-46.19138181954622
-34.279108583927155
-40.93813455104828
-38.81013146042824
-40.180693447589874
-27.406222948338836
-39.30692544579506
-40.66335520148277
-34.7424652017653
-29.72283011674881
-38.41177120804787
-39.49606230854988
-37.50489857792854
-34.992286175489426
-37.92614874243736
-42.17793187499046
-44.112047135829926
-26.535915464162827
-36.42165008187294
-33.884836092591286
-33.2157002389431
-43.029696345329285
-50.4728609919548
-51.688281655311584
-50.04469758272171
-40.720348954200745
-43.332061648368835
-46.954098641872406
-45.209193140268326
-25.471804350614548
-32.899659886956215
-39.40159337222576
-38.67240622639656
-17.213869854807854
-22.845408268272877
-21.463615208864212
-21.75300720334053
-33.70599353313446
-40.771981835365295
-41.83350521326065
-41.002482146024704
-34.200023263692856
-36.93170318007469
-40.24922540783882
-39.88954344391823
-35.63602390885353
-45.5366570353508
-45.003970086574554
-40.51553601026535
-37.60169094800949
-41.64268246293068
-45.33470022678375
-41.10227474570274
-19.125688523054123
-23.20331084728241
-21.334123492240906
-24.55208721756935
-31.481164686381817
-39.95190964639187
-42.68651746213436
-36.98589099943638
-19.76519326865673
-24.66735553741455
-21.459909945726395
-27.37068471312523
-18.64488223195076
-24.669898480176926
-23.14310935139656
-23.964315623044968
-25.007442474365234
-33.07074120640755
-32.50889476388693
-31.482498571276665
-27.491871565580368
-35.374771147966385
-34.89262932538986
-34.61586856842041
-28.18162865191698
-24.92680996656418
-28.271832659840584
-34.78777890652418
-34.33715485036373
-41.849524170160294
-42.476945638656616
-41.30184844136238
-18.988606929779053
-22.276698619127274
-20.816727310419083
-24.606912672519684
-21.09165671467781
-24.777560502290726
-21.90661296248436
-26.52522760629654
-21.141254916787148
-28.90671492367983
-26.067441806197166
-27.598370224237442
-25.2520794570446
-33.1044827401638
-28.723133325576782
-31.597620129585266
-45.08753082156181
-51.250301003456116
-54.86801987886429
-50.978850573301315
-22.047931388020515
-28.432532131671906
-28.58907350897789
-29.319257900118828
-39.323988273739815
-38.747730791568756
-42.3502661138773
-42.27025815844536
-40.8249326646328
-43.53412076830864
-45.783835023641586
-43.049710005521774
-31.091511331498623
-38.014134995639324
-37.57199136167765
-37.77563900128007
-29.845045924186707
-35.955586373806
-36.591549187898636
-36.67603123188019
-31.549674689769745
-38.30734345316887
-40.15064638853073
-38.27424454689026
-25.286461889743805
-26.429196298122406
-30.864948868751526
-33.235287219285965
-32.652012676000595
-39.77555191516876
-37.43600672483444
-36.89584922790527
-24.896804690361023
-30.472093850374222
-28.147734701633453
-29.688087701797485
-27.121318139135838
-33.90770983695984
-31.342337250709534
-33.819486275315285
-17.473529181443155
-28.949658662080765
-31.912186056375504
-24.904646575450897
-32.81987112760544
-35.68607276678085
-42.51508903503418
-39.10248079895973
-39.16362237930298
-38.863721050322056
-42.85009568929672
-43.22105811536312
-20.879375971853733
-27.892186492681503
-26.2700287848711
-28.083143085241318
-19.443982668686658
-30.113059915602207
-33.64596585929394
-27.535514269024134
-26.20311388373375
-37.14816975593567
-36.403314858675
-32.96145740151405
-31.215315252542496
-36.96468275785446
-34.770633310079575
-36.552303463220596
-22.234510719776154
-27.3969966173172
-25.019238144159317
-28.99029529094696
-32.71321448683739
-33.92948566377163
-42.302470833063126
-42.271183624863625
-25.94488677382469
-31.873511664569378
-26.915475592017174
-31.765044756233692
-26.312158346176147
-27.74992597103119
-31.49785141646862
-32.39927224814892
-30.89872018992901
-40.470105208456516
-42.394835226237774
-36.02215563505888
-35.50636860728264
-45.2222626209259
-42.4410255253315
-41.13168081641197
-26.977046936750412
-35.45608016848564
-34.82931303977966
-33.89034229516983
-20.02704431861639
-24.36625798046589
-28.784266971051693
-28.22975668311119
-29.267782241106033
-37.76330351829529
-36.53946074843407
-36.05072954297066
-30.694611966609955
-37.1326208114624
-43.761010497808456
-38.040782779455185
-38.08562167733908
-47.23358853161335
-45.402034014463425
-43.11526257172227
-35.568492233753204
-38.37973862886429
-40.883392721414566
-40.439325362443924
-24.34924778342247
-31.03569006919861
-29.185271680355072
-33.11846247315407
-42.57028189301491
-47.75275894999504
-54.00812256336212
-48.553254410624504
-47.00860983133316
-52.23533287644386
-59.089634478092194
-53.56349900364876
-40.72417855262756
-43.753697246313095
-45.164797365665436
-43.41440373659134
-28.523222640156746
-34.789751432836056
-34.242892637848854
-34.5915495082736
-22.297522149980068
-28.756430998444557
-26.949417740106583
-28.14171889424324
-20.111192792654037
-28.923624008893967
-35.75059446692467
-27.724968910217285
-25.797613598406315
-29.07005975395441
-32.51481267809868
-33.03084081411362
-15.356397904455662
-17.00312875211239
-21.472335759550333
-23.413866732269526
-16.970027923583984
-23.65426567196846
-20.879516437649727
-22.903028219938278
-30.41624355688691
-35.69430724531412
-45.40947929024696
-38.214215867221355
-20.143877621740103
-30.95984186604619
-30.972726747393608
-27.110334917902946
-29.173194110393524
-35.05850765109062
-34.70883360505104
-34.254934042692184
-31.245411798357964
-37.42281999439001
-33.80816517025232
-36.69201476126909
-33.67116388678551
-43.057144820690155
-42.39578655362129
-42.01229327917099
-29.39392638206482
-32.35596442222595
-35.66987583041191
-33.36536779999733
-40.469293624162674
-43.310396403074265
-46.24189567565918
-43.74716877937317
-34.57834189385176
-36.317016430199146
-39.76694115996361
-38.52288502454758
-37.86659102514386
-40.33970724977553
-42.250444270670414
-40.51909397542477
-20.177024722099304
-30.1633760035038
-32.47848355770111
-29.4184872508049
-38.720241099596024
-43.902484357357025
-53.484690099954605
-45.35505831241608
-42.949888810515404
-49.4122673869133
-55.02825166285038
-48.28850847482681
-27.888276875019073
-33.31536120176315
-34.3729532957077
-34.379248917102814
-26.961436331272125
-34.201493591070175
-36.210321456193924
-33.59869185090065
-22.863747984170914
-29.804148584604263
-27.36802551150322
-29.85505011677742
-31.200282394886017
-38.048789620399475
-37.56486839056015
-37.86629390716553
-31.320409029722214
-37.723302990198135
-36.149680972099304
-37.101087629795074
-26.846371978521347
-33.95876345038414
-35.31613954901695
-34.136528581380844
-44.46004644036293
-47.65972790122032
-48.227888107299805
-49.52911922335625
-29.630182936787605
-35.592296719551086
-35.82920449972153
-35.995569944381714
-20.198123164474964
-27.890660285949707
-25.283218517899513
-27.11766192317009
-18.574875198304653
-22.28073463588953
-20.600110545754433
-25.381926402449608
-31.425562351942062
-38.740230947732925
-37.621264576911926
-36.61443629860878
-16.98898732662201
-22.59177289158106
-20.700173139572144
-21.640081763267517
-33.35797071456909
-36.1886305809021
-37.37012302875519
-38.72095608711243
-35.04500234127045
-35.338695734739304
-45.47248300909996
-44.34683817625046
-27.483896359801292
-31.27642484009266
-36.249550990760326
-32.75006698817015
-25.94972124695778
-34.502940982580185
-32.69464346766472
-31.753891825675964
-33.18434026837349
-34.50294616818428
-36.804161712527275
-36.92728678882122
-28.869720770046115
-33.30134228989482
-32.61631725169718
-33.17680787201971
-23.28427305817604
-30.975133776664734
-27.10075742006302
-30.064661905169487
-14.345288820564747
-16.202362716197968
-25.276047691702843
-23.988851353526115
-27.664506435394287
-38.33801645040512
-36.92232024669647
-34.83165022730827
-24.965329438447952
-31.298553369939327
-26.527104824781418
-30.04723557829857
-21.242810010910034
-30.402884542942047
-35.41726690530777
-27.936418563127518
-30.82902579754591
-36.36864183843136
-32.93551354110241
-35.94487816095352
-34.881161676719785
-46.114293336868286
-48.260533422231674
-42.91839129291475
-20.860951430164278
-30.898259043693542
-37.613508105278015
-30.408926971256733
-26.284164607524872
-30.755109786987305
-32.90000382065773
-33.3840788602829
-41.68520766496658
-43.64599788188934
-44.87732872366905
-44.88580206036568
-25.90127468109131
-34.41320851445198
-39.73071709275246
-31.84444561600685
-23.1135081499815
-30.633351251482964
-37.11145958304405
-36.088075429201126
-36.845407009124756
-34.804641753435135
-37.421353965997696
-43.5165208876133
-20.471889182925224
-21.12826406955719
-28.60737032443285
-28.90878115594387
-30.196265995502472
-33.32132562994957
-38.495578706264496
-39.28834801912308
-17.464734720997512
-23.922874541021883
-23.69544794317335
-23.24259042367339
-36.677609637379646
-38.93587155640125
-41.97121047973633
-40.082375690340996
-28.97630373388529
-39.492278192192316
-39.892489187419415
-35.15194171667099
-28.190962731838226
-30.613520681858063
-36.50552982091904
-33.19590523838997
-21.67965157330036
-27.92139794677496
-27.992274947464466
-28.247548885643482
-34.707212924957275
-32.60392469167709
-44.3414286673069
-43.742613703012466
-25.95832945406437
-31.56929813325405
-32.074785366654396
-31.98671020567417
-29.836541667580605
-37.50229151546955
-43.35934805870056
-42.413206949830055
-39.396519124507904
-41.61725902557373
-39.11573252081871
-43.34917038679123
-38.827873051166534
-43.51376086473465
-51.7079903781414
-44.151171281933784
-27.94357079267502
-37.44287836551666
-42.79866045713425
-34.07758593559265
-24.695570439100266
-30.36019393056631
-28.77500057220459
-29.661680474877357
-20.569856375455856
-26.874773129820824
-24.54940225929022
-27.389599710702896
-25.716550052165985
-33.41628576815128
-30.91352853178978
-33.019145369529724
-24.511991538107395
-32.634615033864975
-38.50101488828659
-37.85176180303097
-25.71907737851143
-28.81160518527031
-28.19034445285797
-31.812253445386887
-19.31599912047386
-24.671675235033035
-20.425825238227844
-26.38364064693451
-42.97747394442558
-48.67204302549362
-54.76707497239113
-49.31751897931099
-40.229875296354294
-44.70117327570915
-48.1030769944191
-42.99874597787857
-45.637555211782455
-47.89310023188591
-48.79301732778549
-49.530991315841675
-29.332589321769774
-40.66046893596649
-41.38779732584953
-36.10588131099939
-19.58824614342302
-30.436206698417664
-32.4865919649601
-26.428314857184887
-28.63169038295746
-33.179981000721455
-28.87504370510578
-32.96677653491497
-31.915425211191177
-35.11877357959747
-40.36995190382004
-41.30865550041199
-32.681585520505905
-36.47959518432617
-40.42640084028244
-39.66332644224167
-20.118128716945648
-26.871815912425518
-25.177320331335068
-26.942355751991272
-21.9789140666835
-26.205459511838853
-26.67432163702324
-26.288464484736323
-24.414948731660843
-29.478114545345306
-27.636725664138794
-31.633278161287308
-19.192404240369797
-28.493752032518387
-30.8612362742424
-25.64363667368889
-25.822090946137905
-29.327800199389458
-26.352426797151566
-30.43021772801876
-41.57318677008152
-45.9120851457119
-52.96036261320114
-47.51621763408184
-19.64159719645977
-25.819899037480354
-22.591585144400597
-27.084736205637455
-40.353122889995575
-44.540738582611084
-52.73024579882622
-47.12718552350998
-23.349016427993774
-33.457853853702545
-34.0218009352684
-31.18266260623932
-32.66301941871643
-34.85479661822319
-36.68718731403351
-35.43641662597656
-24.546031549572945
-34.140510588884354
-36.15058310329914
-30.385311618447304
-19.598047907464206
-23.016403465066105
-24.221393662970513
-25.016263069584966
-13.459538891911507
-14.678372241556644
-21.682317048311234
-22.854865044355392
-33.81071147322655
-37.98173666000366
-37.28152444958687
-39.09784033894539
-19.357506528496742
-25.371488332748413
-21.464486807584763
-27.993060737848282
-39.79831746220589
-39.51413360238075
-44.62136894464493
-45.69560080766678
-35.31386864185333
-41.4798284471035
-43.34114274382591
-41.45957884192467
-34.83372402191162
-34.13018548488617
-38.78742381930351
-37.00296860933304
-23.734843514859676
-31.602483704686165
-36.16364957392216
-36.114580519497395
-44.655464977025986
-45.02063027024269
-48.121024668216705
-49.02995476126671
-35.86426892131567
-35.82750692218542
-40.41362425684929
-41.008866876363754
-33.634376272559166
-42.10735523700714
-39.60634136199951
-39.52659125626087
-19.24963554739952
-22.68646091222763
-22.01891639828682
-26.7831729054451
-33.51278575928882
-45.56890803575516
-46.402299493551254
-41.20967101119459
-33.397900357842445
-35.43060352653265
-37.788350224494934
-36.463448107242584
-28.857386022806168
-37.22970288991928
-41.975689738988876
-34.875922113657
-33.999062448740005
-39.407648146152496
-38.86897611618042
-40.10987460613251
-27.242050230503082
-36.79050825536251
-37.62798961997032
-32.449266500771046
-38.6823568046093
-41.73244994878769
-43.277193665504456
-41.31199896335602
-33.03555852174759
-34.49706348776817
-40.6387103497982
-39.61459541320801
-25.897095814347267
-29.587650761008263
-31.217479698359966
-31.629378333687782
-18.01668791472912
-24.67898264527321
-20.938240110874176
-26.171321630477905
-34.322658739984035
-44.357530511915684
-45.16292629390955
-39.25377485156059
-26.113119930028915
-35.3952362537384
-37.08950653672218
-31.509416729211807
-22.296079702675343
-25.23128778487444
-29.655817799270153
-30.22712616622448
-24.478933304548264
-27.329779759049416
-25.919380739331245
-31.296245604753494
-27.952063649892807
-26.28972440958023
-27.631698697805405
-33.488322019577026
-25.651705630123615
-35.64698792248964
-37.40941172093153
-31.38403370976448
-16.458011358976364
-15.216483816504478
-24.57889039069414
-24.94741926714778
-16.282437354326248
-23.304398596286774
-20.10960678756237
-22.41351342201233
-27.540225498378277
-33.43006122112274
-32.99776032567024
-33.6321999207139
-33.12366443872452
-37.263545006513596
-41.381709426641464
-40.82766863703728
-23.171503723133355
-27.931689893826842
-27.682008649688214
-27.170458858832717
-30.507128685712814
-36.30763444304466
-35.23640829324722
-36.47835910320282
-29.01355531811714
-36.70712621510029
-35.99000026285648
-36.03692699968815
-19.30463765654713
-28.94263692200184
-34.97701695561409
-28.431576054543257
-30.929378032684326
-33.832137018442154
-41.66281405091286
-37.99893483519554
-27.179100677371025
-30.852700665593147
-34.28135135769844
-34.83784918487072
-28.87395229935646
-37.38426327705383
-35.15677860379219
-34.858603060245514
-37.225568413734436
-44.64305451512337
-45.93276888132095
-43.979905515909195
-35.37014240026474
-43.19867217540741
-42.95325228571892
-39.406425297260284
-31.88512882590294
-36.99062806367874
-47.911453396081924
-39.87921416759491
-28.442088082432747
-32.44744351506233
-36.75324646383524
-33.29073419421911
-24.464845076203346
-31.67850351333618
-28.76002912223339
-30.426675587892532
-20.870088510215282
-23.671943061053753
-27.329537622630596
-27.1845395937562
-42.352418422698975
-42.07222864031792
-46.24622377753258
-47.016072154045105
-24.680468827486038
-33.19522051885724
-28.450516760349274
-30.08735455572605
-32.666674226522446
-36.35419788956642
-38.23720681667328
-38.47896632552147
-33.99053975939751
-34.13276979327202
-40.1144777238369
-41.30433303117752
-32.48539936542511
-35.35475918650627
-36.94584736227989
-35.52077803015709
-18.38209645077586
-28.594213638454676
-30.241437077522278
-26.21791549772024
-39.56923398375511
-48.94551759958267
-47.28483331203461
-47.068490982055664
-22.68187615275383
-26.36090460419655
-23.662142485380173
-27.259902983903885
-35.538660667836666
-37.39628340303898
-40.6515139490366
-39.63081330060959
-42.591158747673035
-47.25506928563118
-55.82066413760185
-50.89926889538765
-34.27976354956627
-37.62557998299599
-48.24566584825516
-43.789643198251724
-37.81380255520344
-40.59961664676666
-43.32942061126232
-40.803835675120354
-28.84450899064541
-35.296301662921906
-33.12948988378048
-35.00764684379101
-32.13932025432587
-34.564875572919846
-34.88706573843956
-33.48987254500389
-19.760698072612286
-24.078609321266413
-21.908407658338547
-27.403849117457867
-27.324100226163864
-30.2411447763443
-32.46258947253227
-32.760210394859314
-19.032451087143272
-23.83336916565895
-24.560349319130182
-24.011774429585785
-35.96158841252327
-43.923615247011185
-46.30338877439499
-44.25810846686363
-23.48063251376152
-29.105003029108047
-27.379495084285736
-28.57482597231865
-18.912768628448248
-29.12155643850565
-35.77749165147543
-28.551980804651976
-38.13335344195366
-45.65583923459053
-45.75997972488403
-43.920858055353165
-23.781836196780205
-29.128938138484955
-26.30747152864933
-30.934401139616966
-26.63808038830757
-35.64105272293091
-34.09533056616783
-33.9442445486784
-30.964799612760544
-37.147101521492004
-36.39923343062401
-36.651911556720734
-37.63848343491554
-35.79175892472267
-45.26534876227379
-46.84215624630451
-18.000370770692825
-23.794943869113922
-22.08753076195717
-25.44742912054062
-39.96199581027031
-42.74812760949135
-44.526562601327896
-42.813632398843765
-37.05725374817848
-43.137775510549545
-42.40257754921913
-43.076312839984894
-31.247325658798218
-36.17726558446884
-36.56201186776161
-37.5237780213356
-33.85178731381893
-31.849605932831764
-35.04363410919905
-39.978699285537004
-22.12281209975481
-31.79141130298376
-38.34281702339649
-31.778002005070448
-29.073606371879578
-27.641611367464066
-28.638560265302658
-35.279295444488525
-34.888890624046326
-38.42055815458298
-33.62927281856537
-40.507725954055786
-37.705889374017715
-42.773185819387436
-39.634341180324554
-41.688133746385574
-31.87296614050865
-33.140491992235184
-39.01951140165329
-39.244800090789795
-19.284523343201727
-24.970491169951856
-24.735665014013648
-24.58642205921933
-25.889095157384872
-31.76292634010315
-28.869265913963318
-32.72185856103897
-41.90887460112572
-46.45643422007561
-55.01650905609131
-49.863272577524185
-39.66266047954559
-42.557618886232376
-47.378894329071045
-48.52508816123009
-36.05167782306671
-45.79518321156502
-44.54157182574272
-43.85160255432129
-21.73920164257288
-32.03989025950432
-37.18708473443985
-30.392173267435282
-37.724081698805094
-43.86045042052865
-49.53285451233387
-43.66788315027952
-24.991859935224056
-33.70599985122681
-36.29986351728439
-30.667634159326553
-39.229507476091385
-41.732845932245255
-45.566433012485504
-42.899194687604904
-39.93014657497406
-49.122246742248535
-48.81054410338402
-48.09697163105011
-32.571951664984226
-32.11247145757079
-37.925108797848225
-36.60767411440611
-31.041629195213318
-37.383417904376984
-33.820367097854614
-36.35690197348595
-17.927406607195735
-22.87922280933708
-23.809710117522627
-24.918735361658037
-32.080401331186295
-37.04468724131584
-49.32475537061691
-41.68206548690796
-29.08777801366523
-33.98695741454139
-32.94854513043538
-31.564833029173315
-32.80117720365524
-29.07276949286461
-33.09022572636604
-39.22190269827843
-25.898782257921994
-36.09479480981827
-42.66810875386
-35.185852736234665
-30.90044827759266
-30.310158863663673
-39.728899002075195
-39.66753499209881
-19.9081666842103
-23.800007171928883
-20.727741926908493
-25.91350234299898
-22.492301732301712
-30.532909333705902
-35.34853609651327
-35.22352933138609
-26.7639469653368
-30.869571290910244
-33.14696508646011
-33.98781572282314
-33.59105631709099
-34.74472299218178
-37.344150602817535
-38.72230735421181
-25.016912430524826
-33.585327595472336
-34.97145602107048
-29.212172359228134
-39.27969220280647
-45.68507072329521
-46.050687462091446
-46.131016463041306
-27.920982718467712
-37.83234077692032
-37.1511849462986
-34.28569811582565
-35.68874826282263
-41.40837109088898
-42.109327245503664
-41.957070391625166
-42.315311312675476
-50.48187014460564
-49.43833354115486
-47.5375993847847
-22.21705874800682
-30.999497294425964
-33.12148252129555
-28.077167809009552
-28.92056182026863
-35.20647184550762
-33.54817834496498
-35.913710713386536
-30.764915198087692
-38.313808143138885
-37.58242130279541
-37.44603580236435
-31.567185770254582
-42.107132971286774
-44.40604719519615
-39.11588112078607
-29.584683261811733
-30.898131370544434
-36.65367438644171
-36.765598610043526
-36.165684551000595
-38.834511667490005
-34.46956047415733
-39.35138896107674
-32.77888643741608
-39.53418365120888
-39.26776298880577
-39.06340244412422
-18.884441383183002
-24.32554493844509
-22.08670198172331
-26.565814651548862
-19.247255221009254
-22.378490462899208
-20.72290551662445
-26.77401503920555
-24.84387171268463
-29.764824002981186
-27.53484496474266
-30.21634554862976
-27.21017826348543
-33.13959077745676
-27.99891869723797
-31.905227534472942
-38.11530601978302
-41.31874722242355
-42.39401721954346
-40.75372490286827
-34.90850976109505
-41.784355729818344
-42.292417258024216
-41.37728330492973
-19.64515221118927
-29.35921362042427
-30.522596210241318
-24.856669932603836
-40.93166261911392
-46.67261388897896
-47.46659278869629
-47.32688549160957
-39.93304115533829
-41.727704763412476
-45.29757538437843
-43.642803966999054
-41.3284597992897
-43.576837331056595
-47.18641370534897
-46.24160200357437
-29.19173762202263
-35.53802955150604
-35.971883088350296
-34.9409539103508
-25.946576649323106
-30.866241284646094
-30.32474903576076
-29.878503926098347
-32.38720861077309
-34.74076136946678
-38.30347043275833
-36.66388085484505
-31.369169890880585
-30.432896614074707
-34.10472923517227
-38.78732371330261
-33.187511056661606
-40.12841337919235
-41.86922401189804
-41.108094066381454
-42.63043263554573
-42.972754299640656
-50.35685995221138
-50.12128660082817
-24.756798267364502
-30.56504127383232
-31.05565606057644
-30.94045627117157
-42.65591871738434
-49.69933581352234
-49.92128500342369
-48.79834470152855
-20.30243131518364
-30.33693566918373
-32.3506726026535
-26.704166889190674
-34.85553589463234
-38.680520594120026
-38.492326349020004
-40.79834270477295
-25.117563247680664
-32.12287154793739
-31.1421437561512
-31.563904017210007
-42.096570402383804
-44.15679770708084
-47.74535655975342
-44.98615676164627
-42.26923829317093
-43.64605915546417
-44.88280972838402
-45.576436549425125
-28.02780795842409
-29.00568439811468
-34.47938259691
-33.397696666419506
-39.67351043224335
-48.54936897754669
-46.204640954732895
-45.60088908672333
-32.72680928558111
-34.42403368651867
-38.89818748831749
-37.61453554034233
-37.4260850250721
-42.3902355581522
-48.78492321074009
-43.33136785030365
-29.281053505837917
-35.45259280502796
-35.514640882611275
-35.53495084494352
-36.92935994267464
-44.42149868607521
-45.346301570534706
-44.6290997415781
-39.170303493738174
-41.16775590181351
-46.97514849901199
-45.3482303917408
-22.789316654205322
-28.370474886149168
-24.63496206700802
-29.191826708614826
-39.01905599236488
-43.86901766061783
-51.02939814329147
-45.06809416413307
-29.177353024482727
-34.38030490279198
-29.46995098888874
-32.549399584531784
-29.745679527521133
-33.025038719177246
-40.964894860982895
-37.53811717033386
-19.02928650379181
-28.215509921312332
-29.98379933834076
-24.80429169535637
-22.83079758286476
-28.99022188782692
-29.44922497868538
-29.932531416416168
-36.08470803499222
-36.9444055557251
-40.3175323009491
-38.61033698916435
-41.12757167220116
-49.74497005343437
-48.712772607803345
-48.55629336833954
-22.22068727016449
-27.56418815255165
-27.01972007751465
-27.507029592990875
-31.003141552209854
-34.59357115626335
-42.44332453608513
-38.338734209537506
-24.037851631641388
-34.02426843345165
-31.805909134447575
-31.30884623527527
-31.962692767381668
-34.74171930551529
-36.251355439424515
-37.21303868293762
-29.19940721988678
-38.99719834327698
-39.049643248319626
-34.43509531021118
-21.292373776435852
-28.260077640414238
-25.356480985879898
-27.61600087583065
-25.397618051618338
-25.924659583717585
-32.22373853623867
-31.745343908667564
-29.26564657688141
-35.46403035521507
-32.98504838347435
-36.6481451690197
-21.263749606907368
-28.694395013153553
-25.665982216596603
-28.88249471783638
-19.44228208065033
-25.93576681613922
-23.09841637313366
-24.665544748306274
-19.1624387614429
-24.132282762788236
-24.186861258000135
-23.278274735435843
-24.77314095199108
-30.093432426452637
-29.981671631336212
-30.918599516153336
-37.92750987410545
-34.47532871365547
-39.34993812441826
-44.435583263635635
-25.821073289960623
-30.13066651672125
-31.709487676620483
-32.856785990297794
-37.07451331615448
-39.25096267461777
-42.075837880373
-40.38092800974846
-28.005525708198547
-34.26514248549938
-33.716028690338135
-34.419135600328445
-26.353022575378418
-33.89792573451996
-30.529757976531982
-35.89437931776047
-25.943295508623123
-32.42770028114319
-32.19524472951889
-32.553713887929916
-30.156784415245056
-27.60731467604637
-30.512505292892456
-36.49708741903305
-22.620767273008823
-30.141305938363075
-34.75652492046356
-34.3876723125577
-24.108936175704002
-28.662875309586525
-28.40291114896536
-28.844309106469154
-31.71609053015709
-36.60217696428299
-35.55824986100197
-36.9166202545166
-24.617226481437683
-32.085121899843216
-31.512217991054058
-31.179027274250984
-27.507338017225266
-35.19638305902481
-36.86225253343582
-32.16219899058342
-21.26597766019404
-32.201263427734375
-35.23165690898895
-28.731767393648624
-43.35036465525627
-45.68921509385109
-49.80983152985573
-46.750202268362045
-22.424824126064777
-23.562961414456367
-31.557188630104065
-30.381934829056263
-23.16401696205139
-31.461397498846054
-28.19586318731308
-32.73608320951462
-23.087617456912994
-31.831813663244247
-30.56243871152401
-29.42015540599823
-27.690864354372025
-37.412930846214294
-37.64708089828491
-34.45723560452461
-32.31686097383499
-34.49573490023613
-39.46501624584198
-37.661222755908966
-18.836096316576004
-24.42044711858034
-22.76959954202175
-25.17379856109619
-34.13542518019676
-36.52856886386871
-41.22476348280907
-39.886555910110474
-40.739485919475555
-48.08462944626808
-48.17097479104996
-46.73277223110199
-28.78721657395363
-34.74930948019028
-34.9850035905838
-34.77739408612251
-36.50596359372139
-44.852277874946594
-43.004812926054
-41.37642268836498
-33.69396251440048
-39.66866096109152
-45.4552066475153
-40.054384380578995
-18.569334611296654
-28.718353621661663
-31.716831050813198
-25.85734025388956
-26.30252643674612
-31.309523105621338
-28.951478831470013
-33.02615896612406
-36.835162341594696
-42.349282056093216
-43.29316121339798
-42.738637655973434
-25.987910896539688
-32.95415088534355
-30.824736714363098
-32.78393676877022
-36.93076813220978
-41.248755395412445
-44.28966403007507
-44.90484172105789
-33.05955398082733
-40.9063803255558
-42.01121208071709
-40.14217832684517
-28.68569114804268
-31.88686177134514
-33.859829783439636
-34.48484259843826
-27.38495171070099
-29.144671589136124
-33.75489616394043
-32.75596262514591
-30.93055373430252
-40.1120685338974
-42.961422473192215
-36.11280409991741
-44.623769760131836
-50.28260400891304
-54.378729432821274
-50.762990832328796
-25.451006814837456
-27.976671487092972
-27.330202504992485
-32.31094545125961
-18.220318168401718
-25.251438826322556
-24.08285915851593
-24.51728318631649
-36.67144349217415
-34.35660073161125
-36.053551852703094
-42.031891256570816
-28.295390874147415
-37.81505858898163
-41.11667796969414
-33.68395423144102
-32.73523527383804
-38.829369604587555
-38.31524038314819
-37.82994119822979
-30.08864513039589
-31.924839556217194
-28.31130737066269
-33.719300746917725
-25.411404937505722
-32.05630122125149
-32.40606302022934
-31.7837992310524
-26.849612444639206
-31.43161678314209
-33.67963758111
-34.792598366737366
-31.485879473388195
-37.31131201609969
-45.575376115739346
-39.9732468649745
-27.58676764369011
-31.551941886544228
-36.413535207509995
-31.950029134750366
-32.09110215306282
-39.76370880007744
-44.92948564887047
-44.36669346690178
-43.05894950032234
-49.491583704948425
-52.68395382165909
-48.378779858350754
-40.080290108919144
-43.05662798881531
-42.73797091841698
-40.74639654159546
-32.33770589902997
-38.07613127678633
-45.95026061683893
-40.63612322509289
-32.084165930747986
-34.50416657328606
-36.11020368337631
-36.791713565588
-31.06274802982807
-39.41371434926987
-43.41640815138817
-42.49638682603836
-25.32280734181404
-34.11863774061203
-29.981862023472786
-31.538553178310394
-37.32264116406441
-46.190255433321
-44.94992882013321
-44.80755078792572
-29.118345499038696
-34.585348665714264
-35.81426927447319
-36.883053094148636
-23.401133060455322
-30.303000181913376
-27.704562574625015
-30.077135145664215
-33.378677278757095
-40.81874194741249
-39.8711764216423
-39.616676300764084
-21.29530930519104
-31.299480319023132
-30.998588889837265
-28.01601666212082
-20.256182312965393
-27.77674949169159
-25.571812957525253
-27.387176781892776
-24.219456270337105
-29.92939678579569
-27.40863276273012
-28.66548229753971
-34.7726632244885
-33.29755142331123
-35.351411893963814
-40.67418272793293
-37.66568452119827
-40.9294596016407
-44.20795863866806
-39.70806181430817
-26.72218957543373
-26.010858952999115
-28.28834781050682
-33.883486330509186
-33.42429726570845
-36.25677125900984
-37.543823286890984
-36.17576630413532
-27.686842262744904
-34.86896127462387
-30.970375895500183
-32.64016979932785
-38.12662452459335
-40.08415639400482
-51.93936714529991
-47.81004071235657
-13.27120091766119
-15.606906644999981
-19.952032797038555
-22.54115330427885
-26.703040048480034
-32.62337848544121
-32.1720565110445
-32.55527167022228
-28.122901737689972
-35.495639622211456
-31.468779146671295
-33.69117325544357
-23.975117042660713
-29.92194451391697
-30.108492732048035
-30.325654178857803
-33.4867439866066
-32.43761432170868
-35.62290218472481
-41.21801635622978
-24.57559973746538
-27.70719613879919
-27.25741533190012
-31.245319835841656
-38.941027730703354
-41.173439621925354
-44.495508044958115
-41.6596365571022
-21.815442204475403
-27.557316064834595
-26.402478396892548
-29.024578422307968
-39.51918417215347
-41.877299815416336
-46.2098925113678
-43.6704218685627
-26.92934364080429
-28.169701993465424
-32.53726176917553
-32.7987994402647
-34.44062349200249
-41.78876036405563
-43.010066628456116
-41.17441749572754
-31.974026262760162
-38.35297080874443
-37.39213818311691
-38.751885145902634
-42.11383273079991
-44.903926787897944
-47.311730202287436
-44.970912870019674
-37.33063614368439
-42.70995232462883
-38.77629378437996
-41.50276693701744
-33.9908971786499
-39.141588389873505
-41.61094668507576
-40.12159752845764
-33.29198569059372
-36.86967630684376
-39.401380971074104
-39.584286496043205
-19.811597868800163
-24.692864552140236
-23.82641277462244
-24.33354350924492
-20.600933752954006
-24.879120841622353
-28.23950184136629
-29.156640589237213
-31.6151083111763
-36.8910026550293
-33.76846104860306
-36.5718210041523
-34.73820686340332
-42.398605942726135
-47.373987168073654
-46.778744235634804
-33.40421599149704
-40.69649916887283
-43.4089053273201
-40.90791741013527
-34.9067844748497
-37.788642317056656
-48.59725505113602
-44.185827523469925
-30.907475531101227
-32.977770149707794
-35.6638700067997
-34.53707575798035
-26.46982166171074
-29.64420473575592
-29.36395788192749
-32.629875898361206
-19.871616128832102
-31.314601615071297
-34.08605719357729
-26.80292769894004
-24.40810862183571
-34.97148705273867
-34.740220569074154
-30.958803847432137
-23.14395695924759
-32.623290956020355
-33.07140988111496
-31.729328393936157
-25.562341171316803
-28.945623626932502
-29.04796315031126
-28.803910576272756
-14.612641490995884
-14.13124181330204
-23.66954057663679
-24.081321965903044
-17.470560364425182
-27.950837586075068
-29.36294676363468
-25.61896386742592
-20.78327277302742
-24.763805001974106
-22.392079830169678
-26.921080633997917
-29.585144191980362
-35.74408057332039
-35.95352004468441
-36.282134652137756
-25.849991977214813
-33.40862363576889
-29.029732137918472
-31.732441931962967
-33.752717435359955
-40.50806733965874
-41.10881927609444
-39.21592751145363
-31.949561089277267
-32.74117714166641
-37.02411061525345
-35.918416917324066
-34.815492272377014
-42.76060661673546
-45.38809555768967
-42.830676048994064
-19.47269317507744
-24.84328732267022
-23.44978006184101
-26.359905660152435
-28.591718077659607
-37.85576111078262
-36.0888255238533
-35.78496164083481
-36.272481851279736
-36.19356792420149
-40.997261077165604
-41.66850474476814
-39.63550940155983
-38.81872799992561
-46.79064732789993
-47.24166625738144
-26.787384063005447
-34.210581943392754
-40.45667186379433
-40.32939723134041
-14.730921149253845
-21.699010491371155
-18.801794037222862
-20.620906561613083
-30.475209087133408
-38.708969473838806
-37.8513545691967
-37.74822327494621
-24.339470714330673
-30.630024015903473
-29.72011438012123
-30.386969536542892
-30.720349729061127
-32.280781388282776
-33.70758557319641
-35.255854845047
-46.24130892753601
-48.90017354488373
-48.87599092721939
-47.30599641799927
-17.585124865174294
-22.324556842446327
-19.91976024210453
-25.34878434240818
-34.7528440952301
-42.17994165420532
-42.395920783281326
-38.748046815395355
-21.342876282520592
-26.65727302758023
-26.661070006433874
-26.42296187672764
-38.95806051045656
-41.03159545361996
-43.41072911769152
-41.5373974442482
-47.95145270228386
-55.4962602853775
-55.74599024653435
-53.58308556675911
-26.413844496011734
-34.626088470220566
-33.21746137738228
-31.7445210814476
-37.20202258229256
-38.97722804546356
-44.54558604955673
-46.642044216394424
-38.05850887298584
-43.05716323852539
-49.33082391321659
-44.15505577623844
-37.6063466668129
-41.89417952299118
-44.919018656015396
-46.25240907073021
-14.42993002384901
-13.968966901302338
-22.97611041367054
-23.394148867577314
-30.95466348528862
-40.17375123500824
-41.92861017584801
-35.931518256664276
-40.078449726104736
-45.97482670843601
-47.23692524433136
-46.35447056591511
-28.217779517173767
-32.02193766832352
-38.96276944875717
-35.450370997190475
-28.1638363301754
-33.2590497136116
-30.921491593122482
-32.90362939238548
-48.07656216621399
-49.47327321767807
-51.26213175058365
-52.170163333415985
-32.26860183477402
-40.44739583134651
-38.48935928940773
-39.1163145005703
-32.822297126054764
-39.381907135248184
-39.763889491558075
-38.67629823088646
-26.988734550774097
-34.479731023311615
-40.93605217337608
-40.94123396277428
-20.62777846865356
-30.734088756144047
-37.06128568947315
-29.375633355230093
-31.970921218395233
-41.58795815706253
-40.57186675071716
-38.18819680809975
-39.98479315638542
-35.51302054524422
-40.574482858181
-45.62731596827507
-25.74346813559532
-29.350925624370575
-32.32339020818472
-34.556057807058096
-29.369065642356873
-32.47165894508362
-39.05369374155998
-35.501776814460754
-23.633253157138824
-30.76731239259243
-27.039862230420113
-29.469420939683914
-41.17630723118782
-52.26826396584511
-49.59496286511421
-45.78471803665161
-48.248541593551636
-53.89671891927719
-60.505216151475906
-54.277310103178024
-29.508631139993668
-35.752349466085434
-38.31031733751297
-35.53250053524971
-25.649876654148102
-29.298475295305252
-26.75226804614067
-31.995220333337784
-32.68320229649544
-41.55450880527496
-39.114856004714966
-38.41061043739319
-28.8722293227911
-38.51673412322998
-39.790663212537766
-34.832094453275204
-31.154872983694077
-37.606153070926666
-37.269596099853516
-37.363430976867676
-25.48756539169699
-31.29940416663885
-29.877737034112215
-30.146506712771952
-24.39603313105181
-34.94576680660248
-39.52173498272896
-32.57007864001207
-22.289288371801376
-27.649220764636993
-24.810966908931732
-26.919328331947327
-34.57490409910679
-29.766225151717663
-34.66815787553787
-39.8342422246933
-26.226200997829437
-31.261359721422195
-30.925245702266693
-31.529382169246674
-42.711519569158554
-50.80240634083748
-51.18431109189987
-48.8346409201622
-28.629400953650475
-31.788949593901634
-36.183593690395355
-32.442471258342266
-25.392687112092972
-30.454548358917236
-28.501679986715317
-30.009474098682404
-36.02322807908058
-44.633311688899994
-42.15195736289024
-41.19630356132984
-32.67418518662453
-40.39595252275467
-38.6467767059803
-37.85279729962349
-25.197338726371527
-33.84812380373478
-36.67277576029301
-31.019539535045624
-21.656340092420578
-25.218638747930527
-28.385627314448357
-29.298206329345703
-20.707874862477183
-32.34493046998978
-34.12695598602295
-27.40499897673726
-29.734109109267592
-39.214748442173004
-44.03865420818329
-37.380640513962135
-33.5804263651371
-42.09816762804985
-43.986650705337524
-41.17234119772911
-18.520741283893585
-23.567066609859467
-21.82688742876053
-25.8054601252079
-26.672239795327187
-31.583050213754177
-27.458558425307274
-30.78567898273468
-16.040681324899197
-18.305258095264435
-23.321341708302498
-24.937862567603588
-32.26537027955055
-33.24908313155174
-31.094693511724472
-36.590377032756805
-32.9003504216671
-36.94598877429962
-41.844129860401154
-41.191085040569305
-34.5705229640007
-43.738097071647644
-43.3874286711216
-40.21296215057373
-40.41046053171158
-45.90110898017883
-51.575119733810425
-47.8367637693882
-18.988483842927963
-24.25436168536544
-24.562529873568565
-25.704201146494597
-20.610186755657196
-31.33874037861824
-30.66655319929123
-27.703157395124435
-32.49144177697599
-36.21132689760998
-35.89218914601952
-36.49212577659637
-21.267793089151382
-25.273979425430298
-22.305539399385452
-27.60800740122795
-20.337245158851147
-25.3973346427083
-22.51244879513979
-28.555464901030064
-15.848177820444107
-23.675968289375305
-20.076663479208946
-21.22160515189171
-20.231956899166107
-23.726628988981247
-22.602840811014175
-27.76907506585121
-45.70143327116966
-51.0193535387516
-54.92902332544327
-51.42120260000229
-21.990570932626724
-33.031721740961075
-32.94205245375633
-29.363238602876663
-29.166678346693516
-26.12975922226906
-30.664721801877022
-35.692847952246666
-31.354234755039215
-38.54660114645958
-37.442635238170624
-36.94711720943451
-35.558931320905685
-44.88399809598923
-48.03342181444168
-39.759051114320755
-28.59808260202408
-37.23173490166664
-41.286400347948074
-34.13117274641991
-32.02104327827692
-36.318034932017326
-33.39424851536751
-36.955192759633064
-18.1628837287426
-22.192423403263092
-20.515465021133423
-25.52374404668808
-19.555043749511242
-25.355958357453346
-24.03933472931385
-25.969957381486893
-40.48805299401283
-42.982517659664154
-46.47707560658455
-43.957659900188446
-38.529065161943436
-43.329760283231735
-50.05255734920502
-45.42873105406761
-44.21466904878616
-46.95502585172653
-49.34438818693161
-46.504264026880264
-27.53677734732628
-33.8711339533329
-32.74601083993912
-33.12712237238884
-26.029091328382492
-31.026223570108414
-27.17693403363228
-31.5979101061821
-29.70115166157484
-39.28357834368944
-39.7883260473609
-35.20545793324709
-39.349928729236126
-47.89204540848732
-46.102804094552994
-43.34674496948719
-18.63369133323431
-23.38326120376587
-26.101964809000492
-27.002393912523985
-23.436037451028824
-31.88539731502533
-37.87135347723961
-30.67726245522499
-39.49068519473076
-46.295388251543045
-47.8685162961483
-46.56710904836655
-19.33477260917425
-30.218549236655235
-36.66515380144119
-29.04238909855485
-19.81107470393181
-24.622823238372803
-21.82054215669632
-26.114234656095505
-18.669084437191486
-30.31918877363205
-32.9311800301075
-26.37010157108307
-30.471438262611628
-36.843887239694595
-45.57011838257313
-39.51514585316181
-35.062729969620705
-40.56544576585293
-47.512977972626686
-41.316810838878155
-44.658967077732086
-52.05889183282852
-52.93167796730995
-51.07080817222595
-31.59182470291853
-38.569648545235395
-43.68589261174202
-38.83707581460476
-27.83359721302986
-25.543968439102173
-26.758839517831802
-33.41929671168327
-41.07989031076431
-43.96395996212959
-47.496923357248306
-44.83999785780907
-24.116819232702255
-32.09738686680794
-34.01721304655075
-28.97702220082283
-39.18943843245506
-46.07828605175018
-49.791500955820084
-46.23274105787277
-32.48245298862457
-30.34669265151024
-33.81814321875572
-39.31861466169357
-30.250862181186676
-37.50519126653671
-44.123764246702194
-44.19561330974102
-19.69624137878418
-25.51777794957161
-23.41746225953102
-27.21474626660347
-21.60882306471467
-30.236566051840782
-34.75472804903984
-28.475930839776993
-47.77477669715881
-47.778602570295334
-50.24944904446602
-50.44244849681854
-23.73332440108061
-31.845662727952003
-36.274591974914074
-35.92981758713722
-37.595861092209816
-40.84456842765212
-43.547929383814335
-41.439487759023905
-25.29047802090645
-26.05939492583275
-30.721818029880524
-31.546771615743637
-26.388658612966537
-33.861845314502716
-34.900674015283585
-33.91520696878433
-46.320892095565796
-52.0253871679306
-58.642265021800995
-51.81871274113655
-36.129869520664215
-37.98857045173645
-41.768122255802155
-40.4192958176136
-21.331898756325245
-31.54330985993147
-31.603124901652336
-28.961067497730255
-21.714193916879594
-26.68530259747058
-26.745648654177785
-26.504859156906605
-22.107569731771946
-30.27909953147173
-34.63802669197321
-34.270203590393066
-29.274337828159332
-32.073754131793976
-38.107883989810944
-34.868252635002136
-40.901945143938065
-43.411465764045715
-46.53407621383667
-43.563759446144104
-28.43655690550804
-36.603589333593845
-41.35063908994198
-35.569125056266785
-28.945577442646027
-31.672521978616714
-33.21704551577568
-34.26202741265297
-25.629562690854073
-33.76143020391464
-37.18929912149906
-30.724861845374107
-36.766085267066956
-39.13058823347092
-43.737149983644485
-42.250224620103836
-22.22004398703575
-26.44039160013199
-24.92932915687561
-29.215788573026657
-17.944153398275375
-22.115820087492466
-20.412504620850086
-24.059728644788265
-32.4720324575901
-32.48106426000595
-36.520543187856674
-36.39772519469261
-16.932845517992973
-19.481079056859016
-22.665340565145016
-25.461369955912232
-30.107193291187286
-36.102269381284714
-35.39833202958107
-36.23076903820038
-30.480630204081535
-40.621071226894855
-40.74301701039076
-35.87787502259016
-24.484973914921284
-32.06190234422684
-37.144912138581276
-37.29559823125601
-36.12342172861099
-38.497312903404236
-40.787910759449005
-39.21307536959648
-31.458403516560793
-38.44353174418211
-38.52140673995018
-38.48423798009753
-29.665680706501007
-27.745898067951202
-28.269393265247345
-35.687492311000824
-26.43016627430916
-30.931868612766266
-29.7509925365448
-33.0134015083313
-24.425419703125954
-31.496840365231037
-30.683020144701004
-30.46047493815422
-27.95530378818512
-34.93618223071098
-38.19873920083046
-35.9476101398468
-28.0012978464365
-34.962797217071056
-30.775218151509762
-33.07096257060766
-23.117928758263588
-30.311723582446575
-35.665442392230034
-35.978362895548344
-18.783130884170532
-22.80928671360016
-23.08902144432068
-26.49074998497963
-16.09755054116249
-22.63315314054489
-21.47412419319153
-22.14806964993477
-37.570928394794464
-38.697710156440735
-45.807810097932816
-45.94638189673424
-35.67769247293472
-38.695344872772694
-41.899196073412895
-39.72736614942551
-30.01584017276764
-32.95293891429901
-40.510143876075745
-36.886718809604645
-23.26838120818138
-32.30590981245041
-37.27236694097519
-30.05291000008583
-34.95216032862663
-41.057219594717026
-40.07009565830231
-41.14734962582588
-38.7093263566494
-50.50831985473633
-46.436996936798096
-43.97109240293503
-44.94745323061943
-48.103547900915146
-48.54852405190468
-49.68337678909302
-32.8980655670166
-35.07796788215637
-40.43786349892616
-40.83323094248772
-32.979553155601025
-30.740924302488565
-33.19126953929663
-39.44092393666506
-18.186191243119538
-23.362901345361024
-23.829901287332177
-24.913058043457568
-32.725636914372444
-35.82227789610624
-41.69513042271137
-37.76509530842304
-19.231797479093075
-30.55828219279647
-30.741967648267746
-26.82277660816908
-29.496224626898766
-37.33312168717384
-42.061900079250336
-41.03292275965214
-25.508955977857113
-31.86890371143818
-30.518300786614418
-31.256812259554863
-38.52409342676401
-41.4505303055048
-44.24762801826
-42.12307761609554
-34.265643417835236
-38.627548933029175
-42.812176793813705
-41.726345002651215
-26.049241181463003
-36.53676059469581
-36.40629515051842
-31.074473902583122
-39.401101157069206
-45.32881818711758
-50.35307236015797
-44.76869501173496
-24.95633241534233
-30.851853787899017
-30.09456843137741
-33.58695352077484
-27.62245273590088
-29.3866426050663
-33.35117655992508
-32.511978566646576
-32.03672708570957
-40.207332357764244
-40.30977055430412
-38.58952998369932
-18.780442647635937
-23.45090165734291
-20.69239090383053
-25.51423881202936
-27.293847918510437
-32.418650686740875
-33.880577862262726
-33.97849351167679
-33.573873087763786
-34.29061406850815
-38.09042216837406
-38.36894045770168
-35.742968916893005
-39.39001750946045
-42.4485669285059
-41.65305349230766
-35.38149020075798
-37.09755954146385
-43.20650032162666
-41.95181095600128
-16.320281267166138
-23.19058421254158
-21.267682313919067
-22.90084582567215
-32.517710864543915
-35.692367270588875
-39.71966876834631
-39.82061064243317
-26.40882620215416
-30.02189600467682
-35.24622982740402
-32.16492661833763
-35.76125422120094
-37.79870620369911
-43.92777121067047
-43.14010035991669
-18.006502628326416
-21.445729613304138
-24.961963146924973
-25.276812076568604
-20.311942726373672
-24.85991007089615
-28.461475640535355
-27.89661031961441
-29.364907532930374
-33.21625795960426
-34.95396390557289
-35.42379429936409
-21.4652653709054
-27.749284714926034
-26.982746394816786
-25.560095948167145
-31.975540578365326
-38.65298676490784
-40.06566724181175
-39.29333823919296
-19.816153864376247
-25.510418786667287
-24.83156868768856
-24.848252014257014
-34.19515869021416
-37.49952468276024
-33.15029934048653
-39.58377483487129
-32.22749536111951
-39.535935305058956
-38.32071204856038
-38.045769188553095
-26.4680295586586
-34.60050418972969
-40.68384259939194
-39.97250185906887
-38.39793200790882
-44.96225327253342
-45.795753449201584
-45.224943697452545
-27.03502008318901
-37.019995242357254
-36.445650428533554
-34.148423194885254
-22.51115010678768
-21.80167455971241
-30.45063205063343
-30.842013631016016
-32.10301274061203
-38.176192820072174
-39.47736194729805
-38.74216815829277
-32.62441262602806
-38.580304592847824
-40.02144196629524
-39.44701415300369
-28.099949643947184
-32.01826702570543
-31.840506912674755
-32.43294718116522
-26.871894660871476
-30.213486994151026
-30.346336542628706
-29.906363199464977
-29.211881309747696
-39.053424313664436
-41.3331703543663
-34.508274629712105
-22.425822600722313
-28.877074889838696
-29.32727551460266
-29.87825518846512
-29.851958066225052
-36.32206618785858
-31.69607025384903
-34.596911400556564
-39.42062523588538
-35.232732474803925
-38.63240388035774
-43.93591123819351
-18.94607339799404
-28.934767976403236
-31.084308587014675
-24.958998173475266
-28.25654223561287
-29.693509496748447
-34.74882683157921
-36.293511405587196
-26.733779728412628
-29.28844404220581
-28.40035080909729
-31.624841928482056
-30.154329001903534
-39.139229357242584
-40.72526517510414
-35.55683636665344
-18.675130426883698
-30.56786733865738
-30.27405573427677
-25.983563609421253
-27.58825296163559
-28.580132484436035
-33.22649194300175
-33.19416791200638
-27.783208303153515
-37.38833795487881
-39.08519318699837
-34.088717717677355
-22.47322452068329
-25.431189507246017
-28.766510605812073
-29.776293516159058
-33.96078994870186
-40.61940976977348
-39.98049131035805
-39.449910670518875
-29.369560465216637
-37.803890109062195
-42.180134542286396
-36.316817939281464
-31.786209613084793
-38.802739560604095
-35.38486683368683
-36.31650620698929
-34.28738583624363
-38.846654430031776
-39.58270405232906
-38.67675504088402
-35.0495525598526
-35.301406025886536
-38.904992282390594
-36.520702838897705
-27.840848490595818
-36.76549971103668
-43.293809443712234
-35.62849052995443