6.572994709014893
6.973942279815674
6.696518898010254
7.190469264984131
7.104257106781006
7.249613285064697
7.385016441345215
7.828993320465088
7.52276611328125
7.273690700531006
8.34742259979248
8.542759895324707
7.307053565979004
7.009025573730469
8.651530265808105
8.407710075378418
8.357453346252441
8.12228775024414
10.032014846801758
9.900568008422852
8.393343925476074
9.291082382202148
8.455342292785645
9.410452842712402
7.450207710266113
7.400604248046875
8.058558464050293
8.367250442504883
7.886134624481201
8.223648071289062
7.839749813079834
8.447955131530762
8.073480606079102
8.22485637664795
8.616649627685547
9.396496772766113
8.602846145629883
8.666450500488281
8.503294944763184
9.534259796142578
8.67563533782959
8.497892379760742
8.56446361541748
9.787439346313477
7.267966270446777
7.881893157958984
9.035856246948242
10.322866439819336
6.704166412353516
7.171102046966553
7.128469944000244
7.908448219299316
8.269479751586914
8.33569049835205
8.338605880737305
8.671717643737793
8.03308391571045
7.890547752380371
9.339681625366211
9.396407127380371
7.514174938201904
7.370635986328125
8.69608211517334
8.402237892150879
7.002170085906982
7.852462291717529
8.765896797180176
9.94073486328125
7.493093013763428
7.041239261627197
7.90215539932251
8.18152904510498
7.127051830291748
7.103161811828613
7.712313175201416
8.032196044921875
6.682740211486816
7.287028789520264
6.765095233917236
7.439156532287598
7.108266353607178
7.1501617431640625
7.42598295211792
7.907095432281494
6.93324613571167
7.484633922576904
7.716128826141357
8.335237503051758
6.907507419586182
7.1051554679870605
7.513685703277588
8.144948959350586
6.399646282196045
6.825133800506592
7.46640682220459
8.141833305358887
7.085476875305176
7.176448345184326
7.46808385848999
7.9019455909729
7.001061916351318
7.063462734222412
7.353862285614014
8.239705085754395
5.438826084136963
5.778807163238525
5.854159832000732
6.566622257232666
6.76247501373291
6.5535993576049805
6.1552510261535645
6.506145000457764
7.412412643432617
7.962743282318115
9.062986373901367
9.800084114074707
8.337048530578613
9.3094482421875
8.557628631591797
9.675962448120117
7.149041652679443
7.493574619293213
7.479889869689941
7.87921142578125
7.569007396697998
7.831404209136963
8.157435417175293
8.874319076538086
6.473724842071533
7.293675899505615
7.96174430847168
9.190044403076172
8.812084197998047
8.733638763427734
8.8641357421875
9.754193305969238
8.002756118774414
7.993607997894287
8.43557357788086
8.990200996398926
6.896243572235107
6.7746758460998535
7.792525291442871
7.896414279937744
7.107903957366943
7.2270827293396
8.372448921203613
8.437769889831543
6.4150567054748535
6.829263687133789
6.940319061279297
7.778082370758057
8.019124031066895
7.649875164031982
8.639704704284668
8.373034477233887
7.332769870758057
7.438326358795166
8.31052017211914
8.792730331420898
7.967738628387451
7.960934638977051
7.8407883644104
7.845045566558838
6.372279167175293
6.282721042633057
6.717679023742676
6.6990838050842285
7.02846622467041
7.038537502288818
7.319619178771973
7.41693639755249
7.520280361175537
7.439923286437988
8.67242431640625
8.386296272277832
6.917696475982666
6.69948148727417
7.352144718170166
7.6026787757873535
7.233473300933838
7.196957588195801
7.965832233428955
8.33218002319336
6.867600440979004
7.073787212371826
8.568607330322266
8.74915599822998
6.963099956512451
7.44659423828125
7.754611492156982
8.191176414489746
6.010091304779053
5.664203643798828
6.467929840087891
6.494056701660156
8.575652122497559
8.496698379516602
8.701502799987793
9.307952880859375
8.376165390014648
8.47016429901123
9.083450317382812
9.396602630615234
7.319557189941406
7.370360851287842
8.65939998626709
8.837889671325684
8.316990852355957
8.664302825927734
9.459054946899414
9.943950653076172
7.604789733886719
7.376678466796875
7.833639621734619
7.879645347595215
8.141935348510742
7.995143413543701
9.56645679473877
9.14012336730957
7.76125955581665
8.130378723144531
6.879331111907959
7.782073974609375
6.90838098526001
7.3363471031188965
7.3471221923828125
7.873419761657715
7.527040004730225
7.456834316253662
8.69493293762207
8.842907905578613
8.085433006286621
8.609530448913574
8.350051879882812
8.900919914245605
7.201763153076172
7.409785747528076
8.254852294921875
8.132028579711914
8.405191421508789
8.371150970458984
9.597541809082031
9.698650360107422
7.634374141693115
7.583921909332275
9.37040901184082
8.985795974731445
8.513056755065918
8.555401802062988
8.567280769348145
9.114480018615723
6.988213539123535
6.893373012542725
8.0575590133667
8.348820686340332
6.895942687988281
6.681795597076416
7.4128875732421875
7.585215091705322
6.7579803466796875
6.816340923309326
7.550358295440674
7.867152690887451
7.154963970184326
7.210319995880127
8.896625518798828
9.525569915771484
8.145870208740234
8.021323204040527
9.411920547485352
9.420515060424805
7.194973945617676
7.3147172927856445
8.064549446105957
8.274945259094238
7.51261043548584
8.032852172851562
8.202215194702148
9.583694458007812
6.9040117263793945
6.886543273925781
7.187799453735352
7.553987979888916
8.009124755859375
8.03144359588623
8.084174156188965
8.428727149963379
6.885205268859863
7.15380859375
7.935982704162598
8.50614070892334
7.5198073387146
7.289897441864014
8.198620796203613
8.416007041931152
6.642573833465576
7.221538543701172
6.13021993637085
6.863305568695068
7.008572578430176
6.863916873931885
8.354413032531738
8.471160888671875
8.015946388244629
7.9270477294921875
8.71977424621582
8.635619163513184
7.541963577270508
7.734047889709473
7.815133571624756
7.691017150878906
7.84532356262207
8.223454475402832
6.528297424316406
7.021767616271973
7.927487373352051
8.546544075012207
7.509848117828369
7.470067024230957
7.755679607391357
7.896328449249268
7.784057140350342
7.972203731536865
8.582931518554688
9.005022048950195
8.552680969238281
8.837203979492188
9.407393455505371
10.149454116821289
8.120121955871582
7.94642972946167
8.954248428344727
9.05757999420166
8.403563499450684
8.648490905761719
8.570295333862305
9.338427543640137
8.273679733276367
8.098209381103516
9.499037742614746
9.344377517700195
7.266256809234619
7.735955715179443
8.450881004333496
8.8615083694458
6.434168338775635
6.6859564781188965
7.23160982131958
7.74962854385376
7.724845886230469
7.7789154052734375
9.013778686523438
9.364791870117188
8.38791561126709
8.682229042053223
8.92491626739502
9.550127029418945
8.236318588256836
8.241567611694336
9.879678726196289
10.07015609741211
6.850648403167725
7.793539524078369
7.119619846343994
8.084240913391113
7.278195381164551
7.0351104736328125
8.507678985595703
8.629969596862793
7.4641618728637695
7.356880187988281
7.4837188720703125
7.7949981689453125
7.54989767074585
7.5248260498046875
8.154197692871094
8.038874626159668
6.527707576751709
6.449473857879639
7.710211277008057
7.976091384887695
6.889094829559326
7.608670234680176
7.230705261230469
7.743031024932861
7.661544322967529
7.860908508300781
8.161044120788574
8.88949966430664
8.431163787841797
8.154935836791992
9.69090461730957
10.136323928833008
8.0588960647583
8.028560638427734
9.371345520019531
9.43111801147461
7.96143102645874
7.720201015472412
8.567633628845215
8.665371894836426
7.984073162078857
7.347097873687744
8.88968276977539
8.966647148132324
7.7660417556762695
7.9183549880981445
8.555991172790527
8.920525550842285
6.831700801849365
6.646538734436035
6.8518805503845215
7.052257537841797
6.280553340911865
6.966192722320557
7.432547092437744
8.270127296447754
7.563436985015869
7.218282222747803
7.489125728607178
7.731709003448486
8.952059745788574
9.513768196105957
6.908639430999756
7.063032627105713
7.659617900848389
7.965463638305664
6.70919132232666
7.305044651031494
7.028573989868164
8.125174522399902
6.528228759765625
6.980636119842529
6.338119029998779
6.993231773376465
7.509322643280029
7.481418609619141
8.237675666809082
8.236699104309082
7.120114326477051
7.878973484039307
7.657286167144775
8.3355712890625
6.425790309906006
7.031590938568115
7.128324031829834
8.157757759094238
8.208906173706055
8.229455947875977
8.961526870727539
9.418601989746094
7.881722927093506
7.743326663970947
8.438984870910645
8.62389087677002
6.7269606590271
6.566884517669678
6.922837734222412
7.158400058746338
8.563007354736328
8.540853500366211
10.080867767333984
10.15060043334961
6.590318202972412
7.22705602645874
6.7054643630981445
7.4760589599609375
7.152684211730957
7.95449686050415
6.924783229827881
6.722621440887451
8.015999794006348
8.242138862609863
8.016215324401855
7.786136627197266
9.371225357055664
9.369998931884766
7.959237098693848
7.789846897125244
8.705236434936523
8.846242904663086
7.397116184234619
7.626885890960693
7.959433555603027
8.230326652526855
8.09861946105957
8.192920684814453
8.400285720825195
8.57053279876709
7.025247573852539
6.93555212020874
7.163420677185059
7.719769477844238
7.910283088684082
7.43035888671875
7.810884475708008
7.7114739418029785
7.667274475097656
7.99838924407959
8.615500450134277
9.003019332885742
7.784839630126953
7.66885232925415
8.09860897064209
8.121798515319824
5.75446081161499
6.1942138671875
6.1028971672058105
6.690410614013672
7.045657634735107
7.361233234405518
8.485371589660645
8.856206893920898
7.4471025466918945
7.11297607421875
7.934593200683594
7.909254550933838
6.890538215637207
7.330648899078369
7.468693256378174
8.179069519042969
7.728664875030518
7.728176593780518
7.840178489685059
8.627792358398438
8.666309356689453
8.700735092163086
9.023441314697266
9.310176849365234
6.966305732727051
7.165162563323975
7.786976337432861
8.453317642211914
8.503968238830566
8.755260467529297
6.666579723358154
6.656111240386963
6.99851655960083
7.279130935668945
8.396796226501465
8.758105278015137
8.436281204223633
8.879596710205078
7.167937755584717
7.2025275230407715
8.294163703918457
8.481131553649902
6.569093227386475
7.216030120849609
7.14847469329834
8.017786979675293
7.253716468811035
6.920819282531738
8.230611801147461
8.144133567810059
7.371438503265381
7.259803771972656
7.600320816040039
7.6501617431640625
8.719738960266113
8.408145904541016
8.926105499267578
8.93271255493164
7.647332668304443
8.11872673034668
8.463574409484863
9.250832557678223
7.582917213439941
8.061514854431152
8.104583740234375
8.751904487609863
6.822113037109375
7.321441173553467
7.276628494262695
7.706583499908447
6.890139102935791
6.59713888168335
7.958094120025635
7.984251976013184
8.559056282043457
8.88613510131836
9.119083404541016
9.496907234191895
7.778271675109863
8.690993309020996
7.8218231201171875
8.531990051269531
6.508256435394287
6.725505828857422
6.768010139465332
7.318212032318115
7.262340068817139
7.399608135223389
7.64113712310791
7.926004886627197
7.786016941070557
8.10567569732666
7.97475528717041
8.565571784973145
7.743627071380615
7.408638954162598
9.186037063598633
8.768558502197266
6.179609775543213
6.578786373138428
6.668839454650879
7.3993353843688965
6.9250807762146
6.753890514373779
7.470814228057861
7.426459312438965
7.725749969482422
7.347622871398926
8.084101676940918
8.102773666381836
8.235580444335938
8.40513801574707
8.186612129211426
8.448607444763184
6.9053521156311035
6.969170570373535
7.65830659866333
7.8934807777404785
8.823087692260742
9.00098991394043
7.042515754699707
7.75010347366333
8.61982250213623
9.484781265258789
8.715176582336426
8.308314323425293
8.252840042114258
8.933843612670898
9.348764419555664
10.116475105285645
5.972805976867676
5.5559563636779785
6.321107864379883
6.65516996383667
8.794791221618652
8.333769798278809
9.253029823303223
9.2742280960083
6.755444526672363
6.854386806488037
7.3762993812561035
8.081071853637695
8.515159606933594
8.39123249053955
8.043816566467285
8.772469520568848
7.244189739227295
7.651526927947998
7.794270992279053
8.670788764953613
6.953171730041504
7.142788887023926
7.646609783172607
8.124914169311523
7.79596471786499
7.402080059051514
8.361767768859863
8.500905990600586
6.586848735809326
6.298033237457275
6.792733669281006
7.254793167114258
7.7731523513793945
7.851815700531006
8.068020820617676
7.995635986328125
6.989447593688965
6.632555961608887
7.087221622467041
6.9943413734436035
7.446765899658203
8.147682189941406
6.850378513336182
7.711820125579834
7.341601848602295
7.422298431396484
7.690958499908447
8.038318634033203
6.935123443603516
7.362769603729248
7.840632915496826
8.704821586608887
6.946971416473389
6.89040470123291
8.054181098937988
8.097599983215332
6.475017070770264
6.3988037109375
7.234899044036865
7.67381477355957
7.878985404968262
7.698765754699707
6.9842681884765625
7.5116777420043945
8.148516654968262
8.622964859008789
7.4317946434021
7.857168674468994
8.262093544006348
9.08958625793457
8.562284469604492
8.884535789489746
8.246184349060059
8.001799583435059
8.249189376831055
8.492329597473145
6.976393222808838
6.738081455230713
7.780601501464844
8.078059196472168
6.78668212890625
7.3086724281311035
7.2688164710998535
8.067350387573242
7.498262882232666
8.482344627380371
8.124025344848633
9.044832229614258
8.07370662689209
7.934637546539307
7.975047588348389
8.474576950073242
7.199571132659912
7.32515811920166
6.846019744873047
7.241440773010254
7.447026252746582
8.143701553344727
8.823968887329102
9.82493782043457
8.314620971679688
8.547981262207031
8.473994255065918
9.125284194946289
7.5384416580200195
7.600132942199707
8.542973518371582
8.687172889709473
6.7218918800354
7.0371880531311035
7.214236736297607
7.981373310089111
7.202785015106201
7.809525489807129
8.945051193237305
9.48212718963623
6.611011505126953
6.510476112365723
6.563360691070557
6.602479457855225
6.770759582519531
7.154481410980225
7.116602420806885
7.995125770568848
7.489693641662598
8.39195442199707
8.371706008911133
9.629140853881836
6.779976844787598
6.703061580657959
8.320136070251465
8.546256065368652
8.04782772064209
7.703675746917725
7.624040603637695
8.444392204284668
6.733831882476807
7.066443920135498
8.227079391479492
8.94884967803955
7.462802410125732
7.879159450531006
8.35072135925293
9.067402839660645
6.203078269958496
6.60451078414917
6.472869873046875
7.228773593902588
7.665215969085693
8.16337776184082
8.704326629638672
9.346424102783203
6.993875026702881
6.919614315032959
8.209656715393066
8.628490447998047
7.451371669769287
8.222414016723633
6.864996433258057
6.669772624969482
8.06454849243164
8.086851119995117
7.804978370666504
8.324054718017578
9.174644470214844
9.362874984741211
7.410392761230469
7.457103252410889
7.530588150024414
7.682590007781982
7.4062323570251465
7.57098913192749
7.6875176429748535
8.423375129699707
8.021158218383789
8.207831382751465
8.866108894348145
9.031928062438965
6.937686920166016
7.456374645233154
7.0970234870910645
7.9158148765563965
8.202887535095215
8.00757884979248
8.864114761352539
8.877025604248047
7.291272163391113
7.409791469573975
8.94255256652832
8.915738105773926
8.153282165527344
7.844235420227051
8.525318145751953
8.489697456359863
7.620802402496338
8.132857322692871
8.612154006958008
9.054743766784668
7.230291843414307
7.128376007080078
7.572731018066406
7.663204669952393
6.702280521392822
6.5145792961120605
6.6659159660339355
6.9468302726745605
6.919127464294434
6.8924174308776855
6.327702522277832
6.603023052215576
6.651761531829834
6.763474464416504
7.330732822418213
8.063932418823242
7.903741359710693
8.148159980773926
8.858990669250488
9.58057975769043
7.4140119552612305
6.954363822937012
7.419400691986084
7.26788330078125
6.321836471557617
6.681285381317139
7.5045166015625
8.337309837341309
7.781484127044678
9.188902854919434
7.917330741882324
8.767471313476562
7.772636890411377
8.789787292480469
8.26275634765625
9.212864875793457
8.322375297546387
8.356142044067383
9.203274726867676
9.669387817382812
7.193286418914795
7.6845703125
7.96563196182251
8.689316749572754
6.963670253753662
7.6698899269104
7.118238925933838
7.765311241149902
6.80621337890625
6.686402320861816
7.458943843841553
7.458107948303223
8.769316673278809
8.827048301696777
8.79068374633789
9.138628005981445
8.501725196838379
8.843704223632812
9.558688163757324
10.207724571228027
8.529236793518066
8.657785415649414
9.981090545654297
10.175107955932617
7.887675762176514
8.557404518127441
8.366049766540527
9.08922290802002
6.741439342498779
7.233957767486572
6.7881951332092285
7.62778377532959
7.393352508544922
7.173150539398193
8.088153839111328
8.301947593688965
7.309819221496582
8.448808670043945
8.203078269958496
9.080953598022461
7.759923458099365
7.53637170791626
8.45154857635498
8.628290176391602
6.660959720611572
6.511804103851318
6.489082336425781
6.7255048751831055
6.305227756500244
6.308838844299316
7.221893310546875
7.262199401855469
7.393849849700928
7.030026435852051
7.369091510772705
7.5491943359375
7.336287021636963
7.259665012359619
8.049345970153809
8.349224090576172
6.886283874511719
7.092926502227783
7.531797885894775
7.668214321136475
8.427760124206543
8.911408424377441
7.677163600921631
7.882206916809082
8.303080558776855
9.235107421875
7.301755905151367
6.894805431365967
6.882266998291016
7.1470866203308105
7.388688564300537
7.704411506652832
7.103403568267822
7.821089267730713
8.462289810180664
8.098434448242188
8.027236938476562
8.238614082336426
8.10180377960205
8.199398040771484
8.797710418701172
9.61758041381836
8.616779327392578
9.057329177856445
8.606178283691406
9.08169174194336
8.912787437438965
8.76352310180664
8.73505973815918
9.488874435424805
5.960314750671387
6.486537933349609
6.594937801361084
7.387359619140625
7.5115966796875
7.217978000640869
7.3569793701171875
7.56134033203125
7.028847694396973
7.317790985107422
8.675228118896484
8.827099800109863
7.208961486816406
6.829745769500732
7.705375671386719
8.042722702026367
8.701302528381348
9.139217376708984
9.395278930664062
9.67465877532959
7.975764751434326
8.300055503845215
8.606870651245117
9.065747261047363
7.030918121337891
7.727499961853027
8.207606315612793
9.149991989135742
6.875556945800781
6.646995544433594
7.778855323791504
8.146219253540039
7.5658278465271
7.667757511138916
8.703353881835938
9.36010456085205
6.392943859100342
6.510726451873779
7.937558650970459
8.195303916931152
6.075788974761963
6.723671913146973
5.881981372833252
6.747176647186279
7.334151268005371
8.152050018310547
6.731622219085693
7.286477565765381
7.946211338043213
8.526500701904297
7.804104804992676
7.5669050216674805
9.265677452087402
9.684200286865234
7.171960353851318
7.62562894821167
8.293783187866211
9.016097068786621
7.697273254394531
7.956707000732422
8.86738109588623
9.628132820129395
6.08682107925415
6.285513877868652
6.835727214813232
7.1198883056640625
7.09279203414917
7.063806533813477
7.943306922912598
8.146575927734375
6.953183174133301
7.470323085784912
8.03471565246582
8.602798461914062
6.863822937011719
7.018390655517578
8.03757381439209
8.561823844909668
7.4213433265686035
7.385135173797607
7.57342004776001
8.023959159851074
8.038665771484375
8.267518997192383
8.633455276489258
9.28603744506836
7.582074165344238
7.796008586883545
8.271839141845703
8.387771606445312
7.4681572914123535
7.810833930969238
7.209724426269531
7.577121257781982
6.851344585418701
7.632330894470215
8.114404678344727
8.148170471191406
9.245896339416504
9.107447624206543
9.358602523803711
9.641855239868164
9.790172576904297
10.184957504272461
7.521464824676514
7.755593776702881
8.709716796875
8.92573356628418
5.730117321014404
5.978081703186035
5.7140212059021
6.597804546356201
8.377241134643555
8.570261001586914
9.11803913116455
9.499509811401367
6.917640209197998
6.706579208374023
6.802021026611328
7.059694766998291
8.244672775268555
8.264808654785156
8.121454238891602
7.838191509246826
9.453832626342773
9.608988761901855
7.939107894897461
8.418035507202148
8.09172248840332
8.778453826904297
8.327017784118652
7.906189918518066
9.272232055664062
9.472148895263672
8.11296558380127
7.927520275115967
8.952160835266113
8.889805793762207
8.37977409362793
8.73953914642334
8.213719367980957
9.203803062438965
7.482674598693848
7.886106014251709
8.31754207611084
9.19444465637207
7.4751763343811035
7.3173370361328125
7.8547821044921875
8.05422592163086
8.219080924987793
8.660455703735352
8.589338302612305
9.489882469177246
7.7549614906311035
8.267483711242676
7.840982913970947
8.702154159545898
7.290552616119385
7.508427619934082
7.658792495727539
8.14912223815918
6.777986526489258
7.137388706207275
7.274007797241211
8.253190994262695
7.371901035308838
7.998446941375732
8.630558967590332
9.159296035766602
7.294076442718506
7.3156609535217285
8.21313762664795
8.20833683013916
6.847567081451416
6.7117919921875
7.995856285095215
7.987252235412598
7.903193950653076
7.958939075469971
7.0511298179626465
7.1150689125061035
8.326698303222656
8.941080093383789
7.060616970062256
7.314932346343994
7.13067102432251
7.816957950592041
8.189970016479492
8.329866409301758
7.971463680267334
8.302042961120605
7.040398597717285
7.5612711906433105
8.234790802001953
8.70923137664795
6.785425662994385
7.067898273468018
7.062887668609619
7.028405666351318
8.416211128234863
8.383204460144043
9.317156791687012
9.361824989318848
7.877144813537598
8.3170166015625
8.608844757080078
9.142144203186035
7.0840654373168945
7.721909999847412
7.057519912719727
7.81326150894165
7.5085906982421875
7.5251665115356445
9.014561653137207
8.897884368896484
7.01411771774292
6.757853031158447
7.938230037689209
7.975130081176758
7.435868263244629
6.95953893661499
8.6937837600708
8.611528396606445
7.1147003173828125
7.310098171234131
7.032836437225342
7.3248114585876465
7.329257488250732
7.308522701263428
8.000292778015137
8.100308418273926
7.514837741851807
7.612870216369629
8.08000659942627
8.126522064208984
9.501827239990234
9.301652908325195
10.251651763916016
10.607672691345215
7.2794671058654785
7.033067226409912
8.339818000793457
8.46535587310791
7.696449279785156
7.617071628570557
8.656829833984375
8.881608009338379
7.172860622406006
7.344720363616943
8.292088508605957
8.571341514587402
8.428290367126465
8.506930351257324
9.09006118774414
9.373552322387695
5.775607109069824
6.36276912689209
6.360029220581055
7.199153423309326
6.792929172515869
7.3833327293396
7.228674411773682
8.115583419799805
7.523617744445801
7.634857177734375
7.451907634735107
8.407269477844238
6.54913330078125
7.250053405761719
8.027838706970215
8.619405746459961
7.882805824279785
8.393078804016113
8.38997745513916
9.236062049865723
7.294033050537109
7.099286079406738
8.223922729492188
8.41966724395752
5.718453884124756
6.231930732727051
6.721591949462891
7.288049697875977
7.391886234283447
7.5311126708984375
7.98850154876709
8.453818321228027
7.250987529754639
7.430072784423828
7.559045791625977
8.451282501220703
8.45154857635498
8.299236297607422
8.686721801757812
8.940289497375488
8.16193962097168
7.666360855102539
8.16229248046875
8.32158088684082
8.397191047668457
8.625459671020508
8.856451988220215
8.87169361114502
8.637848854064941
9.204307556152344
5.41444206237793
5.377539157867432
6.601266384124756
6.750156402587891
7.696807384490967
7.904794216156006
8.25933837890625
8.425694465637207
8.543925285339355
8.225520133972168
8.176602363586426
8.26130485534668
8.021320343017578
8.003641128540039
8.529757499694824
9.107925415039062
8.373777389526367
8.213373184204102
8.885420799255371
9.482471466064453
8.128216743469238
8.281328201293945
8.521685600280762
9.217019081115723
8.506828308105469
8.859323501586914
10.373448371887207
10.427824020385742
7.822261333465576
8.599227905273438
7.879242897033691
8.705105781555176
7.401954650878906
7.740701198577881
7.393945693969727
7.596545696258545
7.650761604309082
7.634120464324951
9.624323844909668
9.852273941040039
7.280470371246338
7.8595709800720215
8.356462478637695
9.10621452331543
7.31583309173584
8.084686279296875
8.036344528198242
9.317033767700195
7.219480037689209
7.028132915496826
7.641360759735107
8.392269134521484
8.11928939819336
7.999686241149902
9.325084686279297
9.737156867980957
6.1388468742370605
6.696579933166504
7.205830097198486
7.92132568359375
7.52034330368042
7.8275885581970215
8.34683895111084
9.25689697265625
7.482572078704834
7.423703193664551
8.709641456604004
8.536662101745605
7.887619972229004
7.862971305847168
9.784557342529297
9.905827522277832
7.376347541809082
8.335561752319336
8.430652618408203
9.27082633972168
7.5261430740356445
7.507479190826416
8.08430004119873
8.83751392364502
7.003495216369629
7.176336288452148
7.167994976043701
7.787892818450928
6.39808988571167
6.482740879058838
8.275541305541992
8.496481895446777
5.5069732666015625
5.559399127960205
5.906485080718994
6.418488502502441
7.193685054779053
6.98843240737915
8.202908515930176
8.41397762298584
6.954109191894531
7.5697479248046875
8.0958833694458
8.725605964660645
9.774798393249512
9.823290824890137
8.756677627563477
9.14864444732666
9.394001960754395
9.597671508789062
7.0419769287109375
6.998044013977051
8.46112060546875
8.71814250946045
5.575178146362305
5.4626784324646
6.115397930145264
6.344970703125
7.388726234436035
7.095468044281006
8.262432098388672
8.359479904174805
7.7881693840026855
7.416109561920166
8.435962677001953
8.586575508117676
7.295965671539307
6.990821838378906
7.531463623046875
7.923320293426514
7.321061134338379
7.579697608947754
7.348874568939209
8.13813591003418
7.626585483551025
7.77837610244751
7.628822326660156
7.699578285217285
6.824387550354004
7.216044902801514
7.072464466094971
7.54097843170166
7.175364017486572
7.276536464691162
8.655449867248535
8.484132766723633
8.435408592224121
8.7404203414917
9.48914909362793
9.52015495300293
8.406697273254395
8.498859405517578
8.493937492370605
8.832496643066406
6.993296146392822
7.503592491149902
6.322568416595459
7.035583019256592
7.031138896942139
7.027458190917969
7.008650302886963
7.492021560668945
7.891461372375488
8.017256736755371
8.166976928710938
8.27723503112793
7.7669358253479
8.05946159362793
7.841349124908447
8.540202140808105
7.918027400970459
8.188443183898926
8.53557014465332
8.634943962097168
8.23783016204834
8.019198417663574
8.659351348876953
8.689897537231445
7.0341410636901855
7.749468803405762
6.741069316864014
7.065734386444092
7.586390018463135
8.213457107543945
7.630486965179443
7.690321445465088
8.575079917907715
8.554213523864746
7.110177993774414
7.381673812866211
9.191295623779297
9.476034164428711
7.065865516662598
7.6526641845703125
7.229872226715088
7.8401055335998535
7.823699951171875
7.5258708000183105
7.918420791625977
7.997064590454102
7.139837741851807
6.9132399559021
8.285557746887207
8.2792387008667
6.1857123374938965
6.545533657073975
7.346681594848633
7.8511810302734375
8.831521987915039
8.907299041748047
9.19601058959961
9.684833526611328
7.603163719177246
8.082459449768066
8.810306549072266
9.650279998779297
6.59857177734375
6.375150680541992
6.833001613616943
6.835003852844238
7.199214458465576
7.22771692276001
8.126914024353027
8.324114799499512
9.002418518066406
9.299654006958008
9.113120079040527
9.442529678344727
8.467978477478027
8.528166770935059
6.286072254180908
6.4119391441345215
7.90985631942749
8.160316467285156
8.455366134643555
8.019062042236328
8.93945026397705
8.9070405960083
8.344099998474121
8.101920127868652
8.273231506347656
8.511406898498535
7.689361095428467
7.281123638153076
8.280159950256348
8.222046852111816
6.522741794586182
6.7733659744262695
7.74603796005249
8.198779106140137
8.518549919128418
8.437759399414062
9.23852825164795
9.16659927368164
7.60029935836792
7.547774314880371
9.399524688720703
9.220651626586914
7.5428080558776855
7.141872406005859
7.543031692504883
7.807493686676025
7.311056137084961
7.978030204772949
9.185705184936523
10.372106552124023
6.94781494140625
6.65364408493042
7.173557758331299
7.312193393707275
7.324488162994385
7.134426593780518
7.776953220367432
7.669151306152344
7.814943313598633
7.436938762664795
7.878396987915039
8.039813995361328
8.478681564331055
8.370988845825195
9.595019340515137
10.075718879699707
8.329887390136719
8.401939392089844
7.187112331390381
7.788109302520752
9.254232406616211
10.096941947937012
8.056953430175781
7.8278398513793945
8.390782356262207
8.676772117614746
7.277107238769531
7.359261989593506
7.415468692779541
7.881923198699951
7.440262794494629
7.292394161224365
6.882787704467773
6.845461845397949
7.883201599121094
7.90470552444458
9.374112129211426
9.431364059448242
8.160049438476562
8.098971366882324
9.02955436706543
9.421005249023438
8.27853775024414
8.688613891601562
8.678268432617188
9.490682601928711
6.836537837982178
7.48335599899292
6.597564220428467
7.532622337341309
8.101638793945312
8.081385612487793
7.998390197753906
8.254302978515625
7.93367338180542
7.960517883300781
8.276305198669434
8.60912799835205
7.570667743682861
7.871988296508789
7.780980587005615
8.141242027282715
7.730665683746338
8.4662446975708
7.494109630584717
7.417976379394531
8.25240707397461
8.652381896972656
7.443384647369385
8.118352890014648
7.456029415130615
8.05265998840332
7.1036376953125
6.978097438812256
7.630125522613525
8.10420036315918
7.215492248535156
7.252925872802734
7.5813727378845215
8.065917015075684
7.700329780578613
7.584160804748535
7.608250617980957
7.8598222732543945
7.86383581161499
8.763898849487305
8.053518295288086
8.825736999511719
8.20987606048584
9.337793350219727
7.578233242034912
7.783050537109375
7.346743106842041
7.556862831115723
7.262650966644287
7.095680236816406
7.05806303024292
7.3560791015625
7.466156482696533
7.544663429260254
8.697965621948242
9.223339080810547
7.465065002441406
7.142935276031494
7.748847007751465
7.904378414154053
7.437493324279785
7.982468605041504
8.211732864379883
9.16795825958252
8.514760971069336
9.274999618530273
9.101970672607422
10.159494400024414
6.862584590911865
7.096309661865234
7.5798468589782715
7.610654354095459
7.718713283538818
7.575337886810303
8.606666564941406
9.019061088562012
6.036891937255859
5.7410502433776855
6.754645347595215
6.896164417266846
8.688237190246582
8.486258506774902
9.146539688110352
8.809226989746094
7.429312229156494
7.23970365524292
7.291779518127441
7.346702575683594
8.273702621459961
9.344320297241211
8.634149551391602
8.421278953552246
8.690054893493652
8.968137741088867
6.924751281738281
7.338931560516357
7.673601150512695
8.25106430053711
7.614019870758057
7.4084086418151855
7.790720462799072
8.069328308105469
6.91888952255249
7.534658908843994
7.205252170562744
7.629533767700195
7.877865791320801
8.115283966064453
7.970772743225098
8.526199340820312
6.722459316253662
6.611319541931152
6.6896586418151855
6.979219913482666
7.17908239364624
6.923348426818848
7.692596435546875
7.925411701202393
8.283345222473145
8.05369758605957
8.736373901367188
8.644925117492676
7.785500526428223
8.281798362731934
8.198963165283203
8.81751823425293
10.066177368164062
10.029430389404297
7.099024295806885
7.003173828125
7.23351526260376
7.083704471588135
6.668488502502441
6.581616401672363
7.658743858337402
7.852560997009277
7.635633945465088
7.424339294433594
7.961306095123291
7.949110984802246
5.878961086273193
6.262890815734863
5.5905680656433105
6.410956859588623
8.439085960388184
8.483428955078125
9.317691802978516
9.201884269714355
7.585078716278076
7.742220401763916
7.946409702301025
8.358830451965332
8.62079906463623
8.358613967895508
9.462404251098633
9.3521089553833
8.091625213623047
8.080255508422852
8.250842094421387
8.886520385742188
7.81491231918335
7.579436779022217
8.253314971923828
8.283097267150879
7.514708042144775
7.994664192199707
7.884814739227295
8.538533210754395
7.615311622619629
7.490179538726807
8.246297836303711
8.366140365600586
8.030008316040039
8.473627090454102
8.532999992370605
9.488870620727539
6.486518383026123
6.810732364654541
7.166938781738281
7.428478240966797
7.871800422668457
8.013914108276367
8.101438522338867
8.489245414733887
7.035566806793213
6.850522518157959
7.987135887145996
8.01044750213623
8.112568855285645
8.446111679077148
8.84172534942627
9.355552673339844
6.492690563201904
6.425218105316162
7.009549617767334
7.390042781829834
7.9893107414245605
7.967327117919922
8.845450401306152
8.884693145751953
6.981003761291504
6.867196083068848
6.476527690887451
6.721268177032471
6.693629264831543
7.442959308624268
6.822841644287109
7.268649578094482
8.190338134765625
8.717903137207031
8.914351463317871
9.874069213867188
7.886577129364014
7.882665157318115
8.315994262695312
8.416414260864258
6.271826267242432
5.938593864440918
6.593026638031006
6.797791481018066
7.310281276702881
7.571422576904297
7.27727746963501
7.889753818511963
6.391133785247803
6.595340251922607
7.252176284790039
7.9729485511779785
8.413833618164062
8.098226547241211
7.538730144500732
8.14944076538086
7.623991966247559
8.283382415771484
8.394930839538574
8.676350593566895
8.05327320098877
7.9202141761779785
8.158669471740723
8.550719261169434
6.361761569976807
6.632968425750732
7.050635814666748
7.66314697265625
8.123785972595215
8.390536308288574
8.411189079284668
8.512455940246582
6.976718902587891
7.078334331512451
8.29820442199707
8.289105415344238
7.718174934387207
8.381617546081543
8.195470809936523
9.00655460357666
6.667287349700928
7.194450378417969
7.146348476409912
8.251564025878906
6.57628870010376
6.738911151885986
7.065566539764404
7.487997531890869
7.396332740783691
7.123023986816406
7.637694358825684
7.9441094398498535
6.563453674316406
7.203672885894775
6.509551048278809
7.188529968261719
6.382956504821777
6.837928295135498
6.916189670562744
7.769925594329834
6.422551155090332
7.054581642150879
7.306774616241455
8.195055961608887
7.513841152191162
8.176312446594238
7.540876865386963
8.138883590698242
8.338973045349121
8.177490234375
8.46272087097168
8.725303649902344
8.242783546447754
8.784322738647461
8.468948364257812
9.196184158325195
5.9000773429870605
5.885404586791992
6.910671234130859
7.348386287689209
8.516366958618164
8.360613822937012
9.150446891784668
9.10340690612793
6.835002899169922
6.681429386138916
6.892099857330322
7.086606025695801
5.856207370758057
6.111024379730225
7.469768047332764
7.746762752532959
8.170798301696777
8.63302230834961
8.08906364440918
8.660539627075195
7.167155742645264
7.073043346405029
7.532143592834473
8.185009002685547
6.933464050292969
7.34112548828125
7.055473327636719
7.815121173858643
7.427816867828369
7.422619819641113
8.329968452453613
8.354803085327148
7.673027038574219
7.426965236663818
7.898985385894775
8.032899856567383
7.662652015686035
7.59041166305542
8.162891387939453
8.62636947631836
8.758875846862793
9.082416534423828
8.224262237548828
8.02829647064209
7.7170515060424805
8.626319885253906
7.348842620849609
7.3131303787231445
8.690343856811523
8.819263458251953
7.5775980949401855
7.434429168701172
8.399125099182129
8.451386451721191
6.732077121734619
6.946319103240967
6.9233784675598145
7.688040256500244
9.215862274169922
8.95316219329834
10.267191886901855
10.561874389648438
9.065913200378418
9.093069076538086
9.664300918579102
9.64333724975586
8.183891296386719
8.63154411315918
9.796215057373047
10.216341972351074
8.507491111755371
8.336491584777832
8.732908248901367
9.014643669128418
7.237160682678223
7.2728495597839355
8.833294868469238
9.165566444396973
7.373539924621582
7.356367588043213
7.6387763023376465
7.890164852142334
6.747326850891113
7.509097576141357
7.515577793121338
8.422943115234375
7.796655178070068
7.994054317474365
8.71605110168457
8.89388370513916
7.739587306976318
7.566903591156006
9.567874908447266
9.15908145904541
8.43094253540039
8.536864280700684
8.954815864562988
9.35508918762207
8.001837730407715
8.009575843811035
8.283355712890625
8.631234169006348
7.238315105438232
7.267866611480713
8.41533088684082
8.574429512023926
7.829216957092285
8.360072135925293
7.75274658203125
8.446038246154785
8.416967391967773
8.494935989379883
6.12699556350708
6.06405782699585
6.253002166748047
6.482154369354248
7.924993515014648
7.533297538757324
9.480536460876465
9.535640716552734
8.55406665802002
8.78094482421875
8.907241821289062
8.969128608703613
6.901642799377441
7.292853832244873
7.807515621185303
8.477444648742676
5.451737403869629
5.865760803222656
5.6269049644470215
6.2701735496521
8.366952896118164
8.448982238769531
8.6278715133667
9.208666801452637
7.392025947570801
7.2314772605896
7.784876346588135
7.733489036560059
7.811973571777344
7.688087463378906
8.477724075317383
8.84182071685791
7.969165325164795
7.557387828826904
9.353066444396973
9.048559188842773
7.952367305755615
8.366621017456055
8.679083824157715
9.105192184448242
7.464348793029785
7.466383457183838
8.475217819213867
9.061832427978516
7.968013286590576
7.794783115386963
8.80650806427002
8.7370023727417
6.768199920654297
7.162153720855713
7.928889751434326
8.703702926635742
7.555781841278076
7.204364776611328
7.786231994628906
8.14749813079834
7.895772933959961
7.663234710693359
7.032142162322998
6.762425899505615
7.095961570739746
7.759777545928955
7.706215858459473
7.621885776519775
8.84373664855957
8.776989936828613
8.360610008239746
8.390100479125977
7.8390350341796875
8.189900398254395
6.358315467834473
6.746972560882568
7.105374813079834
7.816829204559326
8.603691101074219
9.042014122009277
9.132233619689941
9.666176795959473
7.143065929412842
7.6902313232421875
7.60143518447876
8.201980590820312
7.785962104797363
8.1049222946167
7.536313533782959
8.144318580627441
6.3703932762146
6.164577007293701
6.982464790344238
7.243659973144531
6.973992824554443
7.5345306396484375
7.27290678024292
8.141357421875
7.9425249099731445
7.644250869750977
6.1901092529296875
6.015638828277588
5.851607799530029
6.305078029632568
7.762620449066162
7.8480753898620605
7.99550199508667
8.448871612548828
7.17202091217041
6.839819431304932
7.3700385093688965
7.636020183563232
7.733806610107422
9.053993225097656
8.657511711120605
8.49482250213623
8.486626625061035
8.37678050994873
8.207837104797363
8.00650405883789
8.927267074584961
8.934653282165527
6.482117652893066
7.003818035125732
7.134157180786133
8.002434730529785
7.931865215301514
7.760262489318848
8.947148323059082
8.881494522094727
7.930360317230225
8.403326988220215
8.570233345031738
9.176362037658691
7.216823101043701
7.291502475738525
7.5271148681640625
7.719240188598633
7.798677444458008
7.7099175453186035
7.925424575805664
8.970539093017578
8.156732559204102
7.839550495147705
9.402238845825195
9.246564865112305
8.17629337310791
8.226408004760742
6.585666656494141
7.248472690582275
6.682873725891113
7.433132648468018
8.073203086853027
8.048486709594727
8.935603141784668
8.942570686340332
8.720630645751953
8.564760208129883
7.1251068115234375
6.9526824951171875
7.624273777008057
7.924891948699951
7.906535625457764
7.5527496337890625
7.9885711669921875
8.021515846252441
7.232795715332031
8.004952430725098
8.082135200500488
8.984824180603027
7.540531158447266
8.143052101135254
7.631350040435791
8.255075454711914
8.124406814575195
9.417510032653809
8.709858894348145
9.615019798278809
7.971374034881592
7.877599239349365
8.094414710998535
8.297616004943848
8.18065071105957
8.339954376220703
5.923868656158447
5.739427089691162
6.97323751449585
7.060969829559326
6.151832103729248
6.143993854522705
7.030921459197998
7.251077175140381
7.200438976287842
7.010911464691162
7.93857479095459
7.923670291900635
6.237081527709961
6.581690311431885
6.285512924194336
6.965187072753906
6.904530048370361
6.494367599487305
6.357988357543945
6.453108310699463
6.768571376800537
7.264155864715576
7.912851333618164
8.344504356384277
6.489796161651611
6.207860946655273
6.461308479309082
6.6925177574157715
7.0154900550842285
6.631901741027832
6.7104926109313965
7.047975540161133
6.288349151611328
6.4503326416015625
6.756968021392822
7.326563358306885
7.385402202606201
8.164855003356934
7.538834571838379
8.157007217407227
6.632060527801514
7.050413608551025
6.938250541687012
7.599803447723389
7.538516521453857
8.124883651733398
7.949619770050049
8.70395278930664
7.469680309295654
7.677631378173828
7.790013790130615
8.322265625
8.310686111450195
8.4985990524292
8.767097473144531
8.721871376037598
7.855990886688232
8.679092407226562
7.407238483428955
8.464298248291016
8.220881462097168
8.030960083007812
8.267292976379395
8.377232551574707
8.022783279418945
7.907273769378662
8.811119079589844
9.071949005126953
8.148332595825195
8.022576332092285
7.117740154266357
7.3158769607543945
7.613993167877197
8.363829612731934
7.408828258514404
7.31704044342041
8.57768440246582
8.808595657348633
6.183284759521484
6.396361827850342
7.285957336425781
7.6241135597229
7.410264492034912
7.663017272949219
8.711844444274902
8.810949325561523
6.6363959312438965
6.482618808746338
8.106633186340332
7.872143268585205
7.580132484436035
7.519195079803467
8.285669326782227
8.707240104675293
7.782048225402832
7.408877849578857
8.581032752990723
8.409174919128418
6.76885461807251
7.03082275390625
7.563953399658203
8.231935501098633
8.336606979370117
8.621068954467773
6.8236870765686035
6.691728591918945
7.794748306274414
8.308504104614258
8.41700553894043
9.187093734741211
8.139686584472656
8.086601257324219
8.999593734741211
8.851449012756348
7.078660488128662
6.876997947692871
7.115506172180176
7.086178779602051
6.585062503814697
6.7091064453125
8.43517780303955
8.34427547454834
7.414707660675049
7.690401554107666
8.613773345947266
9.490635871887207
8.15492057800293
8.250540733337402
7.204600811004639
7.642935276031494
7.875632286071777
8.388699531555176
7.838523864746094
7.7505621910095215
8.284430503845215
8.44056510925293
8.205240249633789
7.880875587463379
9.700068473815918
10.019372940063477
8.739913940429688
9.101357460021973
8.346883773803711
9.332048416137695
8.111093521118164
7.892885684967041
8.874786376953125
8.668349266052246
5.895739555358887
6.3080878257751465
6.206614971160889
7.1160407066345215
7.025803565979004
7.5096611976623535
6.394278049468994
7.122087478637695
8.848663330078125
8.65295124053955
10.081028938293457
10.256993293762207
8.166824340820312
8.435240745544434
8.337027549743652
9.033015251159668
8.102775573730469
8.476738929748535
8.620570182800293
9.257790565490723
6.972769260406494
6.751841068267822
8.299280166625977
8.260135650634766
6.922924995422363
7.508159160614014
7.592747211456299
8.47158145904541
5.244288921356201
5.915395736694336
5.206203460693359
6.064067363739014
6.738053798675537
7.102247714996338
7.460764408111572
8.039789199829102
7.747274875640869
8.387483596801758
5.827470302581787
6.402595520019531
5.959660530090332
6.759742736816406
6.882538795471191
7.215429782867432
7.06522798538208
7.6835479736328125
6.830544471740723
7.484212398529053
8.012031555175781
9.03064250946045
6.497263431549072
6.358081817626953
6.7707366943359375
6.73382568359375
7.03854513168335
7.271607875823975
7.591147422790527
8.13966178894043
7.525213718414307
7.119670391082764
8.760420799255371
8.7743501663208
7.30458927154541
7.9560699462890625
7.5735907554626465
8.16469955444336
7.847149848937988
8.129350662231445
8.200095176696777
9.027050971984863
7.482367038726807
7.814631938934326
7.841719150543213
8.679632186889648
6.999005317687988
7.509602069854736
8.663975715637207
8.883440017700195
6.980225563049316
7.113672733306885
7.3113017082214355
7.9881744384765625
7.7530035972595215
8.216958045959473
8.486471176147461
9.291834831237793
7.137197971343994
7.653112888336182
8.083436965942383
8.693570137023926
7.326606273651123
7.175413608551025
7.333223342895508
7.853730201721191
6.544455051422119
6.988408088684082
7.045466899871826
7.721127033233643
6.234542369842529
6.141757965087891
7.377542972564697
7.510469436645508
8.131084442138672
8.011853218078613
8.180088996887207
8.859868049621582
7.298170566558838
7.982443809509277
7.147116661071777
8.348128318786621
7.950141906738281
8.19707202911377
7.775523662567139
7.987823486328125
7.152997016906738
7.390467166900635
7.9329986572265625
8.666582107543945
7.3342180252075195
7.456445217132568
7.662766456604004
8.300518035888672
6.665493011474609
6.572212219238281
7.393055438995361
7.732970237731934
7.959025859832764
7.889342784881592
8.002995491027832
7.96959924697876
6.613736629486084
6.375869274139404
7.787067890167236
8.063935279846191
7.250548839569092
7.2253098487854
7.497036457061768
7.823144912719727
6.0725321769714355
6.409243583679199
6.615180492401123
7.230714321136475
6.857110023498535
6.530842304229736
6.563185214996338
6.9181952476501465
8.089829444885254
8.020112991333008
7.433576583862305
7.931004524230957
6.654197692871094
7.273316860198975
7.733640193939209
8.33531379699707
8.642478942871094
8.314260482788086
6.8556342124938965
6.57061243057251
7.32362699508667
7.553236961364746
8.070655822753906
7.866844177246094
8.461600303649902
8.47550106048584
8.018171310424805
7.744760513305664
8.499316215515137
8.436911582946777
8.537166595458984
9.07624626159668
6.123673439025879
5.872358322143555
7.053369045257568
6.981029510498047
7.517448425292969
7.287207126617432
7.892670631408691
7.891388893127441
8.867342948913574
8.99606990814209
8.645390510559082
9.11367416381836
7.068897724151611
6.696351051330566
6.982784271240234
6.927639961242676
6.443471908569336
6.0792412757873535
6.50404691696167
6.711670875549316
7.664783000946045
7.942032814025879
8.750543594360352
9.139237403869629
7.629705905914307
8.416391372680664
7.931875705718994
8.931763648986816
6.7133097648620605
6.604986667633057
7.110152721405029
7.116472244262695
7.103283882141113
7.79817533493042
7.872354984283447
8.35221004486084
8.464705467224121
8.512566566467285
7.378013610839844
7.029679775238037
8.437342643737793
8.40591812133789
8.075361251831055
8.525385856628418
8.190265655517578
9.131572723388672
7.920228481292725
7.821937084197998
8.61558723449707
8.823396682739258
7.172436714172363
7.057438850402832
7.807150840759277
7.991787433624268
7.26640510559082
7.045576095581055
7.3872456550598145
7.865991115570068
7.932324409484863
7.842324733734131
8.337039947509766
8.741719245910645
8.693502426147461
9.310359954833984
8.458215713500977
9.236050605773926
6.988145351409912
7.478487491607666
7.32363224029541
7.898781776428223
7.765065670013428
8.102266311645508
8.170812606811523
9.181272506713867
8.287574768066406
8.213264465332031
8.692994117736816
9.303303718566895
6.998516082763672
7.8022918701171875
7.2851176261901855
7.799264430999756
8.14207649230957
8.990230560302734
7.2537522315979
7.357211589813232
8.133721351623535
8.872880935668945
7.238707065582275
7.605764865875244
8.355003356933594
8.646208763122559
6.46319055557251
6.941631317138672
6.179710388183594
6.792466640472412
7.458961486816406
7.208693027496338
7.0961432456970215
7.70021390914917
7.31692361831665
8.020471572875977
7.684206008911133
8.546818733215332
7.093391418457031
6.9568190574646
8.434518814086914
8.348270416259766
8.028642654418945
7.531833648681641
9.010106086730957
9.05334186553955
6.771797180175781
6.857982158660889
7.6327033042907715
7.851080894470215
8.194636344909668
8.369485855102539
7.999907493591309
8.689923286437988
9.357900619506836
9.702561378479004
6.3838300704956055
6.475572109222412
6.640467166900635
7.172336578369141
7.929234504699707
8.743300437927246
7.708728313446045
8.598012924194336
8.034788131713867
8.611714363098145
7.784451007843018
8.681220054626465
6.918717861175537
6.996838569641113
8.523313522338867
8.697787284851074
7.973184108734131
8.865283012390137
7.797200679779053
8.635568618774414
7.251155376434326
7.996870994567871
7.270358085632324
8.361318588256836
6.993305206298828
7.086453914642334
7.494417190551758
8.055593490600586
7.8362627029418945
7.782464027404785
8.170218467712402
8.655928611755371
6.552210807800293
7.391480445861816
6.685664653778076
7.003342628479004
6.549961090087891
6.436537265777588
7.475645542144775
7.91050386428833
7.116701602935791
7.305394649505615
7.70877742767334
8.273991584777832
6.664364814758301
6.712965488433838
8.280070304870605
8.523710250854492
8.011761665344238
8.302395820617676
8.996637344360352
9.147802352905273
7.799681186676025
8.260469436645508
7.841165542602539
8.22918701171875
7.354559421539307
7.134349346160889
6.909702301025391
7.201666355133057
7.381484508514404
7.208049297332764
8.041749954223633
8.152371406555176
7.1000823974609375
7.118025302886963
8.565875053405762
8.7732572555542
6.328911781311035
6.341668605804443
6.363117694854736
6.3260111808776855
6.767045497894287
6.998575687408447
7.819010257720947
8.042549133300781
7.521971225738525
7.311468601226807
7.41483736038208
7.695039749145508
7.428663730621338
8.011099815368652
7.87376594543457
8.518942832946777
6.8147172927856445
6.817115783691406
8.059009552001953
8.27232837677002
7.209519863128662
7.501476287841797
7.781683444976807
8.392730712890625
8.02104377746582
8.534595489501953
9.693746566772461
9.881503105163574
8.32063102722168
8.215681076049805
8.281414985656738
8.13718318939209
8.526467323303223
9.195068359375
7.508615970611572
7.4860100746154785
8.234037399291992
8.348488807678223
7.799185276031494
7.559878826141357
7.349804401397705
7.784491062164307
7.136813640594482
7.3171539306640625
7.776675701141357
7.758111953735352
7.585838317871094
8.184773445129395
7.749002933502197
8.349695205688477
7.208456516265869
8.076628684997559
7.6773505210876465
8.555964469909668
8.099270820617676
8.485133171081543
8.85560417175293
9.723387718200684
6.5370354652404785
6.806985378265381
6.50094747543335
6.995466709136963
6.3335371017456055
6.952033519744873
6.511300563812256
7.13671350479126
8.068195343017578
8.324342727661133
9.670358657836914
9.57209587097168
8.677536010742188
8.37885570526123
8.992112159729004
9.155851364135742
7.794345378875732
7.950206279754639
7.80239200592041
8.378952980041504
7.889733791351318
8.086825370788574
8.088896751403809
8.514599800109863
6.432950496673584
7.094600200653076
6.78806734085083
7.58750057220459
6.952268123626709
6.671658992767334
7.66404390335083
7.599795818328857
7.155170440673828
6.940016269683838
7.583743572235107
7.677905559539795
8.599983215332031
8.551708221435547
6.680189609527588
6.647642612457275
6.869810104370117
7.023766040802002
7.8630805015563965
8.360678672790527
7.8721923828125
8.386688232421875
7.9761857986450195
8.151304244995117
7.982137680053711
7.971343517303467
7.408841609954834
7.882197856903076
7.814217567443848
8.079890251159668
6.865370273590088
6.645848274230957
7.218921184539795
7.44730281829834
7.072025775909424
6.883044242858887
6.663804054260254
6.885233402252197
8.115527153015137
7.952188014984131
8.78816032409668
9.15381145477295
7.5369110107421875
7.801438331604004
7.43129825592041
7.954883098602295
7.292797088623047
7.366532325744629
7.561296463012695
8.006423950195312
7.791236400604248
8.284900665283203
9.21692943572998
10.232596397399902
7.275493621826172
7.835154056549072
8.480899810791016
9.128949165344238
6.37929630279541
6.437501430511475
7.90226411819458
8.161473274230957
8.650821685791016
8.416926383972168
9.155920028686523
8.850091934204102
8.280954360961914
8.704347610473633
6.866504669189453
7.2498674392700195
7.764074802398682
8.187901496887207
7.766216278076172
8.06080150604248
8.618268966674805
9.059365272521973
7.4175262451171875
7.456984996795654
7.442511558532715
7.873236656188965
7.201481819152832
6.897210597991943
8.358420372009277
8.284101486206055
6.299691200256348
6.394803524017334
7.288565158843994
7.9059319496154785
7.470468044281006
7.356781005859375
7.083281517028809
7.535349369049072
7.276283264160156
7.433784484863281
8.197850227355957
8.782971382141113
7.46834135055542
7.181796550750732
8.909244537353516
8.844624519348145
7.215335369110107
7.172467231750488
7.57715368270874
7.8074164390563965
7.2376556396484375
7.56471586227417
8.461465835571289
9.458202362060547
8.229872703552246
8.454716682434082
8.729203224182129
9.480812072753906
6.70949125289917
6.4634528160095215
7.985627174377441
8.109350204467773
8.138562202453613
8.937546730041504
7.06734037399292
6.786754131317139
7.274505615234375
7.415594577789307
7.54274845123291
7.297637939453125
7.932938575744629
8.102437973022461
7.3200602531433105
7.3664679527282715
8.587549209594727
8.79782772064209
7.497039794921875
7.850856304168701
7.826015949249268
8.517621040344238
7.320153713226318
7.865548610687256
7.290456295013428
7.905520915985107
9.372321128845215
9.49311637878418
6.3078436851501465
6.770264625549316
6.558201789855957
7.229689121246338
6.137414455413818
5.8681464195251465
6.328522682189941
6.651839733123779
7.68533182144165
7.796887397766113
7.965908527374268
8.159303665161133
8.057367324829102
8.014531135559082
8.585064888000488
8.790921211242676
7.186922550201416
7.431065082550049
7.495864391326904
7.699832439422607
6.599372386932373
6.29421854019165
6.387682914733887
6.7313456535339355
6.250405788421631
6.137124061584473
6.896239757537842
7.346444129943848
8.038647651672363
8.114999771118164
8.300415992736816
8.353082656860352
8.445754051208496
8.762741088867188
6.011434078216553
6.294372081756592
7.203375816345215
7.208329200744629
9.352472305297852
9.764284133911133
9.996747970581055
9.89583969116211
6.806128978729248
7.338801860809326
7.6991424560546875
8.562152862548828
7.462928771972656
8.010194778442383
7.921393394470215
8.708996772766113
8.347392082214355
8.376240730285645
8.768895149230957
9.087085723876953
6.022477149963379
6.656417369842529
7.084686279296875
7.740139484405518
6.427529335021973
7.031292915344238
7.888078689575195
9.0573091506958
8.449087142944336
8.37251091003418
8.828311920166016
9.345660209655762
6.774213790893555
7.57708215713501
6.829220771789551
7.737351894378662
7.590255260467529
7.678003787994385
8.9614839553833
9.057744026184082
8.289271354675293
8.105874061584473
8.830794334411621
9.08737564086914
6.93146276473999
6.729189872741699
6.466681003570557
6.829153537750244
7.477043151855469
7.828178405761719
7.677748680114746
7.6424736976623535
7.723682403564453
8.107634544372559
7.218815326690674
6.743285179138184
7.014110088348389
7.194497108459473
7.614955425262451
7.319212436676025
8.27862548828125
8.522269248962402
7.601981163024902
7.549326419830322
6.860243320465088
6.878350734710693
7.134274005889893
7.4918951988220215
6.487279891967773
6.36346960067749
6.905429363250732
7.082799434661865
7.311246395111084
7.432862758636475
8.188629150390625
8.461235046386719
7.714595794677734
8.146342277526855
6.984368801116943
7.38373327255249
7.240667819976807
7.806437015533447
7.000740051269531
6.8690338134765625
7.615163326263428
7.491395473480225
8.0999116897583
8.1159029006958
6.047348976135254
6.402201175689697
6.818681716918945
7.5077338218688965
6.966749668121338
7.0396623611450195
8.376046180725098
8.616422653198242
8.13280963897705
8.75145435333252
8.05790901184082
8.772320747375488
8.005423545837402
8.349466323852539
8.297816276550293
9.354548454284668
6.931735515594482
6.764263153076172
7.643135070800781
7.824912071228027
5.342891216278076
5.715714931488037
5.814032077789307
6.517755508422852
8.298458099365234
8.162079811096191
7.65496826171875
7.740810394287109
9.080055236816406
9.063973426818848
8.504170417785645
8.986592292785645
8.673565864562988
9.578335762023926
8.273609161376953
8.662359237670898
9.46194076538086
9.934171676635742
7.625162124633789
8.021625518798828
8.644976615905762
9.769003868103027
8.24525260925293
8.354362487792969
8.886106491088867
8.96983528137207
8.536593437194824
8.463570594787598
8.633011817932129
8.739259719848633
8.477911949157715
8.759730339050293
7.713743686676025
8.557299613952637
8.210214614868164
8.81027889251709
8.732195854187012
8.56454849243164
8.800030708312988
9.3392333984375
8.28017520904541
8.18077564239502
8.78989315032959
8.818647384643555
6.092128753662109
6.080958366394043
6.7391252517700195
6.726986885070801
7.560741424560547
8.182421684265137
8.069537162780762
9.011090278625488
7.021087169647217
6.86151123046875
6.9143757820129395
7.294735431671143
7.472701072692871
7.891633987426758
8.834460258483887
9.639278411865234
6.938967227935791
6.842098712921143
6.714683532714844
6.959651947021484
7.2764177322387695
7.379458904266357
7.928610801696777
7.947013854980469
7.572950839996338
7.415017604827881
7.362921714782715
7.760659217834473
8.00317096710205
8.254863739013672
8.52177619934082
9.191679954528809
8.004730224609375
8.164408683776855
7.682534217834473
8.117298126220703
7.238866329193115
7.128551483154297
8.372664451599121
8.484152793884277
8.462971687316895
8.593286514282227
7.574136257171631
7.566760540008545
7.440256118774414
8.214215278625488
8.260641098022461
9.066650390625
8.936934471130371
8.651508331298828
6.292479038238525
6.888810157775879
6.218353748321533
6.809325695037842
7.645843982696533
7.681293487548828
8.927802085876465
9.558408737182617
8.334112167358398
8.56135082244873
8.427393913269043
8.64899730682373
7.075355052947998
7.159151077270508
8.03594970703125
7.930467128753662
8.6685791015625
8.560524940490723
8.26367473602295
8.543098449707031
8.350221633911133
9.077648162841797
7.4858880043029785
7.55972146987915
8.56143856048584
8.45396900177002
8.653076171875
9.6599702835083
8.040861129760742
7.954448223114014
8.962393760681152
9.205554962158203
7.358101844787598
7.620932579040527
7.7056074142456055
8.508817672729492
8.4491548538208
8.448602676391602
8.5851469039917
8.54011344909668
7.684749126434326
7.784445285797119
7.410597324371338
7.954349994659424
8.072649955749512
8.148004531860352
8.37826919555664
8.313005447387695
7.134179592132568
7.638288974761963
7.444263935089111
8.143351554870605
8.766681671142578
8.791232109069824
9.5064697265625
9.814233779907227
7.608250617980957
7.598451137542725
7.775240421295166
8.350886344909668
6.750400066375732
7.17360258102417
7.265006065368652
8.01435375213623
6.973143577575684
6.778810024261475
6.138031005859375
6.609971046447754
7.844794750213623
8.482912063598633
7.69003963470459
8.55715560913086
7.677075386047363
7.581846714019775
8.346358299255371
8.749958038330078
9.036191940307617
9.756694793701172
7.499196529388428
7.42616605758667
8.379315376281738
8.302620887756348
8.114648818969727
7.750160217285156
8.427385330200195
8.439579010009766
6.401814937591553
6.2177605628967285
6.606243133544922
6.906407356262207
6.674344539642334
6.732492923736572
6.416614055633545
6.814610958099365
6.7693939208984375
7.496847629547119
6.9066948890686035
7.596795082092285
8.466684341430664
8.769027709960938
9.286588668823242
9.285815238952637
7.615502834320068
7.5612711906433105
8.579703330993652
8.5169038772583
6.842140197753906
6.454106330871582
7.834428787231445
7.989814758300781
8.085250854492188
7.971286773681641
7.940001010894775
8.276217460632324
8.059883117675781
7.7164740562438965
8.193486213684082
8.405573844909668
7.341395378112793
7.95808219909668
8.179649353027344
8.086409568786621
8.983681678771973
8.852402687072754
8.045681953430176
8.029583930969238
8.219502449035645
8.371563911437988
7.519514560699463
7.098320007324219
7.234259605407715
7.634204387664795
6.701442241668701
6.664198398590088
8.047764778137207
8.282477378845215
6.367517948150635
6.537974834442139
7.341073989868164
7.700247764587402
7.21230936050415
7.185005187988281
7.667724609375
7.672876834869385
7.436964511871338
7.893315315246582
7.447529315948486
8.171457290649414
7.805352210998535
7.746490478515625
8.689977645874023
9.110905647277832
7.178143501281738
7.017457962036133
8.349283218383789
9.022475242614746
8.506053924560547
8.32545280456543
8.522073745727539
8.329859733581543
8.429277420043945
8.383218765258789
6.203383922576904
6.869638919830322
6.9468817710876465
7.789021968841553
6.594837188720703
6.45667028427124
7.370321750640869
7.502524375915527
7.657029628753662
7.566581726074219
8.037198066711426
8.78568172454834
7.18886661529541
7.7579803466796875
7.627105712890625
8.332208633422852
7.892035007476807
7.645543098449707
7.687087059020996
7.967968463897705
7.832462787628174
8.345793724060059
7.995511054992676
8.236381530761719
6.696834087371826
7.242274761199951
7.370121479034424
7.9268798828125
7.958689212799072
8.00551700592041
8.146088600158691
8.89996337890625
7.757357120513916
7.576275825500488
8.051278114318848
8.61428165435791
7.148585796356201
7.12037992477417
8.409149169921875
8.687588691711426
6.327218532562256
6.643948078155518
6.949375152587891
7.346051216125488
8.4515380859375
8.569476127624512
8.727027893066406
9.170141220092773
8.699995040893555
9.054218292236328
7.833497524261475
7.7628607749938965
8.058445930480957
8.32964038848877
6.408393859863281
6.701123237609863
7.188418865203857
7.919840335845947
7.411494731903076
7.899945259094238
8.20673942565918
8.743298530578613
7.444436073303223
7.252616882324219
7.76537561416626
8.009395599365234
8.425368309020996
8.250029563903809
7.215144634246826
7.305211067199707
8.004925727844238
8.355928421020508
7.867774963378906
7.785271644592285
8.319564819335938
8.99045467376709
7.907407283782959
8.385971069335938
7.595633029937744
8.03316593170166
8.543524742126465
9.338443756103516
7.159773349761963
7.700465679168701
7.098010540008545
7.72696590423584
8.299680709838867
8.097997665405273
9.188591957092285
8.874101638793945
7.861640930175781
8.467693328857422
7.228008270263672
6.955601692199707
7.211761474609375
7.705159664154053
7.547268867492676
7.360080718994141
8.099285125732422
8.568281173706055
8.38016128540039
8.208001136779785
8.707011222839355
8.636736869812012
6.917654514312744
7.395396709442139
7.286192417144775
8.044025421142578
7.850239276885986
7.868639945983887
7.425931453704834
7.964602947235107
8.087583541870117
8.500932693481445
8.061392784118652
8.018606185913086
8.890121459960938
8.66058349609375
6.902857303619385
7.819225311279297
7.146138668060303
8.080601692199707
7.6013994216918945
7.809731960296631
9.137672424316406
9.277327537536621
7.887368679046631
8.548545837402344
8.297798156738281
9.12964916229248
8.222929000854492
8.387807846069336
8.654605865478516
8.384020805358887
9.235174179077148
9.25251579284668
7.282960414886475
7.312806606292725
7.695648193359375
8.122246742248535
7.041021823883057
6.883640289306641
8.054765701293945
8.221555709838867
5.694164752960205
5.929046630859375
6.29962682723999
6.733522891998291
7.509469509124756
7.312178134918213
8.472379684448242
8.379328727722168
8.894447326660156
9.253395080566406
6.8995680809021
7.164353847503662
7.222296714782715
7.80389928817749
8.011537551879883
8.190471649169922
8.321749687194824
8.63296890258789
7.436134338378906
8.165706634521484
8.091020584106445
7.904844284057617
8.459465026855469
9.414651870727539
6.5784592628479
6.3816399574279785
8.34485149383545
8.094286918640137
8.760750770568848
8.784886360168457
8.630743980407715
8.295645713806152
8.473776817321777
8.809110641479492
7.201948642730713
7.694765567779541
8.315448760986328
9.273357391357422
8.997018814086914
9.782180786132812
7.441396236419678
8.272115707397461
6.353566646575928
6.786520957946777
6.670897006988525
7.631036281585693
7.157862186431885
7.164090156555176
8.472909927368164
8.689776420593262
7.8558478355407715
8.150006294250488
9.130894660949707
9.54932975769043
6.432255744934082
6.627810955047607
8.184773445129395
8.57728385925293
7.333627223968506
8.063995361328125
7.707333564758301
7.259265422821045
7.863879680633545
8.016450881958008
7.871310234069824
7.975503921508789
8.029664993286133
7.812779903411865
8.366615295410156
8.03321647644043
6.322680473327637
6.843418598175049
7.272257328033447
8.131669998168945
8.174297332763672
8.12818431854248
8.812817573547363
9.130327224731445
6.912440776824951
7.263103485107422
8.073841094970703
8.844913482666016
7.100649356842041
7.3119988441467285
7.826140403747559
8.672122955322266
7.724348545074463
7.75594425201416
8.501354217529297
9.011174201965332
7.510781764984131
7.171166896820068
7.42578125
7.873898983001709
7.576325416564941
8.20120906829834
7.060731410980225
6.8014702796936035
7.332945346832275
7.429747581481934
8.013230323791504
8.2070894241333
8.430769920349121
9.046910285949707
7.077635288238525
7.661873817443848
8.02938461303711
8.674636840820312
7.724151611328125
8.111632347106934
7.912910461425781
8.566513061523438
6.7335662841796875
6.893118381500244
7.531213760375977
8.019197463989258
8.13308048248291
8.225099563598633
8.113341331481934
8.598855018615723
8.068985939025879
7.791970729827881
7.91373348236084
8.132339477539062
7.30103063583374
7.098954677581787
7.492769718170166
7.544332981109619
7.983335971832275
7.639414310455322
8.93124771118164
8.808721542358398
8.01725959777832
7.765042304992676
8.475772857666016
8.438260078430176
8.391999244689941
8.622261047363281
7.142436981201172
7.917715549468994
6.978302001953125
7.707186222076416
8.23563289642334
8.079818725585938
8.857481002807617
8.923980712890625
7.605111598968506
8.072059631347656
7.557254791259766
8.440425872802734
7.293512344360352
8.093461036682129
5.273349761962891
5.135839939117432
6.371328353881836
6.297187328338623
7.589215278625488
7.644996643066406
8.499261856079102
8.66576862335205
7.447610378265381
7.338761806488037
7.8692803382873535
8.230892181396484
6.56860876083374
6.320119857788086
7.430853366851807
7.339973449707031
5.807301998138428
6.218005180358887
6.830610752105713
6.6005144119262695
8.247537612915039
8.365095138549805
7.666400909423828
7.531217098236084
8.27841567993164
8.38308048248291
8.27770709991455
8.336103439331055
8.805535316467285
8.985326766967773
8.371843338012695
8.63885498046875
8.665817260742188
8.483933448791504
8.879030227661133
9.30698299407959
8.71036148071289
8.452677726745605
6.748950958251953
6.772090911865234
6.5233635902404785
6.49391508102417
7.384968280792236
7.874730587005615
6.250119686126709
6.389871120452881
6.864108562469482
7.194276809692383
7.892981052398682
7.996798992156982
8.687477111816406
8.821869850158691
7.937318325042725
7.946392059326172
6.750470161437988
7.248706340789795
7.039761543273926
7.826509475708008
7.323571681976318
8.066596031188965
7.408148288726807
8.194890022277832
8.351139068603516
8.197650909423828
8.99409008026123
8.781163215637207
7.421248912811279
7.345027446746826
9.005717277526855
9.141393661499023
7.2252936363220215
7.332767009735107
8.651150703430176
9.10552978515625
8.401718139648438
8.49954891204834
8.239051818847656
8.679729461669922
7.943249702453613
7.874622344970703
7.121751308441162
7.139750003814697
7.774556636810303
8.205195426940918
7.832223415374756
8.251096725463867
7.846243858337402
8.235950469970703
6.241168975830078
6.400716781616211
6.610476970672607
6.549049377441406
7.64358377456665
7.411539554595947
8.310822486877441
8.324424743652344
7.671667575836182
8.19037914276123
7.64866828918457
8.3483304977417
7.968759059906006
8.585805892944336
8.211459159851074
9.039327621459961
7.904335021972656
7.639107704162598
8.780054092407227
8.781479835510254
7.7163591384887695
7.860767364501953
8.472163200378418
8.852678298950195
6.245019435882568
5.8397345542907715
7.252723693847656
7.366913795471191
6.972229957580566
6.749563694000244
6.918900966644287
7.3901543617248535
8.300009727478027
7.834630489349365
8.806588172912598
9.066543579101562
6.605541229248047
6.588181972503662
6.570271015167236
6.851534366607666
5.642372131347656
6.078008651733398
6.814215183258057
7.331332683563232
7.9600653648376465
8.907577514648438
8.37038803100586
9.667034149169922
6.504674434661865
6.557501316070557
6.844632625579834
7.041650772094727
6.458278656005859
6.533437728881836
7.427877902984619
7.535408020019531
6.806153297424316
7.173222064971924
7.29586124420166
8.011443138122559
7.226391792297363
7.0093536376953125
7.33071231842041
7.589959144592285
6.001278400421143
6.3370513916015625
6.733529567718506
7.575360298156738
6.894223690032959
6.713170528411865
7.369503498077393
7.876618385314941
8.091882705688477
8.502901077270508
8.656880378723145
9.366360664367676
7.3257670402526855
7.206760406494141
8.626031875610352
8.619413375854492
6.66079044342041
7.5453057289123535
7.274160861968994
6.928694248199463
8.619179725646973
8.52145004272461
9.689447402954102
9.89283561706543
8.529494285583496
8.423406600952148
8.027851104736328
7.9814453125
6.712213039398193
6.929698944091797
6.376551151275635
6.989799499511719
7.785290718078613
8.206182479858398
8.314360618591309
8.423849105834961
8.561226844787598
8.814709663391113
6.6209869384765625
7.382829189300537
7.878050327301025
8.539106369018555
8.472343444824219
8.229249954223633
9.467488288879395
9.413369178771973
7.1992506980896
7.425643444061279
6.830817222595215
7.747508525848389
7.838749885559082
7.966896057128906
7.727639198303223
7.89091157913208
6.538646697998047
6.868644714355469
7.585203647613525
8.105375289916992
8.274497985839844
8.117831230163574
8.248578071594238
8.592032432556152
8.668047904968262
8.4917631149292
8.693074226379395
9.123250007629395
8.147189140319824
8.62127685546875
8.54162311553955
9.231081008911133
7.3474860191345215
7.164673805236816
7.671586990356445
8.142143249511719
8.503058433532715
8.517781257629395
8.35861587524414
8.81275463104248
7.246598243713379
7.754309177398682
7.4708251953125
8.264395713806152
7.673076152801514
7.236184120178223
7.930349826812744
8.096211433410645
7.350937843322754
7.027469158172607
7.68333625793457
7.911991596221924
6.944405555725098
6.597236156463623
7.0902862548828125
7.025791168212891
7.154834747314453
6.967212200164795
7.917105674743652
8.418013572692871
8.442033767700195
8.594147682189941
8.416119575500488
9.174501419067383
7.762075901031494
7.708659648895264
9.299047470092773
9.697673797607422
7.067320346832275
6.8765153884887695
7.619805335998535
7.885567665100098
8.541318893432617
9.03236198425293
8.747454643249512
9.469731330871582
6.308883190155029
6.519181251525879
7.1594085693359375
7.439239501953125
9.620527267456055
10.192160606384277
6.97613525390625
7.6304612159729
6.607645511627197
7.146148681640625
7.824369430541992
8.97552490234375
7.303954601287842
7.202742099761963
7.9675750732421875
8.210193634033203
8.827149391174316
8.641387939453125
9.54185676574707
9.597139358520508
6.7267327308654785
7.017792701721191
7.127328395843506
7.71322774887085
8.41648006439209
9.128231048583984
8.93028450012207
9.36308765411377
7.170912265777588
7.700125217437744
8.060941696166992
8.503193855285645
8.363966941833496
8.762604713439941
8.713479995727539
9.266908645629883
8.423070907592773
8.271129608154297
9.769828796386719
10.161574363708496
7.435000896453857
7.395388126373291
7.065372943878174
7.821817874908447
7.971907138824463
8.08757209777832
8.570951461791992
8.850406646728516
8.229083061218262
8.088861465454102
8.868040084838867
9.063886642456055
6.844387054443359
6.853428840637207
7.3765716552734375
7.615042209625244
7.341778755187988
6.921333312988281
7.3311285972595215
7.75396728515625
8.203595161437988
8.746882438659668
8.66690731048584
8.63847827911377
7.563069820404053
7.187587738037109
8.305727005004883
8.22756290435791
6.911393642425537
6.742696762084961
6.798841953277588
7.133148193359375
6.648147106170654
6.4633941650390625
7.535197734832764
7.614571571350098
6.821774482727051
7.307055950164795
7.952185153961182
8.50976276397705
6.966775417327881
6.824028015136719
8.247733116149902
8.17783260345459
5.682942867279053
5.448338985443115
6.845958232879639
6.631567478179932
8.63137435913086
8.371837615966797
8.405122756958008
9.551380157470703
7.140284538269043
7.277587413787842
8.169845581054688
7.782314300537109
8.152867317199707
8.298482894897461
7.877677917480469
7.7678046226501465
8.409187316894531
8.54449462890625
6.17655611038208
6.26046085357666
6.618847846984863
6.647658824920654
7.033467769622803
7.467401027679443
7.863367557525635
8.614914894104004
6.658679962158203
6.71630334854126
6.899203777313232
7.034137725830078
7.597962856292725
7.7651824951171875
8.371274948120117
8.740012168884277
8.467374801635742
9.002236366271973
9.26978874206543
10.106066703796387
8.073439598083496
7.870215892791748
8.203450202941895
8.785439491271973
7.720406532287598
7.899215221405029
8.109574317932129
8.518792152404785
7.101806640625
7.677572727203369
7.57275915145874
8.405563354492188
7.849037170410156
7.605600833892822
8.543621063232422
8.53256607055664
7.762933731079102
7.794599533081055
7.308516025543213
7.236632823944092
8.222582817077637
8.456400871276855