9.41695499420166
9.259577751159668
7.878964900970459
8.020751953125
8.555830955505371
8.610931396484375
7.9156317710876465
7.9122772216796875
9.867973327636719
9.945023536682129
8.188031196594238
8.348898887634277
9.756787300109863
9.753775596618652
7.409442901611328
7.479981422424316
7.503147602081299
7.642736434936523
7.905218124389648
7.891185760498047
9.217832565307617
9.211382865905762
7.579436302185059
7.613814830780029
8.56676959991455
8.546777725219727
6.973788261413574
7.015061378479004
9.200593948364258
9.233352661132812
8.231014251708984
8.222332000732422
8.294110298156738
8.225566864013672
6.894029140472412
6.928697109222412
8.647704124450684
8.652050971984863
7.8844780921936035
7.876728534698486
8.06737995147705
8.032967567443848
6.916053295135498
6.819085597991943
8.19495964050293
8.253941535949707
7.274486064910889
7.392421722412109
7.513758182525635
7.5001749992370605
7.479928493499756
7.404048919677734
8.965060234069824
8.895918846130371
7.4807844161987305
7.474471569061279
9.672090530395508
9.823098182678223
7.779792785644531
7.950479030609131
6.558509349822998
6.551014423370361
6.760632038116455
6.606647968292236
9.141776084899902
9.072392463684082
7.370508670806885
7.3981852531433105
9.160253524780273
9.313453674316406
6.964578151702881
7.088194847106934
9.436052322387695
9.694172859191895
7.617809295654297
7.861486911773682
9.03856086730957
9.121838569641113
9.199559211730957
9.339241027832031
9.253876686096191
9.357303619384766
7.877310276031494
8.097624778747559
7.915280342102051
8.181251525878906
8.337176322937012
8.477510452270508
9.170537948608398
9.27774715423584
8.058310508728027
8.127309799194336
8.230780601501465
8.209251403808594
6.872975826263428
6.92786169052124
8.721023559570312
8.837065696716309
7.827264308929443
8.020172119140625
6.859195709228516
6.789062023162842
6.4905805587768555
6.488778114318848
8.198079109191895
8.219215393066406
7.521427154541016
7.568728923797607
8.10896110534668
8.182243347167969
7.184159278869629
7.194830894470215
9.360831260681152
9.350519180297852
6.794193267822266
6.749108791351318
8.864999771118164
9.050084114074707
8.620043754577637
8.7848539352417
7.455770492553711
7.440134525299072
7.907671928405762
7.844239711761475
8.618191719055176
8.708192825317383
7.480162620544434
7.577311038970947
9.233619689941406
9.142815589904785
8.263399124145508
8.302652359008789
9.716031074523926
9.82880687713623
8.334881782531738
8.466611862182617
9.435254096984863
9.688702583312988
8.196736335754395
8.277289390563965
8.54563045501709
8.329867362976074
7.814597129821777
7.772250175476074
9.38762378692627
9.535871505737305
8.602447509765625
8.69264030456543
9.503535270690918
9.413777351379395
8.212996482849121
8.282852172851562
8.851920127868652
8.730195999145508
7.6048736572265625
7.472678184509277
9.182117462158203
9.457552909851074
6.806323528289795
7.040722846984863
9.855985641479492
10.086089134216309
8.3155517578125
8.493476867675781
7.70380163192749
7.725093841552734
7.6125030517578125
7.606320858001709
7.8404951095581055
7.97997522354126
8.271638870239258
8.35839557647705
8.366971015930176
8.526511192321777
7.825065612792969
8.042678833007812
7.562930107116699
7.625711917877197
7.9066290855407715
7.906331539154053
9.692648887634277
9.664194107055664
7.957083702087402
7.962987422943115
9.269659996032715
9.20891284942627
7.8503265380859375
7.7837629318237305
8.358447074890137
8.37014102935791
7.395684242248535
7.402683258056641
8.894505500793457
8.925532341003418
7.940710544586182
8.035813331604004
7.902760982513428
7.931439399719238
7.6724162101745605
7.6464152336120605
7.850564002990723
8.067654609680176
7.211130619049072
7.299029350280762
7.783236503601074
7.829829216003418
6.555877685546875
6.557664394378662
9.641895294189453
9.831416130065918
8.886865615844727
8.8969144821167
8.625359535217285
8.603023529052734
7.087957382202148
7.19348669052124
9.284805297851562
9.197230339050293
7.1847758293151855
7.166178226470947
9.239439010620117
9.402091026306152
7.768109321594238
7.86730432510376
9.7387056350708
9.744908332824707
7.999490261077881
8.007095336914062
7.993045806884766
8.009116172790527
7.591122150421143
7.630027770996094
9.282301902770996
9.186747550964355
7.8333587646484375
7.8340983390808105
8.727852821350098
8.958109855651855
7.541639804840088
7.69573974609375
6.936005592346191
6.985674858093262
7.184091091156006
7.134951591491699
8.93742561340332
9.169340133666992
8.167134284973145
8.31759262084961
8.806559562683105
8.883949279785156
7.722581386566162
7.789895057678223
9.742039680480957
9.95026683807373
8.21514892578125
8.462567329406738
8.926345825195312
8.812541961669922
7.881043910980225
7.840907096862793
7.757673740386963
7.863711833953857
8.099085807800293
8.191699028015137
7.79049015045166
7.892270088195801
7.859007358551025
7.888230800628662
8.901909828186035
9.111518859863281
8.524447441101074
8.74472427368164
7.648003578186035
7.608675479888916
7.778943061828613
7.900413513183594
9.782496452331543
9.862785339355469
8.277716636657715
8.37893009185791
8.344985961914062
8.605645179748535
6.949894905090332
7.089546203613281
8.646137237548828
8.606119155883789
7.928388595581055
7.966559886932373
6.864867210388184
6.888771057128906
7.061875343322754
7.083758354187012
8.562889099121094
8.499342918395996
7.98401403427124
7.950355052947998
8.770172119140625
8.617708206176758
7.84771728515625
7.846117973327637
9.096163749694824
8.946672439575195
6.952972412109375
6.88364315032959
8.28724479675293
8.221195220947266
7.470345497131348
7.412562370300293
9.356252670288086
9.310917854309082
8.28970718383789
8.396059036254883
8.290209770202637
8.36085033416748
7.0809454917907715
7.25275182723999
8.088299751281738
8.195388793945312
7.6547770500183105
7.684277057647705
9.87279224395752
10.113293647766113
8.657569885253906
8.730871200561523
8.695857048034668
8.615275382995605
8.18787670135498
8.032244682312012
9.753129959106445
9.817888259887695
9.067781448364258
9.159713745117188
9.17559814453125
9.35905933380127
8.629417419433594
8.773335456848145
8.297338485717773
8.479727745056152
8.369622230529785
8.583401679992676
9.074284553527832
8.76663875579834
6.289023399353027
6.243436813354492
9.734790802001953
9.743704795837402
7.206054210662842
7.265138149261475
8.272570610046387
8.2936372756958
6.919830322265625
6.945899486541748
9.26081657409668
9.42349624633789
7.2467942237854
7.312042236328125
7.750410556793213
8.07043743133545
8.183974266052246
8.232638359069824
9.230938911437988
9.50403118133545
8.866320610046387
8.953789710998535
7.992374897003174
8.047253608703613
8.14781665802002
8.269906997680664
9.978693962097168
10.037005424499512
9.067625999450684
9.1355619430542
8.947771072387695
9.058963775634766
8.202083587646484
8.240890502929688
7.650404453277588
7.787562847137451
8.251704216003418
8.350503921508789
7.955105304718018
8.005453109741211
7.805508136749268
7.77805233001709
8.548426628112793
8.57844066619873
6.635787010192871
6.6200361251831055
7.668412685394287
7.637197017669678
7.646167755126953
7.510532379150391
9.695966720581055
9.91749382019043
8.677882194519043
8.820961952209473
10.115083694458008
10.351499557495117
8.48100471496582
8.676010131835938
6.819889068603516
6.866805553436279
7.560418128967285
7.630434989929199
7.64132022857666
7.629532814025879
7.442736625671387
7.389630317687988
9.40002155303955
9.500146865844727
8.288653373718262
8.441926956176758
8.69398021697998
8.847183227539062
6.6516852378845215
6.799189567565918
8.518916130065918
8.502473831176758
7.079688549041748
7.035703182220459
8.80349063873291
8.863335609436035
7.788836479187012
7.792257308959961
7.791329860687256
7.819037437438965
7.4885687828063965
7.499244213104248
8.866591453552246
8.805944442749023
7.198249816894531
7.189184188842773
8.319537162780762
8.365679740905762
7.337925434112549
7.467524528503418
9.68610668182373
9.525465965270996
7.426692962646484
7.537597179412842
8.1983003616333
8.314945220947266
7.09507417678833
7.228752136230469
7.747215270996094
7.895587921142578
7.772637367248535
7.825613498687744
7.207860469818115
7.171070098876953
7.290223598480225
7.220499515533447
9.37330436706543
9.415538787841797
8.547621726989746
8.679110527038574
8.632023811340332
8.83989143371582
8.368579864501953
8.572721481323242
8.86811351776123
8.956766128540039
8.323641777038574
8.482547760009766
7.153036594390869
7.405242443084717
6.688128471374512
6.898003578186035
8.081721305847168
8.122710227966309
6.148305416107178
6.142705917358398
8.946852684020996
8.805322647094727
8.056821823120117
7.949326992034912
8.398944854736328
8.515348434448242
6.218685150146484
6.3714447021484375
9.694851875305176
9.913997650146484
8.174301147460938
8.206428527832031
7.928654670715332
8.082859992980957
7.307298183441162
7.403468608856201
8.4072904586792
8.088322639465332
7.408635139465332
7.304580211639404
8.663886070251465
8.532835960388184
6.849624156951904
6.8368048667907715
8.611651420593262
8.715620994567871
7.187142372131348
7.2338714599609375
8.35400676727295
8.274500846862793
6.553506374359131
6.540669918060303
9.933660507202148
10.095541954040527
8.615949630737305
8.691543579101562
8.952157020568848
9.150538444519043
7.916355133056641
8.025825500488281
9.40110969543457
9.275795936584473
7.786142826080322
7.727927207946777
7.742967128753662
7.6410675048828125
7.001402854919434
6.929121017456055
8.453997611999512
8.67797565460205
7.931817054748535
8.057029724121094
5.9870476722717285
6.0076003074646
5.7951340675354
5.8107757568359375
7.965406894683838
8.082819938659668
7.231036186218262
7.381121635437012
9.697857856750488
9.605245590209961
9.144606590270996
9.044755935668945
8.519400596618652
8.638263702392578
7.9262003898620605
8.054226875305176
7.6313300132751465
7.585277557373047
7.513730525970459
7.396399974822998
9.202116966247559
9.373567581176758
8.291260719299316
8.34007740020752
9.01739501953125
8.997270584106445
7.822307586669922
7.867547512054443
8.245832443237305
8.368609428405762
8.0389404296875
8.12492561340332
8.363130569458008
8.550172805786133
7.803335666656494
8.035216331481934
8.724562644958496
8.658336639404297
7.9369635581970215
7.960174083709717
7.093998432159424
7.123873710632324
6.364632606506348
6.437473297119141
8.313277244567871
8.358006477355957
7.7289581298828125
7.77288818359375
9.225753784179688
9.164656639099121
8.288215637207031
8.23185920715332
9.296651840209961
9.407470703125
8.03123950958252
8.174471855163574
8.565000534057617
8.442708015441895
6.910684108734131
6.922667503356934
7.9213690757751465
7.811318874359131
6.461701393127441
6.475094318389893
9.323775291442871
9.542267799377441
8.96863079071045
9.149032592773438
7.021800994873047
7.062720775604248
7.821727752685547
7.793211936950684
9.763599395751953
9.927876472473145
7.274138450622559
7.502462387084961
7.788247108459473
7.7511138916015625
6.471606254577637
6.492033958435059
9.542141914367676
9.457715034484863
7.962937831878662
7.993640422821045
8.525687217712402
8.79160213470459
8.25383472442627
8.568046569824219
9.907060623168945
10.19186782836914
8.849957466125488
8.964400291442871
9.266200065612793
9.253012657165527
6.985854625701904
7.06689453125
9.176200866699219
9.371743202209473
7.933848857879639
8.071513175964355
9.609814643859863
9.525017738342285
8.245339393615723
8.224359512329102
7.972997665405273
7.9769206047058105
7.443963050842285
7.428277492523193
7.652026653289795
7.709805488586426
6.66120719909668
6.73064661026001
8.670356750488281
8.695011138916016
6.591459274291992
6.658578395843506
9.920286178588867
10.012938499450684
8.832406044006348
8.949342727661133
8.693397521972656
8.826008796691895
8.294407844543457
8.454172134399414
9.17253303527832
9.101683616638184
8.272038459777832
8.234301567077637
7.510340213775635
7.571444511413574
7.998449325561523
8.022307395935059
8.581222534179688
8.48674201965332
6.7015180587768555
6.698073863983154
7.875741004943848
8.086762428283691
7.185828685760498
7.416062355041504
8.586837768554688
8.682878494262695
7.987487316131592
8.042970657348633
9.682902336120605
9.796027183532715
8.835110664367676
8.983054161071777
9.032675743103027
9.045402526855469
7.605262279510498
7.634089469909668
7.8175368309021
7.759486198425293
8.499197006225586
8.509414672851562
7.637429714202881
7.668963432312012
8.620565414428711
8.522212028503418
8.499536514282227
8.395970344543457
7.755657196044922
7.634123802185059
8.732388496398926
8.883155822753906
8.272682189941406
8.342652320861816
8.569449424743652
8.560995101928711
7.930968284606934
7.909836769104004
8.3980131149292
8.531961441040039
8.748631477355957
8.843765258789062
9.32123851776123
9.456485748291016
7.414618968963623
7.51118803024292
9.743925094604492
9.989262580871582
8.9489107131958
9.112825393676758
9.807156562805176
9.940651893615723
7.7441911697387695
7.906102180480957
8.626360893249512
8.523512840270996
7.976183891296387
7.87744665145874
9.276833534240723
9.282620429992676
8.646966934204102
8.701756477355957
8.10700798034668
7.898597717285156
6.469577789306641
6.369160175323486
8.80516529083252
8.690047264099121
8.095739364624023
7.976061820983887
9.065993309020996
9.198322296142578
7.566319465637207
7.770579814910889
7.456292152404785
7.382169246673584
7.936429500579834
7.886664867401123
8.297039985656738
8.438429832458496
8.199002265930176
8.313486099243164
9.13730525970459
9.102984428405762
7.707431793212891
7.7758708000183105
8.608416557312012
8.738944053649902
8.357378005981445
8.513151168823242
9.36967945098877
9.325498580932617
8.540204048156738
8.584094047546387
9.486096382141113
9.363236427307129
7.5542120933532715
7.505579471588135
7.494508266448975
7.477141380310059
6.622928142547607
6.648785591125488
8.353302001953125
8.325549125671387
7.306883811950684
7.351174354553223
9.781682014465332
9.803418159484863
8.019309997558594
8.195320129394531
9.646563529968262
9.622075080871582
8.510583877563477
8.475854873657227
9.37289047241211
9.519474983215332
9.018519401550293
9.10766315460205
9.381898880004883
9.599390029907227
7.826338291168213
8.099333763122559
8.906517028808594
8.82365608215332
6.895026683807373
6.8498854637146
8.004807472229004
8.022303581237793
8.739115715026855
8.7815580368042
7.665401458740234
7.862622261047363
7.2266364097595215
7.305764198303223
9.034466743469238
8.97272777557373
7.484286308288574
7.466596603393555
9.724409103393555
9.715352058410645
8.37410831451416
8.541831016540527
9.217305183410645
9.147732734680176
7.8745880126953125
7.803379535675049
7.847925662994385
7.897607326507568
8.054433822631836
8.094512939453125
8.145245552062988
8.143736839294434
6.850801467895508
6.838313102722168
7.836113929748535
7.784005641937256
6.5781354904174805
6.480129718780518
9.142638206481934
9.171573638916016
7.142386436462402
7.202208518981934
8.240986824035645
8.410249710083008
7.959252834320068
8.070432662963867
8.554621696472168
8.557890892028809
7.205269813537598
7.2224836349487305
8.476592063903809
8.470202445983887
7.908456325531006
7.964905738830566
7.544075012207031
7.741037845611572
7.147768497467041
7.325402736663818
7.431655406951904
7.711252689361572
8.071215629577637
8.297322273254395
5.852984428405762
5.879067897796631
7.184772968292236
7.2159881591796875
8.847016334533691
8.890936851501465
7.739756107330322
7.742408275604248
9.65803050994873
9.612318992614746
8.242378234863281
8.2002534866333
8.777547836303711
8.836034774780273
6.510724067687988
6.573953151702881
7.55050802230835
7.793229103088379
7.712771892547607
7.973573207855225
9.140220642089844
9.104166984558105
8.2201509475708
8.26648998260498
10.107953071594238
10.269192695617676
7.760425090789795
8.03380298614502
8.84276294708252
8.744488716125488
7.923165321350098
7.871062755584717
9.359480857849121
9.551291465759277
8.153909683227539
8.244305610656738
7.914254188537598
7.911590099334717
8.689702987670898
8.696413040161133
10.081950187683105
10.199231147766113
8.901692390441895
8.997015953063965
9.191421508789062
9.166849136352539
8.836265563964844
8.85000991821289
8.870501518249512
8.810453414916992
6.163687705993652
6.209693908691406
8.111810684204102
8.1984281539917
8.616103172302246
8.627260208129883
7.3547682762146
7.432792663574219
7.745213508605957
7.6991729736328125
8.990747451782227
8.878564834594727
7.296801567077637
7.203585624694824
8.892960548400879
9.08099365234375
6.414788246154785
6.566166400909424
9.142708778381348
9.07441520690918
8.143445014953613
8.135958671569824
7.174544811248779
7.165050029754639
8.078083992004395
8.025403022766113
7.60492467880249
7.670487403869629
7.717380046844482
7.718542575836182
8.75107479095459
8.691888809204102
7.4608893394470215
7.48734712600708
6.860867500305176
7.072653293609619
7.726170539855957
7.842687129974365
9.517548561096191
9.48279094696045
8.328939437866211
8.35997200012207
9.09748363494873
9.178080558776855
8.489689826965332
8.537764549255371
9.046564102172852
9.183026313781738
8.678046226501465
8.71790599822998
8.547052383422852
8.523720741271973
8.42862606048584
8.433245658874512
7.303491115570068
7.527258396148682
6.8410964012146
6.944005966186523
9.288264274597168
9.075350761413574
7.503628253936768
7.4562201499938965
7.589344501495361
7.61236047744751
7.2342448234558105
7.310878753662109
8.703543663024902
8.641868591308594
7.315937519073486
7.316869735717773
9.366559982299805
9.33789348602295
8.105499267578125
8.087727546691895
7.277812957763672
7.60842752456665
7.075982570648193
7.286750793457031
7.872554302215576
8.06617259979248
7.49008321762085
7.664625644683838
8.464498519897461
8.510418891906738
7.233212471008301
7.3239641189575195
8.056670188903809
8.046483039855957
6.901173114776611
6.971953392028809
8.665773391723633
8.65538501739502
8.520428657531738
8.523843765258789
8.263134002685547
8.260907173156738
7.760725975036621
7.745803356170654
9.111583709716797
8.847711563110352
7.738882064819336
7.639376163482666
8.259909629821777
8.516695976257324
8.902952194213867
9.006613731384277
7.311443328857422
7.61250638961792
7.891046047210693
8.01056957244873
8.913335800170898
9.021469116210938
8.194479942321777
8.375998497009277
7.577813148498535
7.624477386474609
7.569953441619873
7.576549053192139
9.77059555053711
9.723386764526367
8.821820259094238
8.864718437194824
8.392836570739746
8.316485404968262
6.3700852394104
6.440931797027588
9.48346996307373
9.536053657531738
9.053927421569824
9.155119895935059
7.7993693351745605
7.957057952880859
8.17480754852295
8.184663772583008
7.866040229797363
8.093607902526855
6.4990363121032715
6.726430416107178
9.690716743469238
9.90649127960205
8.222415924072266
8.277335166931152
8.428853034973145
8.41386890411377
7.0785980224609375
7.133821964263916
7.043953895568848
7.020956993103027
7.555399417877197
7.501119136810303
7.656147480010986
7.6531081199646
7.372878074645996
7.371857643127441
9.697847366333008
9.707212448120117
8.207914352416992
8.341803550720215
8.849035263061523
8.84998607635498
6.361813545227051
6.393158912658691
8.72175407409668
8.563749313354492
8.201987266540527
8.1569185256958
9.323923110961914
9.272076606750488
8.70982837677002
8.74333667755127
9.022150993347168
9.154836654663086
8.697317123413086
8.773908615112305
9.89775562286377
10.058436393737793
8.777941703796387
8.89974308013916
8.485939025878906
8.568955421447754
8.022729873657227
8.186980247497559
8.796549797058105
8.63181209564209
6.542590618133545
6.504127502441406
9.523591995239258
9.462071418762207
7.878407955169678
7.869712829589844
10.113197326660156
10.08761215209961
8.279739379882812
8.329206466674805
8.842204093933105
9.057756423950195
7.1411662101745605
7.394878387451172
8.775837898254395
8.876396179199219
7.234371662139893
7.416605472564697
7.606756687164307
7.7901611328125
7.728224277496338
8.011303901672363
9.658893585205078
9.948262214660645
7.8325653076171875
8.099841117858887
9.192533493041992
9.211180686950684
8.941228866577148
9.019204139709473
8.544275283813477
8.625760078430176
7.820064067840576
7.956265926361084
8.284285545349121
8.368741035461426
7.621185302734375
7.610729694366455
8.908254623413086
8.810131072998047
8.066532135009766
8.050381660461426
7.969211101531982
8.13807201385498
7.512101650238037
7.629251956939697
8.964482307434082
8.741897583007812
7.583366394042969
7.558018207550049
8.496350288391113
8.622941970825195
8.008012771606445
8.144882202148438
6.9430251121521
7.197700500488281
7.214231967926025
7.478691101074219
6.90484094619751
6.934893608093262
7.570272445678711
7.542436122894287
8.980121612548828
8.878748893737793
7.71022367477417
7.76821756362915
8.417472839355469
8.438026428222656
7.471276760101318
7.453089237213135
8.702153205871582
8.659943580627441
8.688275337219238
8.775425910949707
8.67170238494873
8.666889190673828
7.41544771194458
7.388446807861328
8.678680419921875
8.530278205871582
6.776152610778809
6.690667152404785
9.117433547973633
9.020236015319824
7.0305304527282715
7.011268615722656
8.567985534667969
8.576006889343262
6.612471580505371
6.695289134979248
8.54169750213623
8.587943077087402
8.463240623474121
8.564030647277832
8.625633239746094
8.577239036560059
8.142081260681152
8.12932014465332
7.176797389984131
7.398533821105957
7.085736274719238
7.269406795501709
8.122159004211426
8.054588317871094
7.420402526855469
7.30537223815918
7.219036102294922
7.359218597412109
6.975045680999756
7.004127025604248
8.867326736450195
9.051447868347168
7.3881049156188965
7.653600215911865
9.45768928527832
9.590617179870605
8.535612106323242
8.562268257141113
9.179532051086426
9.054362297058105
8.025890350341797
7.885858058929443
8.784710884094238
8.85013198852539
7.689907073974609
7.7463274002075195
7.706456184387207
7.7206010818481445
6.397763729095459
6.436302185058594
7.292461395263672
7.264738082885742
7.893577575683594
7.885201930999756
7.538599491119385
7.583248615264893
6.297048568725586
6.31589412689209
9.302860260009766
9.415963172912598
8.819429397583008
8.86162281036377
9.355142593383789
9.440235137939453
7.840496063232422
7.951308250427246
9.601910591125488
9.619308471679688
7.8881516456604
7.967431545257568
8.626248359680176
8.696557998657227
7.763159275054932
7.797410488128662
9.839215278625488
10.176504135131836
8.082480430603027
8.300745964050293
8.83791446685791
8.930829048156738
8.0991792678833
8.229315757751465
7.974503517150879
7.9242682456970215
7.791500091552734
7.813756465911865
9.335606575012207
9.273513793945312
7.423828125
7.423166751861572
8.554191589355469
8.535502433776855
8.213971138000488
8.212578773498535
8.931580543518066
8.901398658752441
7.177495956420898
7.126375675201416
9.286745071411133
9.11978816986084
7.213876247406006
7.137935638427734
9.111184120178223
9.089727401733398
7.08370304107666
7.131704330444336
7.8521623611450195
7.8188958168029785
6.9271063804626465
7.097984313964844
8.45580768585205
8.38471794128418
7.8385186195373535
7.869884014129639
7.783882141113281
7.690579414367676
5.996768951416016
5.971595764160156
8.380845069885254
8.36695384979248
7.791717529296875
7.663978099822998
9.201114654541016
9.310799598693848
7.598023414611816
7.671262264251709
9.376276016235352
9.22872543334961
7.450373649597168
7.4836249351501465
9.539204597473145
9.721627235412598
8.390192031860352
8.60802173614502
8.754171371459961
8.791699409484863
7.483850955963135
7.471972465515137
9.048884391784668
9.16094970703125
7.672554969787598
7.7044830322265625
8.742520332336426
8.609329223632812
7.199245929718018
7.190284729003906
7.849339962005615
7.801812648773193
6.269976615905762
6.260290145874023
8.905633926391602
8.992982864379883
8.019420623779297
8.087241172790527
8.875566482543945
9.044084548950195
8.453174591064453
8.575998306274414
9.237025260925293
9.168865203857422
8.649226188659668
8.614197731018066
8.478404998779297
8.32340145111084
7.631278991699219
7.601118087768555
8.126818656921387
8.150107383728027
7.520188331604004
7.583981990814209
7.139805316925049
7.086128234863281
7.438075065612793
7.302707672119141
8.923680305480957
8.901883125305176
8.790872573852539
8.797329902648926
9.335383415222168
9.536433219909668
8.279565811157227
8.487486839294434
9.489217758178711
9.539254188537598
7.862300395965576
8.008381843566895
10.247066497802734
10.206777572631836
8.257969856262207
8.421795845031738
9.235241889953613
9.356771469116211
8.001977920532227
8.06025218963623
9.228894233703613
9.227846145629883
6.974599838256836
7.119504451751709
8.776656150817871
8.865259170532227
7.794841766357422
7.792518138885498
9.38100814819336
9.490002632141113
8.762543678283691
8.872754096984863
8.316784858703613
8.243090629577637
7.457406044006348
7.495781898498535
9.863149642944336
9.8351469039917
8.62718677520752
8.568782806396484
9.714045524597168
9.942259788513184
7.715047836303711
7.998843193054199
8.80302619934082
8.871134757995605
7.4355340003967285
7.503457069396973
9.637418746948242
9.710433006286621
8.361950874328613
8.300902366638184
7.285379886627197
7.19596004486084
6.600857734680176
6.558370113372803
8.966431617736816
9.22004508972168
7.738922119140625
7.954620361328125
7.856496334075928
7.763640403747559
6.87884521484375
6.833393573760986
9.396623611450195
9.30805492401123
8.456839561462402
8.594656944274902
9.16865348815918
9.349177360534668
8.869705200195312
9.08079719543457
8.680707931518555
8.794331550598145
7.40737247467041
7.655218601226807
9.2252197265625
9.298709869384766
8.504399299621582
8.559946060180664
7.9771409034729
8.129192352294922
8.582825660705566
8.634452819824219
7.217836856842041
7.4607439041137695
8.035202026367188
8.190156936645508
8.54748821258545
8.538111686706543
7.21181583404541
7.166942596435547
8.54159164428711
8.706117630004883
8.10429573059082
8.24389362335205
8.19818115234375
8.172736167907715
7.3040313720703125
7.32574462890625
7.939504623413086
8.010485649108887
8.254866600036621
8.328437805175781
8.936685562133789
8.755965232849121
7.687859535217285
7.695485591888428
7.669424533843994
7.809545040130615
8.120436668395996
8.191500663757324
9.191865921020508
9.260817527770996
8.532637596130371
8.606988906860352
8.847071647644043
8.904528617858887
7.978951454162598
8.0471830368042
8.549612045288086
8.553848266601562
7.561450958251953
7.6393303871154785
9.532049179077148
9.73748779296875
8.3679838180542
8.53852367401123
8.075343132019043
7.976668834686279
7.275513648986816
7.250548362731934
9.017666816711426
9.162936210632324
8.33652400970459
8.344858169555664
7.9351396560668945
7.966876983642578
8.727328300476074
8.597155570983887
7.518601417541504
7.456822872161865
8.873526573181152
9.062530517578125
8.506494522094727
8.578195571899414
7.7227301597595215
7.675177574157715
8.204418182373047
8.150029182434082
8.639508247375488
8.763733863830566
8.580469131469727
8.62459659576416
8.627631187438965
8.821736335754395
7.592886447906494
7.780035495758057
8.587448120117188
8.510748863220215
7.678901195526123
7.631744384765625
8.538043975830078
8.442577362060547
6.981605052947998
6.994109153747559
8.044090270996094
7.98883581161499
7.451416015625
7.3509039878845215
9.017204284667969
9.169931411743164
8.557100296020508
8.588667869567871
8.254615783691406
8.328890800476074
7.9971442222595215
7.99708890914917
7.178859710693359
7.307682991027832
7.138066291809082
7.213366985321045
8.795483589172363
8.72449779510498
7.123113632202148
7.155848503112793
7.247090816497803
7.292942523956299
7.746726989746094
7.842376708984375
7.979353427886963
8.008705139160156
7.105990886688232
7.130683898925781
9.133795738220215
9.074801445007324
8.516594886779785
8.612269401550293
8.839949607849121
8.830507278442383
8.049163818359375
8.00377082824707
8.131012916564941
8.077916145324707
7.6074347496032715
7.6179375648498535
8.722424507141113
8.5913724899292
7.330935001373291
7.175276756286621
8.19675064086914
8.34354305267334
7.82790470123291
7.961390972137451
8.99866771697998
8.966288566589355
7.990654945373535
8.108779907226562
9.323468208312988
9.33700942993164
8.84867000579834
8.956802368164062
8.515094757080078
8.675761222839355
6.305898666381836
6.474522113800049
7.895628452301025
7.936983585357666
7.4737868309021
7.523617267608643
8.023825645446777
8.171204566955566
8.294196128845215
8.375984191894531
8.39293384552002
8.454955101013184
7.624297618865967
7.661508083343506
7.596656799316406
7.636450290679932
6.610603332519531
6.6719207763671875
9.517125129699707
9.705915451049805
8.85022258758545
8.984003067016602
7.857668876647949
7.868283748626709
6.389305114746094
6.357217311859131
8.744898796081543
8.590208053588867
8.071075439453125
8.046745300292969
9.11600399017334
9.221949577331543
7.749948978424072
7.939107418060303
8.730799674987793
8.824370384216309
7.88081693649292
7.916202545166016
8.377476692199707
8.36169147491455
7.983614444732666
7.960753440856934
9.029776573181152
9.0957612991333
8.493329048156738
8.679961204528809
8.805292129516602
9.062421798706055
7.086277008056641
7.22985315322876
8.713458061218262
8.701562881469727
7.327091693878174
7.34051513671875
8.698208808898926
9.012900352478027
7.202559947967529
7.459357738494873
8.22806167602539
8.245078086853027
5.618847846984863
5.651340484619141
9.627820014953613
9.699695587158203
8.745710372924805
8.880887031555176
8.821608543395996
8.936728477478027
8.793390274047852
8.932514190673828
10.27530574798584
10.347941398620605
9.269667625427246
9.369539260864258
8.837294578552246
8.740824699401855
7.85797119140625
7.760560512542725
9.46169376373291
9.425439834594727
7.173936367034912
7.220852375030518
9.78259563446045
9.709704399108887
8.597312927246094
8.575187683105469
9.406027793884277
9.429905891418457
7.943737506866455
8.11003303527832
7.746312618255615
7.748387336730957
7.437844753265381
7.483530521392822
7.903964519500732
7.953479766845703
7.577394008636475
7.7197771072387695
8.107582092285156
8.044449806213379
6.800523281097412
6.816551208496094
8.010232925415039
8.125876426696777
8.550873756408691
8.517778396606445
8.964900016784668
8.830085754394531
8.778419494628906
8.744963645935059
9.63099193572998
9.757513999938965
8.42581844329834
8.529031753540039
8.319918632507324
8.347616195678711
7.979497909545898
7.969214916229248
8.64380168914795
8.545842170715332
7.851293563842773
7.804329872131348
7.918633937835693
8.011099815368652
6.571616172790527
6.649181365966797
8.355101585388184
8.368242263793945
7.030043601989746
7.107787609100342
6.336551666259766
6.32728385925293
7.5969367027282715
7.479949951171875
8.299055099487305
8.402749061584473
7.876082897186279
7.949162483215332
9.32695484161377
9.390410423278809
7.753573894500732
7.874979496002197
8.293174743652344
8.3300199508667
7.325771331787109
7.441595077514648
7.746594429016113
7.930873870849609
8.724953651428223
8.793121337890625
9.299127578735352
9.441882133483887
8.209573745727539
8.299588203430176
7.564521312713623
7.662661552429199
7.887381553649902
7.979428768157959
8.992703437805176
8.9515962600708
8.313943862915039
8.341303825378418
7.937811374664307
8.201473236083984
6.821527004241943
6.98964262008667
8.936790466308594
8.712823867797852
7.05417013168335
7.089717864990234
8.185406684875488
8.12311840057373
6.857738494873047
6.892138481140137
8.605265617370605
8.669912338256836
7.947634220123291
7.962648868560791
9.517923355102539
9.864453315734863
8.809456825256348
8.875044822692871
6.853400707244873
7.0617265701293945
7.810295104980469
7.8376641273498535
9.39733600616455
9.46281909942627
8.25794506072998
8.374692916870117
9.637778282165527
9.895720481872559
8.25706672668457
8.382424354553223
9.555158615112305
9.835188865661621
7.54293966293335
7.703581809997559
9.72265625
9.603177070617676
8.870478630065918
8.977720260620117
9.957965850830078
10.113712310791016
7.915873050689697
8.122896194458008
8.286198616027832
8.458023071289062
7.6627655029296875
7.9049601554870605
9.629633903503418
9.863435745239258
8.050454139709473
8.148036003112793
9.18191146850586
9.288809776306152
7.804113864898682
7.828044414520264
7.984080791473389
7.980047702789307
7.572315692901611
7.50234317779541
8.433318138122559
8.416465759277344
7.535518646240234
7.548962116241455
8.740346908569336
8.76622200012207
7.649608612060547
7.511662006378174
8.694011688232422
8.709022521972656
8.081117630004883
8.160943984985352
8.524497985839844
8.50546932220459
5.9254608154296875
5.994728088378906
7.438945293426514
7.664656162261963
7.137054443359375
7.354794979095459
8.962090492248535
8.88267707824707
7.308808326721191
7.284562587738037
8.925439834594727
8.920984268188477
8.135772705078125
8.034686088562012
8.070713996887207
8.028660774230957
6.7793731689453125
6.828790187835693
9.31944751739502
9.24567699432373
8.933111190795898
8.982348442077637
10.268000602722168
10.25113296508789
8.905620574951172
8.903608322143555
8.174738883972168
8.259027481079102
6.1840057373046875
6.238759517669678
7.479328155517578
7.68786096572876
8.084174156188965
8.092089653015137
8.354838371276855
8.548107147216797
8.061819076538086
8.167488098144531
6.979784965515137
6.948267459869385
6.0965118408203125
6.16409969329834
8.275069236755371
8.246565818786621
7.012686729431152
7.099201202392578
9.131860733032227
8.982508659362793
8.43651294708252
8.339221000671387
9.563035011291504
9.452553749084473
7.859804630279541
7.918552398681641
9.528531074523926
9.78091812133789
8.002385139465332
8.19331169128418
9.164505004882812
9.228224754333496
7.667675018310547
7.629663944244385
8.578889846801758
8.568751335144043
7.716602802276611
7.8611273765563965
8.882702827453613
8.831816673278809
6.962629795074463
6.9420013427734375
9.380078315734863
9.327475547790527
7.8590006828308105
7.920879364013672
8.037435531616211
8.241012573242188
8.573873519897461
8.696264266967773
9.84387493133545
9.87310791015625
9.209362983703613
9.2333402633667
8.1973295211792
8.212270736694336
7.575606346130371
7.553886413574219
7.206037521362305
7.208229064941406
6.690367698669434
6.636890411376953
8.00283432006836
8.054102897644043
6.8148956298828125
6.895339012145996
9.129148483276367
9.303107261657715
8.153884887695312
8.380385398864746
9.850180625915527
9.636550903320312
7.782614707946777
7.808445453643799
8.964228630065918
8.882983207702637
7.861130714416504
7.887542724609375
8.546292304992676
8.513768196105957
7.293437957763672
7.299575328826904
6.851799964904785
6.8202385902404785
7.091652870178223
7.099257469177246
9.845294952392578
9.902839660644531
8.967914581298828
9.119091987609863
8.7053804397583
8.705482482910156
7.254961967468262
7.320196151733398
7.9090728759765625
8.101934432983398
8.400383949279785
8.545029640197754
9.201315879821777
9.135465621948242
8.030028343200684
7.9899420738220215
9.229390144348145
9.179654121398926
8.372295379638672
8.464112281799316
8.825079917907715
8.718591690063477
8.203542709350586
8.191169738769531
7.6599016189575195
7.907866954803467
8.346339225769043
8.567870140075684
9.15785026550293
9.01774787902832
8.015213966369629
8.032447814941406
7.753305912017822
7.826883792877197
7.7126994132995605
7.705196380615234
8.02987289428711
8.28569507598877
7.253199100494385
7.443366050720215
8.381050109863281
8.342844009399414
6.992835521697998
7.0040106773376465
8.387661933898926
8.46019458770752
7.687867641448975
7.770118713378906
8.0565824508667
8.257391929626465
8.602556228637695
8.746837615966797
7.675561428070068
7.885501861572266
7.951323509216309
8.006677627563477
8.784510612487793
8.856746673583984
8.54904842376709
8.656251907348633
9.523698806762695
9.636669158935547
7.913125514984131
7.980954170227051
9.434263229370117
9.54223918914795
6.630908012390137
6.715383529663086
9.214334487915039
9.025453567504883
6.634652614593506
6.622020721435547
9.124823570251465
9.175917625427246
6.875522613525391
6.907313346862793
9.260319709777832
9.37394905090332
7.748185634613037
7.941712856292725
9.393115997314453
9.487305641174316
8.57929515838623
8.703493118286133
9.990580558776855
10.051763534545898
7.924483776092529
7.978421688079834
7.378203868865967
7.602879524230957
7.3874192237854
7.621827125549316
7.432036399841309
7.39340877532959
8.51976490020752
8.523558616638184
8.336250305175781
8.484152793884277
8.763547897338867
8.885757446289062
8.311227798461914
8.492449760437012
8.246528625488281
8.422606468200684
8.728788375854492
8.914380073547363
7.868593692779541
8.1492338180542
9.385242462158203
9.333369255065918
7.511414527893066
7.584083557128906
7.796424865722656
7.6731462478637695
6.705245494842529
6.731617450714111
8.487460136413574
8.401020050048828
7.268074035644531
7.390072345733643
9.366057395935059
9.269576072692871
7.729949474334717
7.725608825683594
8.549212455749512
8.445221900939941
7.8463568687438965
7.800877571105957
8.88652515411377
8.994133949279785
7.781701564788818
7.8751420974731445
9.823172569274902
9.957818984985352
8.685893058776855
8.846104621887207
8.430109024047852
8.39274787902832
5.9446234703063965
6.024138450622559
7.605575084686279
7.636415004730225
7.849799156188965
7.747100830078125
8.26424789428711
8.454107284545898
6.735609531402588
6.874405860900879
9.225172996520996
9.16633129119873
6.7144269943237305
6.712216854095459
9.707903861999512
9.569040298461914
7.946044445037842
7.915366172790527
9.118876457214355
9.337810516357422
7.894712924957275
8.100848197937012
8.963522911071777
8.775486946105957
7.57006311416626
7.505498886108398
9.17170524597168
9.329458236694336
7.020909309387207
7.1347975730896
9.250940322875977
9.1945219039917
8.409953117370605
8.546387672424316
9.22851848602295
9.194605827331543
7.815149784088135
7.748372554779053
9.064688682556152
9.17420482635498
7.556519985198975
7.826416015625
8.149850845336914
8.148585319519043
6.984208583831787
7.021671772003174
7.4900922775268555
7.537747859954834
8.431952476501465
8.436641693115234
10.066133499145508
10.097838401794434
8.075983047485352
8.246886253356934
9.557677268981934
9.49234676361084
6.92944860458374
6.923040390014648
7.271725654602051
7.257879734039307
7.802624702453613
7.677254676818848
7.738198280334473
7.707926273345947
7.171853542327881
7.184750080108643
9.479039192199707
9.595295906066895
7.992471218109131
8.057150840759277
9.049113273620605
9.141363143920898
8.270365715026855
8.252289772033691
7.677899360656738
7.497384548187256
7.183896541595459
7.099038124084473
9.731050491333008
9.701072692871094
8.335447311401367
8.28769302368164
9.842364311218262
9.770153999328613
8.554015159606934
8.574348449707031
8.7518949508667
8.815363883972168
7.354001998901367
7.372342586517334
8.651068687438965
8.632647514343262
6.416097164154053
6.4308180809021
8.261134147644043
8.307894706726074
9.034188270568848
9.06550121307373
9.021330833435059
8.961432456970215
7.686771869659424
7.709035873413086
9.60023307800293
9.88760757446289
7.70314884185791
7.902163028717041
9.274368286132812
9.388956069946289
8.969463348388672
9.036334037780762
8.690492630004883
8.75896167755127
7.974308013916016
8.096511840820312
8.437620162963867
8.588168144226074
7.773276329040527
7.892953395843506
8.722991943359375
8.913435935974121
8.081161499023438
8.091094970703125
8.616209983825684
8.524916648864746
7.7053542137146
7.8064799308776855
9.533207893371582
9.455049514770508
7.891814708709717
7.938462734222412
9.485206604003906
9.386918067932129
6.954073905944824
6.889726638793945
7.165093421936035
7.118938446044922
6.681480407714844
6.670897960662842
8.747769355773926
8.676012992858887
7.731990814208984
7.731948375701904
9.263055801391602
9.228474617004395
7.8491010665893555
7.7646965980529785
8.887796401977539
8.950136184692383
8.392749786376953
8.423284530639648
7.994159698486328
8.136621475219727
8.34986400604248
8.418478965759277
9.050460815429688
9.069252967834473
8.323577880859375
8.415654182434082
9.741365432739258
9.542506217956543
8.088423728942871
8.139741897583008
9.814023971557617
9.92162036895752
7.367593288421631
7.502163410186768
9.083136558532715
9.161438941955566
7.6882004737854
7.7647294998168945
8.112679481506348
8.059412002563477
6.7480597496032715
6.7620062828063965
9.623148918151855
9.628090858459473
8.127216339111328
8.169034004211426
7.076205730438232
7.375185489654541
7.830132961273193
7.989963054656982
9.220571517944336
9.424405097961426
7.82338285446167
7.8869476318359375
8.869047164916992
9.117880821228027
8.325955390930176
8.487778663635254
8.644767761230469
8.895342826843262
8.606828689575195
8.833488464355469
8.288914680480957
8.29486083984375
6.698740482330322
6.651232719421387
9.716056823730469
9.69696044921875
8.8760986328125
8.886303901672363
8.711349487304688
8.675159454345703
8.184328079223633
8.161598205566406
9.334002494812012
9.293098449707031
7.1375274658203125
7.1864519119262695
6.346399784088135
6.389310359954834
5.471170425415039
5.541231155395508
10.092461585998535
10.126452445983887
8.179802894592285
8.116315841674805
7.22913122177124
7.4588212966918945
7.838977336883545
7.958897590637207
8.971808433532715
9.02121353149414
7.591853618621826
7.596609592437744
9.143756866455078
9.07113265991211
7.614896297454834
7.64063024520874
8.891850471496582
9.076434135437012
8.691412925720215
8.771574974060059
8.266254425048828
8.143057823181152
7.968329906463623
7.987979888916016
8.064427375793457
8.332796096801758
6.277214050292969
6.5686140060424805
9.474072456359863
9.669198036193848
8.40697193145752
8.579826354980469
8.523797988891602
8.695195198059082
7.236321449279785
7.3784403800964355
8.439760208129883
8.678622245788574
7.202023983001709
7.431308746337891
7.828578472137451
7.8268351554870605
7.661977767944336
7.739882946014404
9.031956672668457
8.992645263671875
7.824937343597412
7.811016082763672
7.866842746734619
7.943780422210693
9.387869834899902
9.462746620178223
8.43398666381836
8.582383155822754
9.678749084472656
9.636962890625
8.532536506652832
8.520294189453125
9.340192794799805
9.549503326416016
7.435437202453613
7.592360019683838
8.313395500183105
8.31884765625
7.345785140991211
7.308239459991455
8.736671447753906
8.515665054321289
7.545029640197754
7.425097465515137
8.27019214630127
8.188453674316406
7.1312079429626465
7.030416011810303
9.591167449951172
9.541842460632324
8.505622863769531
8.489913940429688
8.911750793457031
8.922409057617188
7.4395294189453125
7.4901123046875
7.870975494384766
8.038719177246094
7.714381694793701
7.814001560211182
9.11069107055664
9.111006736755371
8.370623588562012
8.351875305175781
9.01071834564209
8.979948997497559
7.883106231689453
7.859217166900635
8.690102577209473
8.665373802185059
7.5921478271484375
7.57063102722168
9.166584014892578
9.071500778198242
9.244361877441406
9.263361930847168
7.788852691650391
7.743079662322998
8.267112731933594
8.289491653442383
6.536049842834473
6.523149013519287
8.456189155578613
8.373933792114258
6.747790813446045
6.837897777557373
9.312623977661133
9.45052719116211
8.398124694824219
8.58492660522461
8.21769905090332
8.223021507263184
7.371723651885986
7.271322250366211
9.334527015686035
9.343017578125
7.77154016494751
7.806913375854492
8.195120811462402
8.04148006439209
6.125190258026123
5.96442174911499
7.8295745849609375
8.034225463867188
8.418848991394043
8.577372550964355
8.780415534973145
8.836776733398438
7.103910446166992
7.1120829582214355
9.012551307678223
8.988024711608887
7.925915241241455
7.873275279998779
9.164066314697266
9.473054885864258
7.404777526855469
7.599490642547607
8.934618949890137
8.777580261230469
6.983755111694336
7.0872955322265625
7.164792537689209
7.1711649894714355
6.600205421447754
6.676976203918457
7.700623989105225
7.654011249542236
6.426596641540527
6.42188835144043
9.192290306091309
9.231581687927246
8.387285232543945
8.322038650512695
8.000150680541992
7.995852947235107
6.418261528015137
6.418360710144043
8.470746040344238
8.472319602966309
7.182977199554443
7.304754257202148
9.968118667602539
9.891670227050781
8.453951835632324
8.441781997680664
8.624223709106445
8.658075332641602
8.074161529541016
8.005529403686523
7.7842864990234375
8.054794311523438
8.126975059509277
8.29677677154541
7.932801246643066
8.013323783874512
8.014618873596191
8.030970573425293
7.071105003356934
7.051661014556885
6.135408401489258
6.194528102874756
8.8725004196167
8.824472427368164
8.256114959716797
8.238580703735352
9.542814254760742
9.562233924865723
9.222040176391602
9.2595796585083
9.106048583984375
9.271809577941895
8.614947319030762
8.830945014953613
8.040517807006836
8.289971351623535
7.681146144866943
7.88974142074585
9.259235382080078
9.365463256835938
7.898251533508301
8.08031177520752
10.145526885986328
10.38393783569336
8.719172477722168
8.898337364196777
9.367048263549805
9.488285064697266
7.266109466552734
7.3900909423828125
7.581672191619873
7.459904193878174
8.015804290771484
8.021852493286133
8.516146659851074
8.665092468261719
8.02717113494873
8.21745491027832
8.333922386169434
8.352188110351562
6.393071174621582
6.44309139251709
8.55294132232666
8.667231559753418
6.649245262145996
6.734624862670898
9.167715072631836
9.141286849975586
7.616319179534912
7.6002302169799805
8.870989799499512
8.979484558105469
6.8660569190979
6.95248556137085
8.64564037322998
8.4639253616333
7.693587303161621
7.665294647216797
8.088691711425781
8.104254722595215
6.989092826843262
6.934699058532715
9.16323471069336
9.253634452819824
7.541679382324219
7.61682653427124
9.530214309692383
9.573844909667969
8.879897117614746
8.939018249511719
8.760540962219238
8.84567928314209
8.122506141662598
8.239175796508789
9.93802261352539
9.977925300598145
8.244410514831543
8.300661087036133
9.771875381469727
9.640643119812012
8.455609321594238
8.42529296875
9.080083847045898
9.292080879211426
8.742650032043457
8.919539451599121
7.438194274902344
7.377983093261719
7.842191219329834
7.643154621124268
8.83629035949707
8.72199535369873
8.048232078552246
8.039138793945312
6.863596439361572
6.961799144744873
6.52800989151001
6.593029022216797
9.84302806854248
9.8418550491333
8.66181468963623
8.75207805633545
6.690331935882568
6.9199957847595215
7.721879482269287
7.89979887008667
7.911930561065674
7.924285888671875
6.956462860107422
6.881118297576904
8.495841979980469
8.495951652526855
7.322812557220459
7.2891845703125
9.098356246948242
9.236889839172363
8.446599006652832
8.505293846130371
7.965330600738525
8.174748420715332
7.685473918914795
7.861442565917969
7.685951232910156
7.8295512199401855
7.130847454071045
7.185829162597656
9.21256160736084
9.330220222473145
7.65469217300415
7.706151008605957
8.935725212097168
8.898982048034668
8.688313484191895
8.716544151306152
8.276388168334961
8.404675483703613
7.112107753753662
7.3201398849487305
8.960911750793457
9.089813232421875
8.473320007324219
8.64342975616455
7.888008117675781
8.005511283874512
8.092239379882812
8.137971878051758
7.8907470703125
8.152853965759277
8.008024215698242
8.25829029083252
7.705042362213135
7.737255096435547
6.891417503356934
6.912903785705566
9.702746391296387
9.886614799499512
7.606812953948975
7.798356533050537
9.848456382751465
9.918255805969238
7.488608360290527
7.642912864685059
8.196603775024414
8.236281394958496
7.698039531707764
7.772453308105469
7.306190490722656
7.276529788970947
7.92995548248291
7.827746391296387
7.4459052085876465
7.467587947845459
6.254598140716553
6.2652506828308105
6.713338851928711
6.7001800537109375
7.537065029144287
7.507565021514893
9.779642105102539
9.806180000305176
8.758371353149414
8.925451278686523
7.3425774574279785
7.580609321594238
7.973931789398193
8.120962142944336
10.129583358764648
10.143353462219238
8.188350677490234
8.130014419555664
8.226823806762695
8.414788246154785
7.599494457244873
7.848114013671875
8.291008949279785
8.2310209274292
6.639188289642334
6.627654075622559
7.8395538330078125
7.855056285858154
8.266069412231445
8.353629112243652
8.366663932800293
8.387994766235352
7.738525390625
7.8075408935546875
9.014012336730957
9.108142852783203
7.816025733947754
7.956169128417969
8.609585762023926
8.80806827545166
8.166132926940918
8.360060691833496
7.683109283447266
7.681026458740234
8.15146541595459
8.154943466186523
9.162388801574707
9.329011917114258
7.528883457183838
7.79766845703125
8.875385284423828
8.6812162399292
7.106232643127441
7.128446102142334
8.051177978515625
8.0327787399292
8.936721801757812
8.941451072692871
9.834973335266113
10.085345268249512
8.889111518859863
8.964863777160645
10.319024085998535
10.421320915222168
7.261159420013428
7.362700939178467
8.753621101379395
8.793625831604004
8.0685396194458
8.110236167907715
8.384296417236328
8.438902854919434
8.521963119506836
8.513812065124512
7.733502388000488
7.985998630523682
7.539912700653076
7.75185489654541
9.56165599822998
9.749226570129395
8.35755443572998
8.45893383026123
8.945402145385742
9.073267936706543
7.467729091644287
7.590599060058594
7.202229976654053
7.431180477142334
6.781113624572754
7.052628517150879
8.3001708984375
8.28917407989502
7.284113883972168
7.335259437561035
9.365562438964844
9.35123348236084
8.109309196472168
8.221503257751465
8.727572441101074
8.734379768371582
6.634500503540039
6.6701979637146
9.556370735168457
9.712241172790527
9.003588676452637
9.019927024841309
8.864806175231934
8.686484336853027
7.41795015335083
7.510750770568848
9.113624572753906
9.206721305847168
7.408441066741943
7.394778728485107
8.001220703125
8.012845039367676
7.776302337646484
7.725187301635742
9.423141479492188
9.340985298156738
8.232064247131348
8.248021125793457
7.261516571044922
7.351626396179199
7.929529666900635
8.006185531616211
8.342137336730957
8.598187446594238
7.690943241119385
7.77562952041626
8.035567283630371
8.242552757263184
8.845748901367188
8.988014221191406
7.789552211761475
7.820223808288574
7.217653274536133
7.28390645980835
9.093676567077637
9.13792896270752
7.780483245849609
7.817615509033203
7.894986629486084
8.026129722595215
8.4487943649292
8.514437675476074
7.8684868812561035
8.035451889038086
6.97311544418335
7.189159393310547
7.012145519256592
7.048908710479736
7.040363311767578
7.021023273468018
8.471430778503418
8.645211219787598
8.102092742919922
8.187748908996582
8.143681526184082
8.19522762298584
6.784310340881348
6.829874515533447
9.053032875061035
9.014939308166504
8.444802284240723
8.550971031188965
8.636872291564941
8.754707336425781
7.732053279876709
7.852138519287109
9.084228515625
9.19851303100586
8.423548698425293
8.512041091918945
9.47331714630127
9.48692798614502
8.578222274780273
8.65178108215332
9.425180435180664
9.38725471496582
6.982757568359375
6.985075950622559
9.894315719604492
10.050474166870117
8.381706237792969
8.510293006896973
9.03110408782959
9.271450996398926
8.73762035369873
8.905959129333496
9.364502906799316
9.640472412109375
8.030553817749023
8.220763206481934
9.41636848449707
9.588443756103516
7.73989725112915
7.815132141113281
8.77845287322998
8.976295471191406
7.5078125
7.6223649978637695
7.823853969573975
7.89669942855835
6.818847179412842
6.790859699249268
9.144224166870117
9.347026824951172
6.539729118347168
6.749581813812256
7.911564350128174
7.953048229217529
6.86069393157959
6.943558692932129
9.284104347229004
9.174725532531738
7.439988613128662
7.526922225952148
10.519379615783691
10.532684326171875
8.973387718200684
9.044360160827637
7.780274868011475
7.759594917297363
7.7534356117248535
7.837032318115234
8.649327278137207
8.55890941619873
7.947264671325684
7.856121063232422
7.202585697174072
7.456984043121338
8.130589485168457
8.310805320739746
9.176472663879395
8.969067573547363
6.800714015960693
6.895188808441162
8.012070655822754
7.851737976074219
7.533814430236816
7.42519474029541
10.165505409240723
10.358607292175293
8.101506233215332
8.334441184997559
9.959309577941895
9.880473136901855
7.167365550994873
7.156972885131836
8.598252296447754
8.660529136657715
7.116181373596191
7.206937789916992
8.83565902709961
8.859623908996582
7.751110553741455
7.839942455291748
8.21054744720459
8.320725440979004
8.739351272583008
8.847105026245117
9.035429954528809
8.973113059997559
7.611698150634766
7.538746356964111
7.832588195800781
7.969449043273926
7.87313175201416
7.945298671722412
8.924799919128418
8.997088432312012
7.927238464355469
8.021571159362793
9.03384017944336
9.12847900390625
7.622955322265625
7.741247653961182
9.599583625793457
9.762992858886719
7.265471935272217
7.465056896209717
9.123456001281738
9.37897777557373
8.264971733093262
8.353169441223145
7.220555305480957
7.378657817840576
8.131121635437012
8.193068504333496
7.9442596435546875
7.976140022277832
6.080121040344238
6.153464317321777
8.65732192993164
9.002049446105957
7.526084899902344
7.764405727386475
8.783906936645508
8.967434883117676
7.985560894012451
8.0746488571167
7.735320091247559
7.784237384796143
7.932596683502197
7.921584129333496
8.536114692687988
8.719283103942871
7.150125026702881
7.3572306632995605
7.121654033660889
7.417129039764404
7.638408184051514
7.746192932128906
9.321417808532715
9.267875671386719
6.772219657897949
6.897984027862549
7.109400272369385
7.062709808349609
8.074026107788086
8.00792407989502
9.252020835876465
9.232726097106934
8.119836807250977
8.024864196777344
9.189346313476562
9.136137962341309
8.540586471557617
8.541924476623535
7.70208740234375
7.672435760498047
7.221380233764648
7.187365531921387
8.119694709777832
8.050531387329102
6.792680740356445
6.832170486450195
7.585331439971924
7.616473197937012
7.958673000335693
8.009359359741211
9.809722900390625
10.044878005981445
8.486239433288574
8.586026191711426
7.797968864440918
7.814751625061035
8.234199523925781
8.304966926574707
7.867123603820801
7.875450134277344
6.7074809074401855
6.759181976318359
9.430399894714355
9.56982135772705
7.2163519859313965
7.358096122741699
9.607914924621582
9.482603073120117
7.850255012512207
7.8305864334106445
9.23604679107666
9.476632118225098
7.904674053192139
8.111311912536621
7.259299278259277
7.265694618225098
7.252040863037109
7.298995018005371
8.681693077087402
8.688921928405762
7.1239013671875
7.116460800170898
8.044906616210938
8.058293342590332
6.860479354858398
6.827889919281006
8.597987174987793
8.637251853942871
8.122024536132812
8.156789779663086
10.014562606811523
10.275151252746582
8.609749794006348
8.636770248413086
9.841803550720215
10.033690452575684
7.421123504638672
7.5973968505859375
9.655318260192871
9.621566772460938
8.087137222290039
8.062115669250488
8.656816482543945
8.633439064025879
6.906844615936279
6.790596961975098
8.586389541625977
8.479153633117676
7.468259334564209
7.523863792419434
8.050490379333496
8.055012702941895
8.108774185180664
8.02647590637207
8.036538124084473
8.058577537536621
6.8015241622924805
6.847557067871094
10.458866119384766
10.598234176635742
7.783860206604004
8.043002128601074
9.156559944152832
9.12911605834961
8.726832389831543
8.786433219909668
8.909253120422363
9.013555526733398
7.1868791580200195
7.286820888519287
8.065041542053223
8.075971603393555
7.432607650756836
7.5178632736206055
9.502107620239258
9.532486915588379
8.028531074523926
8.214845657348633
8.157092094421387
8.254488945007324
8.222236633300781
8.223701477050781
7.700336456298828
7.831998348236084
7.640328884124756
7.75106954574585
9.82367992401123
10.040548324584961
7.694714546203613
7.905039310455322
7.581930637359619
7.6860551834106445
8.993444442749023
9.059325218200684
9.102238655090332
9.30409049987793
8.798504829406738
9.020941734313965
9.84962272644043
10.040937423706055
8.94349193572998
9.00805950164795
9.275300979614258
9.375189781188965
8.823201179504395
8.896184921264648
8.928584098815918
9.227140426635742
7.860573768615723
8.002551078796387
8.74716567993164
8.87299633026123
8.33011531829834
8.408716201782227
7.214365482330322
7.230985164642334
7.188775062561035
7.159177303314209
7.523125648498535
7.48075532913208
6.915139675140381
6.8995513916015625
9.05605411529541
9.188343048095703
7.040821552276611
7.155920028686523
8.09126091003418
8.290264129638672
7.605472087860107
7.834327697753906
7.923175811767578
7.964546203613281
6.8631134033203125
6.953747272491455
8.924250602722168
8.94751262664795
8.449634552001953
8.505166053771973
8.666234970092773
8.956873893737793
8.643027305603027
8.794677734375
9.050131797790527
8.958901405334473
6.789952754974365
6.763671875
9.839529991149902
9.970428466796875
8.133164405822754
8.362475395202637
9.76947021484375
9.93359375
8.092395782470703
8.104695320129395
8.826136589050293
8.893936157226562
7.220835208892822
7.209371566772461
8.592809677124023
8.678568840026855
7.356961250305176
7.5258026123046875
8.779276847839355
8.800933837890625
7.169382572174072
7.2085723876953125
7.743189811706543
7.712420463562012
9.553616523742676
9.603331565856934
7.930107116699219
7.92687463760376
8.64425277709961
8.519145011901855
6.453830242156982
6.409759044647217
8.539395332336426
8.587278366088867
7.148985862731934
7.142661094665527
10.219486236572266
10.225861549377441
9.337777137756348
9.370145797729492
9.183616638183594
9.424163818359375
6.9272918701171875
7.104747295379639
9.002419471740723
8.985445022583008
7.065499305725098
7.179078578948975
9.072796821594238
9.111627578735352
8.471110343933105
8.557710647583008
7.545415878295898
7.4232177734375
8.267786979675293
8.276082992553711
8.637066841125488
8.704526901245117
6.852992534637451
6.901383399963379
7.77264404296875
7.963466167449951
8.494385719299316
8.665748596191406
8.326875686645508
8.417987823486328
7.621331691741943
7.871651649475098
8.56325626373291
8.726239204406738
8.499313354492188
8.675209045410156
8.33918285369873
8.396639823913574
8.004748344421387
8.041029930114746
7.9663238525390625
7.854827404022217
7.480527400970459
7.457601070404053
9.087048530578613
9.055855751037598
7.9515604972839355
7.93566370010376
9.159494400024414
9.343673706054688
7.732481479644775
7.975617408752441
8.466029167175293
8.537068367004395
7.474318981170654
7.6418352127075195
7.794105529785156
7.934356689453125
6.895160675048828
7.024781703948975
9.234688758850098
9.270983695983887
7.521754741668701
7.717982769012451
8.544278144836426
8.729782104492188
7.231738567352295
7.429084777832031
9.358359336853027
9.28614616394043
8.147577285766602
8.137971878051758
8.210803031921387
8.141341209411621
7.080662250518799
7.070840358734131
7.578226566314697
7.615226745605469
6.268128871917725
6.323493480682373
8.510482788085938
8.803349494934082
6.976661682128906
7.122910976409912
9.147257804870605
9.13037109375
7.381288051605225
7.355799674987793
9.453359603881836
9.429340362548828
8.429819107055664
8.394430160522461
9.742913246154785
9.713892936706543
8.925061225891113
9.01146125793457
7.076920986175537
7.014382839202881
6.697402000427246
6.66391134262085
7.822475433349609
7.827831268310547
6.948003768920898
6.987231254577637
7.349416255950928
7.291090965270996
6.934337615966797
6.903369903564453
9.889418601989746
9.90729808807373
8.147900581359863
8.220939636230469
8.660262107849121
8.586291313171387
6.547945976257324
6.5047407150268555
7.345414638519287
7.33831262588501
7.977977752685547
7.959053039550781
7.764889717102051
7.77501916885376
5.950904846191406
5.987296104431152
8.595369338989258
8.493016242980957
6.897072792053223
6.824965953826904
8.799307823181152
8.706451416015625
7.340038299560547
7.3623504638671875
8.714221000671387
8.730234146118164
8.204607009887695
8.216665267944336
7.207644462585449
7.244016647338867
6.8702712059021
6.830864906311035
7.838324069976807
7.91156530380249
8.228082656860352
8.288357734680176
9.0851411819458
9.102450370788574
8.192567825317383
8.360507011413574
8.334831237792969
8.262358665466309
7.738955020904541
7.806400299072266
9.450759887695312
9.427314758300781
8.633898735046387
8.794906616210938
7.839634895324707
7.8614020347595215
6.929482460021973
6.958972930908203
9.662896156311035
9.81840991973877
6.765547752380371
6.949924468994141
9.671323776245117
9.495168685913086
7.806861877441406
7.8502655029296875
9.723909378051758
9.980523109436035
7.946723937988281
8.076619148254395
8.727608680725098
8.892940521240234
7.207123756408691
7.2641825675964355
8.413057327270508
8.552123069763184
8.083104133605957
8.111900329589844
9.143060684204102
9.158427238464355
8.124673843383789
8.144312858581543
9.049650192260742
9.414121627807617
8.385844230651855
8.562901496887207
8.242668151855469
8.209821701049805
7.729418754577637
7.694861888885498
9.395785331726074
9.505626678466797
8.105798721313477
8.100237846374512
8.251154899597168
8.240007400512695
7.447263717651367
7.511730194091797
7.5678253173828125
7.651611328125
6.533404350280762
6.5909423828125
9.108654022216797
9.112622261047363
8.108816146850586
8.187119483947754
9.361099243164062
9.560511589050293
7.9588165283203125
8.071619033813477
9.119603157043457
9.133082389831543
8.281708717346191
8.23346996307373
9.356511116027832
9.519940376281738
7.3598222732543945
7.4251861572265625
8.72862720489502
8.868839263916016
9.30120849609375
9.272187232971191
8.603984832763672
8.617746353149414
7.8525824546813965
7.900434970855713
7.2455854415893555
7.367908954620361
8.857150077819824
8.92389965057373
7.814596652984619
7.998095989227295
8.188239097595215
8.423702239990234
6.750356674194336
7.019914150238037
8.519579887390137
8.544011116027832
7.728440761566162
7.735475063323975
8.24382209777832
8.287802696228027
8.566354751586914
8.724867820739746
8.20013427734375
8.338000297546387
8.455480575561523
8.605633735656738
8.90707778930664
8.74858283996582
7.665275573730469
7.588863372802734
9.375678062438965
9.33537483215332
7.872644901275635
7.990453243255615
6.311964511871338
6.259684085845947
6.669604301452637
6.591683387756348
8.878500938415527
8.833455085754395
7.353871822357178
7.372547626495361
9.177440643310547
9.310474395751953
7.693727016448975
7.829314708709717
8.494306564331055
8.449517250061035
8.019476890563965
8.051576614379883
8.278339385986328
8.35904598236084
7.570985317230225
7.741673946380615
9.782304763793945
9.60923957824707
8.437697410583496
8.340635299682617
8.677844047546387
8.588618278503418
7.675242900848389
7.684528350830078
8.763603210449219
8.747098922729492
8.827272415161133
8.986610412597656
9.281167984008789
9.272380828857422
7.148772239685059
7.184817314147949
8.538545608520508
8.655409812927246
8.219046592712402
8.246609687805176
7.996079921722412
8.259669303894043
8.321757316589355
8.510939598083496
9.368603706359863
9.417728424072266
8.533576011657715
8.614036560058594
9.327500343322754
9.5167818069458
7.240547180175781
7.470771789550781
9.153258323669434
9.217373847961426
8.308276176452637
8.384490966796875
8.784988403320312
9.11567497253418
8.079610824584961
8.283346176147461
8.162165641784668
8.330297470092773
6.858912467956543
6.994040489196777
8.812457084655762
8.7957763671875
7.840421676635742
7.943316459655762
9.041345596313477
9.005180358886719
7.756490230560303
7.868858337402344
7.7015228271484375
7.755550384521484
7.4766058921813965
7.441671371459961
6.987807750701904
7.0703959465026855
7.511207580566406
7.566565036773682
8.38171672821045
8.609170913696289
8.872384071350098
8.991459846496582
7.4579949378967285
7.521038055419922
7.921139717102051
7.953917503356934
8.961409568786621
8.99377155303955
7.2569708824157715
7.274630069732666
8.536259651184082
8.566904067993164
7.018845558166504
7.115634918212891
7.472078800201416
7.447051048278809
7.6923041343688965
7.631420612335205
8.18260669708252
8.096925735473633
6.91107177734375
6.925594329833984
8.11000919342041
7.999807834625244
7.602070331573486
7.6506667137146
10.215405464172363
10.265341758728027
8.284905433654785
8.344066619873047
8.579693794250488
8.657947540283203
7.2567644119262695
7.365739345550537
8.673771858215332
8.66529655456543
7.96026611328125
7.936600685119629
8.391222953796387
8.442709922790527
8.193699836730957
8.376397132873535
9.9700345993042
9.901387214660645
8.944951057434082
9.036055564880371
9.527719497680664
9.69971752166748
7.501126766204834
7.72905969619751
7.130989074707031
7.07984733581543
7.890819549560547
7.846657752990723
9.640947341918945
9.559343338012695
8.158653259277344
8.104828834533691
7.026208400726318
7.0065460205078125
7.027843475341797
7.052027702331543
7.322308540344238
7.485565185546875
6.73433780670166
6.821563243865967
8.904487609863281
8.863471031188965
6.994449615478516
7.012273788452148
7.653347015380859
7.735211372375488
8.777124404907227
8.94043254852295
8.468287467956543
8.6580810546875
8.852388381958008
9.028755187988281
9.21363639831543
9.521096229553223
8.290519714355469
8.307164192199707
10.27278995513916
10.273360252380371
8.704846382141113
8.750246047973633
7.259069919586182
7.441591739654541
7.966549873352051
8.036852836608887
9.58219051361084
9.61877727508545
8.806005477905273
8.913050651550293
8.770058631896973
8.913570404052734
6.991705417633057
7.245646953582764
9.138399124145508
9.390612602233887
7.951369285583496
8.10296630859375
9.301156997680664
9.46601676940918
7.509712219238281
7.623959541320801
8.119582176208496
8.126803398132324
7.7573771476745605
7.79513692855835
8.532129287719727
8.468955039978027
7.4899468421936035
7.415777206420898
8.496407508850098
8.526529312133789
7.399944305419922
7.322366237640381
10.37104320526123
10.356520652770996
7.886480331420898
8.081413269042969
9.248642921447754
9.31179141998291
8.31771469116211
8.321014404296875
8.753074645996094
8.958995819091797
7.77724027633667
8.016461372375488
9.529690742492676
9.559991836547852
8.467183113098145
8.503100395202637
7.99799108505249
8.244834899902344
7.856398105621338
8.018746376037598
10.481739044189453
10.475274085998535
8.219980239868164
8.290018081665039
9.152870178222656
9.153390884399414
8.06859016418457
8.098106384277344
9.267319679260254
9.231640815734863
8.594708442687988
8.57353401184082
8.53024959564209
8.451173782348633
6.994063854217529
7.059386253356934
9.203840255737305
9.097638130187988
7.504992485046387
7.635136127471924
7.285894393920898
7.239132404327393
8.137663841247559
8.149924278259277
8.33282470703125
8.359271049499512
7.607351779937744
7.726356506347656
9.599194526672363
9.712690353393555
9.284001350402832
9.436075210571289
9.329873085021973
9.639217376708984
6.392474174499512
6.653457164764404
9.470637321472168
9.593894958496094
8.026224136352539
8.141176223754883
9.346531867980957
9.4342622756958
8.105847358703613
8.202646255493164
9.072220802307129
9.076839447021484
8.178135871887207
8.334352493286133
7.584080696105957
7.690402984619141
7.481027126312256
7.504256725311279
7.238779544830322
7.409098148345947
7.8760085105896
7.884213447570801
9.281699180603027
9.167082786560059
7.215986251831055
7.189579010009766
8.815495491027832
8.656012535095215
7.340808868408203
7.231005668640137
7.696275234222412
7.660327434539795
6.097318649291992
6.072673797607422
9.343985557556152
9.33881664276123
8.731058120727539
8.794794082641602
7.508347988128662
7.600136756896973
8.645523071289062
8.65792465209961
9.253887176513672
9.309771537780762
7.3921051025390625
7.598836421966553
8.115361213684082
8.314577102661133
8.122702598571777
8.240190505981445
8.775962829589844
8.692496299743652
7.659619331359863
7.569995403289795
8.248883247375488
8.333661079406738
6.181877136230469
6.265659332275391
9.4360933303833
9.472270965576172
7.072968482971191
7.238131523132324
9.917656898498535
9.926886558532715
8.019859313964844
7.933065414428711
8.719877243041992
8.924489974975586
8.016362190246582
8.248957633972168
8.972822189331055
9.085553169250488
8.216473579406738
8.401185035705566
8.68743896484375
8.606565475463867
7.361574649810791
7.334651470184326
6.64147424697876
6.720932960510254
7.491581439971924
7.5070719718933105
9.166566848754883
9.156981468200684
8.318873405456543
8.500489234924316
8.083499908447266
8.228593826293945
8.519163131713867
8.588349342346191
8.393203735351562
8.222460746765137
6.517123222351074
6.481130123138428
8.93982982635498
8.890881538391113
8.4033203125
8.437468528747559
7.965182781219482
8.069206237792969
7.550995826721191
7.743885040283203
8.26115894317627
8.349967002868652
8.184887886047363
8.237507820129395
8.73096752166748
8.690604209899902
7.672630310058594
7.612314701080322
7.187446594238281
7.153890132904053
8.075786590576172
8.019319534301758
8.506719589233398
8.560466766357422
7.193735599517822
7.389101505279541
8.120590209960938
8.08754825592041
6.31805419921875
6.298515319824219
9.133071899414062
9.146869659423828
8.753971099853516
8.876992225646973
8.780782699584961
8.926526069641113
8.273833274841309
8.437616348266602
8.327773094177246
8.43264102935791
7.995406627655029
8.128890037536621
9.440807342529297
9.588848114013672
8.54787540435791
8.554727554321289
8.732441902160645
8.673701286315918
6.945847511291504
6.992818355560303
7.0578436851501465
7.058640480041504
7.556365966796875
7.649779319763184
8.604926109313965
8.579574584960938
8.071200370788574
8.057525634765625
7.237750053405762
7.315583229064941
7.243638038635254
7.290929317474365
8.894192695617676
8.903121948242188
7.882667064666748
8.020851135253906
8.279759407043457
8.35272216796875
6.952697277069092
7.121502876281738
8.331408500671387
8.276652336120605
7.6682353019714355
7.674031734466553
8.392251968383789
8.337774276733398
7.467146873474121
7.3556132316589355
7.889752388000488
8.05573558807373
7.782718181610107
7.844961643218994
10.112811088562012
10.35762882232666
8.931696891784668
9.045794486999512
7.703551769256592
7.83967924118042
7.600017070770264
7.763293743133545
9.453694343566895
9.597864151000977
8.778883934020996
8.896283149719238
8.749972343444824
8.683810234069824
7.81386661529541
7.869645595550537
8.768689155578613
9.055700302124023
7.695127010345459
7.878772258758545
8.608206748962402
8.642683982849121
7.4069952964782715
7.473903656005859
8.870863914489746
8.809475898742676
6.73850154876709
6.721222877502441
9.173352241516113
9.158782958984375
6.907373905181885
7.004065990447998
8.410703659057617
8.493416786193848
8.546887397766113
8.565022468566895
8.651472091674805
8.871338844299316
7.970398902893066
7.94936466217041
8.179422378540039
8.181816101074219
8.073877334594727
8.132811546325684
9.876410484313965
10.174222946166992
6.608499050140381
6.763265609741211
7.469348430633545
7.601105690002441
6.83005428314209
6.901076793670654
9.380242347717285
9.253828048706055
8.063260078430176
8.171538352966309
7.933481693267822
8.020734786987305
7.714548587799072
7.741977691650391
8.101419448852539
8.055315971374512
7.782887935638428
7.736140251159668
8.527735710144043
8.412276268005371
7.8939361572265625
7.856121063232422
8.658994674682617
8.812326431274414
8.010757446289062
8.102838516235352
8.418766021728516
8.646435737609863
7.509136199951172
7.726512908935547
6.22860860824585
6.282166957855225
6.642701625823975
6.744181156158447
9.07047176361084
9.121623039245605
7.989404201507568
8.045991897583008
9.040372848510742
9.214686393737793
8.063675880432129
8.118367195129395
8.883498191833496
8.859207153320312
7.95189905166626
7.948474407196045
7.876075744628906
7.870160102844238
7.095600128173828
7.053894996643066
9.808466911315918
9.978130340576172
8.570444107055664
8.641545295715332
8.471553802490234
8.497180938720703
7.901517391204834
7.834421157836914
8.54776668548584
8.69981575012207
9.14586067199707
9.279947280883789
9.775480270385742
9.933060646057129
8.295280456542969
8.452532768249512
8.172065734863281
8.214973449707031
8.52129077911377
8.437162399291992
7.307260990142822
7.2602972984313965
8.422107696533203
8.54959774017334
7.93881368637085
8.088116645812988
6.848886966705322
6.856071472167969
5.994699954986572
5.997206211090088
8.413520812988281
8.46607494354248
7.216159820556641
7.349257946014404
8.685312271118164
8.504302024841309
8.141669273376465
8.224043846130371
7.299463748931885
7.390832424163818
7.539141654968262
7.621857643127441
7.83345890045166
7.766956806182861
7.444866180419922
7.483785629272461
7.46533203125
7.561672210693359
7.886321067810059
7.930397987365723
6.953589916229248
6.9925055503845215
7.635198593139648
7.682404518127441
9.62268352508545
9.815977096557617
7.74325704574585
7.921390056610107
6.5458502769470215
6.574033737182617
7.169614315032959
7.281838417053223
8.71373462677002
8.870623588562012
6.731717586517334
6.859592437744141
7.852707862854004
7.91748571395874
7.225277423858643
7.2548065185546875
8.830720901489258
9.074226379394531
7.340010166168213
7.61935567855835