1.0775773525238037
1.8763446807861328
1.9804834127426147
1.5755794048309326
1.4632819890975952
0.9609404802322388
0.14737564325332642
0.21518413722515106
0.14686894416809082
0.06750523298978806
0.008458959870040417
0.22567784786224365
1.002923607826233
1.2703200578689575
0.42550012469291687
1.4593987464904785
0.0020603789016604424
2.305950880050659
0.054321132600307465
3.4137279987335205
1.4808049201965332
1.8288160562515259
1.2829159498214722
1.6071938276290894
0.6068774461746216
1.2378469705581665
0.09583462029695511
1.3493465185165405
0.18121697008609772
0.8679776787757874
0.0837085172533989
0.0789588913321495
1.5307928323745728
0.37712398171424866
0.613855242729187
0.41146302223205566
0.023462984710931778
0.3772602677345276
0.027981866151094437
0.003260000143200159
0.0021850857883691788
0.11730695515871048
0.0012035162653774023
0.008178099058568478
0.004392245784401894
0.004654821939766407
1.251851201057434
0.7691404223442078
2.631679058074951
2.906599760055542
2.8312127590179443
2.7315762042999268
1.5451226234436035
1.8619880676269531
0.9495571255683899
3.1773178577423096
0.8893288373947144
3.021864891052246
0.45165011286735535
1.3069086074829102
0.08074116706848145
0.09138450026512146
0.20408791303634644
0.5613786578178406
1.5287585258483887
1.6198405027389526
2.894116163253784
2.408259868621826
0.020920827984809875
0.3391773998737335
0.2065480649471283
0.014841791242361069
1.3408440351486206
2.5690391063690186
0.13136696815490723
0.018078545108437538
0.05507330968976021
0.3285863399505615
0.004972023423761129
0.06266608089208603
2.0007312297821045
1.8363357782363892
2.193934679031372
2.564574956893921
0.106869637966156
0.6068336963653564
0.014512351714074612
0.019929856061935425
0.8833447694778442
1.7767674922943115
0.018876859918236732
1.7095768451690674
0.6597668528556824
1.7760800123214722
0.8764393329620361
0.7789925932884216
1.1868386268615723
1.683293342590332
0.019230570644140244
0.4052118957042694
0.22772502899169922
0.0036730612628161907
0.2679464519023895
2.8959431648254395
0.9025905132293701
2.232532024383545
0.12570299208164215
1.5137685537338257
0.0014301905175670981
0.046317461878061295
5.914071516599506e-05
0.22156302630901337
1.566515564918518
2.1854517459869385
1.587668538093567
1.0657671689987183
1.5044969320297241
1.675640344619751
0.12340863049030304
2.155823230743408
1.15751314163208
1.4045206308364868
2.378948926925659
1.7906800508499146
0.530889630317688
1.9684821367263794
0.23920516669750214
2.2844650745391846
0.005750517826527357
0.01319726463407278
0.002233006525784731
0.22092491388320923
1.858161211013794
0.9866100549697876
1.8690223693847656
1.7247530221939087
1.4147350788116455
1.6685510873794556
0.011711453087627888
1.7767927646636963
0.00015292986063286662
0.029546402394771576
0.00022332376101985574
0.01629948988556862
0.3597416877746582
0.024158714339137077
0.0020899248775094748
0.12772446870803833
0.7812583446502686
0.11724063009023666
0.00022582315432373434
0.2655482590198517
1.2902344465255737
1.8988044261932373
0.016006791964173317
1.8355622291564941
2.466005325317383
2.482320785522461
2.1895506381988525
1.9797110557556152
2.2328360080718994
2.1376819610595703
0.28142261505126953
1.0922391414642334
1.297335147857666
1.256400465965271
2.347881317138672
2.058530569076538
0.6716645359992981
0.00757641950622201
0.0015199173940345645
0.3645433783531189
0.012808875180780888
2.3931493759155273
0.002328885020688176
0.01065987627953291
1.2507550716400146
2.7980408668518066
1.2838809490203857
1.5574407577514648
1.602035403251648
1.2269268035888672
0.05782129988074303
0.004596808459609747
1.109110713005066
1.2511966228485107
0.030991757288575172
1.6659497022628784
0.8342254161834717
2.538248300552368
1.5887759923934937
0.8970358371734619
1.3459209203720093
1.3420186042785645
0.03452296555042267
1.7645056247711182
1.4084999561309814
0.6476303339004517
1.1764315366744995
0.43372562527656555
0.8277619481086731
1.453265905380249
0.03139232099056244
2.6138813495635986
0.036332327872514725
0.004849711433053017
2.5135379473795183e-05
0.10595998913049698
0.1668819934129715
0.07297596335411072
0.00017666720668785274
0.30456238985061646
2.2847819328308105
0.7675225734710693
1.1263474225997925
1.4862107038497925
0.0068944585509598255
0.06257879734039307
0.07497717440128326
2.1640963554382324
0.5150065422058105
0.06005030870437622
1.9786276817321777
2.3642280101776123
0.006049009505659342
1.6236987113952637
0.0006523674819618464
1.8661445379257202
0.11603152751922607
0.028791209682822227
0.08350197225809097
0.6283434629440308
0.0007318962598219514
0.0064086634665727615
0.7975679039955139
2.957108974456787
1.7627933025360107
2.2301714420318604
1.022620677947998
0.1638048142194748
0.5066651105880737
0.015332662500441074
0.011138022877275944
0.18047131597995758
1.3506205081939697
0.3267720937728882
1.4081076383590698
0.8051884770393372
0.0009784839348867536
0.24647852778434753
0.008679005317389965
1.2422380447387695
1.9396843910217285
0.7255263924598694
1.445483684539795
0.3901119530200958
5.89637020311784e-05
0.0006856380496174097
0.00042432095506228507
0.006905742455273867
0.8165616393089294
1.1792083978652954
5.270428300718777e-05
0.4562271237373352
0.5629830360412598
0.06449762731790543
0.001112349913455546
0.08243019878864288
0.02325701341032982
0.4650297164916992
1.1169710159301758
1.8328142166137695
0.1282777041196823
0.020141590386629105
1.9567902088165283
1.9708082675933838
0.004828440956771374
0.012267645448446274
0.022500362247228622
0.0014130829367786646
1.686354637145996
1.1846301555633545
0.00010461975034559146
0.13452765345573425
1.1461893320083618
1.5863957405090332
0.0004987666616216302
2.162031888961792
1.3360517024993896
1.1047345399856567
0.5250721573829651
1.6260470151901245
2.0066707134246826
0.4408572018146515
2.1264145374298096
1.4698246717453003
0.027959631755948067
1.8365765810012817
0.005910535808652639
0.0010222686687484384
0.006441975012421608
0.007513355929404497
0.7110161781311035
0.9569368362426758
0.02559787407517433
0.2846258282661438
0.002041410654783249
0.35846197605133057
0.1231425553560257
0.31344515085220337
0.019458947703242302
1.2844191789627075
0.10086021572351456
0.22849102318286896
0.00017614668468013406
0.6406896114349365
0.000328933063428849
1.0279836654663086
0.0018524056067690253
0.002915136981755495
3.2583911418914795
1.1937065124511719
2.021739959716797
1.1943590641021729
0.8572160005569458
1.4712398052215576
0.0010998810175806284
0.28144413232803345
2.4654502868652344
2.437633514404297
1.9102351665496826
2.3290772438049316
0.8419386148452759
0.553731381893158
1.2957912683486938
1.3597891330718994
0.001063323114067316
0.02162550576031208
0.030241506174206734
2.017796039581299
0.44038817286491394
1.212585210800171
1.1990498304367065
1.1955971717834473
0.4409175515174866
0.3857283890247345
0.9414146542549133
0.0483706034719944
0.008725404739379883
1.317977786064148
1.947977900505066
2.4136221408843994
2.300243377685547
1.2433840036392212
0.0011891366448253393
0.6633085012435913
2.380677506153006e-05
0.14370808005332947
1.9760632514953613
1.129815697669983
0.40951594710350037
0.09152744710445404
0.0016415963182225823
0.009713525883853436
0.2853237986564636
0.012614196166396141
2.348804473876953
3.0685651302337646
0.03441019356250763
1.617672324180603
0.4279042184352875
0.07693909108638763
0.5104761719703674
0.21133171021938324
1.2829822301864624
1.6395034790039062
2.7639989852905273
3.2094435691833496
2.4714486598968506
2.3258419036865234
0.0862232968211174
1.6519711017608643
0.005344683770090342
0.001119673135690391
0.013234171085059643
0.7218584418296814
0.20665773749351501
0.27798303961753845
0.00023324677022174
0.15889079868793488
0.002290375530719757
0.006928375456482172
8.361793879885226e-05
0.03234235197305679
0.021251292899250984
2.3331258296966553
1.6321790218353271
1.968223214149475
1.442160964012146
1.6557103395462036
0.9558599591255188
0.9238561987876892
0.0002730473643168807
0.0019053813302889466
7.04077392583713e-05
0.0022787777706980705
0.5569156408309937
1.6187740564346313
0.013008671812713146
0.052501991391181946
1.0635298490524292
0.6097516417503357
0.9746249318122864
0.09370789676904678
1.0497658252716064
0.16727226972579956
1.613573670387268
1.3524129390716553
0.5278332829475403
3.0302228927612305
0.0015853176591917872
0.04811996594071388
0.28728291392326355
1.2202409505844116
0.00011053346679545939
0.001916195615194738
0.006107831373810768
0.012833716347813606
0.5658427476882935
0.08010970056056976
0.8729782104492188
2.0509185791015625
0.23828420042991638
0.0009737951913848519
0.008107914589345455
0.9872657656669617
0.26072967052459717
0.08194931596517563
0.05142837017774582
0.10497745871543884
0.0001629012549528852
0.070866659283638
0.003225407563149929
0.009995703585445881
2.9050092697143555
2.696688175201416
2.3207201957702637
1.5202685594558716
1.5652841329574585
2.2261457443237305
0.06894342601299286
0.011655839160084724
0.000617511454038322
0.038369257003068924
0.03264274820685387
0.06653469055891037
3.01721453666687
2.773951530456543
1.896589756011963
2.4041378498077393
1.434475302696228
0.7473323345184326
0.03336816281080246
0.5214434862136841
0.011996210552752018
0.036740489304065704
1.0739914178848267
1.7746458053588867
0.00205431692302227
0.22104358673095703
0.43533462285995483
0.6697052121162415
0.004648198839277029
2.0907068252563477
1.0496419668197632
0.32046157121658325
2.67360192083288e-05
1.983689785003662
0.5162594318389893
0.5151351690292358
0.14710015058517456
0.009747992269694805
0.03328994661569595
0.8228588700294495
0.15478773415088654
0.017047405242919922
1.449222445487976
1.4848251342773438
1.9472955465316772
1.6354297399520874
1.5575186014175415
2.523869276046753
0.004246921744197607
0.20512883365154266
1.0948301553726196
0.5644099116325378
0.024987395852804184
2.5806427001953125
0.007646778132766485
0.9287763237953186
0.10243196040391922
1.0100605487823486
1.9755373001098633
0.780214786529541
1.4116572141647339
1.4216041564941406
1.0780537128448486
1.5245107412338257
0.02578909881412983
1.9012165069580078
0.015154893510043621
1.9724475145339966
0.015063893981277943
1.4360922574996948
0.6683804392814636
1.8844715356826782
0.01543290913105011
1.7882397174835205
0.00398710323497653
0.5786775350570679
0.06601128727197647
0.0006553932907991111
0.0015462312148883939
0.009016434662044048
0.009921892546117306
0.15042617917060852
1.255031704902649
1.2826918363571167
1.6310168504714966
1.6263903379440308
0.0002068526082439348
0.9644001126289368
0.048637278378009796
0.5039904117584229
1.0346912145614624
2.1487019062042236
1.585618257522583
0.18306297063827515
0.0998111143708229
1.7262660264968872
3.168787956237793
2.692441701889038
1.4857648611068726
2.010305404663086
1.336012363433838
0.8627246618270874
0.6280651092529297
0.9371786713600159
0.004940488841384649
0.0012338542146608233
0.001300014671869576
0.001885292469523847
0.3202981948852539
2.1804699897766113
0.003860214026644826
0.42223796248435974
1.7204288244247437
0.7957757115364075
1.5198216438293457
1.6145284175872803
0.10218162089586258
0.004340249113738537
1.076083779335022
1.6161127090454102
0.9592108726501465
1.3780206441879272
0.48365217447280884
2.6366496086120605
0.9028517007827759
1.5104905366897583
0.009294194169342518
0.002093326300382614
0.5193595290184021
0.7799010872840881
2.5033416748046875
0.9727698564529419
2.0032107830047607
0.8903326988220215
1.5029442310333252
2.0843207836151123
1.2560982704162598
0.7045878171920776
0.012800773605704308
0.0451362244784832
0.039219897240400314
0.04912351816892624
2.3802218437194824
1.2441275119781494
1.9846491813659668
1.6204869747161865
1.1664454936981201
0.967119038105011
0.8296647667884827
1.0963878631591797
0.10399626195430756
2.0014328956604004
0.44884321093559265
0.012622523121535778
0.664933979511261
0.5616825819015503
0.5643395185470581
0.6700217723846436
0.4433555006980896
2.874438524246216
1.6043332815170288
1.555172085762024
1.9510996341705322
1.4724822044372559
1.874121069908142
1.8699703216552734
3.2053792476654053
2.0767648220062256
0.0020549134351313114
2.9488911628723145
1.2816829681396484
1.6111021041870117
0.06916175037622452
0.010495174676179886
0.049197424203157425
0.17238564789295197
0.051669031381607056
0.015320025384426117
2.907259840867482e-05
0.06769570708274841
1.2210599184036255
1.0670424699783325
0.5848163366317749
3.499955177307129
1.1381715536117554
1.5439531803131104
1.5234249830245972
2.2318313121795654
0.4468560814857483
2.597043752670288
1.0387834310531616
0.9477486610412598
0.009779243730008602
0.006300976499915123
0.03002484329044819
2.0062596797943115
0.6570147275924683
2.8935580253601074
2.7372491359710693
2.6297249794006348
1.5749701261520386
2.2745070457458496
0.0004947982961311936
0.2572118043899536
1.0501084327697754
0.0781981348991394
0.2115725576877594
0.34614065289497375
1.3602135181427002
2.515801191329956
0.5858311653137207
2.1664528846740723
1.2184706926345825
1.1754133701324463
1.8454443216323853
1.8161863088607788
0.18642684817314148
1.3818641901016235
1.3590692281723022
0.3327063024044037
0.7063238024711609
0.13258960843086243
0.0041808742098510265
3.033743143081665
0.005919893737882376
0.28415754437446594
0.021062973886728287
0.3299056887626648
0.06138388067483902
1.1797335147857666
0.5845045447349548
1.8104149103164673
0.09142152220010757
0.061652764678001404
1.1763864755630493
2.1427907943725586
0.81409752368927
2.0111806392669678
0.0007822000188753009
0.005175231955945492
0.14069819450378418
0.2591133415699005
1.8710575103759766
1.3700939416885376
0.08674813061952591
1.2603795528411865
0.006337055470794439
0.10671760886907578
0.0009532520780339837
0.023529058322310448
0.00016583467368036509
0.008414329960942268
0.001917976071126759
0.016360998153686523
1.748032569885254
1.2606987953186035
1.951231598854065
1.8248213529586792
1.3129734992980957
0.8358682990074158
1.6301673650741577
1.7806947231292725
1.354483962059021
0.6184083223342896
2.600475311279297
2.0620250701904297
0.03467239812016487
0.6482279300689697
0.026095004752278328
0.0006134265568107367
0.0025744764134287834
0.00789982732385397
0.17327691614627838
0.25089752674102783
0.18237465620040894
0.3234720230102539
0.03355851769447327
1.1090267896652222
0.04460836574435234
0.00912697333842516
0.007669441867619753
0.10712787508964539
0.001879594405181706
1.7606956958770752
0.00035430205753073096
0.11923520267009735
0.04556915909051895
0.00459122471511364
1.2882599830627441
2.1938436031341553
1.500182867050171
1.769043207168579
0.7302765250205994
1.8186750411987305
0.47103095054626465
1.0339709520339966
0.003318479983136058
1.5993688106536865
2.160158634185791
3.2051026821136475
1.601156234741211
2.3445072174072266
0.05579269304871559
0.4508548676967621
0.08008836209774017
0.0009587557869963348
0.8225628137588501
0.9926411509513855
0.7704780697822571
0.7867742776870728
0.002746705897152424
0.005753252189606428
0.22351640462875366
0.4676317870616913
8.978175901575014e-05
0.00447372579947114
0.9763637781143188
2.627714157104492
0.00025196420028805733
1.618900179862976
1.6707416772842407
1.1572922468185425
0.04102214053273201
1.9341174364089966
0.0015193894505500793
0.0016443096101284027
0.9179335832595825
1.9130141735076904
0.00034241529647260904
0.8854265809059143
1.5414958000183105
2.018993854522705
0.2704281210899353
0.007782593369483948
1.8052566051483154
1.5416651964187622
0.05501628667116165
0.30414173007011414
0.08455245196819305
1.2942461967468262
2.2656359672546387
2.3702871799468994
0.022861890494823456
1.5724284648895264
0.04185457155108452
2.6805148124694824
2.9435832500457764
2.547358751296997
2.2254836559295654
2.0987186431884766
0.0005782530060969293
0.18180431425571442
0.31996187567710876
0.5038099884986877
0.13044314086437225
0.43130356073379517
1.608834981918335
0.8097943067550659
0.0361969992518425
0.07245960831642151
0.2393411546945572
1.0627775192260742
3.15407133102417
2.441047191619873
2.0544934272766113
1.906966209411621
0.11323164403438568
0.819169819355011
1.3702017068862915
1.3264795541763306
0.9594247937202454
0.5162062048912048
2.6392815113067627
1.9917808771133423
1.7676994800567627
2.0177714824676514
0.2742781639099121
1.9125394821166992
0.037468891590833664
2.0852432250976562
1.3845082521438599
1.318494439125061
2.046630382537842
1.064574122428894
0.10857070982456207
0.2450300008058548
1.2882341146469116
2.133115768432617
2.2214391231536865
1.0694104433059692
1.7868818044662476
2.4145610332489014
2.351430654525757
2.226748466491699
0.09019924700260162
0.0018067071214318275
0.2507365643978119
0.09024583548307419
0.00030736104235984385
0.0009994201827794313
0.05055434629321098
0.3813902735710144
0.003954519983381033
0.007153650280088186
0.23430688679218292
0.2628632187843323
1.582863211631775
0.8864434361457825
2.4881069660186768
0.06150490790605545
1.4269819259643555
1.0472184419631958
1.008670449256897
0.7090886235237122
0.026049982756376266
1.7744812965393066
0.09255223721265793
1.4859267473220825
1.128199577331543
0.13141578435897827
2.395573139190674
1.6579757928848267
2.0678446292877197
1.8075498342514038
3.1438162326812744
3.0886290073394775
2.3301920890808105
2.1915018558502197
2.9531679153442383
2.8325717449188232
2.321627140045166
2.501237154006958
1.4909318685531616
1.456724762916565
0.5279534459114075
3.064854860305786
0.17909890413284302
0.1478779911994934
0.004603151232004166
0.07636725902557373
0.0041840216144919395
0.03792417794466019
0.030420934781432152
0.15717898309230804
1.10175359249115
0.6100576519966125
1.7429996728897095
1.023191213607788
1.7970596551895142
1.3087670803070068
1.5818737745285034
0.970190703868866
1.02057945728302
2.9690144062042236
0.06481055170297623
2.489306688308716
0.8622932434082031
0.0422399677336216
0.0009893795941025019
0.006517320871353149
0.004281686153262854
1.8326301574707031
0.004433128051459789
0.11690866947174072
0.06048941612243652
0.32417064905166626
0.32939812541007996
0.00991913117468357
0.19899976253509521
1.0435011386871338
0.6181472539901733
2.03252911567688
0.0011112324427813292
0.34868720173835754
0.0944332405924797
1.9756025075912476
1.156663179397583
1.043666124343872
0.7171567678451538
0.10700605064630508
0.6381475329399109
0.9915425181388855
0.8447403311729431
1.7241393327713013
0.28376004099845886
0.09741915762424469
0.011063872836530209
0.155638188123703
0.4602620005607605
0.08785328269004822
0.003977714106440544
2.300325870513916
0.0011274410644546151
1.8841900825500488
0.8760055899620056
1.8948795795440674
0.004107362125068903
0.005729628726840019
0.005226997192949057
0.3387056291103363
0.0009382836287841201
0.0718865618109703
0.0015154026914387941
0.8744021058082581
0.036626048386096954
3.0507657527923584
1.9184143543243408
2.018730401992798
0.5354126691818237
0.2587413191795349
0.0226887259632349
0.028130756691098213
0.02710309438407421
0.41446831822395325
0.8201383352279663
0.8626599907875061
0.19853492081165314
0.19098825752735138
0.00016376786516048014
0.049228735268116
1.6155844926834106
2.5518851280212402
0.0003476190031506121
0.23992034792900085
0.4174400866031647
0.12422078102827072
1.6657187938690186
2.6855690479278564
0.8428357243537903
0.8460723757743835
0.16594789922237396
0.353886216878891
1.674186110496521
2.283769369125366
0.03704465553164482
0.009682074189186096
0.28362366557121277
0.03454270958900452
0.013366463594138622
0.0008522903663106263
0.0006393174990080297
0.00046174009912647307
0.14654222130775452
0.05986740440130234
2.6557869911193848
2.2537331581115723
2.2159621715545654
2.032052755355835
0.1941608041524887
0.011736263521015644
0.868081271648407
0.26273423433303833
0.7574220299720764
3.240042209625244
0.0026909231673926115
0.0012423404259607196
0.43892404437065125
0.4521767795085907
0.08630754798650742
0.054514892399311066
0.04920172691345215
0.5323670506477356
0.00356786185875535
0.20392242074012756
0.00044598180102184415
0.0020069158636033535
0.4753672778606415
0.37073591351509094
0.02177112177014351
0.001531212474219501
0.35415413975715637
0.0791109949350357
0.19832248985767365
0.10441087931394577
3.282898187637329
2.6145946979522705
2.2758939266204834
2.5668141841888428
1.1734753847122192
0.3785040080547333
0.04780755564570427
0.8735385537147522
0.9852587580680847
0.5446855425834656
0.4905213415622711
0.9811605215072632
0.001310716848820448
0.07234059274196625
0.5942537188529968
0.5973409414291382
0.01029091514647007
0.01694166474044323
0.08452903479337692
1.2710410356521606
0.3350411057472229
0.558165431022644
0.23529058694839478
0.011062868870794773
0.028608284890651703
1.1836374998092651
0.0041485498659312725
1.9275538921356201
0.005028137471526861
0.2805437445640564
0.09998062998056412
1.1742444038391113
1.0056732892990112
1.7002993822097778
5.0999598897760734e-05
0.042832158505916595
1.007229208946228
0.20006102323532104
1.239598274230957
2.2250661849975586
0.6742826104164124
0.0020673470571637154
0.00020855494949501008
0.5194371342658997
0.0034721458796411753
0.004389594309031963
1.5508463382720947
2.322329521179199
0.8679500818252563
0.9293410181999207
0.8124000430107117
2.9171395301818848
0.21652241051197052
0.05663267895579338
0.09384098649024963
0.009393147192895412
0.28590503334999084
0.41203588247299194
0.0005370595608837903
0.08752760291099548
0.011380589567124844
0.21991825103759766
0.0021920620929449797
0.004190803971141577
0.784358024597168
1.2415342330932617
0.6240049600601196
2.8699333667755127
1.850538969039917
1.89686119556427
0.45812806487083435
0.45138391852378845
1.0149935483932495
1.051411509513855
0.36145636439323425
1.718976378440857
1.9812695980072021
1.8858351707458496
0.025627970695495605
0.07454151660203934
0.004530468489974737
0.980708122253418
0.032329585403203964
0.01461009867489338
0.0013971502194181085
0.01950371079146862
0.002071040216833353
0.09605863690376282
2.090137004852295
1.9894495010375977
0.9994640946388245
0.18456977605819702
0.002482661744579673
0.6092376708984375
0.019529441371560097
1.095828890800476
0.00021185955847613513
0.004487873520702124
0.022117329761385918
0.1712147444486618
0.14426811039447784
0.7835693955421448
0.015943659469485283
0.0036088565830141306
0.00022913151769898832
1.110429286956787
0.0076540736481547356
2.402970314025879
0.19473913311958313
0.22667282819747925
0.42731016874313354
0.35078924894332886
1.8726826906204224
1.9998748302459717
1.7538923025131226
2.1234757900238037
0.0004806944343727082
0.0050540403462946415
0.07806763797998428
1.7076033353805542
2.527278184890747
2.47155499458313
1.6022742986679077
2.149310827255249
1.2149863243103027
2.468895673751831
2.0374276638031006
1.661633849143982
0.010434345342218876
0.09192611277103424
1.739920735359192
2.2656497955322266
0.0030309720896184444
0.00357697787694633
0.03791607543826103
0.0021374730858951807
0.7646023035049438
1.1338239908218384
0.22526291012763977
0.5141517519950867
1.1772871017456055
1.7391297817230225
1.4076472520828247
1.2907031774520874
0.00022990370052866638
1.3802597522735596
0.0004297463165130466
0.03606356307864189
0.018090303987264633
0.029497938230633736
0.04101741313934326
0.02819128893315792
0.0011615282855927944
0.010872662998735905
0.0063323588110506535
0.004196160472929478
0.040944769978523254
0.2699721157550812
0.303195595741272
0.10447244346141815
0.26046380400657654
0.7486681938171387
0.0023769119288772345
0.36509621143341064
0.485567569732666
1.1249563694000244
0.059830211102962494
0.9986655116081238
0.020235057920217514
0.11793793737888336
0.15634246170520782
0.03268217667937279
0.9327995181083679
2.8050830364227295
1.3731995820999146
1.661097764968872
0.02702976204454899
1.540205478668213
0.0006236581248231232
0.7954673171043396
0.02082173340022564
1.669848918914795
1.4838932752609253
1.849543809890747
1.155038595199585
2.733255386352539
1.5179368257522583
0.9704765677452087
0.07156375795602798
1.1849536895751953
0.003109918674454093
1.8289767503738403
0.0010184937855228782
0.03900578245520592
0.021546214818954468
0.004748553968966007
0.0035508025903254747
0.508928120136261
0.34069374203681946
0.005918928887695074
0.3936208188533783
0.004334143362939358
2.4232451915740967
1.1166338920593262
1.897507905960083
0.6606659293174744
0.14215286076068878
0.8443111181259155
1.8138598203659058
1.7629016637802124
1.795037865638733
1.8446292877197266
0.06942223757505417
1.1164335012435913
0.0832427442073822
2.608537435531616
0.11413842439651489
1.1899487972259521
1.2774758338928223
2.069899320602417
0.00016722521104384214
0.0013354552211239934
0.6343998312950134
1.045929193496704
1.3040623664855957
2.5505387783050537
0.3472493290901184
0.03026706911623478
0.0003288588486611843
0.1606202870607376
0.028842827305197716
0.11637324839830399
0.43684011697769165
0.3558965027332306
0.87543123960495
0.6394702792167664
0.015573524869978428
0.009989248588681221
0.5243505239486694
1.032509684562683
0.9309975504875183
1.696616768836975
1.8099135160446167
1.6480331420898438
0.00033570575760677457
0.2982470989227295
1.2088557481765747
1.549963116645813
1.039603590965271
1.6757162809371948
0.000687696214299649
0.6170148253440857
0.006923553999513388
2.046353816986084
1.7564918994903564
1.1064609289169312
1.4045864343643188
0.9552209973335266
0.005381537135690451
0.003712656907737255
0.06385509669780731
0.022778240963816643
0.013794616796076298
1.524401307106018
0.20631468296051025
0.8133091926574707
0.013620670884847641
0.013439546339213848
0.5706489086151123
0.10351796448230743
1.1931620836257935
1.2228525876998901
2.4040274620056152
2.2881996631622314
0.9408581852912903
2.9927053451538086
1.7293864488601685
2.450023651123047
1.7400360107421875
1.7819753885269165
0.4831412732601166
0.3798195719718933
0.3922487199306488
0.2936265170574188
1.9675019979476929
2.5166988372802734
0.004392404109239578
0.8745189309120178
0.006914835423231125
0.20709973573684692
0.06849510967731476
0.15683813393115997
1.4298973083496094
1.1801035404205322
0.3207503855228424
1.1711006164550781
3.1442627906799316
1.4247435331344604
2.898031234741211
2.0748276710510254
0.9985424876213074
2.458991050720215
1.9984489679336548
1.2890970706939697
1.9465446472167969
0.8735251426696777
0.9469677209854126
1.438822865486145
0.5375206470489502
1.423239827156067
1.4405426979064941
2.0845437049865723
2.1536834239959717
0.0845750942826271
0.00013179928646422923
0.007176478859037161
0.001316285808570683
0.45979541540145874
0.008841294795274734
0.012420150451362133
0.70680832862854
0.06848430633544922
1.7207050323486328
2.2475576400756836
2.8568778038024902
2.769197940826416
1.649133563041687
0.7020672559738159
0.04423932731151581
0.11270155757665634
0.004200024530291557
0.020042022690176964
1.7390367984771729
1.8541229963302612
1.583762288093567
1.458763837814331
0.5669870376586914
1.014147400856018
0.7475816607475281
1.5594958066940308
0.0002253974525956437
0.001837849267758429
0.0003745035210158676
0.0006431658985093236
0.00014996349636930972
0.019717203453183174
0.05479731783270836
0.020628711208701134
0.3023650348186493
0.43598291277885437
0.4101666808128357
0.8425562977790833
1.2488548755645752
1.4415490627288818
1.2097164392471313
1.2371424436569214
0.00666800606995821
0.004562380723655224
0.0017747686943039298
0.4051077365875244
0.00373894558288157
0.05315016210079193
0.0027161601465195417
0.20776112377643585
3.2587311267852783
4.3478851318359375
2.7586758136749268
3.1504008769989014
0.20919284224510193
0.06863703578710556
0.00022262735001277179
0.006359829567372799
0.6555551290512085
2.716615915298462
0.7035351991653442
0.7855844497680664
0.0007541105733253062
0.00454613147303462
1.9681886434555054
2.015014886856079
1.8639659881591797
1.8179295063018799
0.8238174319267273
0.1404939740896225
1.1449486017227173
1.0362956523895264
1.6944434642791748
1.570600152015686
1.6013950109481812
1.7946815490722656
0.0018630761187523603
1.8845365047454834
0.006612745579332113
0.006442201789468527
0.17501704394817352
2.4071788787841797
0.624519944190979
0.6759664416313171
0.0890069380402565
0.029017381370067596
0.18054842948913574
0.501286506652832
0.04799956455826759
0.01337713748216629
1.774059772491455
1.8859188556671143
2.574021577835083
2.84582257270813
1.6669787168502808
3.35646390914917
1.1637728214263916
1.3144962787628174
0.009721864946186543
0.08366016298532486
0.17386941611766815
0.020194534212350845
2.5360565185546875
2.4936320781707764
1.9533673524856567
1.7389682531356812
0.02172853983938694
0.06173577904701233
0.0004241593414917588
0.512844443321228
1.0591230392456055
1.5629475116729736
1.0963448286056519
0.3718793988227844
0.08892463147640228
0.45490652322769165
0.007258200086653233
0.0016960870707407594
1.2901781797409058
2.4943957328796387
0.01500418409705162
0.5596518516540527
0.0710766464471817
0.17397081851959229
0.006278235465288162
0.2777242958545685
0.01363067701458931
0.13371984660625458
0.03586393594741821
0.05974668264389038
1.6235445737838745
1.793553113937378
0.8431777358055115
1.3312807083129883
0.02234535850584507
1.9890145063400269
1.4624872207641602
2.4734253883361816
0.002637385157868266
1.9479793310165405
0.8781520128250122
2.1105105876922607
0.002791315782815218
0.07107839733362198
0.006012781988829374
2.6102540493011475
0.011336196213960648
0.019772041589021683
0.024860458448529243
0.07481180131435394
0.21286840736865997
0.18001657724380493
0.0028845923952758312
0.07594131678342819
2.0734753608703613
0.35133951902389526
0.3540327250957489
0.6274225115776062
0.05786478519439697
0.001763955457136035
0.4958844780921936
1.5577090978622437
0.034494549036026
0.002923008054494858
0.010288973338901997
0.00038249726640060544
0.8291904330253601
0.572701096534729
1.7115275859832764
2.588810443878174
0.1311529576778412
1.02870774269104
0.8521435856819153
0.6030406951904297
0.6091828346252441
0.4801877439022064
0.00343253742903471
1.7282702922821045
0.014381918124854565
0.042355190962553024
0.09241339564323425
1.8285020589828491
0.32061609625816345
0.14473141729831696
1.8558940887451172
1.5646708011627197
1.271283507347107
0.6817466616630554
1.5595839023590088
1.5234050750732422
0.90830397605896
1.0241289138793945
1.7854384183883667
2.4181320667266846
0.0002931388735305518
0.0011011023307219148
8.93516480573453e-05
0.1504843682050705
0.412733256816864
2.305586576461792
0.8432355523109436
1.430677056312561
1.5328319072723389
1.162026047706604
1.5494589805603027
1.3051649332046509
0.018275970593094826
3.0109763145446777
2.008988380432129
2.184798240661621
0.6482968330383301
1.1540026664733887
0.0004917646874673665
0.002658336888998747
0.08076267689466476
0.34357520937919617
0.5130615234375
0.31923890113830566
0.013967461884021759
0.1319931298494339
1.549036979675293
0.8184483647346497
1.002130150794983
0.045602891594171524
0.06458338350057602
0.06211430951952934
0.008941604755818844
0.6718831062316895
0.004873224534094334
0.18163475394248962
0.02218697778880596
0.14781296253204346
0.488887757062912
1.2968530654907227
1.3125041723251343
1.4857467412948608
0.025863265618681908
0.9825814962387085
0.01661689579486847
0.011549475602805614
0.6704091429710388
1.0616494417190552
3.033839702606201
1.4895236492156982
0.0025216424837708473
0.8774948716163635
0.0037775670643895864
0.0003946311480831355
0.5436165928840637
1.7602466344833374
1.9904179573059082
1.8155746459960938
2.4015960693359375
2.65653920173645
0.0013841887703165412
0.3683435618877411
0.010762092657387257
0.02110433764755726
2.5077388286590576
3.1331756114959717
0.19020406901836395
0.2140222042798996
0.9985803961753845
2.466437578201294
2.054356813430786
0.5631210803985596
1.3798404932022095
1.5768396854400635
0.0363905131816864
0.002993994625285268
0.0004536848864518106
0.4580858647823334
0.41700491309165955
0.01324611995369196
1.090569019317627
1.6351608037948608
0.6974002122879028
3.5199053287506104
2.0776963233947754
0.15666720271110535
1.0526729822158813
0.5475286245346069
1.9060548543930054
2.131702423095703
0.0002252108824905008
0.003702195594087243
0.9933859705924988
1.4274307489395142
1.8372538089752197
1.703860878944397
0.013576135039329529
1.5066722631454468
0.04754700884222984
0.044833507388830185
0.00040438512223772705
0.044979654252529144
1.5317366123199463
2.461913585662842
0.05232001096010208
0.0911308228969574
1.2502281665802002
1.8994345664978027
0.003327972488477826
1.1662942171096802
0.26323744654655457
1.9128156900405884
1.4673442840576172
1.4519977569580078
0.3910411596298218
0.054305076599121094
0.015409037470817566
0.21260088682174683
1.405913233757019
1.0072274208068848
0.0007673221989534795
0.027451757341623306
0.017589684575796127
0.04171866923570633
0.16414068639278412
2.363380193710327
0.7456818222999573
0.4251812696456909
0.03186162933707237
0.01844642497599125
0.010697825811803341
0.0013073293957859278
1.8764294385910034
2.7006044387817383
0.01339058019220829
0.001260220305994153
0.0035867025144398212
0.0025292602367699146
0.00027646785019896924
0.006968081463128328
0.657091498374939
0.5962935090065002
0.24733546376228333
0.24064968526363373
0.6242668032646179
0.04144348204135895
0.0020629328209906816
0.028494536876678467
0.001814984017983079
0.0039040010888129473
1.341098427772522
1.5475016832351685
0.06050308048725128
1.1311726570129395
0.06245357543230057
1.3547452688217163
1.0105276107788086
1.9100902080535889
3.208064079284668
3.1892988681793213
0.006358902435749769
0.8785507082939148
0.4969449043273926
0.5244728326797485
0.0010550467995926738
2.5535385608673096
0.11932516098022461
1.55691659450531
0.486117422580719
0.17344707250595093
0.8017776012420654
0.25480231642723083
0.22226794064044952
0.4002094268798828
0.020817119628190994
1.9102783203125
0.03505486249923706
2.2214043140411377
0.0001713933888822794
0.0018446843605488539
0.03488822653889656
0.5030026435852051
0.0029460585210472345
0.34499257802963257
0.08372467011213303
0.22214935719966888
0.05033901333808899
1.209560751914978
1.6434929370880127
0.6500788927078247
1.3715356588363647
1.6751196384429932
0.9034178256988525
1.4222512245178223
1.433447003364563
0.7643125653266907
0.621669352054596
2.1096084117889404
0.003537172684445977
0.27513182163238525
1.396578311920166
1.4913135766983032
1.5162956714630127
0.6308884024620056
0.01912982016801834
0.003952867817133665
0.1616402417421341
0.38327348232269287
0.0001464276429032907
0.05878894031047821
0.0005820528022013605
0.907542884349823
2.1285290718078613
1.6934280395507812
0.0015809852629899979
0.017223795875906944
0.0010431597474962473
1.2271206378936768
0.002333091339096427
0.521526575088501
2.01210618019104
2.44401216506958
0.9841820597648621
1.2807453870773315
0.8676145672798157
2.146397829055786
1.1888630390167236
2.2189126014709473
0.03078366070985794
2.0556750297546387
1.0192598104476929
0.6221210956573486
0.3997343182563782
0.28127869963645935
0.6599346995353699
0.5123157501220703
2.5846805572509766
4.157154083251953
0.9132161736488342
0.3292377293109894
0.6893215179443359
0.5315831303596497
1.75973641872406
0.5883162021636963
2.7824480533599854
2.142612934112549
0.02437484636902809
0.01541106402873993
0.06620243191719055
1.3060252666473389
0.03919253870844841
0.15432944893836975
1.4124562740325928
2.7958574295043945
1.774680495262146
0.8887593150138855
0.0032008306588977575
0.010500478558242321
0.011362608522176743
0.15696051716804504
0.026397455483675003
0.35437631607055664
0.0007898147450760007
0.015196941792964935
0.0012151580303907394
0.0013055367162451148
1.079768419265747
1.8379859924316406
0.19983531534671783
1.718618392944336
1.1377733945846558
2.7338359355926514
1.5561045408248901
1.66370689868927
1.5418450832366943
1.8681576251983643
2.0512771606445312
3.0052366256713867
0.0017255689017474651
1.8082804679870605
1.428978681564331
1.4808802604675293
2.917569637298584
3.100271701812744
3.1326589584350586
2.14078426361084
1.3877331018447876
1.8455356359481812
0.18108732998371124
0.09335320442914963
0.3961910903453827
0.7732332348823547
1.6597998142242432
1.886291265487671
0.7259224653244019
1.8026891946792603
0.08555489033460617
0.006966633256524801
0.0014348281547427177
0.6794233322143555
1.7374151945114136
1.2418707609176636
1.8096990585327148
2.360809803009033
0.09524049609899521
0.6835482716560364
1.8964804410934448
2.0608222484588623
1.0191190242767334
1.6419947147369385
3.4772674553096294e-05
0.10999228805303574
0.44506412744522095
0.16650132834911346
1.9229933023452759
1.029702067375183
0.7596919536590576
2.1013448238372803
0.6909114122390747
0.5642680525779724
0.009499999694526196
0.013434452936053276
0.26601850986480713
0.3896341025829315
0.49695441126823425
0.27469855546951294
0.17319434881210327
0.00919525045901537
2.9630080462084152e-05
2.5388314723968506
0.8519687056541443
1.3827378749847412
1.97955322265625
0.7136146426200867
1.8472211360931396
0.4607272744178772
1.3996492624282837
1.4180337190628052
0.002343569416552782
0.301757276058197
1.6184333562850952
1.413698434829712
0.0036701057106256485
0.3180430829524994
1.3640540838241577
1.3121085166931152
1.3189436197280884
1.8121564388275146
1.4290000200271606
1.544092059135437
1.5444122552871704
1.6886780261993408
0.048531074076890945
0.19750910997390747
1.5459320545196533
2.290992259979248
2.3939573764801025
2.862746477127075
0.017514940351247787
0.003889340441673994
0.08840788900852203
0.5214430689811707
0.06759883463382721
0.417106568813324
1.2879146337509155
1.1236722469329834
2.4843876361846924
2.8410847187042236
1.6647852659225464
0.6815786957740784
0.2742515206336975
0.3921453654766083
0.02715916559100151
0.21888011693954468
1.300827980041504
1.0647284984588623
0.5851624608039856
1.7100579738616943
1.5323747396469116
0.3639911115169525
0.5370603203773499
0.09361401200294495
0.0043529970571398735
0.7184203863143921
2.963534116744995
3.005134344100952
0.005361121613532305
0.36350217461586
0.07749173790216446
0.6894770860671997
2.16802716255188
2.3475279808044434
1.9214086532592773
2.036074161529541
0.5817778706550598
0.0016481559723615646
1.0108083486557007
1.3374117612838745
1.205847978591919
1.745072364807129
0.5996764302253723
0.6629568934440613
0.9938810467720032
1.3387364149093628
0.01809137500822544
0.10007937997579575
0.1332966685295105
0.09306104481220245
0.0011216625571250916
0.06392413377761841
0.2516844570636749
0.4795401096343994
0.2144947499036789
0.09347495436668396
0.6613041162490845
1.259960651397705
0.002119148848578334
0.02918264828622341
0.14146246016025543
0.16970939934253693
2.276655435562134
1.8645670413970947
0.006293540820479393
1.2477420568466187
1.799082636833191
1.814164161682129
0.3594992458820343
0.5244562029838562
1.5661391019821167
2.064119577407837
3.035834789276123
3.557936191558838
1.9438440799713135
2.4007437229156494
0.5717170238494873
0.5078732967376709
1.027853012084961
0.8188463449478149
1.9832255840301514
2.6691019535064697
1.0355346202850342
1.1447761058807373
0.0021897649858146906
0.7552282214164734
2.7400175895309076e-05
0.5046741366386414
1.977617621421814
2.048016309738159
0.7592464089393616
0.3091897964477539
0.0016854177229106426
0.009161615744233131
0.00019154322217218578
0.18622685968875885
1.5407383441925049
0.9389361143112183
0.0001636488304939121
0.0021118009462952614
0.038129620254039764
0.1511683464050293
1.2005920325464103e-05
0.029029786586761475
0.012191939167678356
0.00030007431632839143
0.5039559006690979
0.005392236169427633
0.020586203783750534
0.26453647017478943
0.8329108357429504
1.0809326171875
0.02861732803285122
1.0966180562973022
0.8085269331932068
1.2595211267471313
0.06473815441131592
0.4768761992454529
0.00901130773127079
0.4525142312049866
0.1642584502696991
0.7246768474578857
1.8678218126296997
1.8942705392837524
2.406161069869995
2.783097505569458
1.81570303440094
0.7846115827560425
0.3219374716281891
1.0875803232192993
1.6536555290222168
1.3963894844055176
0.007005233317613602
0.00023256574058905244
0.4498201310634613
2.0063467025756836
0.7669194936752319
0.036854762583971024
0.48243120312690735
0.04984956234693527
0.07808588445186615
0.025477895513176918
1.3532936573028564
1.8040815591812134
0.11320091784000397
0.7971885204315186
1.4016555547714233
0.0667106881737709
1.199121117591858
1.5279897451400757
0.01762898825109005
1.3195054531097412
0.5160425901412964
0.14975793659687042
0.1511797308921814
1.79938542842865
0.8596208691596985
0.904150664806366
0.16681984066963196
0.8076841235160828
0.6511167883872986
0.50278639793396
0.4274669885635376
0.3386627435684204
0.23819829523563385
1.0864474773406982
2.054105520248413
2.2821123600006104
0.31841951608657837
0.9683993458747864
0.07045982778072357
1.0937366485595703
1.4150018692016602
1.316603660583496
0.9760868549346924
1.6364318132400513
0.010935459285974503
1.1895843744277954
0.9530612230300903
1.6247080564498901
0.9194819331169128
0.051818959414958954
2.1656415462493896
0.5869140028953552
7.82965071266517e-05
0.2577611804008484
0.017177646979689598
0.036775000393390656
0.02010258287191391
0.8033826351165771
0.0011768995318561792
0.001661288202740252
0.9654772877693176
1.5639450550079346
0.00292899738997221
0.02535952255129814
1.4473291635513306
1.5740928649902344
1.2272334098815918
0.21765293180942535
0.02490874007344246
0.0852079689502716
0.21998798847198486
0.007018750999122858
0.012701369822025299
0.0029303499031811953
0.2689402103424072
0.5759939551353455
1.434599757194519
1.4824869632720947
1.743736743927002
1.6647650003433228
1.403935432434082
2.115746259689331
0.0011867923894897103
0.18545548617839813
0.012224028818309307
0.03422149270772934
1.3576436042785645
1.5881284475326538
0.01687202788889408
0.559005856513977
1.5188792943954468
1.0430830717086792
2.791966199874878
2.8617703914642334
0.0012184383813291788
0.8083639144897461
0.33250942826271057
1.3630917072296143
0.05264422297477722
0.3550296127796173
0.2516752779483795
0.42617836594581604
0.0012539256131276488
1.8841619491577148
0.0030587357468903065
1.0234838724136353
0.0008114009397104383
0.039135247468948364
1.4598402976989746
1.8386446237564087
0.016390357166528702
0.006083242129534483
1.6450148820877075
0.37793055176734924
0.02815057523548603
0.16618800163269043
0.10603233426809311
0.33081233501434326
0.2559426426887512
0.10709632188081741
0.00012937042629346251
0.00983040314167738
1.3317409753799438
1.8065496683120728
1.437671422958374
2.6952693462371826
0.0030879739206284285
1.8491116762161255
0.029573669657111168
0.0807589441537857
0.5506208539009094
1.0975464582443237
0.3220630884170532
0.763322114944458
1.1073113679885864
0.9083884358406067
0.0006766600417904556
0.0018596649169921875
1.441737174987793
1.6632647514343262
4.7697292757220566e-05
0.01180824264883995
3.0149643421173096
2.7059037685394287
0.0010343637550249696
0.12417324632406235
0.05896449461579323
0.02476525492966175
2.359617233276367
2.113346576690674
0.7846335172653198
0.5666453242301941
1.325810432434082
1.0438162088394165
1.720526099205017
0.5651366710662842
0.1842014044523239
0.4147087633609772
0.6091057658195496
0.03924514725804329
1.6852089166641235
2.2000327110290527
2.7008205506717786e-05
0.44976791739463806
0.00019733163935597986
0.27301254868507385
0.010633626952767372
1.0937321186065674
0.4396415650844574
1.6936620473861694
2.209239959716797
1.788696050643921
1.9805116653442383
0.5898481607437134
1.0829142332077026
1.8098280429840088
0.36369892954826355
0.15999671816825867
2.911501407623291
3.9054627418518066
0.8102008104324341
0.8996375203132629
1.1570898294448853
1.6168540716171265
0.11987945437431335
0.08831194043159485
0.090688057243824
0.5078343749046326
1.1478389501571655
1.228948950767517
0.008479790762066841
1.3883960247039795
0.5723237991333008
0.565796434879303
0.0252455435693264
1.9913146495819092
1.080479383468628
1.6132246255874634
0.9834105372428894
1.3346855640411377
0.0010586193529888988
0.15376512706279755
0.0011975119123235345
0.03116871416568756
1.4556649923324585
2.129737615585327
0.13197040557861328
0.14024777710437775
0.5580916404724121
0.039363909512758255
0.0006171594141051173
0.8396574258804321
0.0032372288405895233
0.0018840748816728592
0.0012141234474256635
0.01269560120999813
0.02301536686718464
1.4376648664474487
0.019082490354776382
0.003265407867729664
1.3694528341293335
1.1026445627212524
1.0085113048553467
0.8276678323745728
1.1530004739761353
1.5184314250946045
0.03878225013613701
0.14207541942596436
1.4923678636550903
2.3873298168182373
1.4929580688476562
1.968738317489624
0.0002654987620189786
0.00213897367939353
0.00329802674241364
0.002011636970564723
0.07767460495233536
1.0489721298217773
1.5824588537216187
1.7204941511154175
0.35652193427085876
2.924078941345215
0.00042331370059400797
0.0056687635369598866
1.7517246007919312
1.4703487157821655
0.7637128829956055
0.8991034626960754
0.8434866070747375
0.936950147151947
1.100325584411621
1.836943507194519
0.0009106872603297234
0.0006969106616452336
2.007802724838257
1.7145799398422241
0.6635105013847351
0.25716638565063477
0.010789996944367886
0.31991612911224365
0.021012036129832268
0.04720856994390488
0.004778051283210516
1.873504400253296
0.10009701550006866
0.005970150697976351
0.8266507983207703
1.457152009010315
1.9465113878250122
1.805755615234375
0.00036851951153948903
0.006758642382919788
0.5746504068374634
0.05348742753267288
0.0028600783552974463
0.38588544726371765
0.0019447584636509418
2.0653605461120605
0.02792254090309143
0.04680190607905388
0.6262123584747314
1.1631799936294556
2.236393451690674
0.10714194923639297
1.3336726427078247
1.7780402898788452
0.4723171889781952
0.1439068466424942
0.04087303578853607
0.033563032746315
0.06374937295913696
0.04791215434670448
0.9389098286628723
0.5950558185577393
1.0268299579620361
0.1920202523469925
0.21674160659313202
0.47335702180862427
1.2347071170806885
1.3223322629928589
0.00013616183423437178
0.669659435749054
0.011957823298871517
1.3521966934204102
0.010682258754968643
0.8406709432601929
1.421684980392456
1.9318921566009521
2.5892224311828613
2.45182204246521
1.9319590330123901
2.2243008613586426
0.0352461151778698
0.007488044444471598
0.0020144833251833916
0.03222272917628288
0.20869217813014984
1.9335371255874634
0.24547512829303741
0.009518444538116455
0.6685265302658081
1.3863725662231445
0.17255699634552002
0.10642195492982864
0.03308204934000969
0.004528034012764692
0.007330556865781546
0.3649851083755493
0.03191563859581947
0.4167913496494293
1.2333735227584839
0.6843201518058777
1.3241419792175293
1.2913198471069336
3.159890651702881
2.1232433319091797
0.0021506468765437603
0.07158467918634415
0.009152854792773724
0.0011978865368291736
1.3382419347763062
2.0499112606048584
0.00028079061303287745
0.21568159759044647
2.6431305408477783
3.5850069522857666
2.012197256088257
2.0655229091644287
0.005431476514786482
0.0011322078062221408
0.8470367789268494
1.264868974685669
0.26764431595802307
3.034247636795044
0.33912211656570435
0.006277332082390785
0.004316456615924835
0.059581976383924484
0.0668887123465538
0.018941452726721764
0.8732854127883911
0.9609266519546509
1.4041504859924316
2.6337099075317383
1.2638170719146729
0.634304404258728
0.0011276459554210305
1.5956918001174927
1.5513375997543335
1.7693513631820679
2.3845930099487305
1.5683066844940186
0.8570883274078369
2.421936511993408
0.5954474806785583
0.5421129465103149
0.006279794964939356
0.011605549603700638
0.00028883045888505876
0.013702529482543468
1.3121212720870972
1.8361587524414062
0.0007463921210728586
0.5304824113845825
1.7638291120529175
1.500257968902588
1.9632457494735718
1.6852604150772095
0.0003254834155086428
1.1398247480392456
0.011716421693563461
0.7650291919708252
0.0032814962323755026
0.014506325125694275
0.567436695098877
1.0859068632125854
0.10077471286058426
2.0825488567352295
0.020965492352843285
0.014167469926178455
0.04685090854763985
0.002182350028306246
0.0002874794299714267
0.0008147824555635452
0.15230968594551086
1.6974676847457886
0.003016476286575198
1.2178179025650024
0.9776774048805237
2.8803021907806396
1.458643913269043
1.9187333583831787
0.7776631116867065
1.8079551458358765
1.1312624216079712
0.011230412870645523
2.109123945236206
2.403825521469116
1.5511679649353027
2.318110227584839
0.005546324886381626
1.2504308223724365
0.6476758718490601
0.6569825410842896
0.003566526575013995
0.0004691832873504609
1.1769918203353882
1.3087936639785767
1.7769736051559448
1.9128062725067139
1.3497272729873657
1.487936019897461
1.3469079732894897
1.363170862197876
1.8691351413726807
2.466524839401245
2.4947922229766846
3.019911050796509
1.1755040884017944
1.8286908864974976
0.0024276638869196177
1.118915319442749
1.4877997636795044
2.7221813201904297
0.6014770865440369
0.5449957847595215
1.8155781030654907
2.257610559463501
1.013027310371399
2.023430109024048
0.02154390513896942
0.7793267965316772
1.1130141019821167
0.9706850051879883
0.1874862015247345
1.189772367477417
0.017372099682688713
1.9459596872329712
0.3047182559967041
1.3201589584350586
1.205285906791687
1.4995912313461304
0.00246430397965014
0.002383113605901599
0.07368449866771698
0.0013322429731488228
0.011244877241551876
0.0018133694538846612
1.7900128364562988
2.045609951019287
3.3014328479766846
1.3196957111358643
1.593108057975769
0.4487292170524597
1.7429007291793823
1.1865229606628418
2.0770440101623535
1.8334150314331055
2.5167980194091797
2.2905666828155518
1.9500094652175903
2.9669463634490967
0.03546256199479103
1.3078080415725708
0.4170231223106384
1.276761531829834
0.7011090517044067
0.27030614018440247
0.004998204298317432
0.0007528072455897927
2.4599411487579346
1.6916128396987915
0.0024963130708783865
0.4837411642074585
0.01819620467722416
0.16967281699180603
1.7666152715682983
0.954820454120636
0.03125032037496567
2.1060802936553955
0.0016379173612222075
0.419623464345932
0.0026059148367494345
0.012600432150065899
0.0002890187024604529
0.0026947620790451765
0.45628321170806885
0.01720103994011879
0.011788174510002136
0.6802670359611511
0.006984034553170204
0.0037728818133473396
0.005059840623289347
0.00588718568906188
1.4597136974334717
1.4523613452911377
0.0017304433276876807
0.0031981607899069786
1.9324071407318115
2.506915330886841
1.0671464204788208
0.9644578099250793
1.294536828994751
2.098264694213867
1.550459623336792
1.4981633424758911
1.7165138721466064
0.7069424986839294
1.485706090927124
2.025355100631714
8.37792395032011e-05
0.7116298079490662
0.6056908369064331
1.2260847091674805
0.4069487750530243
0.5119307041168213
0.0064441366121172905
0.3324008285999298
1.4877536296844482
1.7850860357284546
0.9385720491409302
0.08212251961231232
2.180880546569824
2.1961424350738525
0.15733662247657776
0.8136585354804993
1.4196996688842773
1.3282333612442017
2.1661057472229004
2.0195000171661377
0.8359240293502808
0.09062192589044571
0.081744484603405
0.5113296508789062
0.4398628771305084
0.06287446618080139
0.010730414651334286
0.18918144702911377
0.01817169412970543
0.01814139261841774
1.7995036840438843
3.110994815826416
0.019532162696123123
1.109562873840332
1.4628409147262573
2.221541404724121
0.029444757848978043
0.004119780845940113
0.789556622505188
0.9269716143608093
0.058293651789426804
0.002014338271692395
0.5148434042930603
0.8504624366760254
0.016568440943956375
0.7018458843231201
0.02752062678337097
0.011193444021046162
0.029619231820106506
0.2672412395477295
0.19660359621047974
0.006820783019065857
0.1663535237312317
0.15179699659347534
1.7802889347076416
1.629576563835144
1.8592290878295898
3.5768322944641113
0.0005750422715209424
0.0025316886603832245
3.649184465408325
2.414435386657715
2.701493740081787
1.9173510074615479
2.2196059226989746
2.6774508953094482
4.952180461259559e-05
0.001990375341847539
1.4246433973312378
1.7357423305511475
1.2696588039398193
0.028673771768808365
2.4562599658966064
2.0775461196899414
1.6525684595108032
1.6195929050445557
0.625431478023529
1.036505103111267
0.0020107426680624485
1.2730491161346436
0.025075586512684822
0.5096650719642639
0.3224569261074066
0.0033499838318675756
1.7230383157730103
1.4294317960739136
0.583188533782959
0.719624400138855
0.20535317063331604
0.22608596086502075
0.695158064365387
0.5866419076919556
0.0005490086041390896
1.7780259847640991
0.00014185502368491143
0.6482276320457458
0.0021172005217522383
0.006268767174333334
0.00011335706221871078
0.7339649796485901
1.485663890838623
0.12148046493530273
8.400766091654077e-05
0.0001904064993141219
0.3482515513896942
0.5540948510169983
0.15631736814975739
0.008003159426152706
0.6190747022628784
0.6971926689147949
0.13355128467082977
0.08683474361896515
0.019827578216791153
0.014196494594216347
1.2068350315093994
0.9279040694236755
0.9531279802322388
0.9483696818351746
0.5623173117637634
1.6166577339172363
0.8240571618080139
1.5441031455993652
2.509265184402466
3.290860652923584
2.1986031532287598
2.0587565898895264
0.7313109636306763
1.1865848302841187
1.8872665166854858
2.6791279315948486
0.012349550612270832
0.3074078857898712
1.293433666229248
0.2362971156835556
1.307857632637024
1.7695672512054443
0.48219093680381775
2.2901391983032227
0.004651760216802359
0.8018562197685242
0.6136936545372009
0.5492895245552063
0.07698403298854828
0.014176378026604652
0.001092571415938437
0.1629311442375183
0.016162309795618057
2.4651355743408203
0.0014860091032460332
1.0482072830200195
0.015776554122567177
2.7810544967651367
0.030807161703705788
1.172705888748169
0.0012142747873440385
0.00032120870309881866
0.18523503839969635
2.0878305435180664
1.4571291208267212
0.9852088689804077
0.5669770836830139
2.043630599975586
0.00036913930671289563
0.3019307851791382
0.0001612160704098642
0.01804628036916256
0.23857080936431885
1.013115644454956
0.11606918275356293
1.2159229516983032
0.08011391013860703
0.6365693807601929
0.011689652688801289
8.750758570386097e-05
0.002885395660996437
0.020106783136725426
0.02287277951836586
0.06584464758634567
1.9288532733917236
0.6581051349639893
0.004630958195775747
0.3467441201210022
0.07808015495538712
0.10371578484773636
1.2455836534500122
1.623348593711853
0.39935487508773804
1.0187263488769531
0.711534321308136
1.2583388090133667
1.3877447843551636
1.5797752141952515
0.07189025729894638
0.24054455757141113
0.6351825594902039
0.8404700756072998
1.705506443977356
1.6243090629577637
0.6414887309074402
0.8718631267547607
0.7419506311416626
1.0438735485076904
1.0327452421188354
0.880570113658905
0.0024879465345293283
0.0018182395724579692
1.0930646657943726
1.6452410221099854
0.0004902209038846195
0.0006087158690206707
1.5608725547790527
1.4240503311157227
1.831473708152771
1.3290789127349854
1.9111754894256592
2.4835052490234375
2.437422275543213
1.6421315670013428
2.431506633758545
2.039808988571167
0.1107344850897789
0.4534758925437927
8.111699571600184e-05
0.006574879866093397
1.2150009870529175
0.11617771536111832
1.1678540706634521
1.4639705419540405
0.3513149619102478
0.8398114442825317
1.981310248374939
1.204370141029358
7.261188147822395e-05
0.0005278883036226034
0.1599978655576706
0.5182441473007202
1.6774115562438965
3.224717855453491
0.9155800938606262
0.28026118874549866
1.3285856246948242
0.7817939519882202
1.211234450340271
2.7110869884490967
0.004334297031164169
1.530591607093811
1.232282042503357
1.851478934288025
0.051217831671237946
1.691757321357727
0.3154565393924713
0.17986032366752625
0.710053026676178
0.09741346538066864
0.41338491439819336
0.16994546353816986
0.13595132529735565
3.2099344730377197
1.1281495094299316
3.4618496894836426
1.1965633630752563
0.9360055327415466
0.22863158583641052
0.8090083003044128
2.880004405975342
0.30676791071891785
0.00014121434651315212
0.8757257461547852
1.0624706745147705
0.7150211930274963
0.0005844533443450928
0.9216028451919556
1.6528973579406738
1.3986494541168213
0.07095786929130554
0.008167119696736336
1.5262079238891602
0.706247866153717
0.2512893080711365
0.12365569174289703
0.00969091895967722
0.0009154972503893077
0.1288434863090515
2.527000904083252
0.1934211701154709
0.5730836391448975
0.01686989702284336
0.001749962568283081
1.2726366519927979
1.0332704782485962
0.0457366481423378
0.2832604646682739
0.003236236283555627
0.13134144246578217
1.3650935888290405
1.2841275930404663
0.02186003513634205
0.15457825362682343
0.010331407189369202
0.006848958320915699
1.7524439096450806
1.5848554372787476
0.006517934147268534
0.1962304413318634
0.002153212670236826
0.10104181617498398
0.0009684975957497954
0.23920586705207825
0.4663245677947998
0.1116209477186203
0.9595015645027161
1.2321218252182007
1.1003328561782837
0.6512327790260315
0.3648492693901062
0.6455490589141846
0.0023800518829375505
1.2618646621704102
0.43144479393959045
0.29664358496665955
0.0006871151272207499
0.008131240494549274
0.004726193845272064
0.015828583389520645
1.3918496370315552
0.5212963819503784
1.5584317445755005
0.9493938684463501
0.0014741556951776147
0.013106209225952625
0.0023754164576530457
0.004696667194366455
1.7038919925689697
1.522687315940857
0.0027899437118321657
0.019930366426706314
0.00013117733760736883
0.05248897150158882
0.1627921611070633
0.04240918159484863
0.002085562329739332
0.0005643779295496643
1.931848168373108
0.8468592762947083
0.42059049010276794
3.0414323806762695
0.8939656615257263
1.4043705463409424
2.0124940872192383
2.1790599822998047
0.2304466813802719
0.26115113496780396
0.05333478003740311
1.652746319770813
0.08330925554037094
0.0012793800560757518
0.7049249410629272
0.6651862263679504
0.919066846370697
1.6939654350280762
2.0086536407470703
2.07171893119812
1.7953120470046997
3.1280605792999268
1.3100268840789795
1.7245285511016846
0.6498088240623474
2.7640955448150635
1.145119309425354
2.2348809242248535
0.40755563974380493
2.6787595748901367
0.8056952953338623
0.9645882844924927
0.16432282328605652
1.1930718421936035
1.3342784643173218
2.0100090503692627
0.5236272811889648
1.2503788471221924
1.492064356803894
1.0953717231750488
0.033811699599027634
0.851850152015686
0.1858125925064087
0.9731795191764832
0.04679692164063454
0.018251614645123482
0.026911312714219093
0.0004051887954119593
0.029388077557086945
1.0650519132614136
0.017565321177244186
0.9221283793449402
1.6804770231246948
0.04085606336593628
3.4700393676757812
3.715008497238159
0.6132372617721558
0.17989148199558258
0.1949939876794815
0.2544998228549957
0.04211171716451645
0.17805521190166473
0.0025365047622472048
0.018997730687260628
0.01204601302742958
0.003715634811669588
1.1964572668075562
1.199321985244751
3.157562017440796
2.142836332321167
2.4401183128356934
2.8708293437957764
1.4194860458374023
1.2124532461166382
1.7831017971038818
1.641821265220642
1.766771912574768
2.69496750831604
0.1802891194820404
0.8116387724876404
0.00011370765423635021
0.0013078951742500067
0.031418561935424805
0.247375026345253
0.5017657279968262
0.64385586977005
0.04987597465515137
0.22304022312164307
0.43541431427001953
0.05629845708608627
1.0836936235427856
1.1955151557922363
2.4345436096191406
2.8589401245117188
1.5511406660079956
1.4854267835617065
1.0424864292144775
1.4182369709014893
1.437211036682129
1.6903648376464844
0.0008544668671675026
0.0037559003103524446
0.4592946767807007
0.05024287477135658
0.9217618107795715
1.60553777217865
2.4352757930755615
3.0695199966430664
1.4964650869369507
0.9901402592658997
0.8008431792259216
1.9375741481781006
0.0012405125889927149
0.0001587477745488286
0.7232853174209595
0.6541060209274292
0.004797657486051321
0.31043490767478943
1.8251577615737915
1.9413782358169556
1.4690903425216675
1.8400170803070068
1.422736644744873
2.2177977561950684
0.14516404271125793
0.36865708231925964
0.07083310931921005
0.9528666138648987
0.004650663584470749
0.003653649939224124
0.004313371609896421
0.09523127228021622
0.029302679002285004
0.0024622611235827208
1.6332731246948242
1.3532565832138062
0.8386451601982117
0.6915764212608337
0.1468888372182846
0.06296336650848389
1.088341236114502
2.446185350418091
1.0363839864730835
0.8382360935211182
1.116064429283142
2.3516106605529785
0.6837841272354126
1.6050721406936646
0.011057328432798386
0.39646339416503906
1.341113567352295
1.0180919170379639
1.66474187374115
1.817170262336731
0.19446296989917755
0.0033919434063136578
0.35337311029434204
0.8067046403884888
1.5205767154693604
1.6609985828399658
0.000160685638547875
0.0024814188946038485
0.9474760890007019
1.7924212217330933
0.0920763686299324
1.860761046409607
1.9031902551651
1.3357722759246826
1.8071446418762207
1.6605063676834106
0.3722837567329407
1.4420579671859741
1.8929251432418823
1.6034667491912842
2.1403117179870605
1.9164396524429321
1.0045610666275024
1.1114869117736816
1.8220244646072388
1.9851332902908325
0.4057528078556061
0.4576760530471802
0.0029020553920418024
0.0006275412742979825
0.00033159469603560865
0.00830699410289526
3.2163310050964355
3.12617564201355
2.2625696659088135
2.1405105590820312
1.2323887348175049
1.0490665435791016
0.20246358215808868
0.03384261205792427
1.9749524593353271
1.8700636625289917
0.6589832305908203
1.4097282886505127
0.5254421234130859
1.2085835933685303
1.5902056694030762
0.17759327590465546
1.2484686374664307
1.9020721912384033
0.928648829460144
2.319666624069214
0.05735788494348526
0.13253256678581238
0.014690005220472813
1.7296277284622192
0.0004947654088027775
0.005957034882158041
0.04180139675736427
0.04249696061015129
0.0011574766831472516
0.008277781307697296
0.017314311116933823
0.0010855775326490402
0.24374321103096008
0.4358423054218292
0.1073731929063797
0.24224059283733368
4.325406189309433e-05
0.08497586846351624
1.4639936685562134
1.9965410232543945
0.0003842144215013832
0.004453136119991541
2.3878331184387207
2.046027421951294
1.5565688610076904
2.80997896194458
3.678453207015991
2.848546028137207
0.00014115199155639857
0.0013540687505155802
0.0018186577362939715
0.00477925268933177
2.043560743331909
1.438485860824585
2.174504518508911
2.462435722351074
0.16637149453163147
0.192552387714386
0.3289546072483063
0.16313676536083221
0.3506404459476471
2.0652341842651367
1.7648941278457642
0.8453981876373291
0.7499192953109741
0.3701077401638031
1.2906264066696167
2.0519649982452393
0.010647375136613846
1.0336899757385254
1.0371384620666504
1.04094660282135
1.4451730251312256
1.3498929738998413
0.0036274984013289213
0.0005661377217620611
0.16883377730846405
0.09161845594644547
0.00016341981245204806
0.05323365330696106
2.741245746612549
2.9484615325927734
1.9860360622406006
1.3932578563690186
0.008734364062547684
0.4565235376358032
1.677022099494934
0.8490950465202332
1.0083093643188477
1.2425616979599
1.1224015951156616
2.1754977703094482
0.8310874104499817
1.1650614738464355
2.1467537879943848
2.0928750038146973
0.08929058909416199
1.087471604347229
0.4717040956020355
1.123460054397583
0.0034044620115309954
0.002949677174910903
0.014015449211001396
0.2688237130641937
1.6142929792404175
1.2030963897705078
1.715370774269104
2.138834238052368
1.9639884233474731
1.5863842964172363
0.7466202974319458
0.920037031173706
2.2945919036865234
1.8609708547592163
0.9988544583320618
2.5382115840911865
0.5080243945121765
1.0463968515396118
0.0013463072245940566
0.0004664297157432884
0.48767486214637756
0.018128307536244392
0.018611449748277664
0.9203317165374756
0.3444007635116577
2.910576581954956
0.8883742690086365
1.546556830406189
0.0005963635048829019
0.262080579996109
0.43560877442359924
0.48734423518180847
1.6506953239440918
1.6311585903167725
1.2573753595352173
1.7669392824172974
1.6040678024291992
1.4157763719558716
0.12705060839653015
0.01393290888518095
2.510843276977539
2.623378038406372
2.3111186027526855
2.384528636932373
0.3082297742366791
1.1732159852981567
0.0028606371488422155
1.1150176525115967
0.6052228808403015
0.13264408707618713
1.3901710510253906
1.1688569784164429
0.006880566943436861
1.6126303672790527
0.010196886025369167
0.9895731806755066
0.881828784942627
1.2669223546981812
0.000976471696048975
0.8919045925140381
1.2869337797164917
1.0409495830535889
0.4756418764591217
1.1070148944854736
0.010561666451394558
1.175884485244751
0.0020636925473809242
0.24962756037712097
1.2890558242797852
1.9810233116149902
0.46760672330856323
0.09819092601537704
0.8135634660720825
1.3520396947860718
1.239515781402588
2.0101492404937744
1.4804432392120361
0.38695305585861206
1.0664247274398804
0.5326525568962097
0.010483969934284687
0.29382026195526123
0.017924299463629723
0.2037980705499649
2.0058836936950684
2.0708863735198975
2.5156641006469727
2.538031816482544
0.23939841985702515
0.7586092948913574
0.6977419257164001
1.405252456665039
0.00015519029693678021
0.046684954315423965
0.0005216269637458026
0.004016787279397249
0.36434513330459595
2.134901285171509
1.1784387826919556
1.9975861310958862
1.71328866481781
1.1487159729003906
1.3114206790924072
1.7190145254135132
0.4541819095611572
1.0916777849197388
0.7089370489120483
1.1477404832839966
0.040746189653873444
0.954054594039917
1.5874675512313843
2.039336919784546
1.6449556350708008
1.6472811698913574
2.20353102684021
2.906993865966797
0.00033562592579983175
0.009823747910559177
0.10149572044610977
2.5905075073242188
0.18581821024417877
0.08132893592119217
1.606665015220642
1.643081545829773
0.0013244535075500607
1.9599748849868774
0.045058704912662506
0.17792345583438873
0.2881658375263214
0.8318394422531128
3.385772466659546
3.3075592517852783
0.19949428737163544
0.02799289859831333
0.3216201066970825
1.244807243347168
0.4636189341545105
1.464331030845642
1.0828285217285156
1.657684326171875
0.019784947857260704
0.0796237662434578
0.0009371935157105327
0.025992510840296745
1.3773345947265625
1.889400839805603
0.7282435894012451
1.1366498470306396
0.04137204587459564
1.1477209329605103
1.982455849647522
2.322730541229248
0.19839289784431458
0.6409481167793274
0.4818001389503479
1.7943789958953857
1.5097296237945557
2.0501153469085693
1.5288960933685303
2.0920894145965576
0.0014277524314820766
0.3026929497718811
0.0887870192527771
0.1357962191104889
0.0021989531815052032
0.07628663629293442
0.0007620347896590829
2.0989441871643066
0.001757259713485837
0.0017055730568245053
1.5901249647140503
1.9323757886886597
0.421029269695282
1.6743135452270508
0.006892906967550516
0.16034063696861267
0.07005996257066727
0.3690088093280792
0.028303852304816246
0.06628835201263428
1.142798662185669
1.2833783626556396
0.004038227256387472
0.5665287375450134
0.9958159327507019
0.7814475893974304
1.650342345237732
1.1124374866485596
1.204754114151001
0.9947105050086975
0.02839176170527935
0.016157064586877823
0.0005297651514410973
0.0002034544013440609
0.4426914155483246
0.8573872447013855
0.41082221269607544
0.003559538396075368
0.01615343615412712
0.40244486927986145
0.0038734993431717157
0.0028256475925445557
0.00039249734254553914
0.001005191938020289
0.003023105673491955
0.0016444541979581118
0.003529193578287959
0.5248072147369385
0.0015605833614245057
0.12138118594884872
0.01151188462972641
0.15692082047462463
0.00042124136234633625
0.31606462597846985
0.4965275526046753
0.5286473035812378
0.17920799553394318
0.01320407260209322
0.007862992584705353
0.056351132690906525
1.5954760313034058
1.3880819082260132
1.690043568611145
1.6060725450515747
0.7683399319648743
0.791825532913208
1.06893789768219
0.9146394729614258
2.1384785175323486
1.5547116994857788
0.654002845287323
0.7124173641204834
0.0026714138220995665
0.12257923185825348
0.002250551013275981
0.0028996048495173454
0.5134148001670837
1.0711017847061157
1.809779167175293
2.111375093460083
1.5928093194961548
2.0869810581207275
0.9086799025535583
1.595134973526001
0.002217131434008479
0.012421462684869766
0.33271288871765137
1.1848007440567017
0.0008166281622834504
0.005739775951951742
1.9123520851135254
1.2426412105560303
0.000998791540041566
0.023036101832985878
0.5986375212669373
0.2670297622680664
1.0047239065170288
1.7763832807540894
0.3808262050151825
0.23723644018173218
0.39902108907699585
2.957289457321167
2.087930917739868
1.5357626676559448
1.279598355293274
1.5913136005401611
0.14964847266674042
0.023737406358122826
0.7147583365440369
1.2559419870376587
0.004647291265428066
0.0026118727400898933
0.003931117709726095
0.048338573426008224
0.00038850295823067427
0.018980886787176132
0.008763927035033703
0.34355562925338745
0.5870661735534668
1.6996979713439941
1.257775068283081
1.186535358428955
1.8786739110946655
1.7934305667877197
0.13133519887924194
0.043345190584659576
0.91167151927948
2.625413656234741
1.109971046447754
0.07644316554069519
0.29333755373954773
0.3937649130821228
1.9807236194610596
1.7734813690185547
2.1171395778656006
0.8554769158363342
2.4838688373565674
2.076918363571167
1.2853690385818481
0.7142998576164246
0.15147677063941956
0.1568954586982727
1.588791847229004
1.775652289390564
0.1017078384757042
0.21519418060779572
1.8298673629760742
1.4872664213180542
0.9767984747886658
0.4807899296283722
1.1960008144378662
0.31164050102233887
0.1625646948814392
0.4443858563899994
0.0007283989107236266
0.00603233277797699
2.729271411895752
3.568176746368408
0.001412922632880509
2.541276693344116
0.05127878859639168
0.08380593359470367
1.1616219282150269
1.2381893396377563
0.01925777643918991
2.826970100402832
0.20298154652118683
0.09679552912712097
0.0007722516893409193
0.5259493589401245
0.00046594167361035943
0.037438780069351196
0.00016891694394871593
0.017630957067012787
0.012710263952612877
0.685954749584198
1.6097408533096313
0.6428853869438171
2.9851632118225098
2.591559886932373
1.8739166259765625
3.379603624343872
2.059746742248535
1.1864207983016968
0.40647202730178833
2.5135581493377686
1.6901264190673828
1.6116985082626343
1.1803375482559204
2.293809652328491
0.1727943867444992
1.7757141590118408
1.6240854263305664
2.0140204429626465
0.1841912716627121
0.5084132552146912
0.4874357581138611
0.7071811556816101
0.7500518560409546
0.8359218835830688
0.2156156599521637
0.568585991859436
0.0015971772372722626
0.0020666823256760836
0.0009935841662809253
0.0006838975823484361
0.06729619204998016
0.050457701086997986
0.08997204154729843
0.04642896726727486
0.008548906072974205
0.0009755971841514111
0.0016946719260886312
0.27112820744514465
1.352256417274475
3.1230857372283936
0.4738035798072815
0.588766872882843
0.015344645828008652
0.004130564164370298
0.04810270294547081
0.0018566371873021126
0.0475640706717968
0.06698833405971527
0.025030331686139107
0.5735138654708862
0.0003424700698815286
0.003310076892375946
1.9214520454406738
1.8524221181869507
0.13571953773498535
1.979132890701294
0.11280873417854309
0.8024332523345947
1.0351048707962036
0.8190389275550842
0.9573176503181458
0.8744284510612488
1.642656683921814
0.3309098184108734
1.3459237813949585
0.15376777946949005
0.734707236289978
0.733485758304596
0.007048369385302067
0.04669109359383583
2.2390005588531494
1.8488398790359497
1.273842692375183
0.8668325543403625
0.0002902272972278297
2.378124952316284
1.8503799438476562
1.16582453250885
0.000272424949798733
2.513852119445801
1.9858791828155518
1.649139642715454
2.844066858291626
1.526042103767395
1.4718774557113647
1.3322036266326904
1.0787324905395508
1.570216178894043
0.0004156175418756902
0.024857547134160995
1.0533971786499023
1.4011157751083374
0.011512217111885548
0.0056133572943508625
1.2212225198745728
0.7757569551467896
0.00030759256333112717
0.5006736516952515
1.0369385480880737
1.953174114227295
0.06809253990650177
0.1602378636598587
1.452659010887146
0.6637963652610779
1.2691621780395508
1.3386085033416748
0.06395455449819565
0.344625860452652
1.5544697046279907
2.312899589538574
3.13997745513916
2.4195683002471924
1.4433292150497437
0.3905757963657379
1.804503083229065
1.8206671476364136
1.8580766916275024
1.8375176191329956
1.6405235528945923
2.814653158187866
1.787814974784851
1.7260223627090454
0.3009694516658783
1.2750802040100098
0.10336616635322571
0.14104287326335907
2.0975372791290283
1.6572046279907227
1.4219365119934082
1.6036938428878784
2.149660110473633
2.5856101512908936
1.7595343589782715
1.8076027631759644
0.007505776826292276
0.06781861186027527
2.415971040725708
2.9847118854522705
1.8256527185440063
1.5262371301651
0.044531192630529404
0.9175618290901184
0.3450202941894531
1.495005488395691
1.4594066143035889
1.477026104927063
0.00834357738494873
0.17957238852977753
0.16125062108039856
0.14242002367973328
0.0008774318266659975
0.008939795196056366
0.05638011172413826
0.0043375263921916485
0.0011009767185896635
0.010409405454993248
1.4658806324005127
2.0896778106689453
0.002631243085488677
0.339725524187088
0.5634291768074036
0.7787792682647705
0.010382424108684063
0.0332648865878582
0.00021061355073470622
0.2484484761953354
1.064603567123413
1.8459666967391968
1.8036794662475586
1.4785360097885132
0.553360641002655
1.6355475187301636
1.263594150543213
1.089689016342163
0.0012501117307692766
0.135634183883667
0.4675014317035675
0.3715270161628723
0.0027171901892870665
0.0682031661272049
0.2714690566062927
0.7233679294586182
1.4387918710708618
1.1769533157348633
0.08965807408094406
1.042603850364685
0.003236624179407954
0.02444365993142128
1.1138794422149658
1.3707985877990723
1.272412657737732
1.7990686893463135
1.5890650749206543
2.0330231189727783
0.019055796787142754
1.4624478816986084
0.0022066920064389706
0.002656737109646201
1.4375996589660645
0.11566856503486633
1.55966055393219
2.5363259315490723
2.0818212032318115
2.0677661895751953
0.8675004243850708
1.3974331617355347
1.2727642059326172
1.9624685049057007
0.28787702322006226
1.1895180940628052
0.8768167495727539
1.697750449180603
0.24895666539669037
0.055891551077365875
0.48762038350105286
1.6258440017700195
0.9278951287269592
1.829572319984436
2.5092897415161133
2.2842071056365967
0.0006421555881388485
2.330699920654297
0.08866860717535019
0.13469544053077698
1.413848876953125
1.7520359754562378
1.778031349182129
2.6386845111846924
0.16265375912189484
0.0019913134165108204
0.004727197345346212
0.03091271221637726
0.40158236026763916
0.7445153594017029
0.32064810395240784
1.3441709280014038
0.0010991492308676243
2.422138214111328
1.6893560886383057
2.209429979324341
0.9048810005187988
1.4646196365356445
0.14946392178535461
0.7197059988975525
0.010287291370332241
0.015745585784316063
0.003952900413423777
0.0038359190803021193
2.0264463424682617
0.5549049377441406
1.4053312540054321
0.8359565734863281
2.5205109119415283
2.479231595993042
2.9141347408294678
2.6217777729034424
1.6445080041885376
2.132152795791626
0.4460996985435486
0.547685444355011
0.015597064048051834
0.6463257074356079
0.045740094035863876
0.12592825293540955
0.008240949362516403
0.0031779080163687468
0.7059714198112488
0.26689526438713074
0.00038395868614315987
1.1214139461517334
0.8887015581130981
2.1130778789520264
3.72114634513855
3.3191397190093994
0.011075432412326336
0.008487713523209095
0.006303137168288231
1.07633638381958
1.5728251934051514
1.9803205728530884
0.9251012802124023
1.8362109661102295
1.8672608137130737
1.729646921157837
1.931943416595459
1.706112265586853
0.002351021161302924
0.012516232207417488
0.001779276179149747
0.002043462824076414
1.2795883417129517
0.05698998272418976
0.12997767329216003
1.6753103733062744
0.29118120670318604
0.22814564406871796
0.06908023357391357
2.3128037452697754
2.096691370010376
2.2468273639678955
1.317043662071228
1.651056170463562
1.7043938636779785
2.8556976318359375
0.5719181299209595
0.0905441865324974
0.8550857901573181
2.078666925430298
0.5680187940597534
0.17793093621730804
1.3669328689575195
0.508861243724823
0.7804242372512817
1.2824501991271973
1.2990437746047974
1.6738519668579102
1.5976946353912354
1.6690621376037598
1.5492923259735107
2.575190782546997
0.018546581268310547
0.0024774824269115925
1.1273051500320435
0.9493829607963562
1.1070486307144165
1.4550750255584717
0.4853663444519043
3.4272782802581787
0.5447914004325867
1.6881823539733887
0.0018054319079965353
0.008932841010391712
1.661198377609253
1.4920830726623535
0.0027088774368166924
0.003364457283169031
1.2058236598968506
2.528550624847412
0.5026381611824036
0.18984569609165192
1.2499637603759766
1.6853779554367065
2.386702060699463
3.2560231685638428
1.1537151336669922
2.034001111984253
1.6114050149917603
1.6649445295333862
1.683637261390686
2.2594146728515625
1.6764875650405884
1.7276922464370728
1.5397629737854004
1.6223690509796143
1.5690569877624512
2.405787944793701
0.000950618356000632
0.050757039338350296
0.987557590007782
1.368021011352539
0.3775717318058014
1.2921028137207031
0.009985621087253094
0.017550934106111526
0.026868930086493492
0.041098836809396744
0.0006107187364250422
0.0031593635212630033
1.7944955825805664
1.568817377090454
2.2261197566986084
2.1860218048095703
0.0016679143300279975
0.3095417022705078
0.1182224303483963
0.4612158238887787
2.4677512645721436
2.159637928009033
1.5300685167312622
0.6826674342155457
0.0012848252663388848
0.2466747760772705
0.012056487612426281
0.01767091639339924
1.5759613513946533
1.714974284172058
0.002172445645555854
0.0021267791744321585
0.017664853483438492
0.002520332345739007
0.0016245766310021281
0.024405650794506073
0.05917152389883995
0.20102868974208832
2.34161114692688
3.049931049346924
1.8494672775268555
1.926844835281372
0.9545892477035522
0.5306794047355652
1.7769649028778076
1.2180887460708618
1.6610521078109741
2.251260757446289
0.8641061186790466
0.7617284059524536
0.025556037202477455
0.0008036138024181128
0.0020011181477457285
0.326497346162796
1.2595701217651367
1.6868431568145752
0.02165113389492035
2.004608392715454
1.7728842496871948
1.2183955907821655
0.4072743356227875
0.48921364545822144
0.0003314404166303575
0.0042357235215604305
2.0559966564178467
1.7100473642349243
0.05421743169426918
0.8862762451171875
1.9185547828674316
1.3327490091323853
1.5569770336151123
1.11192786693573
0.00620649429038167
1.6995009183883667
0.053753167390823364
1.428687572479248
1.8858970403671265
1.852121114730835
0.8509921431541443
0.4317623972892761
2.073005199432373
0.09306041896343231
0.42081910371780396
0.6112284064292908
1.7502233982086182
1.7121528387069702
1.3221917152404785
1.1219793558120728
0.10164089500904083
0.22062717378139496
0.24104680120944977
0.047996699810028076
2.4137978553771973
2.4772112369537354
1.90557861328125
2.1810410022735596
0.0019255090737715364
0.004104592837393284
0.09495051205158234
0.9282754063606262
0.6132800579071045
1.8050345182418823
0.06811066716909409
0.6695215106010437
0.15168462693691254
0.005942585412412882
0.4806695282459259
0.03600580617785454
0.1854613721370697
0.5572677254676819
0.8329444527626038
1.542529821395874
0.3846089541912079
0.012362922541797161
1.6923071146011353
2.3013017177581787
0.2420138269662857
0.6726922392845154
0.0001727534254314378
0.025036007165908813
0.5247884392738342
0.47968775033950806
0.28703317046165466
0.3302867114543915
3.184790849685669
1.815047264099121
2.0479419231414795
4.202763080596924
0.3136514723300934
0.2694427967071533
0.31166577339172363
1.449329137802124
2.035695791244507
2.1075150966644287