-45.19066619873047
-46.423327684402466
-45.713058948516846
-45.16777980327606
-40.241992741823196
-41.26268830895424
-39.86456027626991
-39.326076447963715
-39.114709198474884
-40.207685589790344
-38.514876663684845
-37.96814686059952
-34.31227159500122
-35.82572588324547
-35.44214999675751
-34.522526919841766
-39.709251284599304
-40.07214367389679
-42.61074602603912
-43.13837593793869
-31.07493633031845
-31.42251819372177
-36.77663716673851
-37.599766582250595
-41.64427053928375
-42.77232098579407
-39.07031691074371
-38.0640589594841
-37.96968403458595
-39.25384011864662
-34.868324249982834
-33.38062497973442
-30.22190797328949
-30.27148887515068
-35.37684613466263
-36.97019982337952
-25.09330463409424
-25.598116368055344
-33.27196142077446
-34.621771574020386
-22.801356442272663
-24.819747000932693
-28.563152983784676
-27.751072220504284
-20.11603843420744
-22.39532820880413
-25.175844989717007
-24.310832783579826
-43.033589363098145
-43.76690196990967
-45.07010680437088
-43.78640240430832
-37.09757262468338
-37.6019606590271
-38.26577687263489
-36.906204640865326
-30.42035160213709
-31.221205912530422
-34.926317013800144
-33.95875436067581
-26.679949514567852
-27.968564189970493
-29.82885493338108
-28.81658773124218
-28.386730670928955
-29.396832704544067
-24.843088030815125
-23.769002556800842
-25.99961146712303
-26.576854944229126
-24.588320702314377
-24.54180744290352
-36.11078667640686
-37.07160010933876
-25.828687489032745
-24.53781169652939
-36.0907199382782
-37.87128034234047
-26.32724529504776
-24.643242090940475
-22.19080302119255
-23.382987320423126
-30.82253271341324
-29.93234473466873
-17.587870001792908
-18.912565648555756
-22.592017889022827
-21.62940740585327
-36.423653066158295
-35.84782725572586
-37.894287109375
-38.69401353597641
-31.97964084148407
-31.933164656162262
-34.93322357535362
-35.29013708233833
-33.84661390632391
-34.47550204396248
-32.22110964357853
-30.878179788589478
-31.760813921689987
-32.75646647810936
-29.51379480957985
-27.925057291984558
-35.17214208841324
-36.413359224796295
-23.59034776687622
-22.21669852733612
-33.24949327111244
-33.73931160569191
-20.866082429885864
-20.15770784020424
-42.328983426094055
-41.7905290722847
-44.37214583158493
-45.00563055276871
-41.22391325235367
-40.627433478832245
-41.07053145766258
-42.003717720508575
-37.48442515730858
-37.983246490359306
-29.283779211342335
-28.344884485006332
-33.50367783755064
-34.53950393199921
-24.589046098291874
-23.67999965697527
-28.863499462604523
-31.42047768831253
-33.82682991027832
-32.132966578006744
-28.716494381427765
-30.708924472332
-32.67755717039108
-31.25527250766754
-37.84183305501938
-38.476725339889526
-47.162324368953705
-46.469237208366394
-29.67699983716011
-29.569146752357483
-35.78026694059372
-35.650333881378174
-45.41412317752838
-42.12115454673767
-33.991631269454956
-37.942333936691284
-38.22944328188896
-35.616442531347275
-24.97967964410782
-27.820783853530884
-28.73122352361679
-29.286210358142853
-27.169054090976715
-25.649519562721252
-20.63214510679245
-21.83096069097519
-23.239620238542557
-21.25005802512169
-31.21939631551504
-31.88444237038493
-28.080373372882605
-26.25453995913267
-28.15913738310337
-28.78301778435707
-23.992771178483963
-22.478753104805946
-34.98437416553497
-34.42428231239319
-28.54969161748886
-27.27451992034912
-27.30777832865715
-27.765497773885727
-23.13920170068741
-21.358587741851807
-24.599854946136475
-26.95956403017044
-29.598616659641266
-28.94618195295334
-23.036983519792557
-25.62068048119545
-27.976969003677368
-27.504394471645355
-43.942210257053375
-44.83599704504013
-46.16162049770355
-45.33782970905304
-40.9413446187973
-42.30097624659538
-44.341622680425644
-43.182607382535934
-45.53952181339264
-45.12509447336197
-44.63248884677887
-44.90091687440872
-41.92140617966652
-40.59589132666588
-39.488013833761215
-40.83212187886238
-35.95662450790405
-37.19256407022476
-31.112707912921906
-30.345092952251434
-33.14077943563461
-33.81292101740837
-29.59390038251877
-28.922348976135254
-26.52422846853733
-27.72344046831131
-26.603251338005066
-26.65900957584381
-26.9306560754776
-27.852935314178467
-26.543877631425858
-27.146992802619934
-38.962488532066345
-38.548792362213135
-32.44428730010986
-31.74154484272003
-37.88866472244263
-37.59154748916626
-30.443807810544968
-30.056507021188736
-33.449757277965546
-31.15382719039917
-36.723485469818115
-38.63168966770172
-28.71756276488304
-26.855012625455856
-31.0782151222229
-32.158163487911224
-44.72838073968887
-45.229676842689514
-39.84182870388031
-39.85354036092758
-43.94186693429947
-43.351897329092026
-35.31045985221863
-35.015918374061584
-38.92403942346573
-39.34250557422638
-38.25841784477234
-38.174517810344696
-41.5412158370018
-41.80061599612236
-39.86223986744881
-40.19626608490944
-44.194528698921204
-43.42619329690933
-27.668134570121765
-28.903298497200012
-39.633840292692184
-38.77543666958809
-24.74680531024933
-26.24455437064171
-34.690857112407684
-36.881088852882385
-39.31784516572952
-38.0345698595047
-33.51829168200493
-35.113755732774734
-37.042984038591385
-35.65804520249367
-44.09814143180847
-44.462853848934174
-45.73777833580971
-47.49336016178131
-40.28615486621857
-40.779931396245956
-39.3902243077755
-41.09208357334137
-32.22665345668793
-34.44510108232498
-35.12288284301758
-34.35141497850418
-24.41269800066948
-26.577486485242844
-26.98565697669983
-27.01951003074646
-36.43426439166069
-36.84378457069397
-42.831074595451355
-43.76545721292496
-34.36608749628067
-34.92328569293022
-39.61822330951691
-41.24670723080635
-27.17044833302498
-28.10201695561409
-31.813189446926117
-31.337567806243896
-27.630724251270294
-28.655835926532745
-29.754747450351715
-29.369412451982498
-45.9878768324852
-45.65460431575775
-36.88537576794624
-36.73224285244942
-45.512742787599564
-45.1434431374073
-35.30909177660942
-35.60664513707161
-40.28867959976196
-37.71093672513962
-36.69454711675644
-38.309117674827576
-36.941975086927414
-33.82921829819679
-31.942228376865387
-34.93465340137482
-30.897487223148346
-29.50773447751999
-32.43668019771576
-31.706234365701675
-36.681039333343506
-37.55023831129074
-33.43563532829285
-32.64214903116226
-38.79356664419174
-39.13722860813141
-35.337971329689026
-34.56773054599762
-36.17028737068176
-37.60343414545059
-30.53863698244095
-30.65605366230011
-34.16987717151642
-35.45419138669968
-30.256908416748047
-30.339949816465378
-45.96698206663132
-45.83075678348541
-44.45874643325806
-44.46950548887253
-41.15492382645607
-41.963251918554306
-43.59430634975433
-43.062604367733
-28.819950468838215
-30.82474720478058
-38.21934628486633
-37.70514565706253
-28.780053220689297
-30.00396739691496
-34.48991847038269
-33.867088466882706
-30.140230774879456
-31.184079229831696
-27.189571768045425
-25.360006749629974
-26.722940981388092
-27.863692224025726
-23.39388805627823
-21.403168231248856
-39.22582787275314
-34.60072547197342
-23.890521466732025
-28.4294393658638
-33.932532250881195
-29.085526794195175
-23.553302437067032
-27.301008015871048
-41.2392338514328
-42.89378410577774
-42.63636636734009
-42.796727538108826
-32.72148397564888
-33.09535616636276
-33.20475226640701
-33.391170620918274
-30.22603977099061
-31.168219216167927
-35.87542935833335
-35.38838962838054
-21.53694149851799
-23.137109652161598
-29.900192335247993
-29.18682800233364
-46.297222912311554
-45.61800527572632
-40.51214838027954
-41.666463971138
-36.39620551466942
-34.885710656642914
-29.15452468395233
-30.751929968595505
-35.31768697500229
-35.384397983551025
-19.756847858428955
-19.981691300868988
-31.38021883368492
-30.9965737760067
-17.11489227414131
-16.877589166164398
-35.576256945729256
-36.22995748370886
-45.21725755929947
-45.39055913686752
-36.738914370536804
-36.64879396557808
-48.73731389641762
-48.836735129356384
-46.46463751792908
-46.89812994003296
-39.211819887161255
-38.28554594516754
-43.40603646636009
-43.57617673277855
-34.69830331206322
-34.13265547156334
-41.19679778814316
-42.977274894714355
-33.248197346925735
-34.91625174880028
-30.184992909431458
-31.06573623418808
-29.630127549171448
-27.547006130218506
-29.51846206188202
-29.7716127038002
-28.102044880390167
-26.360664129257202
-33.1154568195343
-32.08916562795639
-26.3750981092453
-25.913202702999115
-28.95167189836502
-27.992118448019028
-21.320953607559204
-20.74921378493309
-43.00572866201401
-43.33277666568756
-44.48691147565842
-44.62146431207657
-44.788055777549744
-45.868366569280624
-47.688494354486465
-47.266005873680115
-33.249172151088715
-36.41192138195038
-40.75300270318985
-38.64037674665451
-31.475321412086487
-33.01665398478508
-39.89205804467201
-38.41892930865288
-41.961022794246674
-43.30662542581558
-39.75127428770065
-39.557895600795746
-35.90346026420593
-36.59592226147652
-34.832860976457596
-34.70164477825165
-32.93446272611618
-32.92023175954819
-34.904954105615616
-34.09615668654442
-27.227740854024887
-27.051432996988297
-28.74737560749054
-27.758631944656372
-26.91649580001831
-30.431731283664703
-25.372099742293358
-23.294276997447014
-22.942561611533165
-27.140759840607643
-39.2544960975647
-37.999159932136536
-37.60672867298126
-38.81013476848602
-29.472136169672012
-27.687216728925705
-26.38033953309059
-27.798850893974304
-37.76816487312317
-37.7765998840332
-33.81354057788849
-34.67731103301048
-30.058368265628815
-28.04099988937378
-43.09664463996887
-42.23784822225571
-38.36297598481178
-37.18425393104553
-35.60480046272278
-37.370031386613846
-30.061389848589897
-31.36179017275572
-32.096262983977795
-30.860164061188698
-28.44848471879959
-29.870886266231537
-28.260703831911087
-27.34097568690777
-43.74557065963745
-43.39490503072739
-41.77452731132507
-42.03759241104126
-37.74773994088173
-38.09166118502617
-36.03208267688751
-35.88322427868843
-35.42944931983948
-37.13248950242996
-36.57545346021652
-36.95502644777298
-32.11179056763649
-33.54418548941612
-34.15829402208328
-34.16139820218086
-35.87193685770035
-35.43069112300873
-29.14168268442154
-28.42138171195984
-33.71821212768555
-33.44983124732971
-25.870559185743332
-25.135129988193512
-38.72766762971878
-37.66556257009506
-28.327794134616852
-28.314018070697784
-42.01470294594765
-40.78354290127754
-30.688134342432022
-30.330641627311707
-26.950464695692062
-24.400109440088272
-36.23192369937897
-40.85136669874191
-29.15481534600258
-26.28794726729393
-41.0000596344471
-45.51565507054329
-35.94728326797485
-36.54538834095001
-33.84016311168671
-33.28333604335785
-29.721832901239395
-30.74893632531166
-30.36688530445099
-30.10187119245529
-35.75139927864075
-35.67113208770752
-33.09919774532318
-32.91876983642578
-34.42891398072243
-34.000559866428375
-33.56331396102905
-34.26705726981163
-28.102708399295807
-29.712579160928726
-26.53121292591095
-27.94821587204933
-36.91298973560333
-37.71312040090561
-24.226365447044373
-27.007516264915466
-34.78393220901489
-32.50786072015762
-24.35549059510231
-27.583061516284943
-35.414063185453415
-33.09972524642944
-32.46699595451355
-32.55238699913025
-31.20659101009369
-30.6381117105484
-29.109539479017258
-29.012592524290085
-26.79761826992035
-26.453746616840363
-41.14822369813919
-41.420270681381226
-39.444501250982285
-39.240724354982376
-35.23036175966263
-36.0923268198967
-33.87552624940872
-33.48260219395161
-26.777721345424652
-28.819756150245667
-29.4197136759758
-26.96408724784851
-23.96694228053093
-24.457921862602234
-23.86223131418228
-22.094759047031403
-28.214330911636353
-29.730524599552155
-29.326226592063904
-28.031907439231873
-25.17572921514511
-24.808717399835587
-24.086090683937073
-24.471087396144867
-31.729306876659393
-33.31729483604431
-34.976056933403015
-35.13942062854767
-25.54141691327095
-27.657688707113266
-29.139807373285294
-29.3615565598011
-31.917313382029533
-34.70751095563173
-41.69970641285181
-40.87470004707575
-27.302799612283707
-29.686770498752594
-39.73969340324402
-38.87584909796715
-47.86257004737854
-46.95180366933346
-38.20695045590401
-37.79704661667347
-47.02779543399811
-46.46238872408867
-35.96392722427845
-35.88617615401745
-40.083969473838806
-41.83266067504883
-44.4163379073143
-43.053456008434296
-33.74548825621605
-35.39382353425026
-35.53734889626503
-34.269647270441055
-28.161539673805237
-31.370225191116333
-27.138567239046097
-24.06730690598488
-41.37352681159973
-41.99037826061249
-42.70654612779617
-42.241103172302246
-38.63290858268738
-39.2500559091568
-37.11244747042656
-36.54203921556473
-36.40243399143219
-35.3154131770134
-34.78347200155258
-33.95700407028198
-30.52087351679802
-30.23784363269806
-28.195955514907837
-26.679367512464523
-40.613098204135895
-41.14988350868225
-39.461450695991516
-38.699924767017365
-39.48817649483681
-40.189064264297485
-41.252887547016144
-40.147393971681595
-51.452564120292664
-51.369062304496765
-49.956164717674255
-49.320162653923035
-45.19776055216789
-44.94801086187363
-43.67145511507988
-43.44843056797981
-38.14708632230759
-37.866947054862976
-37.45861166715622
-37.20442008972168
-38.70713448524475
-37.837408155202866
-38.09731963276863
-38.027325958013535
-25.7816504240036
-27.910872042179108
-17.133922666311264
-19.284441739320755
-28.863975435495377
-29.66724181175232
-41.05237412452698
-41.15415441989899
-38.46474823355675
-37.944811940193176
-36.889540016651154
-37.7612130343914
-33.72925725579262
-32.91750958561897
-37.2462747618556
-37.82267186045647
-33.094368666410446
-31.937113523483276
-32.886906147003174
-33.421922631561756
-27.92100217938423
-26.850091814994812
-48.71915853023529
-45.83392083644867
-43.334137588739395
-40.78696829080582
-32.76715338230133
-32.9482119679451
-32.06336721777916
-32.03404602408409
-24.69433754682541
-23.00258618593216
-25.570814847946167
-27.481546938419342
-33.81835836172104
-33.84262174367905
-21.929157704114914
-24.354941815137863
-29.549020528793335
-29.49398425221443
-33.66060829162598
-34.079217195510864
-34.03860855102539
-33.064073979854584
-31.627400666475296
-33.39089858531952
-31.760790556669235
-30.147726476192474
-39.02054399251938
-38.84575581550598
-42.13431817293167
-42.56899136304855
-30.533051550388336
-29.891668498516083
-34.533650517463684
-36.2919525206089
-36.03628420829773
-37.25825434923172
-38.35898298025131
-37.2605402469635
-34.06645601987839
-36.08834418654442
-37.92246699333191
-35.91361057758331
-30.41794916987419
-30.03499585390091
-40.28220510482788
-41.14904338121414
-41.810651153326035
-41.15008920431137
-37.15628618001938
-38.28046888113022
-38.483718514442444
-37.89006248116493
-32.36826193332672
-32.14583367109299
-29.69164502620697
-29.887658268213272
-28.33291205763817
-27.827781856060028
-31.504107117652893
-33.65018951892853
-27.185347318649292
-26.650606274604797
-28.648258954286575
-30.360829025506973
-26.967596292495728
-26.547139137983322
-35.978471755981445
-37.43604272603989
-42.68079200387001
-42.56530460715294
-32.666477650403976
-33.95790249109268
-42.05584275722504
-41.766712099313736
-29.35036665201187
-28.99588704109192
-21.106528282165527
-21.25946319103241
-29.123847633600235
-27.447445929050446
-18.13179847598076
-19.631014347076416
-42.62685263156891
-43.98429173231125
-33.2164266705513
-33.27680432796478
-30.65049010515213
-30.83286663889885
-19.35052502155304
-23.239037573337555
-32.816164791584015
-32.565703094005585
-17.807796895503998
-20.533648401498795
-33.702972918748856
-33.73297572135925
-42.34848713874817
-42.062481105327606
-38.87150418758392
-39.007061421871185
-41.92050418257713
-40.61318787932396
-37.848253190517426
-39.022288739681244
-47.97342211008072
-48.03891968727112
-46.35847008228302
-45.58664345741272
-36.832063764333725
-36.791660606861115
-36.57296973466873
-35.78006571531296
-42.63941502571106
-38.614663898944855
-32.7696727514267
-36.39869558811188
-43.22175741195679
-39.26492974162102
-31.82836017012596
-35.52345269918442
-44.45869851112366
-45.6670526266098
-45.896014630794525
-46.10046178102493
-30.139272928237915
-31.695624224841595
-31.765307396650314
-32.75774097442627
-32.656401574611664
-33.49523568153381
-31.122050046920776
-30.107892632484436
-33.31262281537056
-34.216314047575
-30.721953362226486
-29.715297251939774
-30.034574270248413
-31.55280613899231
-25.12689244747162
-24.613053798675537
-27.475154757499695
-29.172221690416336
-25.01691907644272
-25.294952899217606
-28.98666602373123
-29.67237502336502
-30.45456373691559
-30.172087848186493
-26.96465030312538
-27.92574355006218
-27.047698855400085
-26.651702612638474
-39.52998888492584
-37.9733806848526
-36.5487340092659
-38.00870579481125
-36.88389164209366
-35.20803710818291
-34.95427626371384
-36.27267959713936
-18.39864844083786
-21.717263758182526
-15.469178915023804
-18.966499984264374
-27.779715418815613
-26.434270590543747
-34.112640738487244
-33.771625995635986
-33.00830817222595
-33.49055355787277
-30.784883618354797
-29.561952084302902
-27.248833894729614
-27.160754561424255
-46.4196075797081
-48.62474453449249
-49.90291327238083
-48.17221540212631
-39.27218979597092
-41.15668675303459
-42.463086783885956
-40.91736978292465
-44.877441346645355
-45.39190596342087
-50.670339822769165
-51.91935497522354
-41.69605714082718
-42.250880658626556
-49.68594002723694
-50.4941862821579
-44.79589635133743
-44.72237575054169
-45.052937388420105
-44.661789298057556
-41.815079629421234
-40.57598212361336
-38.89582687616348
-38.413798570632935
-32.65661305189133
-32.71505731344223
-35.21236217021942
-34.92994651198387
-25.786798983812332
-27.679641231894493
-31.266802072525024
-29.761316299438477
-21.531371265649796
-22.874905675649643
-26.44598215818405
-25.311056405305862
-26.009537145495415
-27.757116824388504
-32.33703553676605
-31.552933394908905
-23.087375909090042
-24.423494458198547
-30.530710697174072
-29.078470051288605
-28.226855516433716
-30.20784741640091
-24.94111257791519
-26.381314605474472
-25.877360582351685
-25.18365380167961
-19.430429756641388
-22.37206095457077
-17.214075654745102
-20.316692739725113
-26.447479002177715
-29.01542343944311
-30.673876233398914
-29.62103496491909
-23.425134927034378
-26.10097087919712
-26.454416900873184
-25.264457508921623
-28.534224465489388
-26.60134893655777
-32.43347245454788
-36.06260395050049
-29.497711062431335
-26.900511503219604
-34.26732712984085
-38.134252846241
-40.568486392498016
-41.10482633113861
-38.62849199771881
-38.765932619571686
-33.31933405995369
-34.47639784216881
-32.80968391895294
-32.59408465027809
-39.193085849285126
-38.269584476947784
-34.63187658786774
-33.474241614341736
-39.03160774707794
-35.63056766986847
-28.904887676239014
-30.819100737571716
-38.54686650633812
-34.24494215846062
-26.385367691516876
-29.612130165100098
-39.03508085012436
-38.627381920814514
-36.92064452171326
-37.1240029335022
-33.79907476902008
-34.38337516784668
-32.421053647994995
-32.144177466630936
-40.155318200588226
-40.57072764635086
-43.82203942537308
-44.19616901874542
-35.017605155706406
-36.03966438770294
-41.00550815463066
-40.78794568777084
-30.19392204284668
-32.95597457885742
-34.17721492052078
-32.708725452423096
-25.15261009335518
-28.800806373357773
-32.957166731357574
-30.686075001955032
-32.40529507398605
-31.620070576667786
-31.134652465581894
-30.6526800096035
-39.188799142837524
-39.25527614355087
-40.037740767002106
-40.33849412202835
-31.715179204940796
-33.14357382059097
-41.750196635723114
-41.257544219493866
-42.59805142879486
-42.23378574848175
-37.19120863080025
-36.62037613987923
-33.248411387205124
-32.93764218688011
-29.521922647953033
-30.27174425125122
-29.52003014087677
-30.23130112886429
-26.182080566883087
-26.300289571285248
-28.335324585437775
-29.512923270463943
-46.728541389107704
-45.86554220318794
-43.432597786188126
-43.911764055490494
-41.56150484085083
-40.1053863465786
-38.79348340630531
-40.393911093473434
-30.633161395788193
-29.366928428411484
-24.998672515153885
-27.739907562732697
-26.410742312669754
-24.386476904153824
-49.84063541889191
-49.72097700834274
-44.049267023801804
-43.559283167123795
-41.814565390348434
-41.502820551395416
-36.291782557964325
-35.812635615468025
-29.924299359321594
-32.319888949394226
-39.601459205150604
-38.56018441915512
-30.450554072856903
-33.25668355822563
-39.581700176000595
-37.43889865279198
-19.074076503515244
-18.493582993745804
-20.920856177806854
-22.207833290100098
-21.022915542125702
-22.603039503097534
-18.706373244524002
-19.176121175289154
-18.35114485025406
-20.10859751701355
-28.205326355993748
-30.792923629283905
-31.63578650355339
-30.738902732729912
-21.89478100836277
-23.37329652905464
-26.268642723560333
-25.588586047291756
-27.18454346060753
-27.64436024427414
-34.836791813373566
-36.507564425468445
-29.472711384296417
-30.510733783245087
-38.39095410704613
-39.82939723134041
-37.10572725534439
-35.520603716373444
-34.78157123923302
-32.39574560523033
-32.023101419210434
-34.64650100469589
-43.41011354327202
-44.586204797029495
-55.39360523223877
-55.95730143785477
-42.25577935576439
-43.1200952231884
-53.95357984304428
-54.415904343128204
-32.984261095523834
-32.840449929237366
-30.64192509651184
-30.22898668050766
-27.79834336042404
-27.43569564819336
-25.264949142932892
-25.485761255025864
-38.52571678161621
-40.2577178478241
-33.092145800590515
-31.94945067167282
-36.65897652506828
-38.30957809090614
-32.990110009908676
-32.41838437318802
-29.96089816093445
-31.618415117263794
-32.870690524578094
-31.621639370918274
-28.130317360162735
-29.47354829311371
-29.26324862241745
-28.410576164722443
-38.6316938996315
-39.8013990521431
-36.805515229701996
-35.16021537780762
-36.924691557884216
-38.56100645661354
-34.411813735961914
-32.7862574160099
-35.41860246658325
-37.619696855545044
-33.79038667678833
-32.47439619898796
-33.61727488040924
-35.381446212530136
-33.98130813241005
-33.086573123931885
-42.89605337381363
-43.86903801560402
-49.70036053657532
-48.34663808345795
-38.055378049612045
-38.937216848134995
-39.493252009153366
-38.72636836767197
-45.483723402023315
-45.94558447599411
-38.26932117342949
-37.660054579377174
-47.31467065215111
-48.26038080453873
-36.81158700585365
-36.39526982605457
-42.60476553440094
-44.17790377140045
-37.50067466497421
-36.24694788455963
-40.68094852566719
-42.893064856529236
-39.70275020599365
-37.28478851914406
-50.271958231925964
-51.83925420045853
-43.72643756866455
-42.215018570423126
-43.59521895647049
-45.75972530245781
-36.5486456155777
-34.73072999715805
-41.88613724708557
-42.4010751247406
-38.19469344615936
-37.60364347696304
-41.22016882896423
-41.38748240470886
-35.67790284752846
-35.41950237751007
-35.87813365459442
-34.84446442127228
-31.826366007328033
-30.663858592510223
-31.271964490413666
-30.6950506567955
-29.354910492897034
-28.636203974485397
-37.32410096377134
-38.31752813607454
-35.76399186253548
-34.909447487443686
-31.814197689294815
-33.10161681473255
-33.3962023332715
-32.45963566750288
-25.627615809440613
-27.45290893316269
-32.441434383392334
-32.75673860311508
-22.056621253490448
-22.059170454740524
-29.42988681793213
-31.563779413700104
-40.97506898641586
-41.45967161655426
-40.929419100284576
-41.968277871608734
-37.14948880672455
-34.657990515232086
-37.770259380340576
-41.27437210083008
-28.746161252260208
-26.608888804912567
-35.846074759960175
-39.86324602365494
-39.173330426216125
-39.382346630096436
-32.84310656785965
-32.35339504480362
-39.413905560970306
-38.8576337993145
-28.251139372587204
-29.564952701330185
-24.001907408237457
-26.11739891767502
-31.16805136203766
-30.764592111110687
-22.056963860988617
-24.979831904172897
-26.27373296022415
-25.83574417233467
-44.42777073383331
-44.407763957977295
-42.5188627243042
-41.52321809530258
-39.220585614442825
-39.81916329264641
-38.58527511358261
-37.590806514024734
-29.600439608097076
-30.93895649909973
-22.561660170555115
-22.12004041671753
-25.90648326277733
-26.603609949350357
-20.959462851285934
-20.867192536592484
-35.38382553681731
-36.46772204712033
-31.528038911521435
-30.234380528330803
-29.407470114529133
-30.869059465825558
-28.229677140712738
-26.37656845897436
-23.5218106508255
-24.00655746459961
-29.833058714866638
-30.851913392543793
-22.117764174938202
-23.464540719985962
-29.671997278928757
-30.29923126101494
-34.700889110565186
-36.26227110624313
-37.50439167022705
-37.63567781448364
-28.323296040296555
-28.369155198335648
-32.71745786070824
-33.636537462472916
-49.77833738923073
-48.90688827633858
-51.52972790598869
-53.05958425998688
-43.50437581539154
-42.894887775182724
-46.29840129613876
-47.189854204654694
-32.05828183889389
-31.455945134162903
-27.480591297149658
-29.030842006206512
-28.111765563488007
-27.890560060739517
-27.309302181005478
-27.92343783378601
-39.94691562652588
-38.26386517286301
-35.034278243780136
-33.89193066954613
-48.247720181941986
-48.33912032842636
-39.03847596049309
-39.117178827524185
-44.16024523973465
-44.454546481370926
-34.70908299088478
-34.60462525486946
-26.23636707663536
-26.528932631015778
-30.44444251060486
-30.313650965690613
-25.168440341949463
-25.699319183826447
-25.46959289908409
-25.295404821634293
-24.43331967294216
-27.126613587141037
-25.57121506333351
-28.03299170732498
-34.29807448387146
-33.12642678618431
-32.9971786737442
-33.662620544433594
-22.938167572021484
-23.46920719742775
-33.421499371528625
-34.61544770002365
-40.33937746286392
-39.884879887104034
-40.313167691230774
-39.67714083194733
-40.180455178022385
-38.75048780441284
-36.806242406368256
-36.51208534836769
-48.4116113781929
-48.066928029060364
-47.09706652164459
-46.98129606246948
-43.30347442626953
-43.24023374915123
-41.1952446103096
-41.06726795434952
-35.679704546928406
-37.053665459156036
-42.294268012046814
-41.39064174890518
-31.46554669737816
-33.409102112054825
-38.32312074303627
-36.8631751537323
-47.48011100292206
-47.50611162185669
-39.35217559337616
-39.24189507961273
-40.305376440286636
-41.1270309984684
-28.041178077459335
-27.713246911764145
-49.88738065958023
-49.362404108047485
-41.572126269340515
-41.76270055770874
-45.901279389858246
-45.460500329732895
-38.79607489705086
-38.71835643053055
-32.463470339775085
-33.23193442821503
-38.01789689064026
-36.552602648735046
-36.13268953561783
-37.76223477721214
-36.62185403704643
-34.960610300302505
-36.105294704437256
-35.857211112976074
-38.77934789657593
-39.338059186935425
-31.83929279446602
-32.594784408807755
-29.99401104450226
-29.495567113161087
-42.12512266635895
-42.573370695114136
-37.43213760852814
-37.94926577806473
-31.85516920685768
-31.674779027700424
-42.30551940202713
-43.01251572370529
-44.26560038328171
-44.28608059883118
-36.214024037122726
-36.89652496576309
-33.31647151708603
-33.774086862802505
-36.76156836748123
-36.11604171991348
-29.49005016684532
-28.861286520957947
-37.79097583889961
-37.417288810014725
-28.15914210677147
-27.73044577240944
-29.933882668614388
-31.11740431189537
-30.867164075374603
-30.17956829071045
-26.79923939704895
-28.160262554883957
-26.0495707988739
-26.118325144052505
-31.257896661758423
-31.644801199436188
-34.72258400917053
-33.41150563955307
-29.660100162029266
-31.178251951932907
-32.791177183389664
-31.03553533554077
-49.1133998632431
-50.07127171754837
-51.08488172292709
-51.77225965261459
-39.0681177675724
-40.295378655195236
-42.76553663611412
-43.53262656927109
-27.155614495277405
-25.17806977033615
-32.71644175052643
-37.20318919420242
-25.641980707645416
-23.616461038589478
-31.242547124624252
-35.879998832941055
-35.14250212907791
-35.164852164685726
-28.788669668138027
-27.963322930037975
-34.048125103116035
-34.120192527770996
-26.116328850388527
-25.532363802194595
-24.626671493053436
-27.113419830799103
-18.56019565463066
-20.90051892399788
-32.166398108005524
-30.610864400863647
-34.24805819988251
-37.714738726615906
-28.28791618347168
-26.964847207069397
-33.00167962908745
-36.663795083761215
-30.99921464920044
-33.066422164440155
-36.04882448911667
-34.84386104345322
-26.01573956012726
-27.282145261764526
-27.28297671675682
-26.294789671897888
-45.36890918016434
-41.53598886728287
-27.39846009016037
-30.988195419311523
-43.94869324564934
-39.85403844714165
-26.53450220823288
-30.64789444208145
-33.53885442018509
-35.67765951156616
-34.68719720840454
-35.63740956783295
-28.768845587968826
-26.615970611572266
-27.306103885173798
-28.286195993423462
-35.013795614242554
-35.17732495069504
-16.69472086429596
-18.52606698870659
-30.290344893932343
-31.174010276794434
-25.12015673518181
-24.018035352230072
-37.75118172168732
-37.73440074920654
-28.803336083889008
-29.24186146259308
-37.23965406417847
-37.17035558819771
-30.944886088371277
-31.428412556648254
-42.34064608812332
-42.95767319202423
-40.633105635643005
-39.97605174779892
-38.608658611774445
-39.36349403858185
-38.814384043216705
-38.09168207645416
-44.66270822286606
-41.23991882801056
-41.952339828014374
-45.194003224372864
-40.65088561177254
-37.11299514770508
-41.447569757699966
-45.6771097779274
-50.914255261421204
-49.89104866981506
-44.459843188524246
-44.833955466747284
-48.93197458982468
-48.35212853550911
-40.88986587524414
-41.533968940377235
-24.291551500558853
-24.63686390966177
-37.03495046496391
-37.65392941236496
-20.724875897169113
-21.591648645699024
-30.133792370557785
-30.53408670425415
-45.30317407846451
-46.107299506664276
-35.963966608047485
-35.25576215982437
-44.65941172838211
-45.21161672472954
-34.92162725329399
-34.70450958609581
-32.22385346889496
-33.10417944192886
-35.31149685382843
-33.55147260427475
-33.93883994221687
-35.19663953781128
-32.947292268276215
-31.084960520267487
-23.5961332321167
-26.308851063251495
-23.122128427028656
-26.047194480895996
-29.081781566143036
-30.572575330734253
-33.87260329723358
-33.6171498298645
-27.214046627283096
-28.386733293533325
-32.29125168919563
-32.24378550052643
-40.41101908683777
-39.36894071102142
-37.98360562324524
-39.167330384254456
-33.52458107471466
-33.31006771326065
-35.89822864532471
-37.14469784498215
-37.7031027674675
-37.777895510196686
-36.239196717739105
-34.77980977296829
-39.11502739787102
-40.823018342256546
-36.801977068185806
-34.89265504479408
-50.03738495707512
-49.38884770870209
-45.81454619765282
-45.15910366177559
-44.39486441016197
-43.06509280204773
-40.202124416828156
-40.080175548791885
-34.93928647041321
-34.5221266746521
-25.44963961839676
-28.311763733625412
-33.02223843336105
-32.22579878568649
-33.3356813788414
-34.65012103319168
-30.466474503278732
-31.28369304537773
-24.672219961881638
-22.39598700404167
-40.00415441021323
-41.01410501822829
-34.62124125659466
-33.882907561957836
-35.25934711843729
-36.615705244243145
-23.153107061982155
-21.912227779626846
-29.42591279745102
-30.09111136198044
-36.222339391708374
-36.539509296417236
-23.788206845521927
-24.173719190061092
-34.97746044397354
-34.997899264097214
-46.544337928295135
-45.56898730993271
-39.625706762075424
-39.729893147945404
-42.264915108680725
-41.97493740916252
-37.18751862645149
-37.1431348323822
-29.009461581707
-28.497536599636078
-29.500078201293945
-29.254290878772736
-26.125819325447083
-26.16003918647766
-27.135147273540497
-29.64129877090454
-30.595046013593674
-28.590515315532684
-35.21521043777466
-35.556482911109924
-36.40267726778984
-34.41494229435921
-28.032765746116638
-28.570063799619675
-32.89899206161499
-32.960656344890594
-35.525275468826294
-36.95706486701965
-30.13240060210228
-29.13941517472267
-32.76999297738075
-34.704993814229965
-45.5655637383461
-45.426015973091125
-45.77866196632385
-46.436053812503815
-41.469819754362106
-41.834170430898666
-43.756871193647385
-43.70394551753998
-35.803531900048256
-38.15698176622391
-41.192994117736816
-39.969796776771545
-32.7483948469162
-34.684447795152664
-38.542781352996826
-37.07461905479431
-52.831748366355896
-50.7376469373703
-45.53457546234131
-45.728905379772186
-45.94317075610161
-45.03880003094673
-38.23141601681709
-38.38890963792801
-32.846718192100525
-33.73209846019745
-37.06514894962311
-35.435654044151306
-33.38520860671997
-34.8031522333622
-36.30626294016838
-34.39602753520012
-45.993258118629456
-46.249017894268036
-42.07289880514145
-42.0795863866806
-41.32645496726036
-41.355157017707825
-31.811238706111908
-32.46185949444771
-21.836567282676697
-20.35190522670746
-19.1288723051548
-18.49034893512726
-31.463604122400284
-31.315216422080994
-35.05471044778824
-36.18325221538544
-26.785971492528915
-26.744069635868073
-32.31886473298073
-34.1515012383461
-30.004350900650024
-27.901532024145126
-30.409114748239517
-28.53484496474266
-22.849650740623474
-24.651117503643036
-29.239052295684814
-29.45294499397278
-40.72582846879959
-42.254964768886566
-45.99669289588928
-44.86527109146118
-36.46733444929123
-37.56053018569946
-40.17468452453613
-39.20741209387779
-31.560429334640503
-30.908596336841583
-28.751786947250366
-28.44457072019577
-24.654365926980972
-23.961316287517548
-23.86783230304718
-24.035467982292175
-21.634362399578094
-23.52946373820305
-32.39865490794182
-32.3299645781517
-34.050974786281586
-36.332158625125885
-45.999851286411285
-41.96656921505928
-33.572844594717026
-36.52991518378258
-30.659798227250576
-31.916516430675983
-34.76699114590883
-33.34662261605263
-30.208047457039356
-31.846861213445663
-32.697578221559525
-31.243528246879578
-47.59908562898636
-47.369104862213135
-43.38609862327576
-43.51302933692932
-49.48005810379982
-49.731766045093536
-41.791134387254715
-41.79494547843933
-42.08835691213608
-43.11005753278732
-46.58913975954056
-45.16911029815674
-39.759846568107605
-41.58073544502258
-44.114467442035675
-42.30574685335159
-16.780643612146378
-19.66375443339348
-44.5141898393631
-41.289740681648254
-39.401689410209656
-43.28943866491318
-36.44170743227005
-31.94852164387703
-33.522860646247864
-38.127966701984406
-30.793950080871582
-31.46709430217743
-26.534731775522232
-27.31571713089943
-26.392258882522583
-25.449862271547318
-50.33207184076309
-49.46804732084274
-45.369148790836334
-46.37979507446289
-48.72271776199341
-47.604516953229904
-43.87335607409477
-44.79852342605591
-39.31811702251434
-39.43055963516235
-44.43298923969269
-45.332268714904785
-37.663707226514816
-38.28583073616028
-43.14423447847366
-43.7797235250473
-21.102341949939728
-21.626300286501646
-26.126380659639835
-25.187587343156338
-21.467695020139217
-22.383411779999733
-22.081529580056667
-21.85349950939417
-45.86077582836151
-46.28143137693405
-46.642451763153076
-46.049466013908386
-42.761169761419296
-43.345141649246216
-41.62761464715004
-41.2386971116066
-39.3742111325264
-35.705250918865204
-34.69031232595444
-36.806384682655334
-40.925320357084274
-36.322162330150604
-29.64074206352234
-32.235285460948944
-37.52816665545106
-37.941480550915
-34.45892543718219
-33.98909266665578
-33.716645676642656
-35.64290025830269
-32.91039354354143
-31.22510152310133
-30.798853814601898
-31.905162155628204
-25.44467529654503
-27.185121685266495
-34.6906341612339
-37.13700306415558
-25.08836853504181
-26.043302178382874
-20.639056503772736
-21.366091012954712
-37.26742738485336
-38.805686950683594
-42.997151613235474
-42.50464516878128
-33.774850249290466
-35.182985842227936
-41.42164281010628
-40.37506142258644
-31.55589072033763
-31.2868612408638
-30.105191841721535
-28.794094644486904
-30.944788493216038
-31.258937444537878
-29.180901065468788
-28.340451128780842
-46.941070675849915
-47.01263600587845
-43.59924829006195
-43.44725823402405
-43.651462495326996
-44.39294591546059
-41.9087889790535
-40.91528791189194
-28.90047812461853
-29.62619376182556
-21.852987438440323
-23.303450018167496
-39.85932046175003
-41.7994344830513
-36.77123725414276
-35.39611127972603
-36.31823992729187
-37.656212508678436
-33.50836193561554
-32.83327215909958
-24.67838364839554
-26.429987013339996
-27.75752741098404
-28.030178368091583
-20.91466298699379
-22.61662718653679
-37.4921764805913
-38.73342001438141
-36.9464678876102
-36.022206995636225
-31.60662394016981
-33.00193312764168
-30.51909115538001
-29.58736053854227
-32.43547213077545
-30.524868965148926
-33.5078743994236
-31.48105677962303
-31.86264407634735
-33.46455675363541
-38.71223896741867
-39.66556894779205
-27.537611484527588
-29.18306228518486
-35.59176903963089
-36.7384914457798
-38.25167214870453
-37.719753324985504
-29.076979279518127
-31.641981422901154
-38.94567796587944
-38.00740569829941
-37.516166388988495
-36.90920287370682
-34.3060142993927
-32.25417912006378
-23.678147315979004
-24.077066481113434
-28.67423152923584
-30.883982956409454
-31.95855361223221
-32.172886192798615
-25.24007961153984
-26.346526980400085
-27.107543885707855
-27.91798061132431
-39.82916311919689
-39.37219698727131
-37.57218477129936
-37.68141210079193
-34.75943850725889
-34.79818730801344
-32.95368728786707
-33.14128961414099
-32.31054037809372
-35.79081600904465
-35.726136326789856
-32.38598483800888
-30.535426944494247
-33.95627000927925
-30.321502447128296
-31.51619601249695
-30.075972259044647
-30.164986461400986
-32.966318875551224
-34.13518652319908
-40.178755700588226
-40.44420748949051
-38.29501289129257
-38.738796293735504
-34.16115751862526
-33.841497123241425
-38.65879786014557
-35.032265424728394
-34.83357781171799
-36.50998651981354
-35.91134309768677
-32.361899107694626
-31.33336666226387
-33.226210832595825
-21.17020933330059
-22.946871161460876
-18.66013404726982
-20.54121407866478
-24.55746638774872
-22.9542718231678
-48.33707904815674
-48.15809091925621
-36.590655863285065
-36.09658005833626
-45.44323316216469
-45.677050322294235
-31.588323026895523
-32.075682789087296
-26.840063124895096
-25.164015114307404
-23.129834443330765
-21.08581033349037
-40.76959776878357
-39.71836614608765
-35.406798124313354
-36.70031988620758
-39.470292925834656
-37.76268205046654
-31.998674869537354
-33.37600600719452
-27.33339823782444
-28.728115908801556
-32.60003823786974
-30.653343066573143
-28.826605021953583
-30.500335216522217
-32.47125519812107
-30.93860912322998
-30.60049158334732
-30.52678155899048
-25.034030109643936
-25.46139845252037
-42.85650385916233
-43.83435672521591
-36.86064113676548
-35.403727039694786
-41.40710462629795
-42.2349942997098
-36.09835263341665
-35.07631006836891
-32.99816071987152
-34.81245940923691
-30.800874888896942
-30.477217495441437
-29.412855863571167
-31.18890193104744
-29.450391709804535
-28.27946373820305
-29.377619691193104
-30.923655442893505
-32.7511445581913
-31.759420789778233
-25.328606963157654
-27.428795024752617
-30.582505598664284
-29.482076704502106
-38.12004864215851
-39.88749098777771
-41.908203303813934
-40.84574431180954
-37.365369379520416
-39.81927168369293
-42.92298886179924
-41.09919688105583
-34.06148409843445
-34.80612200498581
-35.26373293995857
-35.21169140934944
-31.924138218164444
-30.768684029579163
-39.971343129873276
-36.69718524813652
-29.044361650943756
-31.464735984802246
-33.13837689161301
-32.88075006008148
-37.406252562999725
-36.82725012302399
-26.698104977607727
-25.94250923395157
-25.729888319969177
-25.205589175224304
-36.25555843114853
-37.12108564376831
-30.343518793582916
-28.96601688861847
-31.8745037317276
-32.36759740114212
-25.253652691841125
-23.59487321972847
-25.48528951406479
-26.56388494372368
-25.894046396017075
-25.393818885087967
-32.18382841348648
-32.98473083972931
-22.89439332485199
-23.527452409267426
-26.725904136896133
-27.41123077273369
-19.20933547616005
-20.0557259619236
-46.141337394714355
-46.95066499710083
-45.145916640758514
-44.3450266122818
-40.00079131126404
-41.18974485993385
-39.19508743286133
-38.23847505450249
-49.78731280565262
-49.44663816690445
-43.462532460689545
-42.65189653635025
-43.233988016843796
-42.406975865364075
-35.86531686782837
-35.5245817899704
-38.77765566110611
-39.43654239177704
-40.246754348278046
-39.62778729200363
-34.54613959789276
-35.92685970664024
-37.137660562992096
-36.00782707333565
-35.310799058526754
-35.60098074376583
-31.11743376404047
-30.45095255225897
-30.369536448270082
-31.242735601961613
-28.544384066015482
-27.971537478268147
-49.654331505298615
-47.306703329086304
-41.72394770383835
-41.97160029411316
-42.76721876859665
-41.14133417606354
-36.301304548978806
-36.49154090881348
-45.562875509262085
-46.663476407527924
-47.49134570360184
-46.552926898002625
-43.15791419148445
-45.05947861075401
-46.65360176563263
-44.877766370773315
-34.769639760255814
-35.456497833132744
-29.8852461874485
-29.025946021080017
-31.037313252687454
-31.991095066070557
-26.389248073101044
-25.140531107783318
-36.7356339097023
-35.68250870704651
-33.98635786771774
-35.3848979473114
-36.84104177355766
-34.93274360895157
-35.13442289829254
-37.2956537604332
-53.1331188082695
-52.9247727394104
-50.95980530977249
-51.30508178472519
-46.68441730737686
-46.955008924007416
-44.3500899374485
-44.91012358665466
-56.00928831100464
-55.57285296916962
-50.029676020145416
-50.077861189842224
-55.04265853762627
-54.78803491592407
-50.52350169420242
-50.68332698941231
-23.89134305715561
-26.07071202993393
-20.532633513212204
-22.989507168531418
-21.132480949163437
-20.507279932498932
-38.66958427429199
-38.65852904319763
-30.64499545097351
-31.62246236205101
-35.31582689285278
-35.38907968997955
-36.2783597111702
-35.515076994895935
-34.26467642188072
-34.63176181912422
-35.91575074195862
-35.351171404123306
-34.911332964897156
-35.86054664850235
-28.11819225549698
-26.637761414051056
-28.195830047130585
-28.424733728170395
-20.930286794900894
-20.97178253531456
-44.50323539972305
-43.720626056194305
-29.67976987361908
-30.78401404619217
-35.680990397930145
-35.46099662780762
-29.50537270307541
-30.10955587029457
-42.793198466300964
-42.27402848005295
-42.14973270893097
-42.411378502845764
-42.448905140161514
-43.049264043569565
-42.15161752700806
-41.38584291934967
-36.53025406599045
-36.57313406467438
-31.899143040180206
-31.762259274721146
-47.57723319530487
-48.01512658596039
-39.75645852088928
-39.298346757888794
-45.774989902973175
-45.915479481220245
-35.273890912532806
-34.70884692668915
-28.029280841350555
-28.55362695455551
-21.920529663562775
-22.821126401424408
-25.624949783086777
-26.57894790172577
-22.8093701004982
-23.348995476961136
-39.04985582828522
-40.212716817855835
-34.78236222267151
-32.828190207481384
-36.419459760189056
-38.62296837568283
-29.975859105587006
-28.145007491111755
-43.92170876264572
-40.43188261985779
-43.23444876074791
-39.37259700894356
-36.45604109764099
-40.24932500720024
-52.42740726470947
-51.65392118692398
-44.2610544860363
-44.16515350341797
-45.54757767915726
-44.553969740867615
-36.515847101807594
-36.22260394692421
-32.54053542762995
-33.033960208296776
-32.98585779964924
-32.070069432258606
-32.59407131373882
-32.984168872237206
-29.01687890291214
-28.40889321267605
-22.263690918684006
-24.470486983656883
-17.945869266986847
-20.60884729027748
-36.87184691429138
-37.411452651023865
-36.36742502450943
-35.03221046924591
-32.190416276454926
-34.07227313518524
-33.564770460128784
-31.74825429916382
-35.47096133232117
-37.020683109760284
-42.41351592540741
-41.01789206266403
-29.54717192053795
-32.200805217027664
-36.93060228228569
-35.0045790374279
-33.77917221933603
-32.446441531181335
-22.744176998734474
-25.272572457790375
-31.543525114655495
-30.056682273745537
-34.05906790494919
-34.379197001457214
-27.58140218257904
-27.762799859046936
-31.081848204135895
-31.14803171157837
-23.87020441889763
-23.87329211831093
-26.02662831544876
-27.0947425365448
-27.81696966290474
-29.020936012268066
-28.770609825849533
-28.24159660935402
-41.03426855802536
-41.17157185077667
-41.77730733156204
-42.95453280210495
-36.999098509550095
-37.43783837556839
-36.607103914022446
-37.510791420936584
-38.360885977745056
-37.57777416706085
-35.98433977365494
-35.40141224861145
-34.02632358670235
-33.22330302000046
-29.31723317503929
-28.130730509757996
-34.86400121450424
-35.786957174539566
-35.26030832529068
-33.92213034629822
-24.250604063272476
-22.631969302892685
-31.929154455661774
-31.362008154392242
-28.664606273174286
-28.448115170001984
-26.89012199640274
-27.011120200157166
-25.038824558258057
-24.693668454885483
-38.85486847162247
-39.13102978467941
-38.011775463819504
-37.92560124397278
-28.520302444696426
-29.387956351041794
-47.319595485925674
-47.29674285650253
-42.201364666223526
-41.86386513710022
-43.542525231838226
-43.92516556382179
-38.45107260346413
-38.03842771053314
-31.06867867708206
-31.494379103183746
-31.990584582090378
-32.595274329185486
-31.894240736961365
-29.72346407175064
-25.339713215827942
-25.294295847415924
-26.022608071565628
-24.34261879324913
-20.471942454576492
-20.597710877656937
-33.222084760665894
-34.09761643409729
-28.902811765670776
-29.38604900240898
-32.60038271546364
-32.4672846198082
-39.2588284611702
-35.160478353500366
-37.629349529743195
-42.43417036533356
-36.4552558362484
-41.256579488515854
-27.784282118082047
-30.033631324768066
-37.34245418012142
-36.56887710094452
-30.792520850896835
-33.40130603313446
-41.04845607280731
-39.309649631381035
-36.80882292985916
-37.675684571266174
-43.54094707965851
-42.959309101104736
-32.91591265797615
-33.239566177129745
-37.709515273571014
-37.249567568302155
-31.544590175151825
-30.63952523469925
-24.72142380475998
-24.810795485973358
-29.929790422320366
-31.382895067334175
-32.29824946820736
-31.786489836871624
-29.03022250533104
-30.688156828284264
-30.831287160515785
-29.833914533257484
-36.55906701087952
-37.8505454659462
-22.983668491244316
-23.097209826111794
-21.555452581495047
-23.17188036814332
-40.036443680524826
-40.5181280747056
-40.2997612208128
-40.09631185978651
-35.54939395189285
-36.133105993270874
-36.10436160862446
-35.83588655292988
-47.84001225233078
-46.657847464084625
-44.35568028688431
-43.57427316904068
-41.32944658398628
-40.46976074576378
-38.72580036520958
-38.072205722332
-32.32814174890518
-32.60579490661621
-32.917866468429565
-33.01579585671425
-27.07732245326042
-27.592735588550568
-27.81679403781891
-27.559256941080093
-39.77690243721008
-42.01433151960373
-41.31424432992935
-41.39174401760101
-34.86400094628334
-35.9128338098526
-35.522383242845535
-36.76943162083626
-56.12595063447952
-55.661998212337494
-47.48435491323471
-46.90988516807556
-51.793149530887604
-51.7699368596077
-43.8942494392395
-43.55743470788002
-31.869407296180725
-31.24370712041855
-29.390427947044373
-30.709247052669525
-29.99507263302803
-29.808341413736343
-28.324197590351105
-29.18682822585106
-46.14783951640129
-47.1535227894783
-45.52759975194931
-45.871730506420135
-42.96650964021683
-42.379072815179825
-39.57214191555977
-40.24847027659416
-23.28796499967575
-25.997543036937714
-33.57491880655289
-32.37477666139603
-23.65407621860504
-25.901442915201187
-30.6277474462986
-29.8768949508667
-37.895556926727295
-38.246849954128265
-35.75143277645111
-34.76976150274277
-35.810338616371155
-37.19667676091194
-34.90971952676773
-32.67078086733818
-29.799747228622437
-31.227133244276047
-54.31335210800171
-53.84953016042709
-53.06539326906204
-53.12474340200424
-47.552925646305084
-46.97359248995781
-45.03978505730629
-45.212100118398666
-36.68192672729492
-38.61744737625122
-40.30328154563904
-39.791977643966675
-31.620180398225784
-33.08709192276001
-37.1374825835228
-36.58120855689049
-28.332005441188812
-28.05505460500717
-29.788592785596848
-30.26865240931511
-40.14174443483353
-40.846046805381775
-41.81682866811752
-41.09773904085159
-37.792626827955246
-39.15870735049248
-38.12558925151825
-36.79914975166321
-43.89902848005295
-43.873160004615784
-38.820561319589615
-38.458791345357895
-40.46664693951607
-40.57380819320679
-33.50849184393883
-33.1420034468174
-46.3128729686141
-47.1035138592124
-39.68198700994253
-39.566478580236435
-41.63932892680168
-42.93058171868324
-37.85759353637695
-36.938761442899704
-56.01019775867462
-56.14862185716629
-44.79281443357468
-44.26673138141632
-51.50333407521248
-50.962018460035324
-38.08341237902641
-37.55554360151291
-31.87365174293518
-29.795683681964874
-26.478449791669846
-24.699828922748566
-23.33773824572563
-23.272148609161377
-32.9472114443779
-33.72204715013504
-37.40461724996567
-36.93098837137222
-31.319567948579788
-33.00282210111618
-38.21035376191139
-36.631509989500046
-22.53186124563217
-25.268734455108643
-32.75484675168991
-33.147660315036774
-21.458917021751404
-21.843908965587616
-33.545344829559326
-34.905219346284866
-29.462185442447662
-30.3924400806427
-27.568109422922134
-28.549379646778107
-29.558695197105408
-30.282745629549026
-30.123005211353302
-30.001862466335297
-27.906572729349136
-27.64463958144188
-39.506167113780975
-41.23435419797897
-38.01421967148781
-36.77610066533089
-39.893913716077805
-41.49066478013992
-35.79360008239746
-34.75543276965618
-36.82962346076965
-35.87226366996765
-37.58421939611435
-37.835162937641144
-32.669727355241776
-32.2299724817276
-30.497635304927826
-30.261119037866592
-32.82013791799545
-33.708945125341415
-28.21102249622345
-29.234061688184738
-36.85082632303238
-36.14954364299774
-33.33773896098137
-33.1947175860405
-30.994661509990692
-30.73540833592415
-45.36358058452606
-46.49184136092663
-38.97145512700081
-37.76164173334837
-40.61225515604019
-41.74780099093914
-38.17596226930618
-37.13603936135769
-45.469800651073456
-45.538006603717804
-37.44261825084686
-36.435288429260254
-46.545703798532486
-46.51748299598694
-34.00813910365105
-34.992094069719315
-36.89088523387909
-37.9930704832077
-31.711415886878967
-29.71192491054535
-33.672985196113586
-35.53881615400314
-28.637646719813347
-26.72601670026779
-39.916150867938995
-38.775792598724365
-36.14132532477379
-35.44837665557861
-43.61229449510574
-42.936556696891785
-46.32298547029495
-47.199925661087036
-40.813991248607635
-41.04182821512222
-42.82125759124756
-42.60784316062927
-39.305011510849
-38.478644490242004
-34.98854973912239
-35.70115348696709
-35.14044541120529
-36.00033286213875
-37.41402041912079
-38.07844549417496
-33.560435473918915
-32.853017807006836
-37.410623759031296
-39.134632766246796
-35.595754623413086
-33.96016776561737
-22.253026843070984
-21.699239253997803
-19.800467312335968
-22.70626610517502
-20.179359823465347
-19.334945291280746
-27.355662763118744
-28.360608518123627
-29.644829094409943
-29.633390605449677
-31.12506914138794
-29.364046037197113
-26.745998740196228
-25.640935093164444
-24.749024718999863
-26.56100168824196
-29.62565040588379
-31.907786428928375
-26.63342383503914
-27.602796286344528
-37.84592768549919
-38.62283402681351
-44.07972538471222
-43.83558464050293
-43.22397291660309
-42.78588020801544
-39.563091576099396
-39.89582675695419
-37.12770399451256
-36.53458657860756
-39.35596042871475
-39.66727924346924
-38.60175383090973
-38.44508922100067
-25.766181766986847
-28.08551996946335
-24.740422308444977
-23.583919405937195
-27.612817615270615
-30.0732781291008
-25.813039660453796
-24.277183026075363
-28.39722028374672
-29.52954810857773
-21.169764697551727
-20.913803547620773
-34.7404049038887
-37.474182188510895
-36.043296098709106
-35.20302700996399
-30.919265061616898
-33.28522399067879
-34.170193552970886
-32.85087180137634
-39.31026178598404
-40.0503508746624
-30.156719356775284
-28.58188895881176
-38.36707100272179
-38.996112272143364
-29.09549969434738
-28.262301743030548
-32.04834866523743
-32.49741816520691
-28.008064091205597
-28.00510609149933
-29.04261887073517
-29.6440549492836
-25.012510061264038
-24.68830081820488
-32.99876123666763
-32.23210418224335
-28.05453196167946
-28.20683866739273
-41.52681666612625
-41.754861772060394
-39.21416664123535
-40.23201245069504
-34.81682449579239
-35.93480437994003
-34.89276057481766
-33.661838948726654
-33.61708477139473
-34.64806291460991
-30.412755101919174
-29.04267704486847
-42.257566809654236
-38.08569651842117
-34.82842403650284
-38.74195349216461
-45.28191050887108
-40.99458721280098
-38.869801849126816
-43.219857543706894
-40.58247184753418
-41.3385711312294
-36.15208658576012
-35.29562419652939
-33.28142422437668
-35.31519043445587
-25.358454823493958
-24.071556478738785
-46.15969753265381
-47.303598046302795
-45.93826413154602
-45.469905376434326
-42.616113007068634
-43.64122423529625
-43.65325230360031
-42.84546822309494
-36.66299918293953
-32.527520298957825
-22.713734418153763
-26.984684884548187
-41.07715520262718
-41.96529145538807
-39.839209511876106
-39.36761861294508
-37.65727898478508
-39.03187395632267
-37.24313369393349
-36.55029967427254
-21.578196316957474
-22.073874205350876
-38.88812489807606
-40.113192200660706
-38.415979102253914
-37.05828042328358
-35.42011418938637
-37.206340968608856
-36.28417435288429
-34.56129568815231
-39.155041456222534
-35.16262358427048
-33.25404816865921
-35.95656764507294
-43.61561620235443
-38.989300578832626
-31.64625185728073
-34.1804678440094
-32.633631348609924
-36.18731862306595
-33.773176580667496
-38.32044938206673
-40.734330236911774
-40.46130532026291
-36.898982495069504
-36.326615035533905
-34.1848971247673
-35.95709031820297
-34.764880895614624
-37.62421315908432
-42.025645077228546
-40.93180865049362
-30.54974526166916
-32.65235933661461
-39.2323796749115
-38.41958260536194
-40.88358300924301
-40.16712003946304
-30.556931048631668
-29.946346193552017
-37.73205050826073
-37.13324370980263
-27.475765347480774
-26.606406688690186
-34.79836639761925
-34.10068815946579
-32.714660823345184
-32.31091392040253
-38.741206496953964
-38.56852716207504
-33.87028679251671
-33.996561735868454
-24.613758265972137
-25.991013437509537
-36.08682429790497
-35.653185963630676
-34.41728848218918
-32.67459639906883
-25.667517468333244
-25.746841922402382
-52.30214670300484
-51.338271260261536
-48.90745547413826
-50.87848523259163
-47.12606966495514
-46.145964443683624
-41.692659348249435
-43.08097168803215
-37.59573394060135
-37.56986403465271
-30.311775743961334
-28.964514702558517
-34.88164383172989
-35.343293488025665
-26.919964268803596
-25.29866398870945
-33.06590046733618
-33.5531172901392
-36.83361694216728
-36.738675355911255
-34.19541245698929
-34.10737952589989
-35.72140809893608
-35.88271754980087
-43.88049757480621
-42.98139446973801
-38.12668353319168
-37.785475730895996
-38.96858575940132
-37.828301042318344
-34.20367160439491
-33.88396403193474
-50.7876832485199
-49.62326407432556
-47.0093919634819
-48.638246178627014
-41.30948117375374
-40.98276799917221
-40.53644260764122
-41.80567246675491
-30.474898397922516
-28.821410298347473
-23.37666031718254
-21.179747730493546
-37.740018397569656
-38.26006963849068
-36.03495717048645
-36.6032058596611
-31.268203735351562
-30.801026225090027
-33.629532396793365
-34.57452443242073
-27.902067631483078
-27.199068307876587
-36.30429804325104
-37.12459236383438
-37.27094042301178
-36.063593327999115
-36.81555101275444
-36.620555728673935
-37.515250623226166
-37.10906720161438
-28.17354652285576
-28.261987894773483
-26.6650333404541
-25.812337458133698
-49.338266015052795
-48.509804487228394
-46.595957934856415
-46.43165183067322
-41.75472128391266
-41.07872933149338
-39.593850672245026
-39.303944408893585
-48.00825870037079
-49.13162100315094
-47.816859662532806
-47.34124809503555
-49.44453817605972
-50.018723875284195
-49.07294023036957
-48.91258683800697
-41.854090221226215
-42.430621303617954
-36.87175376713276
-35.42939252406359
-38.841441214084625
-39.2821180075407
-31.21711541712284
-30.323890268802643
-29.94532310962677
-31.162253320217133
-29.1949243247509
-30.43120762705803
-34.72456336021423
-35.46617919206619
-38.16962790489197
-35.95770490169525
-37.4927904009819
-39.28397145867348
-37.25020036101341
-35.25673446059227
-36.12845426797867
-37.13508129119873
-30.123327493667603
-29.068338751792908
-37.528652876615524
-38.866672337055206
-29.20061844587326
-28.696187287569046
-29.782825469970703
-27.808082580566406
-28.664215236902237
-30.156269967556
-28.083183228969574
-26.191815614700317
-48.55600839853287
-48.97648245096207
-44.01285719871521
-43.00704336166382
-44.16594326496124
-45.48313766717911
-39.85495546460152
-37.83421277999878
-29.87077444791794
-28.46046793460846
-30.37397375702858
-29.365502059459686
-27.950189769268036
-29.97948932647705
-24.07051745057106
-25.962912380695343
-33.44715869426727
-34.249649345874786
-23.096046298742294
-23.828692346811295
-50.34750413894653
-48.96246963739395
-44.83103984594345
-45.86916667222977
-45.06990173459053
-44.49806481599808
-42.486651957035065
-43.27307736873627
-42.76143831014633
-44.67392435669899
-44.525766521692276
-44.01732152700424
-33.17223542928696
-35.2745561003685
-36.62194189429283
-37.33988818526268
-40.10058142617345
-40.53336524963379
-33.77357821166515
-33.199752267450094
-38.70908856391907
-39.270461313426495
-35.96749950200319
-35.47016503661871
-25.81694734096527
-27.621240615844727
-22.887563109397888
-25.098468154668808
-34.95645761489868
-36.158426225185394
-33.4627505838871
-34.61458367109299
-34.2480503320694
-34.568645656108856
-40.78676825761795
-41.321959495544434
-34.6331767141819
-35.149441212415695
-41.4552566409111
-42.006697952747345
-33.20124065876007
-34.80405515432358
-32.111398100852966
-31.206765055656433
-27.721338868141174
-29.81534570455551
-30.621245473623276
-29.206425696611404
-47.31823658943176
-47.87163347005844
-45.28260350227356
-44.54927682876587
-46.5697186589241
-46.83248192071915
-46.78579553961754
-45.957098096609116
-40.78571365773678
-41.564701944589615
-47.79675978422165
-47.0217028260231
-34.96739771962166
-35.51226478815079
-40.1065938770771
-39.81419649720192
-41.34557558596134
-41.006744742393494
-39.133066684007645
-38.53413739800453
-34.9995064586401
-35.34261314570904
-33.83157275617123
-32.82816444337368
-33.6539723277092
-32.72934436798096
-32.860749304294586
-32.70708578824997
-32.390664935112
-30.696638256311417
-27.230263262987137
-27.505259662866592
-31.64589762687683
-31.346927106380463
-28.91710737347603
-29.52988514304161
-36.25924753397703
-35.34575851634145
-33.065790973603725
-33.03734594583511
-29.463634971529245
-28.923696845769882
-29.435784965753555
-29.273751612752676
-31.8622624874115
-30.222173929214478
-29.861396193504333
-30.966353178024292
-31.056616991758347
-30.179702281951904
-29.749347984790802
-30.328815132379532
-41.230986043810844
-41.096343979239464
-40.392480313777924
-39.85538776218891
-34.78227323293686
-35.63569851219654
-33.04590368270874
-31.766203373670578
-40.60112804174423
-41.409515142440796
-38.371450304985046
-37.32732713222504
-36.095988035202026
-37.76236790418625
-34.8098004758358
-33.263822466135025
-38.316365003585815
-36.4354390501976
-35.61454400420189
-34.0711307823658
-42.04881510138512
-38.66077184677124
-29.75800061225891
-31.159118056297302
-23.59322601556778
-25.46394842863083
-23.332479923963547
-25.023058623075485
-35.42085176706314
-38.573080599308014
-38.9329936504364
-36.78557103872299
-33.82829335331917
-36.350121825933456
-37.17973819375038
-35.02139559388161
-29.783782303333282
-30.93310183286667
-25.02676159143448
-25.993234515190125
-30.33802890777588
-30.61409080028534
-30.11557000875473
-29.39889532327652
-34.842341899871826
-35.56527864933014
-30.0374313890934
-29.787555426359177
-32.18901523947716
-32.976370334625244
-38.4632323384285
-38.87490624189377
-38.696335166692734
-38.81037998199463
-26.121597051620483
-26.174607276916504
-27.621096789836884
-28.77925395965576
-38.38660389184952
-38.38615792989731
-36.80314642190933
-36.44666242599487
-39.39025902748108
-39.2746579349041
-37.01189738512039
-37.095927864313126
-45.31956213712692
-41.867689430713654
-42.357970386743546
-38.24252858757973
-31.77594769001007
-32.2790561914444
-37.460688173770905
-36.92568612098694
-29.967494040727615
-31.119887053966522
-34.157040148973465
-33.01125717163086
-42.851978957653046
-43.0655934214592
-41.22201192378998
-39.97357785701752
-36.90694808959961
-38.47809153795242
-38.07567146420479
-36.398070484399796
-46.82278597354889
-46.25690150260925
-45.84584081172943
-45.45075184106827
-49.16384023427963
-49.44023433327675
-44.07733589410782
-43.525321155786514
-23.601500183343887
-24.408696711063385
-16.416823118925095
-16.52312308549881
-26.369230896234512
-28.852708399295807
-33.795010417699814
-33.10706451535225
-46.69099020957947
-47.53942108154297
-39.19627803564072
-39.61415785551071
-28.47967167198658
-26.175779074430466
-31.398725390434265
-36.1501359641552
-20.315387070178986
-22.13409161567688
-21.53765320777893
-21.704610526561737
-22.239545166492462
-24.267714649438858
-24.48014187812805
-24.73197489976883
-28.197629868984222
-29.145341902971268
-44.569642543792725
-44.996936440467834
-46.871729254722595
-47.47257727384567
-39.432234555482864
-40.344102561473846
-43.116736233234406
-43.26392275094986
-32.629138469696045
-31.591219127178192
-30.65268138051033
-30.329859346151352
-32.13822388648987
-30.031694173812866
-29.86677834391594
-27.2970352768898
-34.165051609277725
-38.85881868004799
-26.442323565483093
-29.330050230026245
-23.346791595220566
-27.007446378469467
-26.933822095394135
-24.273154735565186
-26.18446034193039
-27.484604060649872
-20.92767471447587
-21.266213584691286
-32.3152939081192
-30.549047887325287
-30.66213595867157
-29.118506133556366
-27.0270277261734
-30.0158212184906
-35.00194698572159
-36.487786650657654
-31.465572506189346
-32.77313503623009
-32.01338538527489
-33.47093108296394
-41.88124352693558
-42.91874918341637
-29.732690423727036
-31.313715636730194
-39.03960606455803
-39.58663035929203
-36.56925141811371
-32.528517961502075
-37.567686796188354
-41.35787624120712
-39.59058600664139
-35.79563185572624
-38.16921240091324
-41.893452763557434
-23.400419056415558
-27.2279571890831
-20.525377869606018
-23.823353439569473
-24.542976140975952
-23.663944333791733
-43.622358083724976
-43.59566122293472
-43.39918577671051
-43.1503946185112
-34.1018913090229
-34.47311955690384
-38.4240046441555
-37.98713634908199
-42.23341453075409
-43.135867178440094
-39.8430515229702
-39.636536210775375
-37.54332485795021
-38.722017019987106
-34.9578897356987
-34.56071746349335
-52.97061449289322
-52.12129205465317
-50.1760730445385
-49.83467164635658
-48.45789295434952
-49.213316679000854
-36.22482591867447
-36.12321275472641
-46.16816380620003
-47.65843415260315
-34.16117814183235
-33.72915741801262
-45.306417882442474
-44.10736632347107
-38.560571372509
-38.17119199037552
-27.323525607585907
-28.378674805164337
-29.031839907169342
-30.404162168502808
-35.52801790833473
-36.183645993471146
-28.29400622844696
-30.893917620182037
-38.68293619155884
-39.318515717983246
-44.46991562843323
-43.535410940647125
-35.968479722738266
-37.732339680194855
-41.06896334886551
-39.582428723573685
-28.514957398176193
-25.97380205988884
-32.66324624419212
-36.63383388519287
-37.15237069129944
-39.28881627321243
-35.04442369937897
-35.46839678287506
-31.679285764694214
-30.740562319755554
-28.071918845176697
-28.306042730808258
-25.49281746149063
-24.850413501262665
-43.489462077617645
-42.40947490930557
-41.18420422077179
-40.74348473548889
-42.45175042748451
-42.45690655708313
-37.93121173977852
-37.3508018553257
-42.20772385597229
-42.875248432159424
-39.76721107959747
-39.24277150630951
-42.42493450641632
-42.28816097974777
-34.87653291225433
-33.875104546546936
-31.90449947118759
-32.78560799360275
-30.213344633579254
-28.878193616867065
-30.889240324497223
-31.13190993666649
-27.110437393188477
-25.38676282763481
-35.38395434617996
-35.0508936047554
-34.93563938140869
-34.8082520365715
-33.86699831485748
-32.849749982357025
-32.50464355945587
-33.04765132069588
-45.76760643720627
-46.07134824991226
-46.56662178039551
-46.066271007061005
-40.7544122338295
-40.40475836396217
-37.99998451769352
-37.826981112360954
-23.68251441605389
-26.23277323320508
-33.33187588490546
-32.80364323221147
-18.631928384304047
-21.06665399298072
-30.713960081338882
-29.818306401371956
-31.01092767715454
-29.672188460826874
-33.36958944797516
-31.16626688838005
-33.00576892495155
-35.639520823955536
-35.583982825279236
-36.71246689558029
-31.657562613487244
-33.33444491028786
-37.6009815633297
-37.763440512120724
-34.74084551632404
-34.22513420879841
-37.1556069329381
-37.8550813421607
-32.45074960589409
-31.76214723289013
-34.55327695608139
-35.08182966709137
-31.824248254299164
-32.395538091659546
-32.35271829366684
-34.57695817947388
-17.717292368412018
-18.971604377031326
-25.267720609903336
-27.492541402578354
-39.38648718595505
-37.44527351856232
-35.684772342443466
-33.957975655794144
-25.678529292345047
-27.295765727758408
-40.45153558254242
-40.83946990966797
-39.50696003437042
-37.38117200136185
-33.43684130907059
-35.25079518556595
-34.063312351703644
-32.55771937966347
-28.094953954219818
-29.251570135354996
-30.154184967279434
-30.32089388370514
-33.38373601436615
-31.99683666229248
-30.416409075260162
-30.569928288459778
-30.697587341070175
-29.901507198810577
-26.965202063322067
-27.159986197948456
-37.298193991184235
-37.74085432291031
-38.97374254465103
-38.19024270772934
-34.4525500535965
-35.4748010635376
-35.98679307103157
-34.650642305612564
-35.205830812454224
-35.07861661911011
-31.82974135875702
-31.912469506263733
-30.75271713733673
-30.393287271261215
-25.285283744335175
-25.548833191394806
-32.207325369119644
-30.67590892314911
-33.36829739809036
-35.92638239264488
-35.92405652999878
-35.519746005535126
-35.16674864292145
-35.61592757701874
-38.87097051739693
-38.88701456785202
-38.91104483604431
-38.741802394390106
-35.634104907512665
-36.29538285732269
-35.46683320403099
-36.166835099458694
-35.352403342723846
-35.90019026398659
-36.26593554019928
-35.45518910884857
-29.05826237797737
-28.50777643918991
-26.742377132177353
-25.82976984977722
-44.39065495878458
-43.75761087983847
-38.52608718723059
-38.95263088867068
-38.336317013949156
-38.22861400991678
-32.42263511568308
-32.89433431625366
-36.78900095820427
-37.165751457214355
-31.50341972708702
-30.11336237192154
-34.72603315114975
-34.71753257513046
-26.292364090681076
-25.629011303186417
-40.274487376213074
-40.2173889875412
-32.05847954750061
-31.95323383808136
-37.36861842870712
-38.45110356807709
-29.590864568948746
-28.82349070906639
-28.132534623146057
-28.129612386226654
-28.8553549349308
-28.580656826496124
-43.32281744480133
-43.372326254844666
-43.3448571562767
-42.39838433265686
-29.648804247379303
-29.514514416456223
-27.2379212975502
-27.280247807502747
-35.650738298892975
-35.23770794272423
-31.60963672399521
-31.6407071352005
-29.185086607933044
-29.36183613538742
-28.866806864738464
-28.85847696661949
-30.33226728439331
-27.56865930557251
-25.51987335085869
-25.71099105477333
-42.913613691926
-43.54224643111229
-38.28004513680935
-37.06978398561478
-39.31244507431984
-40.46898132562637
-34.71957394480705
-33.27001944184303
-51.77573400735855
-51.20697396993637
-46.97569352388382
-46.732584834098816
-43.87385520339012
-44.00180095434189
-39.04468512535095
-38.548942029476166
-34.76840624213219
-36.14533191919327
-40.19226315617561
-39.815756529569626
-28.915411233901978
-30.285625249147415
-35.35983154177666
-35.61307176947594
-24.999109506607056
-26.874828934669495
-41.3554892539978
-40.84213089942932
-39.07578060030937
-37.7103174328804
-33.30264896154404
-34.15121865272522
-33.96446534991264
-33.51740074157715
-34.898900121450424
-35.684005588293076
-34.03776487708092
-33.76141682267189
-22.072666347026825
-23.32626247406006
-22.031105756759644
-23.88235792517662
-30.566089063882828
-32.08158901333809
-30.621722519397736
-28.805219173431396
-33.59537163376808
-30.9613596200943
-32.385079860687256
-35.09698408842087
-34.37935519218445
-32.14444762468338
-29.605214536190033
-32.414846032857895
-31.138123631477356
-29.04919020831585
-24.333472728729248
-24.697230756282806
-23.681227445602417
-23.378611773252487
-50.13670313358307
-49.998094618320465
-39.519976407289505
-38.856507539749146
-46.3803608417511
-45.76793438196182
-35.412288784980774
-34.87082985043526
-31.413090348243713
-28.898132979869843
-29.138653486967087
-27.378560066223145
-33.78978610038757
-37.67503708600998
-27.00367259979248
-27.730871856212616
-24.070644080638885
-21.71830627322197
-21.48641654662788
-23.993428779765964
-28.151441805064678
-27.923974502831697
-19.86697342246771
-22.067862771451473
-29.261243730783463
-28.852531880140305
-41.9718949124217
-42.62831196188927
-35.3798790872097
-34.03998201340437
-36.425272062420845
-37.54634256660938
-30.421734645962715
-29.27632510662079
-48.36736071109772
-48.47367465496063
-46.30760359764099
-47.229209542274475
-45.3054561316967
-45.154594242572784
-44.36311608552933
-45.19849020242691
-29.240730971097946
-28.435152113437653
-25.477866858243942
-24.062385872006416
-33.571200743317604
-34.392045721411705
-33.57890269905329
-32.83612862974405
-29.693209879100323
-31.042599223554134
-32.01689559966326
-30.72481918334961
-32.33790194988251
-32.042873442173004
-28.87514665722847
-27.966418981552124
-30.693946987390518
-28.928358107805252
-26.55699372291565
-29.552332639694214
-26.728477895259857
-28.342451721429825
-41.22142666578293
-41.730519115924835
-33.891734540462494
-33.79664885997772
-31.698154747486115
-32.65690207481384
-30.402960002422333
-29.575858771800995
-30.07351154088974
-31.69235000014305
-39.46119582653046
-39.94833070039749
-29.907859802246094
-30.64878910779953
-34.509403586387634
-35.024995535612106
-26.965077310800552
-27.415355503559113
-41.94065146148205
-41.503358643502
-34.40637223049998
-34.16188592836261
-39.518800646066666
-38.475377440452576
-29.102584674954414
-28.97852411866188
-41.6149739138782
-42.46152236685157
-34.85104403272271
-34.53661724179983
-39.64435613900423
-40.68910671770573
-34.66701817512512
-34.094321485608816
-45.11047726869583
-44.8645281791687
-40.75602650642395
-40.98179739713669
-40.88642352819443
-41.75691542029381
-37.02946126461029
-36.35912290215492
-42.44322171062231
-43.70574460178614
-35.505642898380756
-33.891993418335915
-36.92060511559248
-38.20029889047146
-32.7211439460516
-30.798861637711525
-39.95255544781685
-40.47144338488579
-45.36080965399742
-45.63416728377342
-37.646950513124466
-38.20813474059105
-44.6069238781929
-44.55230137705803
-37.89509218931198
-36.684632539749146
-35.753970205783844
-34.14965409040451
-36.098513007164
-36.72460621595383
-29.20479726791382
-29.315103352069855
-30.73738667368889
-31.8272063434124
-26.685411274433136
-26.195827186107635
-45.53989255428314
-46.248945474624634
-48.03497928380966
-47.614518225193024
-40.10927903652191
-40.825134724378586
-40.59827268123627
-40.25563308596611
-33.29939687252045
-31.59759548306465
-25.106853663921356
-25.726107597351074
-43.232753336429596
-42.956646621227264
-37.44218587875366
-37.08398976922035
-46.065498769283295
-45.818416476249695
-38.94317349791527
-38.82967847585678
-37.01354515552521
-37.82565176486969
-29.037756264209747
-27.96105706691742
-32.356553107500076
-33.28197440505028
-19.85973820090294
-19.43821346759796
-33.879219353199005
-36.06420427560806
-30.026096612215042
-32.99568286538124
-31.710720896720886
-32.02638375759125
-34.98845708370209
-34.46559950709343
-31.165265023708344
-31.4376762509346
-40.58841514587402
-40.81459695100784
-37.883828431367874
-37.022382378578186
-31.090135544538498
-31.426048785448074
-22.874599397182465
-22.18402659893036
-36.18533402681351
-38.078800320625305
-39.493535220623016
-38.18903625011444
-36.84600314497948
-38.42157292366028
-38.881191313266754
-37.434364050626755
-28.609813004732132
-29.84779028594494
-25.18115634843707
-25.13193403929472
-24.458504490554333
-26.04234104603529
-22.505301594734192
-21.724027678370476
-40.7265442609787
-39.858718395233154
-27.990209460258484
-28.866439074277878
-45.36805772781372
-44.87343072891235
-42.937822222709656
-42.54428845643997
-45.79295766353607
-45.704077899456024
-42.756766468286514
-42.3271858394146
-36.693733394145966
-36.64752250909805
-35.65653929114342
-35.78657418489456
-29.72014456987381
-30.897400736808777
-31.04878532886505
-31.53582626581192
-27.553878754377365
-27.583567649126053
-30.61666965484619
-32.35534158349037
-38.9121835231781
-35.630857944488525
-35.38620540499687
-32.29468706250191
-32.050494611263275
-34.19364455342293
-32.387918055057526
-33.53447034955025
-40.817477107048035
-37.015890687704086
-31.44596639275551
-28.745397239923477
-31.843524307012558
-31.886281073093414
-46.87515836954117
-47.957791686058044
-53.16464686393738
-51.87425607442856
-40.4454647898674
-41.85496237874031
-41.02767223119736
-40.07915970683098
-22.763084292411804
-23.08930739760399
-27.424241721630096
-27.72068190574646
-18.07310062646866
-18.777250677347183
-25.991601943969727
-25.647888839244843
-50.333060801029205
-51.4636532664299
-51.70929396152496
-51.08162033557892
-41.79911658167839
-42.997437834739685
-42.30790859460831
-41.81825929880142
-21.941608503460884
-23.850171476602554
-19.56369811296463
-21.900202125310898
-24.499418705701828
-22.259554475545883
-32.14231485128403
-31.601706981658936
-26.99502170085907
-26.14920464158058
-44.48482125997543
-45.018777549266815
-39.30927699804306
-38.851015865802765
-41.4118889272213
-37.48395183682442
-32.29632833600044
-34.63396096229553
-38.164018496870995
-39.088241785764694
-39.464428931474686
-37.759775549173355
-42.54103806614876
-45.30698712170124
-39.37844857573509
-37.49104255437851
-37.82855248451233
-38.252528697252274
-38.35995388031006
-34.51683613657951
-44.46022808551788
-41.23805373907089
-29.776446133852005
-31.754805848002434
-43.93442142009735
-40.20823588967323
-28.162996619939804
-30.95690742135048
-23.1803178191185
-24.261439204216003
-31.525926560163498
-30.690280497074127
-24.45715022087097
-25.34622174501419
-21.929632931947708
-22.202516317367554
-37.18524780869484
-37.039955884218216
-28.546320885419846
-28.71031779050827
-39.463423669338226
-40.47559303045273
-38.53953057527542
-39.39902412891388
-35.80371314287186
-35.9515238404274
-30.31628066301346
-30.782093703746796
-41.58142066001892
-38.37954926490784
-33.75097048282623
-35.72220021486282
-42.859735041856766
-39.44837689399719
-31.294318705797195
-33.35181745886803
-35.169740200042725
-34.6420119702816
-29.190719693899155
-28.562138587236404
-30.10836347937584
-29.85473108291626
-45.06811064481735
-44.375208497047424
-41.86696884036064
-40.5517461001873
-25.20384305715561
-25.969313830137253
-37.82177275419235
-38.15150564908981
-40.59500312805176
-40.25605070590973
-36.71290770173073
-37.10866916179657
-37.41164869070053
-37.16700029373169
-39.24200797080994
-35.74783006310463
-34.932262897491455
-38.9146645963192
-39.21049976348877
-39.60122001171112
-37.433445155620575
-36.78489714860916
-39.00541338324547
-39.58430200815201
-33.44477862119675
-34.43588322401047
-34.997691333293915
-33.04035621881485
-29.454424053430557
-27.555253237485886
-37.955003678798676
-36.61813306808472
-37.90720993280411
-36.58869779109955
-35.468387722969055
-34.794429153203964
-36.15833878517151
-32.71518051624298
-28.89291015267372
-31.790391355752945
-38.241306483745575
-38.58845555782318
-38.79566729068756
-37.60118669271469
-37.13500714302063
-37.98223489522934
-34.5446155667305
-33.470009207725525
-34.66144770383835
-33.459699869155884
-29.55666407942772
-29.150878846645355
-34.988160610198975
-35.48399746417999
-33.39564508199692
-33.369390189647675
-31.022012144327164
-31.248189687728882
-31.81330531835556
-32.76807528734207
-31.31972986459732
-31.291589081287384
-30.8864903151989
-31.15817952156067
-32.16494059562683
-32.40008643269539
-32.5446315407753
-31.80716747045517
-31.747636884450912
-30.614269822835922
-20.88080734014511
-22.24750754237175
-49.35843080282211
-48.776007413864136
-45.3876873254776
-45.08841270208359
-42.47720184922218
-42.414582788944244
-41.48081102967262
-41.20982962846756
-31.503535389900208
-35.056873083114624
-33.7413575053215
-29.983943283557892
-28.820302069187164
-32.43518990278244
-47.91763737797737
-47.13587129116058
-50.70291984081268
-51.90502995252609
-43.06924170255661
-42.417915254831314
-43.39548113942146
-44.27459082007408
-40.77581834793091
-39.90632963180542
-35.59267610311508
-35.31735613942146
-29.41675180196762
-27.87707531452179
-28.096659064292908
-27.07789608836174
-56.590333461761475
-56.0152747631073
-48.20122241973877
-47.628799080848694
-50.43039798736572
-50.22836408019066
-40.37680783867836
-39.86641386151314
-23.72196465730667
-26.0901859998703
-35.569852232933044
-38.15602248907089
-34.819315671920776
-33.83441644906998
-27.0679152905941
-29.332389146089554
-27.923590898513794
-26.618260324001312
-23.542955368757248
-23.153783321380615
-38.2125084400177
-37.35992610454559
-39.27160340547562
-39.078759253025055
-33.63436385989189
-33.18222004175186
-31.60095924139023
-31.386105954647064
-36.395868360996246
-34.75215655565262
-32.62506923079491
-31.011962443590164
-28.063395112752914
-30.21502760052681
-32.67224657535553
-34.00333607196808
-29.828433752059937
-31.500999242067337
-43.70579248666763
-44.1410653591156
-36.641447603702545
-36.10575520992279
-38.29504871368408
-39.84496408700943
-34.30889028310776
-32.70488387346268
-36.733188927173615
-37.7929003238678
-42.45754849910736
-42.94471877813339
-25.908536076545715
-27.021079540252686
-37.064955443143845
-36.70878031849861
-36.94534933567047
-37.61015169322491
-40.46746549382806
-40.624458849430084
-33.762836650013924
-34.57743386924267
-39.5246737152338
-39.072969533503056
-46.757959604263306
-47.62667942047119
-45.97968566417694
-45.24784600734711
-44.14377239346504
-45.70191717147827
-44.139087080955505
-43.043853878974915
-41.939796924591064
-43.432908952236176
-37.35581102967262
-39.095430225133896
-39.72947883605957
-37.7326854467392
-36.18088760972023
-34.17607340216637
-41.486537635326385
-42.9716979265213
-42.70016884803772
-41.53711873292923
-41.61179620027542
-43.20633766055107
-40.678000062704086
-39.48917090892792