-57.39377695322037
-58.82969135046005
-51.44444990158081
-52.33108875155449
-38.76778396964073
-39.849010705947876
-45.48689317703247
-44.80691084265709
-50.93531063199043
-52.98080891370773
-41.275718569755554
-42.33460742235184
-48.86261683702469
-50.61235526204109
-45.53173848986626
-46.585139483213425
-49.937013268470764
-50.92482331395149
-53.47308725118637
-52.77439758181572
-54.58963197469711
-55.64769792556763
-50.9842526614666
-50.66018456220627
-50.7830628156662
-52.35276845097542
-44.31253242492676
-45.22648695111275
-55.28015527129173
-56.0883866250515
-64.01312240958214
-64.28084775805473
-41.103190422058105
-42.61857470870018
-35.697408467531204
-35.73797032237053
-50.955161929130554
-52.65854421257973
-51.637503534555435
-50.917258352041245
-42.71075615286827
-42.308850556612015
-39.05867689847946
-37.97382768988609
-32.766256630420685
-34.409101128578186
-35.80716997385025
-35.97637528181076
-47.10538309812546
-46.34836772084236
-57.572083592414856
-55.96891024708748
-53.64076688885689
-52.915482103824615
-47.964516788721085
-46.459461361169815
-50.702138125896454
-52.17554152011871
-40.79734003543854
-40.44743674993515
-32.392452739179134
-32.26273410022259
-32.791332215070724
-31.702712148427963
-55.77293932437897
-58.09169527888298
-45.228367269039154
-45.47893708944321
-51.197968780994415
-54.53970631957054
-39.162721037864685
-40.369536966085434
-48.9104163646698
-50.792735278606415
-40.12355813384056
-41.80865451693535
-45.25651344656944
-46.916714787483215
-53.38215070962906
-55.474477499723434
-49.332426369190216
-50.82251524925232
-50.10229358077049
-51.9547515809536
-41.85534194111824
-42.70479819178581
-58.59525918960571
-59.33807069063187
-48.99498963356018
-51.990119248628616
-40.61147132515907
-41.336284548044205
-44.09615230560303
-44.00194498896599
-44.37434238195419
-43.64580264687538
-47.41455742716789
-47.27646678686142
-46.880442291498184
-47.077232837677
-40.87254586815834
-41.2658069729805
-41.54522684216499
-41.19581690430641
-42.154730290174484
-43.94500318169594
-39.346961349248886
-40.442156583070755
-57.44920885562897
-58.54600527882576
-55.689804404973984
-54.95484256744385
-58.48107886314392
-60.80603441596031
-48.20197081565857
-46.773507833480835
-48.25423124432564
-51.866548001766205
-45.978924036026
-48.95228868722916
-48.67368680238724
-48.683056592941284
-68.17711874842644
-67.44072437286377
-45.91157686710358
-49.00494933128357
-43.111961632966995
-44.48582670092583
-60.41271132230759
-61.37560513615608
-57.622600108385086
-58.04535701870918
-53.92809045314789
-56.03825417160988
-50.6669827401638
-52.324148029088974
-51.58715483546257
-53.49531799554825
-47.66694858670235
-48.21562710404396
-45.94970217347145
-48.12427917122841
-57.34357890486717
-56.97247314453125
-49.21078133583069
-52.3665888607502
-48.695919424295425
-49.87626701593399
-62.316442519426346
-62.411735475063324
-59.04639795422554
-58.39491254091263
-58.094119876623154
-59.17531940340996
-49.36946380138397
-48.5504324734211
-49.705142855644226
-52.5532044172287
-34.86510547995567
-34.80760368704796
-51.17470535635948
-52.3794969022274
-43.2312333881855
-43.90533912181854
-42.19568380713463
-43.347538113594055
-52.527759194374084
-52.532930463552475
-52.902786165475845
-54.04079186916351
-58.23985931277275
-58.89074271917343
-43.68119329214096
-45.25693839788437
-43.36599239706993
-44.83928620815277
-50.72941654920578
-50.73377221822739
-52.066511899232864
-51.4118167757988
-62.35144183039665
-62.82351437211037
-56.137823671102524
-55.17896944284439
-54.735231161117554
-56.00716084241867
-51.764194160699844
-49.55526959896088
-47.177520632743835
-48.69423824548721
-55.26714265346527
-55.043549567461014
-41.4396205842495
-42.095108926296234
-44.528104692697525
-44.30641883611679
-55.21885818243027
-55.0525219142437
-58.28356286883354
-57.1037782728672
-37.43251568078995
-40.70446711778641
-47.927964717149734
-49.657366037368774
-48.86837378144264
-50.5872118473053
-41.37516260147095
-41.237150341272354
-50.621092200279236
-52.26122024655342
-49.05397152900696
-49.29207807779312
-47.8314673602581
-48.55236595869064
-45.93381053209305
-45.99815163016319
-52.49038553237915
-54.34152144193649
-43.00577336549759
-43.145378559827805
-43.02292814850807
-44.250004917383194
-39.22907370328903
-39.28189533948898
-50.09272101521492
-52.65048506855965
-42.861492693424225
-43.54672968387604
-50.21304065734148
-50.90154444053769
-50.43171688914299
-52.492919117212296
-52.89717358350754
-54.444061666727066
-48.59893220663071
-48.97557619214058
-38.638383626937866
-40.15034455060959
-40.82231646776199
-41.21472817659378
-30.275089476257563
-31.17360469698906
-53.20659518241882
-52.65887689590454
-43.016444116830826
-46.30214446783066
-43.66332817077637
-45.44866755604744
-59.113972187042236
-60.84085085988045
-49.76862397789955
-50.02265599370003
-52.47981211543083
-56.20050874352455
-42.433926582336426
-44.26385739445686
-52.1234986782074
-52.521544277668
-61.71767300367355
-61.69248205423355
-41.03897362947464
-41.54376444220543
-42.96242073178291
-43.061126351356506
-42.31501242518425
-43.03030174970627
-41.05439740419388
-41.43929144740105
-47.75195920467377
-49.088858515024185
-45.85536998510361
-46.39316099882126
-46.00251019001007
-45.486037373542786
-40.146884739398956
-40.56010481715202
-51.470758736133575
-55.26741740107536
-42.89479115605354
-44.51667582988739
-41.01268211007118
-44.37367790937424
-34.53013876080513
-36.46703910827637
-42.07583886384964
-42.41302755475044
-51.286350041627884
-52.31905063986778
-41.513089433312416
-41.780723102390766
-36.63131895661354
-36.99801689386368
-48.575340926647186
-48.32874232530594
-51.3947731256485
-51.98034518957138
-51.41662257909775
-53.68180102109909
-63.10750463604927
-63.17069336771965
-53.4780475795269
-55.50515893101692
-44.39778187870979
-42.71508166193962
-51.14278665184975
-51.808507949113846
-46.70898947119713
-46.604060649871826
-60.521317929029465
-60.77706730365753
-56.018413454294205
-56.45899683237076
-45.9516407251358
-47.368373185396194
-47.08528479933739
-48.64374601840973
-35.93546536564827
-36.94444668292999
-47.9771391749382
-48.5581696331501
-53.644323736429214
-56.26002901792526
-61.659609615802765
-62.74601063132286
-51.57703211903572
-51.992157369852066
-67.62917387485504
-66.09778016805649
-52.018664956092834
-53.78699505329132
-53.4677394926548
-55.089354157447815
-49.85692843794823
-52.299750566482544
-47.84708297252655
-47.77976739406586
-45.72124990820885
-48.05105793476105
-43.76706227660179
-45.641167014837265
-53.456671953201294
-56.05261534452438
-39.70439729094505
-38.5306581556797
-52.42426761984825
-55.40582695603371
-40.94749799370766
-41.62006828188896
-50.14146900177002
-50.87978956103325
-46.65429711341858
-46.21990066766739
-51.93953227996826
-54.55736941099167
-36.95375707745552
-37.837729930877686
-45.94944551587105
-48.270075649023056
-42.90242129564285
-43.67383745312691
-51.64810699224472
-52.472952127456665
-52.592967659235
-53.28060945868492
-51.027092307806015
-51.881607234478
-57.15127941966057
-57.368047535419464
-51.85810959339142
-54.16103219985962
-52.42255839705467
-54.15828654170036
-43.0982523560524
-43.88997909426689
-56.46621882915497
-57.01004904508591
-35.771649926900864
-37.17866063117981
-46.431758761405945
-46.894731521606445
-51.02736806869507
-50.432721555233
-55.26455608010292
-54.09752357006073
-56.23839196562767
-56.42299112677574
-50.97672921419144
-50.51958096027374
-37.680853754282
-38.99156108498573
-44.1609123647213
-42.76271614432335
-47.13258385658264
-48.857874751091
-46.42529061436653
-47.54801306128502
-57.680521726608276
-60.31943339109421
-45.04179361462593
-46.280197232961655
-29.037803180515766
-30.14582248777151
-39.59674772620201
-41.072319984436035
-46.277570962905884
-47.286155849695206
-57.50559192895889
-56.97745132446289
-46.24772176146507
-48.292035311460495
-43.61581942439079
-44.13148435950279
-43.039030224084854
-45.710093796253204
-43.25550603866577
-43.942768812179565
-52.75957626104355
-54.79262351989746
-44.2307303249836
-45.06612193584442
-53.39750236272812
-54.16662839055061
-48.68386307358742
-47.52543792128563
-52.05342197418213
-52.36186394095421
-50.31877622008324
-50.21973878145218
-54.197248727083206
-54.250675320625305
-52.617217451334
-51.528279423713684
-42.20761740207672
-43.91566753387451
-44.8686443567276
-47.20606678724289
-59.09900635480881
-60.24153518676758
-45.959426552057266
-45.70413860678673
-44.434736520051956
-45.70317739248276
-43.95783293247223
-44.8443249464035
-38.66362941265106
-39.40440708398819
-37.831988245248795
-37.9639188349247
-42.35850077867508
-43.488147377967834
-43.164038002491
-42.98804956674576
-50.2567084133625
-52.22844058275223
-48.258367508649826
-48.349207401275635
-44.45291855931282
-47.14571836590767
-49.461936235427856
-51.51310729980469
-45.097718328237534
-47.51092502474785
-43.43344143033028
-46.002377063035965
-34.370346277952194
-37.11382481455803
-34.906368404626846
-37.309722274541855
-41.993016719818115
-43.5964792072773
-26.78737434744835
-27.089151740074158
-47.59521797299385
-48.3873291015625
-61.1577333509922
-61.2746924161911
-40.31311300396919
-43.09734094142914
-31.379598408937454
-32.63368332386017
-52.4751743376255
-55.44811773300171
-46.99890974164009
-48.40039524435997
-38.97422331571579
-40.02026244997978
-37.77755752205849
-39.16889849305153
-47.52196002006531
-49.66453957557678
-58.870527774095535
-57.89138075709343
-51.604310035705566
-52.7724387049675
-41.748554199934006
-41.25549864768982
-51.19903936982155
-54.386994153261185
-43.30235776305199
-44.29091188311577
-44.19976446032524
-45.11632078886032
-37.93441231548786
-37.69017034769058
-52.81543803215027
-55.17828205227852
-50.09203580021858
-50.14687442779541
-43.65528053045273
-45.17615273594856
-44.969505459070206
-44.72605863213539
-52.93258807063103
-54.25410947203636
-59.22580328583717
-59.050465136766434
-45.29101851582527
-46.73565372824669
-51.5064811706543
-49.238050013780594
-44.71327963471413
-45.15629833936691
-42.0822631418705
-42.96801769733429
-29.302460299804807
-30.725210037082434
-30.079441100358963
-30.608267605304718
-43.18749472498894
-44.3873992562294
-42.62026950716972
-43.39117243885994
-46.7601920068264
-48.689708322286606
-51.84677329659462
-52.48119813203812
-46.14043176174164
-49.213053703308105
-38.72640731930733
-41.17114773392677
-40.02903214097023
-40.30255228281021
-43.0713067650795
-41.84930345416069
-53.94188219308853
-56.81807294487953
-49.21639057993889
-50.15812700986862
-54.27520826458931
-56.840856581926346
-52.45117771625519
-53.19285640120506
-40.05609938502312
-42.66324797272682
-46.74230256676674
-49.28584259748459
-39.866152346134186
-43.22020900249481
-45.90716543793678
-48.69440785050392
-55.17285758256912
-56.12295216321945
-53.23667973279953
-53.381947845220566
-44.30283683538437
-45.43870469927788
-39.461387395858765
-39.62568745017052
-51.108085215091705
-51.97146648168564
-51.89761766791344
-51.33058378100395
-60.508341401815414
-61.90165787935257
-51.89291560649872
-50.82801327109337
-50.359275817871094
-51.38771492242813
-51.21486937999725
-51.99528431892395
-46.937206119298935
-46.97240671515465
-37.60106500983238
-36.616696655750275
-50.22910499572754
-52.15908306837082
-38.092588782310486
-36.620257407426834
-47.65277501940727
-48.371988356113434
-53.70198172330856
-54.45325365662575
-36.57864683866501
-37.59668353199959
-44.64475965499878
-45.159961104393005
-53.225547790527344
-56.17963472008705
-44.48863527178764
-46.2770149409771
-43.30892017483711
-43.59697049856186
-38.24263119697571
-38.15164268016815
-48.650117099285126
-49.434671461582184
-40.24682793021202
-40.29071223735809
-42.37993049621582
-43.34415528178215
-41.35755234956741
-42.09238123893738
-53.65402299165726
-55.807041227817535
-52.2596150636673
-52.847595274448395
-54.26595288515091
-54.819682002067566
-49.28898534178734
-49.98982846736908
-45.576174437999725
-47.62034571170807
-42.339398592710495
-42.72731655836105
-63.89478534460068
-63.12882870435715
-56.979631811380386
-56.34326374530792
-45.02880582213402
-44.96808502078056
-44.846923649311066
-44.58782932162285
-41.44673049449921
-43.403622061014175
-45.76228365302086
-45.80594918131828
-51.805034548044205
-53.416384130716324
-45.01066392660141
-44.30564886331558
-48.76701208949089
-49.86665070056915
-60.487786173820496
-61.749101519584656
-36.567180782556534
-38.25531709194183
-45.39336359500885
-46.51534852385521
-50.74596503376961
-51.53697180747986
-51.14645874500275
-50.21445509791374
-50.067815989255905
-50.222870439291
-58.376740485429764
-58.392829447984695
-47.13464766740799
-47.30326372385025
-46.338436275720596
-46.216817408800125
-33.53133550286293
-36.66622745990753
-38.21402281522751
-40.21877363324165
-36.73076060414314
-38.38955992460251
-42.25682854652405
-42.47341787815094
-51.04728242754936
-53.629932790994644
-53.48538359999657
-54.29997155070305
-51.082508742809296
-52.29419752955437
-45.59006184339523
-46.356976598501205
-45.44908690452576
-46.39336106181145
-53.66739550232887
-53.5553143620491
-50.59539833664894
-51.35906483232975
-60.984741538763046
-62.69081720709801
-45.854564785957336
-45.771619737148285
-58.04309460520744
-56.74928531050682
-43.60603228211403
-45.73791575431824
-47.51334249973297
-48.42740195989609
-52.51459786295891
-53.68593564629555
-58.320425659418106
-58.342479914426804
-44.831143885850906
-46.78774929046631
-51.297977924346924
-52.26943126320839
-44.63290232419968
-47.19337895512581
-36.64513698220253
-38.33074262738228
-52.89619654417038
-56.84812903404236
-68.88700360059738
-71.04777616262436
-54.17470848560333
-55.9568255841732
-41.71869429945946
-42.03218385577202
-50.0344974398613
-51.32326453924179
-61.209175765514374
-59.40428903698921
-43.967929005622864
-45.060326248407364
-49.38509181141853
-50.01800215244293
-48.49998873472214
-49.43007957935333
-35.92006430029869
-33.94161435961723
-46.59040081501007
-47.918931514024734
-49.149319767951965
-47.42767405509949
-48.07398024201393
-50.77857121825218
-36.50534328818321
-37.80143216252327
-41.946120113134384
-43.09819468855858
-49.10232400894165
-48.53629866242409
-43.6594914495945
-46.094672471284866
-48.657270073890686
-50.30813744664192
-55.55494371056557
-56.95283490419388
-45.98964765667915
-45.44158390164375
-48.088848531246185
-50.08357837796211
-45.03181171417236
-46.30802682042122
-44.61158576607704
-46.62129873037338
-59.47696825861931
-61.133174031972885
-49.6104870736599
-49.95794674754143
-40.311388820409775
-39.98031350970268
-45.36520767211914
-46.8782556951046
-44.5441432595253
-45.44578006863594
-52.74277260899544
-54.15894290804863
-46.187484562397
-44.77736124396324
-52.449273347854614
-54.73511219024658
-47.530332028865814
-49.58747413754463
-59.88305750489235
-60.774614959955215
-61.60891881585121
-61.201159566640854
-53.27499118447304
-55.953037679195404
-51.70018735527992
-52.814613312482834
-46.90668511390686
-49.17788761854172
-40.40328788757324
-41.69194549322128
-52.92592266201973
-51.608946323394775
-47.30135577917099
-45.426204055547714
-45.365994065999985
-46.857447892427444
-44.98757258057594
-46.226417034864426
-39.14562863111496
-40.94499325752258
-37.151375621557236
-38.12077882885933
-56.21113961935043
-57.539276689291
-62.44628834724426
-61.362519055604935
-55.787689596414566
-58.596149146556854
-42.741674065589905
-44.66009756922722
-55.969420701265335
-58.11817920207977
-50.5964121222496
-49.15365207195282
-54.38789692521095
-54.8317606151104
-57.918700248003006
-58.12850460410118
-50.91235309839249
-50.10629352927208
-45.72198075056076
-44.11419051885605
-50.483801543712616
-50.224634259939194
-41.185795962810516
-38.66898858547211
-43.05946224927902
-45.56444063782692
-42.11102977395058
-43.20225289463997
-38.932342648506165
-40.796669244766235
-45.16659098863602
-47.54868745803833
-46.36096000671387
-47.466671615839005
-46.30973234772682
-45.04770928621292
-51.32719185948372
-51.60782393813133
-54.337921500205994
-54.736183792352676
-40.57465749979019
-42.543450117111206
-39.11985167860985
-41.06495705246925
-42.985886849462986
-45.09494149684906
-44.90289279818535
-47.634738594293594
-32.03769764304161
-32.03578881919384
-41.08652037382126
-40.74370312690735
-54.77643504738808
-56.51416850090027
-50.85342592000961
-49.30690997838974
-59.83481654524803
-60.52490675449371
-55.178092658519745
-53.78104114532471
-55.53254622220993
-58.536343693733215
-44.74082171916962
-44.840523064136505
-40.68105831742287
-41.24243372678757
-33.348449259996414
-33.65478229522705
-50.0929936170578
-51.589468002319336
-45.37668964266777
-45.742819249629974
-54.417135536670685
-56.15972089767456
-38.61120295524597
-38.02541333436966
-49.8203743994236
-52.00451874732971
-48.0891492664814
-48.60858488082886
-47.79136648774147
-50.639425337314606
-58.444003999233246
-58.792318135499954
-53.67789725214243
-52.93412069231272
-59.719339191913605
-59.44908890128136
-54.20232880115509
-56.717483818531036
-46.484289705753326
-48.144991248846054
-44.44052290916443
-45.291261464357376
-53.12085273861885
-53.77275359630585
-50.96656745672226
-52.76401126384735
-40.004922300577164
-40.020807057619095
-41.136576384305954
-41.56321567296982
-47.51646018028259
-48.145275592803955
-39.55093705654144
-40.306884825229645
-44.36541989445686
-44.52847918868065
-52.651914060115814
-52.70274695754051
-44.002634048461914
-41.9035906791687
-40.501429200172424
-41.32317164540291
-37.17880222201347
-37.15647712349892
-43.380530059337616
-44.60233235359192
-47.14194104075432
-46.94536417722702
-33.55324259400368
-33.95867770910263
-44.72803795337677
-44.66672486066818
-43.143661201000214
-42.86357292532921
-40.84023788571358
-40.80809897184372
-50.09388104081154
-52.31330090761185
-41.40559294819832
-42.175726026296616
-34.37140512466431
-35.10025218129158
-40.86582335829735
-42.761888176202774
-66.27336806058884
-66.32085037231445
-57.76582524180412
-57.35260909795761
-44.604205667972565
-46.79882797598839
-60.87272170186043
-62.18526300787926
-42.178185880184174
-44.103239089250565
-51.38202515244484
-51.969168335199356
-42.534603863954544
-44.48974546790123
-45.86161258816719
-47.17702928185463
-38.81411537528038
-40.96293383836746
-35.27978107333183
-36.6510674059391
-54.65797197818756
-57.101225674152374
-46.89006519317627
-46.95566591620445
-52.7750310562551
-53.3006605617702
-48.65781423449516
-49.68769797682762
-47.79660424590111
-47.211614549160004
-44.27038508653641
-43.36446249485016
-54.849693328142166
-54.110464096069336
-53.52323257923126
-51.43687003850937
-42.374308090656996
-42.42406193818897
-37.614812314510345
-37.184930086135864
-48.248509019613266
-48.411817759275436
-42.88928824663162
-43.6444026529789
-42.02331072092056
-45.32041072845459
-35.33382624387741
-36.910739958286285
-42.505500972270966
-45.273604452610016
-34.547353982925415
-35.76232922077179
-40.69111317396164
-41.24081200361252
-50.22925224900246
-50.709082156419754
-45.952693939208984
-48.346849113702774
-48.5365184545517
-49.680942982435226
-56.43708047270775
-57.97918951511383
-47.959623008966446
-46.89122983813286
-46.99967870116234
-48.00929942727089
-52.44762498140335
-52.797279328107834
-36.48568242788315
-39.17688447237015
-40.78562879562378
-43.16522166132927
-51.039476215839386
-54.03526097536087
-48.81711012125015
-50.62918841838837
-41.14795878529549
-41.597677916288376
-45.85674041509628
-45.418983936309814
-51.24742171168327
-54.180033177137375
-51.701538026332855
-52.533240497112274
-50.62423378229141
-53.63923478126526
-39.26364001631737
-40.66736388206482
-54.8320634663105
-56.94242164492607
-57.3887600004673
-57.727754682302475
-50.970810532569885
-52.13697075843811
-56.730244576931
-56.39261507987976
-40.72072544693947
-42.54019168019295
-30.98587790131569
-33.362385988235474
-52.831417083740234
-54.60770481824875
-45.15850901603699
-46.17458134889603
-52.34751105308533
-54.39233237504959
-40.71099764108658
-42.483887165784836
-46.63988088443875
-47.03311500325799
-52.76957234740257
-51.9585055410862
-46.001047283411026
-44.94930097460747
-46.29398864507675
-46.29643175005913
-52.55747738480568
-55.38880607485771
-42.686981707811356
-44.55300557613373
-59.84279453754425
-61.08302918076515
-46.68881979584694
-46.24372082948685
-42.101288408041
-42.509997457265854
-43.74923938512802
-43.99094885587692
-44.65632727742195
-45.541269302368164
-51.74717953801155
-52.58447054028511
-46.92957779765129
-48.49538445472717
-50.373832017183304
-51.565653681755066
-53.24852856993675
-55.680357187986374
-50.01777771115303
-49.8908913731575
-43.5919129550457
-45.71428570151329
-38.627984791994095
-40.91491612792015
-48.05343434214592
-49.597411036491394
-40.06551751494408
-38.79982963204384
-59.15634083747864
-60.53102046251297
-67.50102970004082
-68.7526284456253
-53.01559016108513
-53.110899925231934
-47.238244473934174
-47.58410561084747
-51.351266384124756
-53.55090072751045
-43.89152443408966
-45.02814221382141
-55.96663039922714
-57.18338069319725
-46.577444553375244
-47.08541885018349
-38.68510004878044
-39.177364498376846
-41.793219953775406
-43.20875287055969
-54.03067201375961
-57.83791819214821
-43.4947644174099
-46.51170915365219
-55.2652984559536
-55.11012798547745
-62.482065707445145
-61.99473559856415
-49.78398782014847
-51.98127791285515
-45.99958607554436
-48.9489486515522
-53.45043483376503
-53.622650384902954
-51.45985800027847
-51.31471708416939
-51.88238272070885
-52.69693133234978
-55.04176038503647
-54.24341827630997
-44.91457751393318
-46.69253635406494
-42.14668396115303
-43.50380462408066
-54.61299157142639
-57.296336740255356
-50.656668335199356
-50.67472589015961
-38.48375475406647
-41.19053640961647
-43.4449257850647
-45.333075165748596
-31.105986058712006
-31.414528489112854
-31.999317318201065
-32.56983810663223
-38.46781608462334
-38.143856793642044
-48.58995985984802
-47.00531628727913
-45.18575048446655
-45.59421941637993
-46.46910744905472
-46.99385613203049
-47.458134204149246
-48.523563265800476
-47.02282354235649
-45.59544795751572
-40.131202042102814
-42.21029657125473
-48.28969693183899
-49.052346646785736
-56.42534565925598
-57.864317715168
-51.150607883930206
-51.60062861442566
-48.64774963259697
-50.55974832177162
-35.58880481123924
-35.65113312005997
-52.140888035297394
-53.30574285984039
-44.859232395887375
-44.30960237979889
-49.325302481651306
-52.36948099732399
-33.72864270210266
-35.58647784590721
-48.03797233104706
-48.33050599694252
-46.08688148856163
-47.1077835559845
-53.63459739089012
-53.2937978208065
-58.101209968328476
-56.89841514825821
-39.44878873229027
-41.86896550655365
-38.912023305892944
-41.26311394572258
-43.73155829310417
-44.88922318816185
-59.123719334602356
-57.99137905240059
-35.08880263566971
-36.254760295152664
-39.627002865076065
-40.09811469912529
-47.59574168920517
-48.78042259812355
-50.60428887605667
-51.76324152946472
-49.31161567568779
-51.16235280036926
-46.67724910378456
-46.9904882311821
-57.043460458517075
-58.34243434667587
-66.04867780208588
-66.26014775037766
-44.19483867287636
-46.39215776324272
-43.34851810336113
-44.455066710710526
-38.9705436527729
-41.22946956753731
-29.72208572924137
-29.558496057987213
-50.35106788575649
-50.62773974984884
-52.658127188682556
-52.797875344753265
-50.298059195280075
-50.994648456573486
-41.67508774995804
-40.72582492232323
-51.94634938240051
-53.609261989593506
-49.60724800825119
-50.037224024534225
-49.85202085971832
-52.62949991226196
-42.352002173662186
-44.16454315185547
-49.0142907500267
-52.02234563231468
-41.79607343673706
-44.261060416698456
-49.30790463089943
-51.07642984390259
-42.345571517944336
-42.80864071846008
-52.87373626232147
-54.5873940885067
-43.364924639463425
-43.69356030225754
-43.73153439164162
-46.09973585605621
-43.553011268377304
-44.546961575746536
-42.53340685367584
-43.067976385354996
-47.294914186000824
-48.348448634147644
-61.90575560927391
-61.78391754627228
-55.60938718914986
-54.22137665748596
-58.23726403713226
-57.16730520129204
-56.31278908252716
-54.91140389442444
-52.923244178295135
-52.869847625494
-47.560863733291626
-46.03597953915596
-61.58298993110657
-62.83686059713364
-46.701372027397156
-44.50456100702286
-59.78294596076012
-62.47624957561493
-42.65489253401756
-43.209455758333206
-38.563799411058426
-40.84859824180603
-34.971893668174744
-36.4253004193306
-40.37292405962944
-43.02573025226593
-42.213561326265335
-44.257508277893066
-40.07151395082474
-40.541161358356476
-32.5021835565567
-30.330092519521713
-43.99634316563606
-43.98137325048447
-48.50840374827385
-47.66998869180679
-48.75154960155487
-51.42122942209244
-41.10968291759491
-41.974562019109726
-54.75013995170593
-56.011931121349335
-44.250113278627396
-44.706288397312164
-52.74561306834221
-55.29609373211861
-47.84933289885521
-49.189749002456665
-52.40199747681618
-52.61488699913025
-48.339466989040375
-48.89707913994789
-44.815035313367844
-46.54873737692833
-43.37048178911209
-44.16670420765877
-47.2469742000103
-47.5046905875206
-40.80827143788338
-40.26835384964943
-43.37910535931587
-42.40374314785004
-34.784918665885925
-33.076078951358795
-51.77006196975708
-53.63512921333313
-43.74680960178375
-44.4141261279583
-43.136362075805664
-43.92289963364601
-63.537925004959106
-65.39694169163704
-60.44489908218384
-61.12293282151222
-76.66030886769295
-76.43642270565033
-50.513157457113266
-52.82379001379013
-60.17270091176033
-61.0831692814827
-44.74835631251335
-46.15223780274391
-40.95943605899811
-42.99882847070694
-41.980384200811386
-42.187344402074814
-58.75676104426384
-56.72860261797905
-41.61100882291794
-41.71916055679321
-53.00218006968498
-53.237922459840775
-45.42007729411125
-47.171700060367584
-41.85538884997368
-43.86067807674408
-50.34901827573776
-53.39502930641174
-39.300275683403015
-40.934258460998535
-57.30262607336044
-59.87999293208122
-43.93069741129875
-44.92791524529457
-47.65621915459633
-49.46322974562645
-43.08733996748924
-43.107767552137375
-48.198986887931824
-48.99062851071358
-50.61823692917824
-50.880870044231415
-55.57413128018379
-57.01495552062988
-52.949912786483765
-52.9649423956871
-45.69701102375984
-46.745026648044586
-52.10998457670212
-52.558119744062424
-53.97476151585579
-55.52533012628555
-43.809118539094925
-44.089001178741455
-68.10206830501556
-68.55767169594765
-60.23859828710556
-60.15164256095886
-47.39420756697655
-48.63490945100784
-46.97228690981865
-48.399277567863464
-57.04213744401932
-59.387169659137726
-48.47603639960289
-48.735489785671234
-53.812385231256485
-56.843611657619476
-64.1291261613369
-64.32134100794792
-44.97029772400856
-45.20772993564606
-44.28403553366661
-42.5945779979229
-45.745815724134445
-48.7956617474556
-37.0716757774353
-39.9185508787632
-48.951813131570816
-47.46906018257141
-46.41910770535469
-44.71925875544548
-52.504833579063416
-52.92276465892792
-47.38861566781998
-47.87058439850807
-44.71710675954819
-46.33675476908684
-44.35145142674446
-45.87905657291412
-43.74821612238884
-46.072635769844055
-33.72151640057564
-35.01813167333603
-48.34113186597824
-51.50966575741768
-48.73768448829651
-50.00393399596214
-46.42176687717438
-47.06980162858963
-54.11412614583969
-54.64557284116745
-35.22122123837471
-37.08869817852974
-42.24000582098961
-43.34642952680588
-54.88993152976036
-58.62791708111763
-47.512171149253845
-49.12960070371628
-40.40522783994675
-43.46703779697418
-51.947090685367584
-53.818271934986115
-53.41081655025482
-54.375198781490326
-50.18743842840195
-49.669468730688095
-48.67459696531296
-48.38609951734543
-50.628128200769424
-49.437914192676544
-48.092409551143646
-50.700669944286346
-44.85881349444389
-44.857140958309174
-39.26875239610672
-41.256353944540024
-43.36998653411865
-44.499318301677704
-41.56974536180496
-42.77503392100334
-48.741115272045135
-48.505147218704224
-41.4934141933918
-44.41366395354271
-41.44314852356911
-43.35454711318016
-51.90387147665024
-53.27534756064415
-46.60638377070427
-47.76471850275993
-49.24233138561249
-51.247570633888245
-47.56832468509674
-50.02421161532402
-43.78449526429176
-44.16306498646736
-47.03733429312706
-45.81143882870674
-50.260369062423706
-51.280935138463974
-46.03975206613541
-46.0172603726387
-49.968120992183685
-49.59389239549637
-56.40625402331352
-57.273982137441635
-47.47020301222801
-46.54551675915718
-53.3105643093586
-53.339811116456985
-68.00676468014717
-69.5886362195015
-48.45539256930351
-47.357087880373
-56.34481206536293
-54.77483204007149
-41.007257133722305
-42.71817907691002
-46.60899034142494
-47.98855435848236
-47.28725862503052
-50.787190437316895
-36.79845428466797
-39.13487735390663
-52.0201550424099
-53.31360939145088
-50.51692470908165
-48.56204962730408
-52.93828961253166
-54.33213567733765
-48.51624897122383
-47.46929511427879
-41.533130913972855
-42.85861572623253
-43.943983405828476
-42.237700670957565
-47.07984575629234
-49.45757594704628
-49.822968274354935
-50.74999490380287
-41.37303048372269
-42.25512117147446
-41.921736150979996
-43.037701308727264
-34.6097067296505
-35.367630153894424
-37.115992307662964
-37.39166963100433
-53.66828641295433
-54.17577165365219
-42.46359917521477
-42.37189573049545
-49.10653203725815
-47.93786522746086
-52.70689985156059
-52.159164637327194
-40.54194179177284
-42.33280757069588
-36.98639675974846
-37.95506617426872
-50.451836705207825
-53.34615930914879
-46.832827776670456
-48.53563404083252
-42.46154251694679
-45.178512543439865
-55.18905994296074
-56.23978281021118
-45.092368215322495
-45.06482857465744
-47.76528796553612
-47.6268130838871
-52.90917560458183
-53.23803439736366
-48.49824234843254
-48.79629570245743
-42.947912096977234
-43.3115451335907
-43.20978528261185
-43.242103695869446
-59.423359394073486
-59.47388821840286
-57.70222982764244
-57.15752437710762
-52.17969340085983
-55.32449132204056
-50.72469472885132
-52.75021547079086
-45.78007701039314
-48.34849888086319
-33.85001266002655
-35.64897921681404
-44.013470977544785
-45.86110192537308
-46.482408821582794
-45.76164922118187
-38.46154621243477
-39.30778330564499
-42.240563809871674
-42.6355085670948
-50.20000123977661
-52.702778071165085
-59.767299860715866
-60.17700093984604
-29.106275111436844
-31.753212094306946
-37.16879880428314
-38.91348040103912
-48.468849301338196
-51.002244621515274
-69.2902182340622
-71.37054869532585
-50.91242066025734
-50.017548471689224
-43.620335817337036
-42.01587116718292
-35.40813156962395
-36.10815379023552
-43.37086808681488
-43.62694665789604
-45.99728786945343
-48.2729906141758
-42.1458278298378
-43.035045832395554
-39.03226017951965
-42.310975551605225
-38.874184012413025
-40.767303705215454
-52.74592599272728
-52.99937120079994
-54.842561930418015
-54.6157528758049
-49.52946722507477
-52.798898071050644
-48.61510497331619
-50.45292180776596
-48.55235683917999
-50.93257489800453
-35.964383244514465
-37.171168476343155
-53.00773099064827
-53.73555639386177
-46.86247745156288
-45.45738157629967
-45.753120452165604
-49.35691848397255
-33.944263964891434
-36.46613037586212
-45.17668876051903
-47.90597614645958
-30.01076990365982
-30.965331822633743
-52.41482976078987
-54.45978346467018
-50.330481708049774
-51.34227812290192
-51.42701601982117
-52.344632387161255
-51.37598243355751
-52.414484441280365
-51.51761928200722
-52.89702692627907
-51.350670009851456
-51.97943702340126
-49.18710666894913
-50.4548045694828
-58.6055691242218
-56.954963237047195
-49.8879930973053
-53.11609098315239
-40.85139459371567
-41.84136617183685
-61.56937423348427
-62.53789457678795
-72.00441458821297
-72.26279547810555
-60.41978293657303
-60.296296149492264
-54.40204992890358
-54.572060734033585
-38.284981936216354
-39.95710176229477
-46.9801219701767
-47.570954501628876
-39.89708736538887
-40.080730229616165
-35.932821810245514
-36.22962927818298
-50.143146097660065
-50.00420060753822
-43.94786375761032
-44.16747644543648
-40.96390116214752
-41.225296795368195
-63.38341844081879
-63.37834790349007
-45.77370274066925
-46.42310670018196
-47.36693015694618
-47.28024360537529
-53.99643266201019
-56.01346415281296
-51.2209392786026
-51.28674703836441
-55.50817221403122
-55.28854185342789
-54.731810718774796
-53.86543929576874
-48.75138080120087
-48.93712455034256
-51.443489491939545
-51.10335174202919
-40.78833815455437
-42.111084282398224
-36.4964285492897
-37.22498229146004
-40.88562619686127
-41.26960447430611
-41.4536367058754
-42.142057090997696
-35.05132535845041
-34.4322446398437
-62.23747864365578
-60.98921099305153
-42.066184520721436
-45.69455850124359
-42.99245285987854
-45.508945524692535
-52.08103185892105
-54.78288036584854
-38.85373017191887
-40.902244091033936
-40.45646494626999
-41.719403594732285
-42.5098175406456
-42.956382781267166
-45.15450695157051
-46.775574415922165
-51.11715993285179
-51.719713032245636
-50.27505370974541
-53.85090461373329
-49.3342370390892
-51.086619436740875
-51.620862543582916
-53.269969791173935
-55.42342981696129
-56.03384155035019
-44.43523061275482
-44.982139855623245
-48.43011149764061
-48.74622243642807
-35.40442371368408
-38.40469065308571
-34.83484989404678
-37.081783056259155
-53.878850281238556
-55.97664412856102
-42.90130841732025
-42.68849450349808
-43.515612334012985
-44.17617118358612
-40.69403123855591
-40.7264601290226
-44.45068773627281
-47.58564940094948
-46.70981425046921
-47.58339560031891
-51.80582541227341
-53.531069219112396
-69.76739633083344
-70.32111009955406
-34.734541445970535
-35.480887442827225
-40.64221587777138
-40.91019722819328
-51.445311069488525
-54.720508962869644
-48.50797173380852
-49.64854943752289
-53.98668336868286
-55.52210187911987
-56.86084243655205
-56.68471935391426
-54.905009746551514
-56.70678099989891
-47.444515377283096
-47.528498113155365
-53.218726724386215
-54.22257962822914
-49.588801085948944
-50.05394172668457
-53.47046607732773
-55.75712329149246
-42.930156856775284
-44.23744052648544
-39.498826920986176
-42.43528571724892
-43.09906390309334
-45.40140551328659
-51.84612503647804
-53.56862857937813
-44.423742443323135
-45.163762241601944
-46.611173659563065
-47.9020514190197
-39.63232159614563
-40.41069623827934
-46.09341058135033
-47.38319817185402
-47.646962374448776
-47.88473719358444
-58.90393143892288
-58.38288617134094
-55.340644896030426
-54.45999738574028
-51.8126063644886
-52.087927997112274
-48.463094830513
-47.47590148448944
-43.94193485379219
-45.20008057355881
-41.41929057240486
-42.661049991846085
-56.974695175886154
-58.85317933559418
-42.11836162209511
-42.84416997432709
-40.15735575556755
-41.41992011666298
-35.39188566803932
-36.66786602139473
-55.68276545405388
-57.234263241291046
-48.39681676030159
-48.02416652441025
-53.77444154024124
-55.63770779967308
-63.687225699424744
-64.19006416201591
-41.92908352613449
-42.95257857441902
-37.39071914553642
-38.667412757873535
-50.06030356884003
-52.34333983063698
-47.08095896244049
-48.35330572724342
-57.754993975162506
-60.57678884267807
-53.39974021911621
-53.31556764245033
-40.29025435447693
-41.90758812427521
-33.218445748090744
-32.497663766145706
-40.254460364580154
-42.44711634516716
-43.554146230220795
-44.238773196935654
-44.12036803364754
-46.28497442603111
-43.8053859770298
-45.26157948374748
-34.48571676015854
-36.319438725709915
-36.192507147789
-37.33273936808109
-43.73149001598358
-44.344374001026154
-44.07429477572441
-45.77431723475456
-53.50647732615471
-53.206855803728104
-60.322021812200546
-58.67437371611595
-49.57085731625557
-50.01224032044411
-44.447191655635834
-43.92606148123741
-52.270956963300705
-55.03790155053139
-47.16260167956352
-47.88561859726906
-56.12972602248192
-58.52798879146576
-46.682358741760254
-46.16728985309601
-49.668132334947586
-51.58329692482948
-52.31271967291832
-53.978078573942184
-42.92837631702423
-45.96295675635338
-32.95098531246185
-34.05737456679344
-60.13942316174507
-59.97495213150978
-49.95846489071846
-49.9187186062336
-43.21082240343094
-46.23821657896042
-45.729615211486816
-47.438954412937164
-58.74069681763649
-61.70151397585869
-53.31906270980835
-54.025213450193405
-49.976685255765915
-50.76921683549881
-66.85773944854736
-66.16824153065681
-43.774444460868835
-45.72280564904213
-39.78061228990555
-39.603297650814056
-43.44236218929291
-46.39662277698517
-38.731692641973495
-39.59670466184616
-45.74263861775398
-46.044764786958694
-45.146520495414734
-45.9336034655571
-57.3059039413929
-59.35838907957077
-50.966969430446625
-50.78607243299484
-55.00416687130928
-56.592411160469055
-47.00825473666191
-46.77402901649475
-51.754971385002136
-52.25452050566673
-48.12821760773659
-47.39252629876137
-36.910845190286636
-37.539553850889206
-38.557133451104164
-37.803149446845055
-55.15414056181908
-58.59522673487663
-49.43859004974365
-51.041501224040985
-57.79586800932884
-58.76224556565285
-46.35020926594734
-45.59243360161781
-45.0094268321991
-44.54390907287598
-56.99450132250786
-57.6038513481617
-45.800382018089294
-46.75249344110489
-44.82020032405853
-44.58148092031479
-45.359096586704254
-45.96486014127731
-43.17535957694054
-43.85859236121178
-52.2166745364666
-52.866301119327545
-52.347495168447495
-50.91379997134209
-46.86516650766134
-47.595254734158516
-46.66435191035271
-47.51913571357727
-53.26161754131317
-55.21164220571518
-51.619837671518326
-51.98379662632942
-49.455583065748215
-53.08026698231697
-49.065151154994965
-50.56940999627113
-45.68884240090847
-46.31672601029277
-43.48805245757103
-44.01404830813408
-48.2336031794548
-49.71960172057152
-38.78225818276405
-37.743422627449036
-47.16916012763977
-49.99581450223923
-43.114413768053055
-44.25043177604675
-42.502869725227356
-44.79184052348137
-50.56644108891487
-52.79155498743057
-38.577011317014694
-40.919727116823196
-57.27612438797951
-58.95711848139763
-44.164434641599655
-44.56932008266449
-48.75084772706032
-49.74581387639046
-52.33644998073578
-54.27198466658592
-43.888962149620056
-44.50868049263954
-44.04922088980675
-45.2415326833725
-34.98046877980232
-35.63367477059364
-56.53326761722565
-59.41432720422745
-44.45645359158516
-44.10328269004822
-62.66570022702217
-63.721197724342346
-51.517684400081635
-50.78791171312332
-51.0197488963604
-51.86325719952583
-47.7080414891243
-49.02687168121338
-52.488210409879684
-54.74368041753769
-50.60361897945404
-51.548718988895416
-54.96907863020897
-57.96815079450607
-44.721614718437195
-44.680678606033325
-34.92044672369957
-37.681844145059586
-40.51259997487068
-43.8494778573513
-47.89522783085704
-48.1328469440341
-57.0096161365509
-56.64525607228279
-49.50296947360039
-51.68281599879265
-49.82343053817749
-50.94832623004913
-38.84623196721077
-40.161157310009
-40.64359351992607
-42.654386043548584
-45.129213362932205
-45.27342423796654
-41.66401073336601
-42.68343088030815
-46.71407002210617
-47.314906626939774
-43.222377091646194
-43.740440368652344
-49.858464032411575
-51.622880429029465
-43.837394535541534
-42.82261735200882
-47.18694907426834
-49.002060770988464
-39.99907034635544
-41.35361713171005
-61.28720432519913
-61.67091968655586
-50.39014291763306
-50.26325073838234
-52.01851198077202
-53.119142949581146
-64.11592239141464
-64.277816593647
-47.181906551122665
-48.698151618242264
-41.46008861064911
-41.635243922472
-53.59798401594162
-56.47375249862671
-52.32830849289894
-54.61757853627205
-51.66139644384384
-52.02633818984032
-41.416824012994766
-40.290164321660995
-41.86588081717491
-41.2610148191452
-61.40299412608147
-59.859507501125336
-40.50788486003876
-43.46826386451721
-33.284726828336716
-34.52199059724808
-58.89066061377525
-59.23433676362038
-46.79578095674515
-46.61083498597145
-64.00384113192558
-64.99028542637825
-55.40401449799538
-54.778285443782806
-45.89753568172455
-49.474086970090866
-40.24459928274155
-41.99934992194176
-55.594418078660965
-57.028590977191925
-47.0522540807724
-45.5945138335228
-49.019052147865295
-50.844261676073074
-34.102373003959656
-34.042241245508194
-48.207678735256195
-49.19650328159332
-48.98671340942383
-50.28107726573944
-58.43421649932861
-59.88470143079758
-52.33218875527382
-51.418601751327515
-44.185701817274094
-45.19292101264
-41.71835780143738
-42.88058429956436
-49.00011071562767
-50.362420827150345
-40.12253153324127
-39.4734822511673
-46.967161417007446
-47.86843165755272
-59.564975172281265
-59.08805450797081
-54.53264671564102
-55.287452816963196
-39.342480182647705
-40.29303738474846
-58.43653851747513
-57.444320887327194
-48.61180365085602
-47.37346467375755
-40.57440227270126
-41.450242295861244
-41.08711555600166
-41.0031555891037
-49.07571989297867
-49.09327805042267
-50.025363981723785
-49.264008194208145
-50.81513491272926
-53.53257146477699
-44.92981377243996
-45.74254450201988
-48.502759754657745
-51.43121939897537
-43.26719078421593
-44.03849267959595
-38.3778178691864
-39.344655841588974
-41.119732439517975
-40.50298309326172
-63.379652976989746
-63.60880133509636
-61.26155433058739
-60.57895776629448
-60.76240795850754
-60.63871690630913
-61.291696190834045
-59.95556539297104
-49.24413242936134
-52.83345726132393
-47.161479979753494
-47.999846041202545
-48.14237064123154
-48.95341244339943
-43.21971929073334
-43.447127401828766
-43.17621627449989
-45.54852157831192
-50.709896594285965
-51.61395800113678
-54.32939901947975
-56.40514722466469
-44.60381934046745
-44.12621667981148
-50.27455046772957
-51.832913905382156
-48.170680582523346
-49.07076841592789
-50.0497904419899
-51.30299708247185
-54.81881123781204
-56.288280338048935
-40.307660937309265
-42.48796656727791
-40.91547566652298
-42.44854807853699
-44.97772952914238
-45.735256403684616
-51.72474965453148
-51.77603134512901
-44.67415088415146
-47.91575574874878
-57.573187440633774
-58.82113564014435
-51.55381265282631
-53.700918197631836
-44.98783078789711
-46.310719549655914
-57.32141900062561
-58.41582763195038
-52.929472118616104
-53.300705164670944
-61.43324011564255
-62.782352954149246
-45.63048629462719
-44.7139276266098
-40.66945431008935
-40.65876843780279
-41.00672775506973
-40.06052607297897
-53.80598431825638
-54.39824241399765
-57.017196625471115
-56.143266916275024
-62.24954995512962
-64.74257302284241
-53.559449166059494
-52.70276042819023
-43.33808374404907
-45.562620371580124
-43.87807273864746
-44.471282094717026
-41.86062178015709
-43.5311883687973
-44.17302647233009
-45.48759850859642
-43.70493680238724
-46.534427523612976
-51.702279925346375
-53.50911599397659
-56.59299999475479
-58.15587055683136
-51.7539721429348
-50.94767493009567
-50.944258630275726
-52.703043818473816
-40.553323835134506
-40.451677829027176
-50.3534882068634
-53.24809780716896
-44.91641202569008
-46.08676689863205
-52.54692405462265
-55.65725526213646
-37.748078137636185
-38.982801645994186
-55.21831348538399
-57.625455528497696
-47.51559144258499
-48.98777335882187
-33.407986618578434
-34.063165217638016
-39.85132792592049
-40.78156927227974
-49.153146058321
-53.12890627980232
-41.4004225730896
-42.68643319606781
-41.484011739492416
-44.234665274620056
-46.84370869398117
-49.45019653439522
-48.83946120738983
-49.667162507772446
-51.348584562540054
-52.84528627991676
-47.26136612892151
-49.14686742424965
-41.2183555662632
-39.483275800943375
-51.84718665480614
-54.977603018283844
-49.054163843393326
-50.06230139732361
-55.41229805350304
-55.29722702503204
-67.70627710223198
-66.50875595211983
-55.63095819950104
-57.44173112511635
-44.56294083595276
-44.59121510386467
-40.980563163757324
-42.23568722605705
-30.995772778987885
-30.43455335497856
-55.70995759963989
-59.13465029001236
-59.84086713194847
-60.438492596149445
-39.90388807654381
-41.15716549754143
-42.700835317373276
-42.80175939202309
-47.10421359539032
-49.65580713748932
-38.55911701917648
-39.46278041601181
-57.44121053814888
-58.3369462788105
-51.632803201675415
-51.378184765577316
-53.80592221021652
-56.40623366832733
-49.538150787353516
-50.410034507513046
-42.15830224752426
-43.82281595468521
-50.06364807486534
-50.08461984992027
-37.03371739387512
-40.27760860323906
-29.6674961745739
-32.134284526109695
-53.490235686302185
-55.514521062374115
-49.525441348552704
-51.0964957177639
-40.77051132917404
-42.272652834653854
-45.400451838970184
-45.50395745038986
-44.91633081436157
-47.48527139425278
-45.862287014722824
-48.52607601881027
-43.234118580818176
-42.89286029338837
-46.88900452852249
-46.504335314035416
-52.900760769844055
-53.31683546304703
-53.36642426252365
-52.96674904227257
-44.04010719060898
-44.747951567173004
-52.39225199818611
-55.467679142951965
-47.81618478894234
-49.537891030311584
-52.538223803043365
-53.110655426979065
-49.95892959833145
-49.79958361387253
-50.05656546354294
-51.8971785902977
-39.66219797730446
-39.95327562093735
-48.7502364218235
-49.36762425303459
-45.703891694545746
-46.56535378098488
-47.311156272888184
-49.47411930561066
-57.60109519958496
-56.23214662075043
-43.68254813551903
-44.7618225812912
-44.44031983613968
-43.50263112783432
-62.68631508946419
-63.42569196224213
-59.61152899265289
-60.78410452604294
-63.85207515954971
-64.83011102676392
-53.05927520990372
-53.806495904922485
-41.96616047620773
-44.2183099091053
-44.87128612399101
-46.56426548957825
-48.76688605546951
-51.96334317326546
-57.94305777549744
-59.515214174985886
-54.38069748878479
-57.17817139625549
-51.258343905210495
-51.65708243846893
-52.87835782766342
-54.46067810058594
-53.60955461859703
-53.40325888991356
-52.39543762803078
-53.755591213703156
-66.923927038908
-68.80645856261253
-51.73016095161438
-50.881850481033325
-44.27291685342789
-44.04395258426666
-36.19995620846748
-34.38679474592209
-49.48591074347496
-50.18666324019432
-47.263345032930374
-47.942986220121384
-50.34190398454666
-53.077358931303024
-49.07554778456688
-51.647251546382904
-48.043086528778076
-48.67081645131111
-48.877808064222336
-47.21117344498634
-59.89939996600151
-60.11662748456001
-56.818768829107285
-56.264073222875595
-40.02924293279648
-39.46680501103401
-32.17548704147339
-30.76505771279335
-42.477372497320175
-43.352688282728195
-45.725301027297974
-47.80658635497093
-49.269243001937866
-52.41076871752739
-42.491742849349976
-43.060603976249695
-47.37904489040375
-50.057552963495255
-56.83832770586014
-57.307741522789
-51.03927609324455
-51.81508368253708
-42.5597228705883
-43.43490618467331
-50.17362505197525
-52.46698331832886
-39.521966964006424
-40.56392738223076
-42.35627004504204
-42.900538593530655
-42.934569507837296
-43.84005492925644
-41.99882045388222
-41.341799437999725
-37.63606286048889
-35.94936779141426
-58.356689900159836
-62.1250025331974
-57.188120633363724
-58.77129966020584
-37.85404857993126
-40.79963916540146
-31.831359177827835
-32.16839820146561
-47.16237184405327
-47.36420878767967
-43.71135297417641
-44.456183075904846
-63.532275795936584
-64.48039558529854
-51.47569987177849
-51.32665613293648
-52.65018159151077
-52.70416072010994
-52.17338675260544
-50.1674425303936
-44.53009349107742
-44.8881741464138
-48.909121453762054
-49.76113447546959
-45.218358278274536
-45.274434983730316
-41.32383352518082
-41.73178017139435
-43.4154976606369
-42.43725499510765
-34.0984693467617
-33.971985429525375
-48.93557342886925
-50.077219158411026
-47.44857585430145
-47.591587632894516
-42.897743195295334
-45.23043754696846
-51.58653602004051
-53.00041824579239
-45.00605544447899
-48.39951691031456
-45.982128977775574
-48.36628621816635
-42.53583589196205
-43.561838418245316
-41.07083585858345
-40.50875177979469
-51.467163026332855
-53.190367579460144
-45.089486837387085
-46.976973593235016
-57.123269468545914
-59.082248121500015
-51.11385536193848
-52.96547159552574
-49.47686067223549
-51.037484019994736
-42.50220575928688
-42.56585666537285
-45.47966456413269
-46.33023536205292
-49.63669395446777
-49.021030604839325
-50.43314078450203
-52.96759480237961
-41.74297535419464
-42.88125491142273
-52.108303517103195
-54.56693655252457
-47.47441676259041
-47.63882753252983
-40.90524044632912
-43.56985414028168
-34.3857459127903
-35.49892309308052
-60.2855030298233
-60.44129556417465
-53.47994518280029
-53.2900684773922
-45.798159301280975
-49.101499170064926
-33.73211354017258
-34.727328300476074
-54.634295493364334
-56.27936106920242
-52.458221048116684
-51.41280037164688
-39.032395750284195
-41.71622061729431
-47.68067675828934
-47.44851738214493
-58.48696690797806
-60.29643791913986
-53.41683527827263
-53.169528633356094
-50.30743110179901
-53.668793588876724
-48.17810145020485
-49.15034952759743
-40.33485358953476
-41.73808777332306
-40.80604940652847
-42.32180371880531
-56.80496188998222
-59.48413610458374
-49.38836649060249
-49.82437115907669
-52.92720094323158
-53.939414381980896
-51.58532124757767
-51.82165667414665
-49.42833951115608
-51.93132334947586
-50.0381655395031
-50.16779005527496
-51.372289130464196
-50.167301944456995
-53.1638642847538
-51.178868889808655
-47.29177838563919
-48.26905232667923
-46.31679594516754
-45.807805985212326
-35.30164313316345
-36.829661160707474
-33.92351144552231
-35.39185273647308
-48.970434457063675
-51.55339443683624
-48.964118242263794
-50.63856217265129
-37.03906574472785
-38.73529611900449
-40.40958443284035
-42.557484179735184
-49.779337882995605
-50.64172741770744
-46.817532390356064
-46.055172830820084
-49.93359777331352
-51.344216495752335
-43.781102776527405
-42.9217124581337
-53.52045491337776
-54.33150342106819
-46.61179679632187
-47.76768556237221
-36.400701493024826
-39.56222042441368
-41.758707731962204
-44.70684993267059
-40.590612798929214
-41.70090076327324
-37.841961324214935
-37.79838278889656
-49.68354642391205
-52.370399951934814
-39.579315930604935
-40.08231782913208
-44.92374891042709
-46.03271460533142
-53.16830784082413
-53.6109384894371
-42.881127923727036
-44.31561294198036
-46.421572506427765
-48.29489755630493
-41.874073803424835
-43.56194469332695
-48.26936447620392
-49.523396372795105
-39.26886570453644
-40.354572623968124
-44.75791621208191
-44.95276764035225
-38.14156186580658
-38.83280810713768
-39.04140192270279
-40.265002846717834
-46.55544692277908
-46.93354094028473
-42.20381683111191
-41.90339580178261
-57.361883997917175
-59.38534492254257
-47.9092053771019
-48.77798491716385
-54.52292284369469
-57.27478602528572
-43.53240367770195
-44.428288370370865
-46.264461398124695
-46.54452681541443
-42.986985236406326
-43.222083568573
-43.31929987668991
-43.02592924237251
-54.202096074819565
-52.450359016656876
-39.24011790752411
-39.67370116710663
-36.91713699698448
-36.13394674658775
-40.181172877550125
-41.103543907403946
-49.9361210167408
-48.09319284558296
-53.56258121132851
-57.08797359466553
-54.33493083715439
-56.170158714056015
-42.13991788029671
-42.56151935458183
-46.25094127655029
-46.59451225399971
-55.95516961812973
-56.95788183808327
-62.91758814454079
-63.34597855806351
-42.70886415243149
-44.0872822701931
-36.92792984843254
-38.07981523871422
-53.519613176584244
-55.48311001062393
-41.08639466762543
-39.911834836006165
-40.694660782814026
-43.36227434873581
-46.425211787223816
-48.02662435173988
-53.488785952329636
-53.753841787576675
-53.78414365649223
-53.828404903411865
-49.14129999279976
-51.08735075592995
-43.92682754993439
-44.12142750620842
-43.46526136994362
-44.28824785351753
-48.31596419215202
-49.72952261567116
-53.33457311615348
-52.22247040271759
-54.778432339429855
-53.34553822875023
-48.291354805231094
-49.4538331925869
-40.681075006723404
-41.149988532066345
-48.7207268178463
-51.02863168716431
-37.64496284723282
-37.47100046277046
-43.89824104309082
-44.94893351197243
-51.44197800755501
-52.35127851366997
-52.553661823272705
-54.7257054746151
-51.623912662267685
-52.240325808525085
-61.025764495134354
-63.64063075184822
-43.987472891807556
-45.21128925681114
-50.939572632312775
-52.124529987573624
-66.65908148884773
-67.96759483218193
-44.34125128388405
-44.700546234846115
-48.92846104502678
-48.68279919028282
-41.16381600499153
-44.012019485235214
-38.57675224542618
-40.85450503230095
-54.50661727786064
-57.428671687841415
-48.4559500515461
-49.734687596559525
-43.36565199494362
-45.04381597042084
-38.75520393252373
-38.6819432079792
-37.78316476941109
-40.36028799414635
-33.739362597465515
-36.5008819103241
-49.76823738217354
-52.21658727526665
-59.816852778196335
-61.52722451090813
-62.21904692053795
-62.122951090335846
-54.913548797369
-54.090922862291336
-48.24569782614708
-50.344378054142
-41.716061264276505
-41.80177462100983
-50.69158497452736
-51.08704987168312
-55.627724677324295
-55.32452642917633
-51.98700541257858
-54.024858236312866
-45.744601398706436
-45.656306087970734
-50.30150842666626
-53.16924011707306
-38.145090878009796
-38.80632808804512
-52.88794657588005
-53.15326169133186
-52.07246175408363
-51.545560866594315
-47.9805046916008
-49.131703436374664
-47.846699833869934
-48.51695999503136
-45.82522245682776
-46.2801378313452
-53.087537467479706
-53.032552778720856
-41.91863393783569
-44.725749492645264
-54.58406937122345
-56.38455739617348
-49.521135330200195
-49.7676559984684
-54.60095652937889
-55.947112530469894
-48.06177508831024
-48.62764596939087
-55.84281325340271
-57.06510731577873
-44.306911051273346
-47.328066140413284
-37.161078959703445
-38.043206453323364
-43.47111678123474
-44.337289690971375
-48.283154368400574
-48.243040323257446
-37.59007489681244
-38.42553471028805
-30.40815070271492
-30.905918180942535
-46.57111174054444
-48.29326067119837
-44.674717515707016
-44.735755890607834
-44.96052905917168
-47.23247209191322
-44.783303678035736
-45.86979827284813
-42.531003415584564
-43.62408909201622
-40.498375326395035
-40.31231373548508
-44.504909098148346
-45.71860730648041
-50.38939180970192
-51.251453787088394
-48.602257162332535
-50.52441158890724
-42.96751046180725
-44.76687142252922
-46.74390411376953
-47.314114183187485
-45.47845906019211
-45.58585438132286
-60.444917768239975
-62.892349034547806
-52.63751929998398
-52.35705941915512
-49.78496769070625
-50.58004853129387
-39.89230562001467
-40.22440353780985
-49.41054204106331
-52.96624431014061
-47.35097002983093
-48.73418352007866
-49.97904807329178
-51.845539301633835
-52.34144330024719
-53.1164488196373
-49.85845196247101
-52.01918879151344
-43.7986726462841
-44.95936372876167
-50.179259181022644
-52.14550691843033
-39.77545240521431
-40.0962073802948
-48.95315498113632
-52.02598509192467
-41.62073287367821
-42.87509813904762
-40.12349110841751
-40.95546790957451
-36.672545313835144
-36.38962396979332
-49.664015889167786
-53.373340934515
-41.298483699560165
-43.53395622968674
-52.136646658182144
-52.47536236047745
-52.379067182540894
-53.24889588356018
-51.10348019003868
-51.53491339087486
-51.48453751206398
-51.96113210916519
-55.42714789509773
-55.655278742313385
-52.06222015619278
-52.671916872262955
-40.75564447045326
-41.294401586055756
-39.89614173769951
-40.22218099236488
-47.098668694496155
-47.52816450595856
-51.79538536071777
-50.52499535679817
-38.48895147442818
-40.669385716319084
-47.52570557594299
-48.76238313317299
-53.70222482085228
-56.60874456167221
-42.97661539912224
-43.70000833272934
-42.43301695585251
-43.7251133620739
-45.651035368442535
-43.94647017121315
-54.241718113422394
-56.23964476585388
-44.684154868125916
-44.673671782016754
-51.5138995051384
-53.802064925432205
-37.56804859638214
-38.30064734816551
-49.5204656124115
-52.278749734163284
-40.66441708803177
-42.893091320991516
-52.620548129081726
-53.74840950965881
-50.25168028473854
-50.88529896736145
-45.33307462930679
-45.93640434741974
-46.96146076917648
-47.058690309524536
-59.672677516937256
-62.91561245918274
-51.23724102973938
-52.70432364940643
-43.09167981147766
-44.85906997323036
-42.773201286792755
-42.591743886470795
-44.13261413574219
-45.911425560712814
-45.70647171139717
-45.734834522008896
-48.22735467553139
-49.52244755625725
-37.64184433221817
-38.413317173719406
-53.267606019973755
-56.705418318510056
-39.432567954063416
-41.30388921499252
-46.761375308036804
-49.07564336061478
-44.0446312725544
-45.555603325366974
-35.73227486014366
-37.400380074977875
-44.48410102725029
-45.47306478023529
-42.32952092587948
-44.29573780298233
-38.85313469544053
-39.08267102390528
-40.687422692775726
-41.044807106256485
-37.98128601908684
-37.44510421156883
-40.0522617995739
-42.32869675755501
-42.89541059732437
-44.46113246679306
-51.59092566370964
-51.722171038389206
-55.631259113550186
-55.94068229198456
-44.04960575699806
-46.40606024861336
-28.80378621816635
-31.059398770332336
-40.712473429739475
-41.09380525350571
-42.104714781045914
-43.615829825401306
-60.14934861660004
-61.70098775625229
-40.19696006178856
-40.434851318597794
-35.23351764678955
-36.750528156757355
-48.93955457210541
-49.65926504135132
-57.56799980998039
-58.591587513685226
-64.88037478923798
-64.60393005609512
-50.536052495241165
-50.492451608181
-49.69106811285019
-50.017248660326004
-48.69359537959099
-47.78476741909981
-46.78434678912163
-44.621468275785446
-53.330524027347565
-52.7112842798233
-53.41398975253105
-53.17542305588722
-46.00502136349678
-46.788110852241516
-52.11397695541382
-51.91148501634598
-54.35045564174652
-56.56694656610489
-50.714163810014725
-51.523774206638336
-45.6205090880394
-46.00912815332413
-51.93492415547371
-52.19832071661949
-40.703179121017456
-42.64148861169815
-35.354255348443985
-35.439706057310104
-44.37561997771263
-45.05598405003548
-43.17254567146301
-43.421269714832306
-51.48687082529068
-53.2731077671051
-46.20211315155029
-46.49211496114731
-51.09152793884277
-52.578801453113556
-48.913508236408234
-51.15342262387276
-42.44397512078285
-41.99524235725403
-40.48535084724426
-40.079250276088715
-53.089506566524506
-54.12166556715965
-44.081563860177994
-42.66578263044357
-53.681374937295914
-54.3572079539299
-51.74786093831062
-51.332559525966644
-42.70516973733902
-45.17768552899361
-63.2595180273056
-65.86395278573036
-54.11552166938782
-57.50049313902855
-62.89948579668999
-63.86277285218239
-56.43015930056572
-58.980927884578705
-44.8115870654583
-47.38499301671982
-51.64713442325592
-55.128914922475815
-42.84522929787636
-43.744543850421906
-55.11754310131073
-56.96308648586273
-44.3588365316391
-43.87450894713402
-46.69886314868927
-49.119690001010895
-47.596709221601486
-47.157570481300354
-48.43484312295914
-47.55047085881233
-53.76031720638275
-51.851592898368835
-43.26322114467621
-42.57876634597778
-34.23432260751724
-33.88849467039108
-60.8459489941597
-63.60183572769165
-48.69904014468193
-50.33227667212486
-47.75789761543274
-49.04377302527428
-53.31470361351967
-54.95378026366234
-50.86834153532982
-53.44030261039734
-41.59435534477234
-43.363318264484406
-44.673484563827515
-45.48606112599373
-45.977345645427704
-47.87316980957985
-51.46081945300102
-54.4069707095623
-41.80109456181526
-43.76338976621628
-40.78529745340347
-41.89441055059433
-60.33829000592232
-60.83068639039993
-37.22579547762871
-38.27513810992241
-40.40086096525192
-41.74025300145149
-55.019186824560165
-58.619017601013184
-43.30339977145195
-45.93137255311012
-36.4760959148407
-38.32582364231348
-48.26688030362129
-50.25940975546837
-50.1818453669548
-53.842972964048386
-51.4715313911438
-53.926265001297
-55.369606375694275
-57.46643748879433
-56.16262724995613
-56.59869182109833
-49.32211199402809
-52.82573142647743
-52.37002211809158
-54.82365292310715
-46.98306807875633
-51.12833321094513
-44.524338871240616
-46.00697007775307
-44.61799204349518
-47.1756637096405
-46.868251502513885
-48.69075706601143
-42.987307369709015
-42.890183970332146
-43.6544890999794
-42.07801216840744
-40.7745615541935
-40.51475676894188
-39.60885879397392
-39.32652750611305
-49.47725823521614
-52.34093874692917
-43.26929375529289
-44.02870997786522
-39.577296286821365
-41.8933707177639
-36.271226584911346
-38.89272275567055
-45.53674954175949
-46.72372302412987
-44.46797466278076
-45.36545604467392
-49.6734661757946
-50.98128366470337
-48.86624097824097
-49.6852026283741
-50.823133289813995
-51.40637192130089
-51.40016716718674
-52.330940932035446
-53.23452055454254
-55.867141008377075
-43.58713859319687
-43.16412070393562
-52.85684230923653
-54.924328088760376
-45.33967715501785
-46.966172218322754
-56.01942998170853
-57.67999109625816
-62.801981806755066
-63.450326055288315
-49.970536917448044
-50.79819202423096
-43.843500316143036
-42.20951974391937
-41.14739215373993
-43.1919686794281
-40.34980547428131
-42.147040873765945
-50.39478379487991
-51.67058718204498
-53.38719304651022
-53.313991747796535
-55.51009181141853
-54.881338715553284
-51.012517154216766
-52.600896418094635
-42.915697157382965
-43.28838965296745
-54.62057885527611
-55.6338227391243
-44.651283890008926
-42.33089140057564
-46.02621069550514
-46.82693448662758
-42.79072952270508
-42.893060356378555
-53.75737687945366
-56.77539151906967
-68.57920891046524
-70.52483189105988
-48.044818848371506
-51.47409453988075
-35.39158448576927
-37.04886922240257
-59.84474757313728
-60.85339626669884
-47.46873018145561
-48.350329637527466
-46.14623638987541
-46.88615596294403
-48.10453483462334
-48.7029609978199
-43.15064615011215
-44.28822958469391
-55.64130985736847
-55.48513036966324
-43.16506803035736
-45.39231690764427
-33.954508155584335
-33.927273243665695
-38.911488860845566
-39.64388248324394
-47.315547198057175
-48.73296970129013
-40.14399594068527
-41.13579675555229
-48.081881165504456
-49.717824190855026
-37.06265667080879
-38.94922384619713
-55.798096388578415
-57.90787756443024
-45.38669568300247
-47.628098994493484
-45.18107011914253
-44.80681139230728
-39.94636106491089
-40.43531084060669
-46.08868071436882
-45.50831472873688
-44.580736726522446
-45.43819931149483
-59.177340507507324
-59.88476413488388
-47.1623201072216
-50.484954446554184
-44.80606263875961
-47.22651943564415
-42.04700204730034
-44.274504750967026
-36.811974823474884
-37.85824799537659
-36.19258204102516
-37.17184987664223
-34.63296967744827
-35.95946630835533
-44.734902292490005
-47.9307886660099
-34.75317257642746
-36.600220054388046
-44.9554987847805
-48.94203579425812
-42.52320462465286
-44.64920398592949
-61.39572325348854
-60.76275900006294
-55.885171204805374
-54.66896739602089
-48.04785570502281
-50.33678376674652
-44.866607785224915
-43.31118732690811
-43.02675914764404
-43.38754650950432
-38.22033369541168
-37.40367388725281
-41.9534156024456
-42.34801006317139
-36.0888207256794
-36.310577750205994
-53.44790217280388
-54.58396643400192
-40.88515463471413
-41.488743245601654
-51.74265497922897
-55.09362506866455
-50.46750035881996
-51.20580479502678
-54.258256316185
-56.86756283044815
-52.64925506711006
-53.60381415486336
-49.38887467980385
-50.17560574412346
-43.35774439573288
-41.76127263903618
-48.99091321229935
-48.579617232084274
-51.08665227890015
-50.72896620631218
-44.49131353199482
-43.984392151236534
-45.454348504543304
-44.010163962841034
-60.550459176301956
-61.99436777830124
-53.826326340436935
-54.687774151563644
-49.52993109822273
-51.42836129665375
-36.16889637708664
-35.32991111278534
-51.873954236507416
-52.610091745853424
-52.17465090751648
-52.65373474359512
-42.41926717758179
-44.49719253182411
-31.567403882741928
-31.400853902101517
-51.336281061172485
-52.963392198085785
-41.6206414103508
-40.51805230975151
-41.378591269254684
-41.53889447450638
-35.29776692390442
-35.48090460896492
-62.433711498975754
-64.43763157725334
-56.70890226960182
-58.985652059316635
-37.61018744111061
-38.748729318380356
-39.88875016570091
-38.5144137442112
-39.35200969129801
-40.66817606240511
-51.33258327841759
-52.47243294119835
-45.34772077202797
-46.572758227586746
-41.83774483203888
-43.45590183138847
-47.37758272886276
-48.85290735960007
-47.033779829740524
-49.463690012693405
-45.69303196668625
-47.88668718934059
-44.89582943916321
-45.986245304346085
-38.8351186811924
-39.967094987630844
-41.0072902739048
-41.03801640868187
-49.519221395254135
-51.89203181862831
-35.76688648760319
-36.898857578635216
-51.20604249835014
-51.85248675942421
-39.09710368514061
-39.50691533088684
-51.019021928310394
-52.796844094991684
-47.358843207359314
-49.301347970962524
-58.21439617872238
-60.936111748218536
-54.139729142189026
-54.680517584085464
-46.627395927906036
-48.10158348083496
-58.77537998557091
-59.40998908877373
-58.60133972764015
-60.05745196342468
-55.818034678697586
-56.08492428064346
-50.147080928087234
-53.382858246564865
-42.60646140575409
-44.35823607444763
-54.729234397411346
-55.280097633600235
-47.68275374174118
-48.7629950940609
-51.98811960220337
-54.66366019845009
-41.582677096128464
-42.168385833501816
-47.888560593128204
-49.2819881439209
-47.2474927008152
-46.78195375204086
-33.051319897174835
-34.88724634051323
-30.654756724834442
-32.7310585975647
-44.8572998046875
-45.85554197430611
-43.85463482141495
-44.25969025492668
-45.88137724995613
-47.78236445784569
-39.353395611047745
-40.14502331614494
-43.02537441253662
-44.7439621090889
-44.277091324329376
-44.8594713807106
-53.253193795681
-56.46206557750702
-44.74577510356903
-45.760694056749344
-42.31909230351448
-45.405057579278946
-45.18892580270767
-46.83069449663162
-63.83965086936951
-65.83903080224991
-40.91824260354042
-42.025201976299286
-45.189913123846054
-46.91825753450394
-43.366177052259445
-43.786712765693665
-38.77728495001793
-38.88969898223877
-41.136706322431564
-44.507249504327774
-39.46781703829765
-42.19081601500511
-48.00019398331642
-51.33768221735954
-47.72876042127609
-47.889487504959106
-47.99089130759239
-49.76263031363487
-47.30590072274208
-48.16400283575058
-44.51419314742088
-46.063839823007584
-49.055916637182236
-49.89270216226578
-49.3581440448761
-49.57484006881714
-52.09613478183746
-50.91741192340851
-46.696339309215546
-49.55179113149643
-41.27322316169739
-42.633123219013214
-31.690912649035454
-31.818587064743042
-33.413170367479324
-32.28957384824753
-57.19784343242645
-59.05532109737396
-43.40536242723465
-44.439178228378296
-45.048685908317566
-46.782566606998444
-36.024533689022064
-36.97995454072952
-53.51261442899704
-53.50361007452011
-66.68877297639847
-67.4047974050045
-35.031909227371216
-35.89895921945572
-40.19463738799095
-40.48557364940643
-59.113894045352936
-61.425540298223495
-55.84273287653923
-54.16445058584213
-45.5776564180851
-46.25543349981308
-43.16810390353203
-42.87557592988014
-38.196162074804306
-40.091436207294464
-45.14633023738861
-46.586161106824875
-50.498784244060516
-53.165973365306854
-41.47226211428642
-41.18679144978523
-46.987903475761414
-47.95396187901497
-46.42991802096367
-46.77500459551811
-42.0692472755909
-44.64113321900368
-47.2431962788105
-49.59633165597916
-50.36662209033966
-52.88857862353325
-50.81887671351433
-52.31320542097092
-50.24441862106323
-51.434879422187805
-37.21467745304108
-37.558703154325485
-46.31539869308472
-48.308832943439484
-45.49226024746895
-46.41365584731102
-52.170025795698166
-54.9994615316391
-56.06307718157768
-57.23857206106186
-43.67936956882477
-45.444139778614044
-39.710768669843674
-40.602145075798035
-55.85872718691826
-56.29808834195137
-48.438116014003754
-48.65021613240242
-45.500500828027725
-48.76677951216698
-35.34926149249077
-36.57364013791084
-43.42973640561104
-45.904892295598984
-47.11369639635086
-49.151060700416565
-36.17362517118454
-36.31754434108734
-35.47595578432083
-36.50156843662262
-46.8468874245882
-47.77930490672588
-52.12065005302429
-52.85767024755478
-50.55724734067917
-51.90906184911728
-63.26522505283356
-65.26931548118591
-56.8704999089241
-60.85844126343727
-46.68100568652153
-49.50120624899864
-40.71241411566734
-42.53717651963234
-37.28766843676567
-38.21206450462341
-43.070904552936554
-44.24520906805992
-49.83932742476463
-49.685026943683624
-45.00753873586655
-45.173326045274734
-43.547511875629425
-42.26162853837013
-48.09364739060402
-46.65964639186859
-45.2432781457901
-45.06419610977173
-51.73446202278137
-52.74747884273529
-53.13359355926514
-54.251925230026245
-42.17767605185509
-45.58544862270355
-37.277869671583176
-38.66740530729294
-53.51667660474777
-55.898948311805725
-54.251659989356995
-55.84411743283272
-44.944197088479996
-45.5134060382843
-44.44445353746414
-44.829912573099136
-54.04637888073921
-56.9405317902565
-52.54329031705856
-54.13355249166489
-47.88850310444832
-48.99437394738197
-42.22552290558815
-43.63726603984833
-49.080335319042206
-48.766251891851425
-58.14395794272423
-56.74149125814438
-63.87597170472145
-64.9329676926136
-57.43297755718231
-58.22532743215561
-40.82931327819824
-40.93974831700325
-44.59271943569183
-43.37437653541565
-42.00740957260132
-44.069102734327316
-38.143067210912704
-39.09138676524162
-53.28914913535118
-54.33294314146042
-45.14699873328209
-44.17027127742767
-40.330525398254395
-42.94506648182869
-48.000799775123596
-49.546548038721085
-45.683479219675064
-48.10283479094505
-51.06256029009819
-53.98966500163078
-49.03433433175087
-50.14858782291412
-63.50515043735504
-64.4906767308712
-56.382560551166534
-59.078623592853546
-49.32586336135864
-49.41436982154846
-41.970931708812714
-43.28466325998306
-46.19105553627014
-46.14297169446945
-50.14428499341011
-53.3330896794796
-48.23883217573166
-50.185870826244354
-44.27215999364853
-46.517842411994934
-31.866937071084976
-32.552236109972
-47.054493278265
-49.91496577858925
-52.00683695077896
-54.51509511470795
-50.031610280275345
-51.84083899855614
-38.42821624875069
-38.42869272828102
-47.22576642036438
-48.10922917723656
-52.323912769556046
-51.470213413238525
-49.649689108133316
-48.139288038015366
-46.162190675735474
-44.59328755736351
-48.63701635599136
-52.02473020553589
-55.809943944215775
-56.17807850241661
-56.65696057677269
-59.051536321640015
-48.41479417681694
-49.97991102933884
-46.64250138401985
-48.275944113731384
-59.65395414829254
-60.00361132621765
-43.43067067861557
-46.52021560072899
-41.81502103805542
-44.44275206327438
-50.8707258105278
-54.862413704395294
-44.7689214348793
-45.75274509191513
-44.71454933285713
-45.249418556690216
-41.07290107011795
-41.43225109577179
-57.35891732573509
-60.2212969660759
-48.55644765496254
-49.66462668776512
-59.15973490476608
-60.738966941833496
-53.412464290857315
-53.97101530432701
-46.233410090208054
-48.93600136041641
-47.328173607587814
-47.89508545398712
-48.81980663537979
-49.32427340745926
-46.421467304229736
-46.57573014497757
-47.77373653650284
-50.74879336357117
-42.83208215236664
-44.81784802675247
-44.25025952234864
-44.180305778980255
-51.979863345623016
-51.54351654648781
-43.00902524590492
-44.73021778464317
-39.724100828170776
-42.015029937028885
-46.013354271650314
-48.34153163433075
-52.116259306669235
-53.93165099620819
-53.92534816265106
-54.665070593357086
-34.41509947180748
-35.10924047231674
-46.907065987586975
-49.134189426898956
-42.99827301502228
-44.41432908177376
-49.435427367687225
-52.583360105752945
-46.19423392415047
-47.12425395846367
-46.83068406581879
-49.81923866271973
-43.307012259960175
-44.837112963199615
-45.881561648100615
-47.16405365243554
-40.161974638700485
-39.970213294029236
-34.92950090765953
-35.459379851818085
-43.2990882396698
-43.06951546669006
-54.51704588532448
-55.67422270774841
-44.09108579158783
-43.48881885409355
-50.72174772620201
-50.02252212166786
-42.79153695702553
-41.22748878598213
-36.39794859290123
-37.165077328681946
-32.10430607199669
-31.069366931915283
-56.355614840984344
-56.66409721970558
-56.5392150580883
-56.67598080635071
-49.89044314622879
-50.48038271069527
-60.24865564703941
-60.40333351492882
-47.395503640174866
-49.688108801841736
-45.416566640138626
-46.671225160360336
-44.802030861377716
-45.47083008289337
-44.69475147128105
-44.60675171017647
-50.475848495960236
-52.452276200056076
-62.494190007448196
-61.12617337703705
-41.82647639513016
-44.84681415557861
-32.01593053340912
-32.81093040108681
-47.68962213397026
-50.81291615962982
-40.734047561883926
-42.59766066074371
-54.65339836478233
-57.428138107061386
-58.45264706015587
-58.12771984934807
-43.300268948078156
-46.48322516679764
-37.13265910744667
-39.382647663354874
-45.91945818066597
-47.06856068968773
-49.49078160524368
-51.27916470170021
-41.376783818006516
-42.0855929851532
-36.87734445929527
-36.59511440992355
-41.58423592150211
-42.569819362834096
-48.7312114238739
-48.73525404930115
-49.46020120382309
-51.83791992068291
-43.8544887304306
-44.93255537748337
-41.72248166799545
-42.974385380744934
-47.21479368209839
-47.29135659337044
-53.10821634531021
-55.10384249687195
-43.45187509059906
-41.99639946222305
-40.39036437869072
-42.76133808493614
-54.17792546749115
-55.67398250102997
-36.844154357910156
-38.159150034189224
-35.479491263628006
-36.76652619242668
-38.81446415185928
-41.18909505009651
-60.69210687279701
-63.1773117184639
-52.03093767166138
-53.42722102999687
-50.68694323301315
-49.665755808353424
-43.02342427521944
-42.490106392651796
-53.622094452381134
-53.48835036158562
-39.815472066402435
-41.39134031534195
-34.02567294239998
-35.36918416619301
-46.66178870201111
-46.314033418893814
-45.09877613186836
-43.97666245698929
-46.07820528745651
-48.20805874466896
-44.21414735913277
-46.06112512946129
-43.91560262441635
-46.222144305706024
-45.98377904295921
-46.7710394859314
-45.07147419452667
-48.5563639998436
-43.59357309341431
-45.73958858847618
-52.736694633960724
-55.76653715968132
-49.45877096056938
-50.15830838680267
-40.45092487335205
-40.82410532236099
-39.717433482408524
-40.03484931588173
-42.86579844355583
-42.1005465388298
-45.40596053004265
-45.11105301976204
-51.584248930215836
-51.25307175517082
-52.449612349271774
-52.70930802822113
-41.66859617829323
-43.65997087955475
-44.58627265691757
-45.05500504374504
-53.08420819044113
-53.234737664461136
-51.981715589761734
-52.6869900226593
-38.781840682029724
-41.26228070259094
-37.42044687271118
-39.77794259786606
-46.837256103754044
-49.399598866701126
-47.995411306619644
-49.61174774169922
-56.0982905626297
-55.85488757491112
-45.51295667886734
-44.75017473101616
-39.883659452199936
-40.980604112148285
-44.75002923607826
-44.642891108989716
-58.4413580596447
-60.63938707113266
-51.25217363238335
-52.15522435307503
-38.36648163199425
-40.1462000310421
-40.45615088939667
-42.7522577047348
-53.091243624687195
-54.56739190220833
-69.88831281661987
-71.76833018660545
-49.41328921914101
-50.96702289581299
-48.25665274262428
-48.33464699983597
-47.93120649456978
-50.01643657684326
-43.21352994441986
-43.803236931562424
-43.75766924023628
-45.42304074764252
-42.572199910879135
-43.882319688797
-54.1348220705986
-54.310269236564636
-45.62346109747887
-44.00345331430435
-57.88289347290993
-59.09580463171005
-40.1767164170742
-40.136454313993454
-45.29150924086571
-47.01774653792381
-50.69566121697426
-51.12591287493706
-46.96200031042099
-50.157711923122406
-57.23936519026756
-58.07818806171417
-55.89993128180504
-54.35441017150879
-56.41796472668648
-55.67513543367386
-53.62953498959541
-54.48163193464279
-34.50636984407902
-34.08518563210964
-38.97737282514572
-39.631330490112305
-40.39737656712532
-40.586035549640656
-46.71048903465271
-47.32047840952873
-45.69380196928978
-46.467570304870605
-48.131187200546265
-48.21622550487518
-49.430644512176514
-48.992753118276596
-47.21501052379608
-46.467303425073624
-57.423892080783844
-56.81155639886856
-54.41328528523445
-56.69242483377457
-58.89988225698471
-59.417106598615646
-43.345353454351425
-44.94064882397652
-42.39293509721756
-43.960509449243546
-48.96761626005173
-49.81151148676872
-44.66898947954178
-45.862305998802185
-27.77095895819366
-28.54404902085662
-36.64552342891693
-38.53023099899292
-46.95196691155434
-49.28659161925316
-42.574029475450516
-44.38146936893463
-45.35615944862366
-47.4566468000412
-42.21467623114586
-42.78806045651436
-48.50061121582985
-50.07055649161339
-43.736597180366516
-44.76492494344711
-38.179258584976196
-39.55455017089844
-41.76832103729248
-40.25449526309967
-50.56501993536949
-52.80525299906731
-48.8381128013134
-49.38837358355522
-51.58612084388733
-50.84612825512886
-68.33931431174278
-66.65953278541565
-49.435337126255035
-51.21229067444801
-53.98853784799576
-56.148669987916946
-51.44887241721153
-53.045989483594894
-42.85488882660866
-44.89400538802147
-51.443914115428925
-53.05567401647568
-50.71888646483421
-50.54120424389839
-45.1498786509037
-44.57670530676842
-36.70035868883133
-39.594057857990265
-42.16680556535721
-43.09415438771248
-37.152381867170334
-38.49584245681763
-35.7377353310585
-34.78301349282265
-47.36536079645157
-49.70451292395592
-43.68138939142227
-44.51212665438652
-53.74803364276886
-55.87175250053406
-54.014181703329086
-54.01716294884682
-43.80063933134079
-45.37414640188217
-44.52252659201622
-44.5591384768486
-47.99130567908287
-47.638220846652985
-45.51335483789444
-45.26022204756737
-41.12736612558365
-41.78568160533905
-47.54250857234001
-47.07513651251793
-44.11885279417038
-44.540605664253235
-51.6431642472744
-52.207660883665085
-53.52337771654129
-54.86773806810379
-41.47200873494148
-42.02590426802635
-32.40496325492859
-33.11292254924774
-43.90669524669647
-45.35306939482689
-41.82318231463432
-44.67492961883545
-34.655183881521225
-36.80395150184631
-40.56785649061203
-41.93222722411156
-43.528070360422134
-44.760675847530365
-47.19909259676933
-49.60308396816254
-38.46100986003876
-40.43719759583473