8.61838436126709
9.138190269470215
10.367507934570312
10.689865112304688
8.870078086853027
9.251696586608887
9.145631790161133
9.50973892211914
8.500877380371094
9.120488166809082
10.461902618408203
10.613362312316895
8.928448677062988
9.27136516571045
9.031512260437012
9.479619979858398
8.671621322631836
9.544426918029785
10.473762512207031
11.31822395324707
9.16138744354248
9.582911491394043
9.250953674316406
10.319393157958984
8.577923774719238
9.54240608215332
10.452616691589355
11.353309631347656
9.129063606262207
9.542147636413574
9.092094421386719
10.24513053894043
8.860757827758789
9.293045043945312
10.443685531616211
10.854043960571289
10.029894828796387
10.28684139251709
9.42848014831543
9.919511795043945
8.796588897705078
9.143900871276855
10.28643798828125
10.488040924072266
9.747281074523926
10.018521308898926
9.299044609069824
9.601167678833008
8.795948028564453
9.440534591674805
10.433056831359863
11.076343536376953
9.928394317626953
10.299482345581055
9.521614074707031
10.183481216430664
8.78919792175293
9.493753433227539
10.476628303527832
11.137094497680664
9.932672500610352
10.280022621154785
9.421333312988281
10.093622207641602
8.388810157775879
8.23210620880127
10.004905700683594
10.113816261291504
9.240025520324707
8.979114532470703
9.259198188781738
9.081461906433105
8.3563232421875
8.23382568359375
10.047582626342773
10.01982307434082
9.264278411865234
8.957019805908203
9.142138481140137
8.999451637268066
7.771035194396973
8.869382858276367
9.759220123291016
10.667984962463379
8.651280403137207
9.748920440673828
8.582870483398438
10.003134727478027
7.737789154052734
8.885154724121094
9.724478721618652
10.693072319030762
8.587182998657227
9.69520092010498
8.472190856933594
9.891671180725098
8.274408340454102
8.957612991333008
10.379735946655273
10.910161972045898
9.148045539855957
9.337006568908691
9.084623336791992
9.7474365234375
8.010396003723145
8.723526000976562
10.084348678588867
10.369256973266602
8.924514770507812
8.927632331848145
8.814491271972656
9.395776748657227
8.391927719116211
8.665151596069336
10.349465370178223
10.672164916992188
8.830232620239258
9.292532920837402
9.21850299835205
9.795634269714355
8.176752090454102
8.496040344238281
10.2660551071167
10.64018440246582
8.757909774780273
9.217156410217285
8.948712348937988
9.598062515258789
7.497045516967773
8.190071105957031
9.434894561767578
10.290571212768555
7.83776330947876
8.76440143585205
8.217248916625977
9.10569953918457
7.453544616699219
8.241582870483398
9.45543098449707
10.246084213256836
7.793467998504639
8.721735954284668
8.11143684387207
9.027000427246094
7.60695743560791
8.337430000305176
9.719295501708984
10.140024185180664
8.581341743469238
8.752132415771484
8.442327499389648
9.593157768249512
7.5935492515563965
8.342867851257324
9.726713180541992
10.161031723022461
8.523419380187988
8.741530418395996
8.350337028503418
9.466949462890625
7.852149963378906
8.464689254760742
10.460586547851562
11.529876708984375
8.983248710632324
9.187196731567383
8.92363166809082
9.302729606628418
7.684502124786377
8.288137435913086
9.970617294311523
10.860316276550293
8.8877534866333
8.88039493560791
8.611327171325684
8.965841293334961
8.448244094848633
9.091785430908203
11.281843185424805
11.614608764648438
9.319355964660645
9.7615327835083
9.148107528686523
10.258403778076172
8.309547424316406
9.05898666381836
11.050008773803711
11.506013870239258
9.203927040100098
9.680906295776367
8.8338623046875
10.069767951965332
8.164623260498047
8.606266975402832
10.26873779296875
10.310144424438477
9.257176399230957
9.145800590515137
9.418519020080566
9.66761589050293
7.971590042114258
8.46730899810791
9.936748504638672
9.938447952270508
9.002388000488281
8.97661304473877
9.20224380493164
9.387910842895508
8.412370681762695
8.972097396850586
10.444304466247559
11.049458503723145
9.129307746887207
9.53767204284668
9.674383163452148
10.412049293518066
8.247729301452637
8.842798233032227
10.34823989868164
11.019893646240234
9.022652626037598
9.48384952545166
9.438636779785156
10.21092414855957
9.176283836364746
9.569143295288086
10.602469444274902
11.096700668334961
9.74943733215332
9.838922500610352
9.734054565429688
10.078125
9.017253875732422
9.563512802124023
10.258674621582031
10.993769645690918
9.475858688354492
9.889473915100098
9.487593650817871
10.091357231140137
9.25845718383789
9.894122123718262
10.949973106384277
11.0300931930542
9.770170211791992
10.067927360534668
9.766091346740723
10.53494930267334
9.175843238830566
9.83189868927002
10.892210006713867
10.963898658752441
9.742164611816406
9.970746994018555
9.631584167480469
10.368062973022461
8.350452423095703
8.600781440734863
10.155448913574219
10.4519681930542
8.892805099487305
9.208864212036133
8.946006774902344
9.08228874206543
8.330514907836914
8.732783317565918
10.146652221679688
10.290434837341309
8.897659301757812
9.214510917663574
8.866693496704102
9.181209564208984
8.188766479492188
9.241382598876953
10.097086906433105
10.89158821105957
9.010855674743652
9.466972351074219
8.786734580993652
10.026463508605957
8.155279159545898
9.289862632751465
10.067768096923828
10.919857025146484
8.935521125793457
9.417217254638672
8.65659236907959
9.951884269714355
8.98867416381836
9.224038124084473
10.886740684509277
11.245149612426758
9.170559883117676
9.24867057800293
9.689542770385742
9.660394668579102
8.862778663635254
9.114070892333984
10.879331588745117
11.23475170135498
9.219609260559082
9.257360458374023
9.436326026916504
9.461079597473145
9.114267349243164
9.95440673828125
11.18687629699707
11.479352951049805
9.382831573486328
9.89303970336914
9.650264739990234
10.791460990905762
9.037618637084961
9.893244743347168
11.188573837280273
11.505900382995605
9.390541076660156
9.880183219909668
9.50499153137207
10.600038528442383
8.472712516784668
8.943387985229492
10.252819061279297
11.18333911895752
9.485100746154785
9.5858736038208
9.36594009399414
9.693886756896973
8.167986869812012
8.71483325958252
9.800352096557617
10.579081535339355
9.170624732971191
9.271597862243652
8.893319129943848
9.371646881103516
8.61599063873291
9.441446304321289
10.977762222290039
11.302980422973633
9.582439422607422
10.226515769958496
9.41996955871582
10.458760261535645
8.489355087280273
9.323820114135742
10.827216148376465
11.188448905944824
9.44601821899414
10.058972358703613
9.13796329498291
10.219648361206055
9.196273803710938
9.498785972595215
11.126958847045898
11.435370445251465
9.651272773742676
9.888009071350098
9.837019920349121
10.173696517944336
9.113040924072266
9.41922378540039
11.005599975585938
11.237038612365723
9.489053726196289
9.708765983581543
9.680095672607422
9.986345291137695
9.377447128295898
9.436853408813477
11.376605987548828
11.478721618652344
9.9581298828125
9.972756385803223
9.99897289276123
10.201959609985352
9.328788757324219
9.413066864013672
11.355648040771484
11.493022918701172
9.965291023254395
9.968498229980469
9.883545875549316
10.136486053466797
7.704947471618652
8.537498474121094
9.519859313964844
9.809134483337402
8.24095630645752
8.375218391418457
8.294914245605469
8.921099662780762
7.850466728210449
8.75218391418457
9.580118179321289
9.752270698547363
8.347311973571777
8.508038520812988
8.296886444091797
9.11776351928711
8.077345848083496
8.6264009475708
9.719822883605957
10.480497360229492
8.441983222961426
8.98783016204834
8.665093421936035
9.465959548950195
8.145259857177734
8.731038093566895
9.809566497802734
10.664549827575684
8.470527648925781
9.095609664916992
8.629079818725586
9.4430513381958
6.964260578155518
7.650046348571777
9.16812515258789
9.810039520263672
8.567493438720703
8.981298446655273
8.045515060424805
8.628000259399414
6.7971296310424805
7.619660377502441
8.969532012939453
9.521419525146484
8.299049377441406
8.860920906066895
7.822081565856934
8.445052146911621
7.091957092285156
7.693662643432617
9.441591262817383
9.833799362182617
8.588797569274902
9.001527786254883
8.027088165283203
9.059310913085938
6.962879657745361
7.510964870452881
9.339751243591309
9.763555526733398
8.497369766235352
8.859204292297363
7.839113712310791
8.83991813659668
9.532196044921875
9.720861434936523
11.52360725402832
11.089656829833984
9.564234733581543
9.014677047729492
10.165093421936035
10.026558876037598
9.249431610107422
9.758508682250977
11.354680061340332
11.179020881652832
9.46751880645752
9.265400886535645
9.977468490600586
10.132902145385742
9.608420372009277
10.010801315307617
11.306182861328125
12.089244842529297
9.378178596496582
10.139925956726074
10.24972915649414
10.636006355285645
9.67141056060791
10.009452819824219
11.37024974822998
12.174127578735352
9.409198760986328
10.146672248840332
10.318032264709473
10.685401916503906
8.584198951721191
9.181220054626465
10.486783027648926
11.428667068481445
9.479711532592773
10.03603744506836
9.516766548156738
10.271219253540039
8.508016586303711
9.16759204864502
10.420432090759277
11.187811851501465
9.43195629119873
9.738672256469727
9.268914222717285
9.948604583740234
8.963208198547363
9.343119621276855
10.947603225708008
10.76693058013916
9.94589900970459
9.836122512817383
9.95068073272705
10.350885391235352
8.866461753845215
9.290145874023438
10.907615661621094
10.804485321044922
9.857017517089844
9.808782577514648
9.758572578430176
10.1932373046875
9.115851402282715
9.648459434509277
10.93799114227295
11.467278480529785
9.3091402053833
10.054803848266602
9.467164993286133
10.077152252197266
9.013306617736816
9.508902549743652
10.848649024963379
11.43277645111084
9.282095909118652
9.96561050415039
9.350044250488281
9.867271423339844
9.651548385620117
9.778512954711914
11.622076034545898
11.345943450927734
10.260964393615723
9.826375007629395
10.162834167480469
10.452510833740234
9.634160995483398
9.720452308654785
11.67103385925293
11.333791732788086
10.295849800109863
9.789463996887207
10.080343246459961
10.38320541381836
8.056081771850586
8.607149124145508
9.731380462646484
10.387680053710938
8.358280181884766
8.808833122253418
8.619802474975586
9.194129943847656
8.014374732971191
8.682859420776367
9.716257095336914
10.28315544128418
8.338693618774414
8.78131103515625
8.567800521850586
9.281692504882812
8.060235023498535
9.388202667236328
9.975190162658691
10.859268188476562
8.71958065032959
9.392186164855957
8.726152420043945
10.383306503295898
8.038469314575195
9.445096969604492
9.99821662902832
10.897811889648438
8.68163013458252
9.384565353393555
8.638779640197754
10.389423370361328
8.81517219543457
9.671173095703125
10.786518096923828
11.369765281677246
9.073979377746582
9.844951629638672
9.47890853881836
10.141414642333984
8.752574920654297
9.469320297241211
10.712953567504883
11.200029373168945
9.07666301727295
9.732929229736328
9.278264999389648
9.882001876831055
9.62614917755127
9.261279106140137
11.481786727905273
10.955083847045898
10.018988609313965
9.473658561706543
10.163314819335938
9.992454528808594
9.582515716552734
9.260849952697754
11.516204833984375
10.983636856079102
10.034303665161133
9.46947193145752
10.064085006713867
9.859819412231445
7.249272346496582
8.533336639404297
9.36392593383789
10.370943069458008
8.301823616027832
8.895943641662598
8.050220489501953
9.18559455871582
7.228346824645996
8.568126678466797
9.405208587646484
10.310665130615234
8.402234077453613
8.785893440246582
7.982594013214111
9.125519752502441
8.16849422454834
8.7257719039917
10.152802467346191
10.771385192871094
8.830815315246582
9.335634231567383
8.837324142456055
9.992452621459961
8.047038078308105
8.63932991027832
10.06547737121582
10.63955307006836
8.713671684265137
9.238607406616211
8.594141006469727
9.776559829711914
8.171056747436523
8.563364028930664
9.993130683898926
10.546143531799316
9.434773445129395
9.505191802978516
8.98714828491211
9.229162216186523
7.91265869140625
8.285387992858887
9.331693649291992
9.551813125610352
8.886369705200195
8.836567878723145
8.509546279907227
8.795743942260742
8.026649475097656
8.866437911987305
9.904874801635742
10.268111228942871
9.018075942993164
9.530707359313965
8.689502716064453
9.741799354553223
7.878137111663818
8.70174503326416
9.77328872680664
10.145402908325195
8.910114288330078
9.37366008758545
8.455411911010742
9.517215728759766
9.035374641418457
8.869140625
11.05350399017334
10.571793556213379
9.77529239654541
9.767526626586914
9.562480926513672
9.266570091247559
8.793123245239258
8.619525909423828
10.508856773376465
9.846920013427734
9.394948959350586
9.310824394226074
9.301576614379883
8.90567398071289
8.333169937133789
9.167329788208008
9.983919143676758
10.94952392578125
9.197299003601074
9.465963363647461
8.841485023498535
9.90170669555664
8.252943992614746
9.113924980163574
9.932894706726074
10.947710037231445
9.167404174804688
9.41374397277832
8.695938110351562
9.831367492675781
8.527263641357422
8.84732723236084
10.659616470336914
11.354764938354492
8.821656227111816
9.287175178527832
9.066028594970703
9.471244812011719
8.47675609588623
8.943212509155273
10.489643096923828
11.337203979492188
8.57554817199707
9.226543426513672
8.866270065307617
9.458126068115234
8.564432144165039
9.430899620056152
10.905265808105469
11.134847640991211
9.20045280456543
9.41981315612793
9.276654243469238
10.341646194458008
8.599363327026367
9.40707015991211
10.950693130493164
11.149800300598145
9.205350875854492
9.40734577178955
9.197492599487305
10.212099075317383
8.720367431640625
9.203779220581055
10.99981689453125
11.337154388427734
9.25829029083252
9.53976821899414
9.46342658996582
9.817026138305664
8.591662406921387
8.910905838012695
10.962320327758789
10.929754257202148
9.131768226623535
9.112919807434082
9.205418586730957
9.338141441345215
8.74751091003418
9.35700798034668
10.750655174255371
11.62171745300293
9.119674682617188
9.6754732131958
9.41462516784668
10.323610305786133
8.583675384521484
9.255232810974121
10.650697708129883
11.596855163574219
8.96782398223877
9.548748016357422
9.151552200317383
10.055471420288086
8.009160995483398
8.618678092956543
9.641828536987305
10.203788757324219
9.23415470123291
9.140311241149902
8.881730079650879
9.182302474975586
7.977238655090332
8.632516860961914
9.491662979125977
9.94555377960205
8.957159042358398
9.00268268585205
8.641860961914062
9.159369468688965
8.0360107421875
8.62765884399414
9.653745651245117
10.176618576049805
8.785554885864258
9.518756866455078
8.635920524597168
9.54313850402832
7.988581657409668
8.643433570861816
9.66537857055664
10.200328826904297
8.75341510772705
9.409261703491211
8.478376388549805
9.371918678283691
7.660278797149658
8.2196044921875
9.267145156860352
9.661879539489746
8.12986946105957
8.723930358886719
8.297871589660645
8.806302070617676
7.5989603996276855
8.210237503051758
9.161674499511719
9.55988597869873
8.037145614624023
8.712759017944336
8.181558609008789
8.805676460266113
8.007248878479004
8.65283489227295
9.493913650512695
9.93990707397461
8.8287935256958
8.876324653625488
8.55644416809082
9.593851089477539
7.9875946044921875
8.675535202026367
9.562423706054688
9.989285469055176
8.822693824768066
8.8809175491333
8.441986083984375
9.437358856201172
7.543107032775879
8.084750175476074
8.959415435791016
9.379746437072754
7.859847068786621
8.524306297302246
7.932791233062744
8.661735534667969
7.591555595397949
8.167062759399414
8.988855361938477
9.317005157470703
7.8064141273498535
8.530487060546875
7.91923713684082
8.69614315032959
7.645388603210449
8.456079483032227
9.193815231323242
9.910614013671875
8.34482479095459
8.663482666015625
8.205657958984375
9.305728912353516
7.661593437194824
8.572272300720215
9.246047019958496
9.987510681152344
8.305910110473633
8.660353660583496
8.112142562866211
9.248249053955078
8.107037544250488
8.54478645324707
10.274630546569824
10.500534057617188
9.485106468200684
9.292609214782715
8.881402969360352
9.138686180114746
7.90633487701416
8.212775230407715
9.676572799682617
9.532838821411133
8.89229965209961
8.684849739074707
8.497772216796875
8.62076187133789
7.851939678192139
8.617767333984375
9.5634126663208
10.360260963439941
8.661023139953613
9.317073822021484
8.424419403076172
9.492332458496094
7.719826698303223
8.496175765991211
9.436084747314453
10.3049898147583
8.549015045166016
9.179059028625488
8.194820404052734
9.293577194213867
9.235138893127441
9.542776107788086
10.889910697937012
11.249433517456055
9.40407657623291
9.62194538116455
9.762691497802734
9.954927444458008
9.136516571044922
9.564510345458984
10.75462818145752
11.157129287719727
9.293621063232422
9.561635971069336
9.58570384979248
9.884288787841797
9.20230770111084
9.560206413269043
11.073521614074707
11.16600227355957
9.647448539733887
9.71898365020752
9.674778938293457
10.211901664733887
9.193778038024902
9.565755844116211
11.108779907226562
11.221927642822266
9.660746574401855
9.763141632080078
9.606714248657227
10.143701553344727
7.787428855895996
8.463031768798828
9.55453872680664
10.528823852539062
8.550711631774902
9.091489791870117
8.625458717346191
9.246953010559082
7.743805885314941
8.491066932678223
9.642080307006836
10.419062614440918
8.695137023925781
9.122308731079102
8.555294036865234
9.279716491699219
8.118722915649414
8.82642936706543
10.137585639953613
10.275538444519043
9.19750690460205
9.375487327575684
8.904081344604492
9.994236946105957
8.052715301513672
8.801776885986328
10.12714958190918
10.327472686767578
9.143035888671875
9.368688583374023
8.751070976257324
9.865630149841309
8.299132347106934
8.708067893981934
10.1624755859375
10.801899909973145
9.191056251525879
9.455693244934082
9.153943061828613
9.569110870361328
8.193681716918945
8.743932723999023
10.185772895812988
10.86673355102539
9.191960334777832
9.42090129852295
8.9231538772583
9.402023315429688
8.42691707611084
9.033183097839355
10.319865226745605
10.641642570495605
9.367321968078613
9.631285667419434
9.217150688171387
10.02479362487793
8.293566703796387
8.899283409118652
10.392658233642578
10.668110847473145
9.34360122680664
9.583311080932617
9.028289794921875
9.810319900512695
8.180070877075195
8.456753730773926
9.374092102050781
9.160898208618164
8.743006706237793
8.501550674438477
8.660636901855469
8.624496459960938
8.317042350769043
8.565855026245117
9.409269332885742
9.022993087768555
8.916379928588867
8.6320219039917
8.713482856750488
8.690011978149414
7.918206691741943
8.664438247680664
9.111662864685059
10.043140411376953
8.472604751586914
9.425994873046875
8.362930297851562
9.389699935913086
7.90763521194458
8.6905517578125
9.162089347839355
10.15495491027832
8.479819297790527
9.482194900512695
8.224534034729004
9.301136016845703
8.658648490905762
9.285383224487305
10.184642791748047
10.859781265258789
9.315070152282715
9.411622047424316
9.267906188964844
9.820470809936523
8.503439903259277
9.290907859802246
10.094710350036621
10.824892044067383
9.198254585266113
9.393957138061523
9.081769943237305
9.781639099121094
8.803681373596191
9.524316787719727
10.549442291259766
10.954319953918457
9.313112258911133
9.77560043334961
9.258505821228027
10.253341674804688
8.755522727966309
9.514123916625977
10.544151306152344
10.98241901397705
9.300787925720215
9.699816703796387
9.120122909545898
10.13264274597168
8.574310302734375
9.236225128173828
10.20357608795166
11.245307922363281
8.843936920166016
9.301840782165527
9.066490173339844
9.736265182495117
8.554267883300781
9.244194030761719
10.199146270751953
10.972123146057129
8.716586112976074
9.071011543273926
9.02017593383789
9.662895202636719
8.647427558898926
9.51268196105957
10.6639404296875
11.036746978759766
9.008352279663086
9.422172546386719
9.183008193969727
10.169076919555664
8.716538429260254
9.624032974243164
10.688131332397461
11.149507522583008
8.961292266845703
9.443270683288574
9.165566444396973
10.146251678466797
8.540789604187012
8.843445777893066
10.745360374450684
11.016348838806152
9.383954048156738
9.601396560668945
9.372220993041992
9.780924797058105
8.574419021606445
8.842779159545898
10.725828170776367
10.87875747680664
9.47887134552002
9.562414169311523
9.420371055603027
9.728675842285156
8.802366256713867
8.91805362701416
10.867159843444824
11.020484924316406
9.479180335998535
9.484421730041504
9.782838821411133
9.958173751831055
8.762465476989746
8.902002334594727
10.849605560302734
11.02558708190918
9.461346626281738
9.472790718078613
9.676765441894531
9.912216186523438
9.450573921203613
9.726142883300781
11.352095603942871
10.964706420898438
9.870614051818848
10.156926155090332
9.914997100830078
10.090157508850098
9.344720840454102
9.633013725280762
11.187403678894043
10.796934127807617
9.68484878540039
10.039121627807617
9.754645347595215
9.869464874267578
9.270652770996094
9.561051368713379
10.902505874633789
11.524349212646484
10.09487247467041
10.11968994140625
9.74832534790039
10.099739074707031
9.214044570922852
9.54300594329834
10.924291610717773
11.566802978515625
10.087964057922363
10.132450103759766
9.63617992401123
10.053762435913086
8.473348617553711
9.158449172973633
9.815959930419922
10.546942710876465
9.021367073059082
9.31259536743164
9.217483520507812
9.810216903686523
8.401559829711914
9.191232681274414
9.641265869140625
10.388866424560547
8.90119743347168
9.388104438781738
9.03883171081543
9.76213264465332
8.693717956542969
9.30301570892334
10.429844856262207
10.562524795532227
9.279680252075195
9.724581718444824
9.368915557861328
10.272159576416016
8.640632629394531
9.290913581848145
10.413352012634277
10.523386001586914
9.260029792785645
9.647371292114258
9.20819091796875
10.132087707519531
8.925089836120605
9.403321266174316
10.699918746948242
11.170162200927734
9.988346099853516
9.989572525024414
9.732779502868652
10.041889190673828
8.72659683227539
9.380390167236328
10.342170715332031
10.806879043579102
9.572518348693848
9.78254508972168
9.329925537109375
9.895293235778809
8.899516105651855
9.454059600830078
10.799015045166016
11.029256820678711
9.811463356018066
10.296675682067871
9.57996654510498
10.310659408569336
8.868473052978516
9.39244270324707
10.766160011291504
11.007735252380371
9.770710945129395
10.182870864868164
9.445662498474121
10.147116661071777
8.377522468566895
8.975555419921875
10.516193389892578
10.886905670166016
9.46540641784668
9.581170082092285
9.171036720275879
9.640380859375
8.374046325683594
9.078866958618164
10.604758262634277
10.917093276977539
9.500425338745117
9.542567253112793
9.14192008972168
9.646970748901367
9.010952949523926
9.307065963745117
10.99374008178711
11.089288711547852
9.78591251373291
10.025060653686523
9.826866149902344
10.284845352172852
9.02667236328125
9.38515567779541
11.037063598632812
11.211111068725586
9.828059196472168
10.106155395507812
9.807073593139648
10.294475555419922
8.389518737792969
9.017597198486328
10.033431053161621
10.600204467773438
9.457547187805176
9.825162887573242
8.955293655395508
9.652151107788086
8.356371879577637
9.002340316772461
10.068489074707031
10.384214401245117
9.384709358215332
9.701315879821777
8.914020538330078
9.535139083862305
8.577166557312012
9.156164169311523
10.12704086303711
10.931280136108398
9.612794876098633
9.913869857788086
9.264726638793945
9.958080291748047
8.56348991394043
9.183724403381348
10.233027458190918
11.033744812011719
9.620574951171875
9.90777587890625
9.146162033081055
9.862899780273438
9.12348461151123
9.406624794006348
10.708688735961914
11.047286987304688
9.682393074035645
9.786333084106445
9.731335639953613
9.914094924926758
8.923181533813477
9.342731475830078
10.442859649658203
10.857560157775879
9.462994575500488
9.708375930786133
9.495016098022461
9.79466724395752
9.008404731750488
9.752405166625977
10.834269523620605
11.173870086669922
9.839532852172852
10.003096580505371
9.643607139587402
10.531961441040039
8.917402267456055
9.687515258789062
10.824562072753906
11.151233673095703
9.823893547058105
9.93208122253418
9.493303298950195
10.401496887207031
7.922521591186523
8.643887519836426
9.723876953125
10.45021915435791
8.940095901489258
9.399003982543945
8.508869171142578
9.345362663269043
7.870279312133789
8.64255428314209
9.680599212646484
10.180082321166992
8.825887680053711
9.208858489990234
8.453271865844727
9.252248764038086
8.040671348571777
8.525431632995605
9.818632125854492
10.524333953857422
9.173357009887695
9.477139472961426
8.813810348510742
9.45804214477539
7.901204586029053
8.437156677246094
9.793100357055664
10.50540828704834
9.064358711242676
9.413320541381836
8.579317092895508
9.278494834899902
8.701908111572266
9.236114501953125
10.679281234741211
11.288761138916016
9.142603874206543
9.834192276000977
9.364912986755371
9.860164642333984
8.414578437805176
8.988389015197754
10.20444107055664
10.730804443359375
8.830978393554688
9.395063400268555
9.004640579223633
9.562505722045898
9.175933837890625
9.047857284545898
10.962732315063477
10.557747840881348
9.411674499511719
9.000875473022461
9.920249938964844
9.862739562988281
9.138246536254883
9.045500755310059
10.943591117858887
10.544339179992676
9.344809532165527
8.923393249511719
9.808900833129883
9.776800155639648
7.08518123626709
7.886565208435059
8.343191146850586
9.000946044921875
7.799871921539307
8.120737075805664
7.717005729675293
8.440673828125
7.14309024810791
7.976105213165283
8.415592193603516
8.9727201461792
7.902486324310303
8.205048561096191
7.716724395751953
8.495635986328125
7.347160339355469
7.759244918823242
8.849276542663574
9.23392391204834
7.9585442543029785
8.540695190429688
7.905736923217773
8.67924690246582
7.3503265380859375
7.817490100860596
8.895151138305664
9.356618881225586
7.959270000457764
8.604787826538086
7.829914093017578
8.619500160217285
7.991552829742432
8.639761924743652
9.39175796508789
10.093953132629395
8.791338920593262
9.1616792678833
8.496397972106934
9.110879898071289
7.943593502044678
8.632997512817383
9.287243843078613
9.93494987487793
8.73436164855957
9.181010246276855
8.379364967346191
9.079012870788574
8.10753059387207
8.680233001708984
9.81309700012207
10.011789321899414
8.931557655334473
9.342455863952637
8.616955757141113
9.549627304077148
8.04507827758789
8.669305801391602
9.839418411254883
10.036373138427734
8.920021057128906
9.273022651672363
8.479535102844238
9.419845581054688
6.596203327178955
7.288423538208008
7.9886369705200195
8.738906860351562
7.708165645599365
8.210881233215332
7.398576736450195
8.016033172607422
6.503859519958496
7.332289695739746
7.919706344604492
8.585590362548828
7.586234092712402
8.18636703491211
7.190535545349121
7.971977233886719
6.8090314865112305
7.3521623611450195
8.514608383178711
8.828798294067383
7.972847938537598
8.398808479309082
7.576018333435059
8.470478057861328
6.747339248657227
7.277425289154053
8.490598678588867
8.808927536010742
7.92691707611084
8.325639724731445
7.410544395446777
8.277091979980469
7.904223442077637
8.23196792602539
9.384608268737793
10.264476776123047
8.39609146118164
8.980180740356445
8.640094757080078
9.113582611083984
7.859151363372803
8.315179824829102
9.39961051940918
10.17321491241455
8.53571891784668
9.050704002380371
8.674264907836914
9.14538860321045
7.757588863372803
8.930929183959961
9.651018142700195
10.434579849243164
8.622821807861328
9.022520065307617
8.633840560913086
10.002501487731934
7.696853160858154
8.902429580688477
9.563053131103516
10.409782409667969
8.595497131347656
8.975459098815918
8.500116348266602
9.926584243774414
8.876882553100586
9.470434188842773
10.660626411437988
11.24069595336914
8.95724105834961
9.383617401123047
9.406570434570312
9.913301467895508
8.755189895629883
9.441808700561523
10.33244800567627
11.00032901763916
8.680867195129395
9.117886543273926
9.183143615722656
9.832917213439941
9.142295837402344
9.851228713989258
11.156314849853516
11.364762306213379
9.421571731567383
9.464255332946777
9.796401977539062
10.650469779968262
9.175728797912598
9.836097717285156
11.153617858886719
11.301103591918945
9.428509712219238
9.418685913085938
9.754353523254395
10.568950653076172
9.099601745605469
9.475532531738281
10.466475486755371
10.920732498168945
9.618521690368652
9.680347442626953
9.61941146850586
9.917884826660156
8.932998657226562
9.486297607421875
10.186989784240723
10.88217830657959
9.439680099487305
9.788557052612305
9.375774383544922
9.971294403076172
9.183279991149902
9.791406631469727
10.838336944580078
10.868659973144531
9.691554069519043
9.953463554382324
9.648688316345215
10.382559776306152
9.116796493530273
9.7403564453125
10.801408767700195
10.820960998535156
9.666301727294922
9.865901947021484
9.525439262390137
10.228227615356445
7.813727378845215
8.507769584655762
9.657718658447266
10.697087287902832
8.22348690032959
8.59108829498291
8.56367301940918
9.147100448608398
7.847565650939941
8.602560043334961
9.722146987915039
10.824068069458008
8.233342170715332
8.650130271911621
8.548883438110352
9.181915283203125
8.12696361541748
8.630556106567383
10.315079689025879
10.288801193237305
8.510419845581055
8.921731948852539
8.868595123291016
9.648595809936523
8.147150039672852
8.691019058227539
10.377598762512207
10.422422409057617
8.516549110412598
8.921455383300781
8.838563919067383
9.647848129272461
7.80964469909668
8.45543384552002
9.793676376342773
9.982439041137695
8.450517654418945
8.555951118469238
8.459697723388672
8.85882568359375
7.697221755981445
8.398688316345215
9.79331111907959
9.872282981872559
8.46132755279541
8.567923545837402
8.295438766479492
8.831232070922852
8.209708213806152
9.228540420532227
10.053085327148438
10.967042922973633
8.830449104309082
9.407073974609375
8.739683151245117
10.08724594116211
8.170467376708984
9.235763549804688
10.050630569458008
10.996100425720215
8.801300048828125
9.373649597167969
8.618256568908691
10.04800033569336
8.886479377746582
9.372426986694336
10.38734245300293
10.882730484008789
9.580050468444824
9.601773262023926
9.556794166564941
9.869832992553711
8.837274551391602
9.359265327453613
10.391526222229004
10.791913032531738
9.5809907913208
9.588048934936523
9.39848518371582
9.784391403198242
8.979058265686035
9.725659370422363
10.713808059692383
11.122000694274902
9.52915096282959
10.162225723266602
9.49875545501709
10.563718795776367
8.97663688659668
9.77762222290039
10.707439422607422
11.170877456665039
9.511059761047363
10.116036415100098
9.415031433105469
10.491043090820312
8.43362808227539
8.98078727722168
9.884885787963867
10.562566757202148
9.144804000854492
9.538335800170898
8.933450698852539
9.360652923583984
8.31680679321289
8.944778442382812
9.741161346435547
10.430418968200684
9.111602783203125
9.623174667358398
8.766910552978516
9.276272773742676
8.570914268493652
9.331634521484375
10.535079956054688
10.765410423278809
9.563146591186523
9.866294860839844
9.150524139404297
10.081762313842773
8.459754943847656
9.295777320861816
10.489889144897461
10.741394996643066
9.528800010681152
9.780908584594727
8.965555191040039
9.962974548339844
9.546589851379395
9.867498397827148
11.87628173828125
11.488041877746582
9.89965534210205
9.42340087890625
10.400617599487305
10.27216911315918
9.291050910949707
9.886337280273438
11.62497615814209
11.485824584960938
9.676064491271973
9.63123607635498
10.20234489440918
10.398904800415039
9.594888687133789
10.035037994384766
11.536617279052734
12.378557205200195
9.5751953125
10.401616096496582
10.369224548339844
10.834884643554688
9.660456657409668
10.069467544555664
11.60383415222168
12.419984817504883
9.610908508300781
10.358603477478027
10.445181846618652
10.87738037109375
9.150311470031738
9.65159797668457
10.841388702392578
11.289361953735352
10.299344062805176
9.963973999023438
10.003290176391602
10.129400253295898
8.974976539611816
9.497562408447266
10.593095779418945
10.75282096862793
9.870546340942383
9.596146583557129
9.594468116760254
9.908368110656738
9.181259155273438
9.745827674865723
10.867530822753906
11.372543334960938
9.762028694152832
10.491253852844238
9.73296070098877
10.543661117553711
9.10759449005127
9.74225902557373
10.760218620300293
11.328170776367188
9.671048164367676
10.378650665283203
9.541999816894531
10.390789031982422
8.373729705810547
8.982650756835938
10.099348068237305
10.803284645080566
9.575718879699707
9.537811279296875
9.432535171508789
9.796531677246094
8.247223854064941
8.820720672607422
9.848752975463867
10.14254379272461
9.172548294067383
9.016705513000488
9.200363159179688
9.570738792419434
8.415424346923828
9.097249984741211
10.158859252929688
10.72755241394043
9.061177253723145
9.89702033996582
9.213934898376465
10.112245559692383
8.271947860717773
9.002779006958008
9.989950180053711
10.650461196899414
8.917633056640625
9.72002124786377
8.963873863220215
9.90847110748291
7.412659645080566
8.691608428955078
8.962852478027344
10.088937759399414
8.512927055358887
9.166004180908203
8.12652587890625
9.324691772460938
7.339879035949707
8.653667449951172
8.937050819396973
9.882542610168457
8.386796951293945
9.059616088867188
8.014155387878418
9.23353385925293
7.857570648193359
8.253693580627441
9.599178314208984
9.704229354858398
8.832478523254395
9.168034553527832
8.456673622131348
9.252296447753906
7.799069404602051
8.236490249633789
9.55772876739502
9.707706451416016
8.762727737426758
9.063798904418945
8.316459655761719
9.149187088012695
7.623762130737305
8.242546081542969
9.548666954040527
10.104288101196289
8.272425651550293
8.85338306427002
8.489583969116211
9.11134147644043
7.5872392654418945
8.163473129272461
9.579007148742676
9.838703155517578
8.263531684875488
8.681166648864746
8.503239631652832
8.956350326538086
7.790645599365234
8.539955139160156
9.913135528564453
10.625853538513184
8.58899211883545
9.033286094665527
8.626750946044922
9.838566780090332
7.640778541564941
8.411458969116211
9.838407516479492
10.631231307983398
8.518892288208008
8.99256706237793
8.432611465454102
9.677068710327148
8.354181289672852
8.618124008178711
10.481012344360352
10.879512786865234
8.839414596557617
9.145045280456543
9.20163631439209
9.49123477935791
8.340559005737305
8.654125213623047
10.528030395507812
10.780323028564453
9.138020515441895
9.247065544128418
9.21469497680664
9.576807022094727
8.529138565063477
9.057289123535156
10.667144775390625
10.91128158569336
9.121780395507812
9.371794700622559
9.503591537475586
10.151598930358887
8.484808921813965
9.042765617370605
10.637606620788574
10.921893119812012
9.11915111541748
9.39118480682373
9.41519546508789
10.093301773071289
8.470569610595703
8.675178527832031
10.650702476501465
11.206382751464844
8.999663352966309
9.124285697937012
9.421560287475586
9.454471588134766
8.566564559936523
8.786422729492188
10.592573165893555
11.206686019897461
8.919940948486328
9.079798698425293
9.331613540649414
9.440067291259766
8.669679641723633
9.657670974731445
11.070981979370117
11.557162284851074
9.214494705200195
9.781169891357422
9.45140266418457
10.7999849319458
8.633846282958984
9.690985679626465
11.094911575317383
11.640020370483398
9.188194274902344
9.760457992553711
9.313241958618164
10.678354263305664
9.161975860595703
9.564482688903809
10.906052589416504
11.295661926269531
10.341708183288574
9.921540260314941
10.058439254760742
10.124958038330078
8.983553886413574
9.44012451171875
10.682638168334961
10.826305389404297
9.9207763671875
9.566837310791016
9.65577507019043
9.953776359558105
9.068111419677734
9.745833396911621
10.859466552734375
11.477972030639648
9.73880672454834
10.563389778137207
9.682716369628906
10.610149383544922
8.983875274658203
9.732833862304688
10.743756294250488
11.430643081665039
9.631946563720703
10.435013771057129
9.459430694580078
10.43748950958252
9.108270645141602
9.615169525146484
10.812897682189941
11.000448226928711
9.291674613952637
9.547542572021484
9.679961204528809
10.1138277053833
8.988412857055664
9.527898788452148
10.731512069702148
10.812023162841797
9.16208267211914
9.3662109375
9.473390579223633
9.954079627990723
9.172149658203125
9.822725296020508
10.65090274810791
11.249988555908203
9.369909286499023
9.64978313446045
9.796268463134766
10.532220840454102
9.092277526855469
9.764679908752441
10.617415428161621
11.260608673095703
9.315671920776367
9.54063892364502
9.666589736938477
10.403461456298828
7.5832414627075195
7.941568374633789
9.077347755432129
9.423808097839355
8.02783489227295
8.44359302520752
8.252742767333984
8.696626663208008
7.634438514709473
7.989465713500977
9.162446975708008
9.518795013427734
8.141983032226562
8.517804145812988
8.37449836730957
8.758115768432617
7.9146318435668945
7.879307746887207
9.58224868774414
9.518105506896973
8.65259838104248
8.497963905334473
8.919225692749023
9.018149375915527
7.914859771728516
7.904768466949463
9.63595962524414
9.596771240234375
8.695708274841309
8.570683479309082
8.810112953186035
8.946435928344727
7.768665313720703
8.187734603881836
9.673906326293945
10.16879653930664
8.255400657653809
8.785067558288574
8.722618103027344
9.149120330810547
7.686713695526123
8.076813697814941
9.627603530883789
9.786622047424316
8.190864562988281
8.623021125793457
8.670360565185547
8.929025650024414
7.717142105102539
8.698701858520508
9.811718940734863
10.590832710266113
8.438142776489258
8.85881233215332
8.653170585632324
10.063844680786133
7.55586051940918
8.556741714477539
9.678750991821289
10.529370307922363
8.314050674438477
8.749872207641602
8.378935813903809
9.827043533325195
7.793145656585693
8.156988143920898
10.072183609008789
10.63841438293457
8.719326972961426
9.500070571899414
8.484354019165039
8.899803161621094
7.565177917480469
7.98294734954834
9.624651908874512
9.924785614013672
8.510855674743652
9.01272964477539
8.13759994506836
8.618865013122559
7.86768913269043
8.430781364440918
9.865745544433594
10.250960350036621
8.850092887878418
8.832090377807617
8.433609008789062
9.241586685180664
7.7768354415893555
8.301183700561523
9.822091102600098
10.207069396972656
8.789258003234863
8.81025218963623
8.278026580810547
9.034892082214355
8.766420364379883
9.091959953308105
10.836359024047852
11.514192581176758
9.047014236450195
9.482486724853516
9.312294006347656
9.79316520690918
8.712689399719238
9.221860885620117
10.632661819458008
11.395570755004883
8.744956970214844
9.282670974731445
9.124828338623047
9.767569541931152
8.738237380981445
9.603385925292969
11.026686668395996
11.372982025146484
9.39262580871582
9.695089340209961
9.486926078796387
10.556163787841797
8.812593460083008
9.586800575256348
11.042553901672363
11.409696578979492
9.373998641967773
9.69344425201416
9.426454544067383
10.460216522216797
8.969423294067383
9.343727111816406
10.486011505126953
11.274372100830078
9.896687507629395
9.929408073425293
9.883381843566895
10.00093936920166
8.706403732299805
9.13759994506836
10.281246185302734
10.903291702270508
9.607136726379395
9.749215126037598
9.44750690460205
9.638065338134766
8.860288619995117
9.824688911437988
10.863367080688477
11.522235870361328
9.665366172790527
10.562018394470215
9.59028434753418
10.770760536193848
8.74943733215332
9.697839736938477
10.829571723937988
11.538673400878906
9.608356475830078
10.478784561157227
9.382558822631836
10.51648235321045
8.559852600097656
8.71281623840332
10.564264297485352
10.521143913269043
8.829821586608887
8.802385330200195
9.474956512451172
9.294158935546875
8.53872299194336
8.711334228515625
10.4215726852417
10.48965835571289
8.587729454040527
8.655613899230957
9.270054817199707
9.232925415039062
8.561375617980957
9.328497886657715
10.663623809814453
11.736984252929688
9.067075729370117
9.561445236206055
9.23983097076416
10.217582702636719
8.516921043395996
9.319883346557617
10.714311599731445
11.73499870300293
9.050182342529297
9.46532154083252
9.205221176147461
10.111374855041504
9.060079574584961
9.598899841308594
10.577971458435059
11.170537948608398
9.807815551757812
9.926386833190918
9.736839294433594
10.171893119812012
8.88120174407959
9.550405502319336
10.236520767211914
10.821162223815918
9.491982460021973
9.756831169128418
9.409424781799316
9.991965293884277
9.03951644897461
9.842058181762695
10.904754638671875
11.203207015991211
9.781270980834961
10.23035717010498
9.609036445617676
10.604255676269531
8.993410110473633
9.863566398620605
10.820119857788086
11.17348861694336
9.711445808410645
10.119599342346191
9.443575859069824
10.481475830078125
9.11843204498291
8.911758422851562
11.024574279785156
10.84881591796875
9.546721458435059
9.42011547088623
9.875964164733887
9.607213973999023
8.939864158630371
8.880144119262695
10.81617546081543
10.494430541992188
9.29619026184082
9.18122386932373
9.634979248046875
9.454541206359863
8.599257469177246
9.685785293579102
10.432199478149414
11.505546569824219
9.161565780639648
9.989767074584961
9.363426208496094
10.644108772277832
8.538997650146484
9.713332176208496
10.404218673706055
11.515965461730957
9.06501579284668
9.873784065246582
9.146617889404297
10.478593826293945
7.635815620422363
8.202252388000488
9.288923263549805
9.962565422058105
8.612475395202637
8.964245796203613
8.478723526000977
9.033132553100586
7.522613525390625
8.042839050292969
9.070682525634766
9.502260208129883
8.401533126831055
8.78541088104248
8.35110092163086
8.769580841064453
7.727993965148926
8.316702842712402
9.736391067504883
9.972444534301758
8.617558479309082
8.914454460144043
8.505365371704102
9.46041488647461
7.571441650390625
8.162128448486328
9.603635787963867
9.865129470825195
8.482479095458984
8.760156631469727
8.258356094360352
9.20710277557373
6.653384208679199
7.721737861633301
8.003716468811035
9.127840042114258
7.574839115142822
8.359854698181152
7.247501373291016
8.391199111938477
6.6451497077941895
7.766034126281738
8.01628303527832
8.959525108337402
7.573194980621338
8.33864688873291
7.221479415893555
8.354058265686035
7.063826560974121
7.496278762817383
8.747430801391602
8.89651870727539
7.994326114654541
8.372296333312988
7.695988655090332
8.55167007446289
7.031184196472168
7.49186897277832
8.73951530456543
8.956717491149902
7.956811904907227
8.343103408813477
7.557234764099121
8.434942245483398
7.882316589355469
8.83289623260498
9.393474578857422
10.401681900024414
8.270918846130371
9.000553131103516
8.48013687133789
9.43838119506836
7.747203826904297
8.750075340270996
9.271843910217285
10.097055435180664
8.156272888183594
8.845104217529297
8.318660736083984
9.260746955871582
8.32612419128418
9.154438972473145
10.140706062316895
10.506155014038086
9.001849174499512
9.151488304138184
8.959171295166016
10.156349182128906
8.246137619018555
9.074579238891602
10.087444305419922
10.46552562713623
8.962663650512695
9.054643630981445
8.790335655212402
10.00214672088623
8.806648254394531
8.973321914672852
10.361855506896973
10.672069549560547
8.966585159301758
9.036728858947754
9.205355644226074
9.444226264953613
8.582128524780273
8.907279968261719
10.142217636108398
10.741437911987305
9.010324478149414
9.328255653381348
9.010671615600586
9.417633056640625
8.881793975830078
9.425119400024414
10.950035095214844
11.2388916015625
9.632875442504883
9.773193359375
9.54253101348877
10.14802074432373
8.779711723327637
9.388553619384766
10.96964168548584
11.194992065429688
9.605766296386719
9.703879356384277
9.341594696044922
9.991491317749023
7.831442832946777
8.632654190063477
9.532453536987305
10.454572677612305
8.795175552368164
9.283659934997559
8.603028297424316
9.454018592834473
7.764575004577637
8.643768310546875
9.437591552734375
10.218538284301758
8.72045612335205
9.253536224365234
8.543384552001953
9.40774154663086
8.03429889678955
8.571449279785156
9.991617202758789
10.381555557250977
8.91659927368164
9.278509140014648
8.882999420166016
9.646209716796875
7.94288444519043
8.501638412475586
9.838787078857422
10.33720588684082
8.85285472869873
9.165777206420898
8.690238952636719
9.51451301574707
8.467009544372559
9.02631664276123
10.215293884277344
10.67813777923584
8.680874824523926
9.216774940490723
8.96102523803711
9.543547630310059
8.348042488098145
9.053446769714355
10.070653915405273
10.614707946777344
8.7223482131958
9.348067283630371
8.791755676269531
9.501253128051758
8.897947311401367
9.184126853942871
10.594411849975586
10.931465148925781
9.495357513427734
9.434755325317383
9.398388862609863
9.961185455322266
8.83031940460205
9.124419212341309
10.589862823486328
10.909523963928223
9.467652320861816
9.39077377319336
9.259195327758789
9.79653263092041
9.274791717529297
9.54315185546875
11.683671951293945
11.453813552856445
9.945576667785645
9.998705863952637
9.956069946289062
10.102019309997559
9.184459686279297
9.364692687988281
11.383280754089355
11.245624542236328
9.7108736038208
9.738677978515625
9.675581932067871
9.745502471923828
9.478876113891602
9.438270568847656
11.502270698547363
11.710417747497559
10.105087280273438
10.054109573364258
10.111200332641602
10.168728828430176
9.420244216918945
9.455255508422852
11.50404167175293
11.734886169433594
10.075040817260742
10.046299934387207
9.97448444366455
10.082927703857422
8.612353324890137
9.198174476623535
10.573175430297852
10.70231819152832
9.211782455444336
9.388535499572754
9.195606231689453
9.619365692138672
8.551116943359375
9.195154190063477
10.530502319335938
10.74502944946289
9.30247688293457
9.568940162658691
9.123007774353027
9.603939056396484
8.895487785339355
9.432690620422363
10.830154418945312
11.486682891845703
9.691502571105957
9.932164192199707
9.60738468170166
10.173044204711914
8.858219146728516
9.51107406616211
10.879920959472656
11.618647575378418
9.68784236907959
10.013138771057129
9.467100143432617
10.167333602905273
9.153128623962402
9.50777530670166
11.260955810546875
11.685988426208496
9.508769035339355
9.89364242553711
9.665003776550293
9.95050048828125
9.00401496887207
9.353510856628418
11.192758560180664
11.496581077575684
9.466408729553223
9.729453086853027
9.463253021240234
9.687675476074219
9.462621688842773
9.570944786071777
11.56357192993164
11.61811637878418
9.920974731445312
9.948378562927246
10.012603759765625
10.222373008728027
9.341729164123535
9.465587615966797
11.53875732421875
11.628104209899902
9.86104965209961
9.91578197479248
9.806690216064453
10.041128158569336
8.239322662353516
8.937263488769531
9.916504859924316
11.064374923706055
8.83687686920166
9.334216117858887
9.018793106079102
9.718972206115723
8.16069507598877
8.96629810333252
9.895012855529785
10.982444763183594
8.9580659866333
9.407710075378418
8.83895206451416
9.683320045471191
8.69880199432373
9.214031219482422
10.743915557861328
10.713306427001953
9.527932167053223
9.619112014770508
9.507427215576172
10.184240341186523
8.616134643554688
9.182168006896973
10.685482025146484
10.72354507446289
9.471570014953613
9.578351020812988
9.318025588989258
10.049660682678223
7.919544219970703
8.875299453735352
9.781465530395508
10.564464569091797
8.383328437805176
9.082524299621582
8.481297492980957
9.287261009216309
7.74880838394165
8.729125022888184
9.530661582946777
10.436967849731445
8.312222480773926
8.992528915405273
8.393228530883789
9.151324272155762
8.919662475585938
8.538971900939941
10.914594650268555
10.390987396240234
9.48495864868164
8.957310676574707
9.629201889038086
9.24897575378418
8.830894470214844
8.416664123535156
10.878273010253906
10.32556438446045
9.443798065185547
8.882990837097168
9.50222110748291
9.129793167114258
8.697381973266602
9.10988998413086
10.26305103302002
10.850190162658691
9.248831748962402
9.5274019241333
9.176944732666016
9.536301612854004
8.570918083190918
9.045782089233398
10.094963073730469
10.760519027709961
9.161450386047363
9.6679105758667
9.045522689819336
9.460503578186035
8.806744575500488
9.475074768066406
10.902862548828125
11.125195503234863
9.766023635864258
9.889923095703125
9.44686508178711
10.218162536621094
8.737032890319824
9.466880798339844
10.900407791137695
11.123235702514648
9.76556396484375
9.84239673614502
9.282357215881348
10.117517471313477
9.115333557128906
9.308544158935547
10.864409446716309
11.349325180053711
9.352100372314453
9.531102180480957
9.61524486541748
9.618203163146973
8.999624252319336
9.233510971069336
10.78866195678711
11.250557899475098
9.236918449401855
9.431622505187988
9.393329620361328
9.4442777633667
9.024274826049805
9.575838088989258
11.092368125915527
11.33615493774414
9.509567260742188
9.758363723754883
9.533018112182617
10.314066886901855
8.959774017333984
9.529491424560547
11.085824012756348
11.391172409057617
9.467927932739258
9.792183876037598
9.389676094055176
10.136619567871094
8.792600631713867
9.315668106079102
10.042821884155273
10.76535415649414
9.806864738464355
10.109417915344238
9.661521911621094
9.919502258300781
8.574256896972656
9.233052253723145
9.850231170654297
10.476943016052246
9.568943977355957
9.987586975097656
9.292378425598145
9.771075248718262
8.693058967590332
9.51668643951416
10.311424255371094
10.615693092346191
9.67288589477539
10.200162887573242
9.328367233276367
10.452861785888672
8.580373764038086
9.394891738891602
10.257732391357422
10.58832836151123
9.609760284423828
10.099562644958496
9.160770416259766
10.27261734008789
8.814573287963867
9.433645248413086
10.72204875946045
11.151265144348145
9.221651077270508
9.24244499206543
9.507076263427734
9.961334228515625
8.703743934631348
9.437131881713867
10.734847068786621
11.083219528198242
9.260910034179688
9.093517303466797
9.34330940246582
9.873176574707031
9.187830924987793
9.615096092224121
11.000419616699219
11.078988075256348
9.31810188293457
9.739310264587402
9.704748153686523
10.3036470413208
9.165993690490723
9.59998893737793
11.005956649780273
11.13463306427002
9.298648834228516
9.739334106445312
9.643753051757812
10.225749969482422
8.999102592468262
9.189929962158203
10.761199951171875
10.967464447021484
9.118289947509766
9.093705177307129
9.622713088989258
9.575117111206055
8.89873218536377
9.17821216583252
10.53071403503418
10.919466018676758
8.86889934539795
9.070271492004395
9.373903274536133
9.49782943725586
9.097965240478516
9.560901641845703
11.01744270324707
11.61328411102295
9.371397018432617
9.640524864196777
9.602527618408203
10.041540145874023
9.067586898803711
9.560625076293945
11.054045677185059
11.61024284362793
9.35393238067627
9.58068561553955
9.565006256103516
10.023477554321289
9.034194946289062
9.31597900390625
10.89229965209961
11.24117660522461
9.464420318603516
9.682459831237793
9.699209213256836
9.867154121398926
8.903077125549316
9.321989059448242
10.652276039123535
11.09106731414795
9.251593589782715
9.491660118103027
9.443778991699219
9.75280475616455
8.938529968261719
9.411303520202637
10.93974494934082
11.119057655334473
9.564533233642578
9.735681533813477
9.546676635742188
10.27029800415039
8.895484924316406
9.39053726196289
10.95034408569336
11.132987022399902
9.547957420349121
9.741079330444336
9.40353012084961
10.14007568359375
9.125743865966797
9.68870735168457
10.964712142944336
11.452888488769531
9.29336166381836
9.996504783630371
9.491827011108398
10.191758155822754
9.07117748260498
9.607470512390137
10.806304931640625
11.326080322265625
9.227174758911133
9.81658935546875
9.416041374206543
10.029273986816406
9.662714958190918
9.653913497924805
11.604089736938477
11.327882766723633
10.17829418182373
9.778864860534668
10.188695907592773
10.313398361206055
9.659486770629883
9.619379997253418
11.630053520202637
11.305583000183105
10.198577880859375
9.742134094238281
10.118330001831055
10.269896507263184
8.17845630645752
8.905800819396973
9.854475021362305
10.967700004577637
8.454748153686523
9.1681489944458
8.747681617736816
9.576969146728516
7.989875793457031
8.836823463439941
9.707101821899414
10.810332298278809
8.291095733642578
8.949503898620605
8.597082138061523
9.45838737487793
8.517335891723633
9.042455673217773
10.55982780456543
10.57114315032959
8.996102333068848
9.059864044189453
9.102158546447754
9.88832950592041
8.337881088256836
8.874107360839844
10.43612289428711
10.458944320678711
8.909188270568848
8.918341636657715
8.867840766906738
9.67540168762207
7.473121166229248
8.412925720214844
8.911079406738281
10.003727912902832
8.440449714660645
9.170964241027832
8.144891738891602
9.07213306427002
7.405979156494141
8.352998733520508
8.836042404174805
9.793978691101074
8.338183403015137
9.022923469543457
8.034753799438477
8.939678192138672
7.78510856628418
8.101204872131348
9.615561485290527
9.538909912109375
8.904088020324707
9.12342643737793
8.412423133850098
9.06898307800293
7.680534362792969
8.044098854064941
9.574684143066406
9.510114669799805
8.833352088928223
9.036405563354492
8.250993728637695
8.934236526489258
8.549407005310059
8.967750549316406
10.572668075561523
10.245983123779297
9.746814727783203
9.321980476379395
9.373931884765625
9.279561042785645
8.553707122802734
8.87700366973877
10.412246704101562
9.992046356201172
9.734240531921387
9.333230972290039
9.184825897216797
9.173099517822266
8.4530029296875
9.142437934875488
9.986740112304688
11.013307571411133
9.164898872375488
10.108248710632324
8.927122116088867
10.142609596252441
8.393318176269531
9.145485877990723
9.995763778686523
11.078163146972656
9.143314361572266
10.144145011901855
8.80350112915039
10.06291389465332
7.13204288482666
8.195432662963867
8.814119338989258
10.17966365814209
7.432455539703369
8.560996055603027
7.822661399841309
8.723812103271484
7.045788764953613
8.0720796585083
8.625848770141602
9.751956939697266
7.317780494689941
8.336593627929688
7.6858110427856445
8.525436401367188
7.70710563659668
8.177351951599121
9.685426712036133
9.91766357421875
8.285184860229492
8.113003730773926
8.536481857299805
9.374641418457031
7.680349349975586
8.173334121704102
9.634011268615723
9.884421348571777
8.238001823425293
8.088398933410645
8.456197738647461
9.259786605834961
8.20478343963623
8.884561538696289
10.243537902832031
11.245018005371094
9.197882652282715
9.385814666748047
9.237643241882324
9.755752563476562
8.063036918640137
8.69417953491211
9.944019317626953
10.698463439941406
8.993512153625488
8.936436653137207
9.07933235168457
9.512252807617188
8.546732902526855
9.144649505615234
10.718683242797852
10.874221801757812
9.122015953063965
9.627432823181152
9.336841583251953
10.207083702087402
8.397802352905273
9.084059715270996
10.547703742980957
10.795694351196289
8.98003101348877
9.486723899841309
9.090003967285156
10.069936752319336
8.38176155090332
9.039121627807617
11.104598999023438
11.353076934814453
9.336755752563477
9.538481712341309
9.115015029907227
9.715351104736328
8.273469924926758
8.962871551513672
10.833885192871094
11.151187896728516
9.159133911132812
9.388500213623047
8.862226486206055
9.443923950195312
9.217004776000977
9.252326011657715
11.716952323913574
11.793952941894531
9.870503425598145
9.91759204864502
9.892684936523438
10.107864379882812
9.121678352355957
9.181127548217773
11.652237892150879
11.778122901916504
9.806476593017578
9.869477272033691
9.661539077758789
9.964423179626465
6.702220916748047
8.066246032714844
8.679183959960938
9.598621368408203
7.79925537109375
8.431281089782715
7.64200496673584
8.80223274230957
6.698411464691162
8.126974105834961
8.68185806274414
9.575331687927246
7.818286418914795
8.383573532104492
7.565447807312012
8.788612365722656
7.520709991455078
7.72327995300293
9.2998685836792
9.643242835998535
8.343595504760742
8.718584060668945
8.22805404663086
9.11585807800293
7.464303493499756
7.6765289306640625
9.286258697509766
9.580216407775879
8.269095420837402
8.662867546081543
8.078239440917969
8.924131393432617
8.668312072753906
9.095194816589355
10.342894554138184
10.735401153564453
9.778486251831055
9.513983726501465
9.581707954406738
9.63227653503418
8.554267883300781
8.987259864807129
10.173110961914062
10.378417015075684
9.474288940429688
9.334236145019531
9.270036697387695
9.473908424377441
8.557808876037598
9.455415725708008
10.191417694091797
10.994305610656738
9.221652030944824
10.104832649230957
9.153228759765625
10.346423149108887
8.466325759887695
9.446087837219238
10.130358695983887
10.973366737365723
9.158576011657715
9.991979598999023
8.964733123779297
10.163137435913086
8.205747604370117
8.382862091064453
9.34199333190918
9.942419052124023
7.833096981048584
8.296941757202148
8.604085922241211
8.894948959350586
7.988284587860107
8.234251022338867
9.05908203125
9.607828140258789
7.72847318649292
8.17070198059082
8.518669128417969
8.755505561828613
7.645580291748047
9.223339080810547
9.467637062072754
10.52762222290039
8.08503246307373
8.845741271972656
8.365799903869629
10.214016914367676
7.638990879058838
9.17611026763916
9.466130256652832
10.543334007263184
8.074156761169434
8.859712600708008
8.376319885253906
10.180744171142578
8.884825706481934
9.581207275390625
10.880683898925781
11.351689338684082
9.267355918884277
9.35678768157959
9.5548095703125
10.08358383178711
8.779467582702637
9.581979751586914
10.850494384765625
11.338448524475098
9.250431060791016
9.261962890625
9.374916076660156
10.00925064086914
9.284294128417969
9.75558853149414
11.161040306091309
11.287335395812988
9.442699432373047
9.821028709411621
9.784736633300781
10.467998504638672
9.274702072143555
9.752408981323242
11.164102554321289
11.33143138885498
9.439332962036133
9.829962730407715
9.742849349975586
10.382009506225586
9.11694049835205
9.537395477294922
10.860624313354492
10.701165199279785
9.01065731048584
8.701688766479492
9.952133178710938
9.924277305603027
8.985246658325195
9.585139274597168
10.7747802734375
10.753957748413086
8.925142288208008
8.890312194824219
9.915190696716309
10.05504322052002
9.271210670471191
10.067747116088867
10.997121810913086
12.122380256652832
9.18994426727295
10.105326652526855
10.01214599609375
11.22110652923584
9.319822311401367
10.108458518981934
11.071420669555664
12.244505882263184
9.268835067749023
10.169751167297363
10.089088439941406
11.319340705871582
7.732250213623047
7.971546649932861
10.06505012512207
10.852861404418945
8.416604042053223
8.901214599609375
8.487817764282227
8.996366500854492
7.716465473175049
8.06711196899414
10.134475708007812
10.875718116760254
8.521588325500488
8.944609642028809
8.42889404296875
9.025726318359375
7.655439853668213
8.757467269897461
10.220582962036133
10.709522247314453
8.614666938781738
9.062686920166016
8.78247356414795
10.030851364135742
7.583464622497559
8.69111156463623
10.159326553344727
10.689699172973633
8.589726448059082
9.034515380859375
8.636387825012207
9.870643615722656
8.824201583862305
9.230524063110352
11.855205535888672
11.778733253479004
9.888320922851562
10.2115478515625
9.633365631103516
9.947736740112305
8.811450958251953
9.214733123779297
11.415435791015625
11.531286239624023
9.578137397766113
10.023757934570312
9.32296371459961
9.716894149780273
9.276269912719727
9.35786247253418
11.856037139892578
12.079280853271484
10.299504280090332
10.143613815307617
9.929039001464844
10.15451431274414
9.248560905456543
9.384832382202148
11.843841552734375
12.089461326599121
10.255948066711426
10.10661792755127
9.782461166381836
10.05052375793457
7.382480621337891
8.127480506896973
9.564909934997559
10.155719757080078
7.957908630371094
8.766571044921875
8.122961044311523
8.804835319519043
7.205960273742676
7.935572624206543
9.462713241577148
9.897418975830078
7.88236141204834
8.634474754333496
7.919191837310791
8.608014106750488
7.963452339172363
8.695564270019531
10.233553886413574
10.575056076049805
8.757421493530273
8.64659595489502
9.040702819824219
9.899543762207031
7.823088645935059
8.585719108581543
10.158414840698242
10.602398872375488
8.649686813354492
8.629011154174805
8.914133071899414
9.774713516235352
8.41378402709961
9.219903945922852
10.20560073852539
10.864604949951172
8.323859214782715
8.910042762756348
8.761323928833008
9.29014778137207
8.324430465698242
9.193968772888184
10.143674850463867
10.839493751525879
8.238154411315918
8.855049133300781
8.652070999145508
9.287151336669922
8.604928016662598
9.20268726348877
10.467794418334961
10.756942749023438
8.755788803100586
8.821194648742676
9.000162124633789
9.796331405639648
8.60619068145752
9.214042663574219
10.54496955871582
10.811822891235352
8.789095878601074
8.817427635192871
8.968606948852539
9.7872314453125
7.492148399353027
8.226423263549805
9.302372932434082
10.010406494140625
7.504883766174316
8.363656044006348
8.25924301147461
8.952179908752441
7.460258483886719
8.255661010742188
9.290188789367676
9.855583190917969
7.5237603187561035
8.256121635437012
8.202011108398438
8.857194900512695
8.128966331481934
9.14792251586914
10.053750038146973
10.730976104736328
8.587587356567383
8.612431526184082
9.161327362060547
10.295525550842285
8.101311683654785
9.145368576049805
10.118966102600098
10.77592658996582
8.599693298339844
8.665972709655762
9.119272232055664
10.233684539794922
8.2722749710083
8.965219497680664
10.362332344055176
10.921555519104004
8.854717254638672
9.10158920288086
9.092273712158203
9.70822525024414
8.092734336853027
8.906097412109375
10.27159595489502
10.699613571166992
8.827310562133789
8.849689483642578
8.909473419189453
9.655073165893555
8.781421661376953
9.17473316192627
10.786506652832031
10.88393497467041
9.129781723022461
9.39388656616211
9.54787826538086
10.167466163635254
8.723417282104492
9.135477066040039
10.726839065551758
10.868025779724121
9.049525260925293
9.326898574829102
9.443218231201172
10.07982349395752
8.144281387329102
8.59718132019043
9.668281555175781
10.049571990966797
8.419991493225098
8.714848518371582
8.725790023803711
9.251569747924805
8.111730575561523
8.559185028076172
9.643129348754883
9.948671340942383
8.460211753845215
8.71934986114502
8.690671920776367
9.143117904663086
8.808406829833984
8.952402114868164
10.725662231445312
10.71037483215332
9.38769245147705
9.319663047790527
9.708066940307617
9.992647171020508
8.758086204528809
8.911224365234375
10.74858570098877
10.736085891723633
9.4288330078125
9.35433292388916
9.608654022216797
9.9154052734375
8.598556518554688
9.323646545410156
10.097213745117188
10.819646835327148
9.181753158569336
9.38662338256836
9.040943145751953
9.653260231018066
8.474414825439453
9.310009002685547
10.066240310668945
10.893024444580078
9.125090599060059
9.493301391601562
8.89246654510498
9.62402057647705
8.676294326782227
9.038663864135742
10.397514343261719
10.451567649841309
9.15426254272461
9.45743465423584
9.103306770324707
9.644445419311523
8.622071266174316
9.023896217346191
10.414722442626953
10.487565994262695
9.145176887512207
9.395733833312988
9.002216339111328
9.54585075378418
9.171004295349121
9.779115676879883
11.325202941894531
11.166984558105469
9.31324291229248
9.072278022766113
10.026545524597168
10.326324462890625
8.949714660644531
9.662693977355957
10.966748237609863
11.02035903930664
8.949762344360352
8.987344741821289
9.845452308654785
10.287023544311523
9.461967468261719
9.60179328918457
11.37271785736084
12.061918258666992
9.35237979888916
9.969347953796387
10.266485214233398
10.500670433044434
9.3558988571167
9.493675231933594
11.282466888427734
11.999188423156738
9.27161693572998
9.94262409210205
10.19974422454834
10.444025039672852
7.662707328796387
8.1976957321167
9.550265312194824
9.886805534362793
8.475184440612793
8.736541748046875
8.358526229858398
8.851761817932129
7.5889058113098145
8.097818374633789
9.440412521362305
9.664827346801758
8.375164985656738
8.614718437194824
8.247424125671387
8.749812126159668
8.401483535766602
8.220189094543457
10.287956237792969
10.193536758422852
9.17314624786377
9.060397148132324
9.335763931274414
9.295576095581055
8.328375816345215
8.153820037841797
10.241907119750977
10.170051574707031
9.171401977539062
9.022391319274902
9.196760177612305
9.170452117919922
7.854918479919434
8.604491233825684
9.438760757446289
10.115827560424805
8.237013816833496
8.3831787109375
8.312559127807617
9.078347206115723
7.838957786560059
8.663763046264648
9.405939102172852
10.182533264160156
8.223289489746094
8.432099342346191
8.21451473236084
9.114410400390625
8.025603294372559
8.914018630981445
9.706764221191406
10.256587028503418
8.297914505004883
8.935583114624023
8.646588325500488
9.727380752563477
8.00295352935791
8.976783752441406
9.751677513122559
10.305432319641113
8.284920692443848
8.923892974853516
8.518574714660645
9.639010429382324
7.533470630645752
8.7322998046875
8.815994262695312
9.859960556030273
7.840792179107666
8.764269828796387
7.913365364074707
9.128570556640625
7.4623260498046875
8.686595916748047
8.673946380615234
9.719751358032227
7.750673294067383
8.77424430847168
7.8323750495910645
9.031574249267578
8.214395523071289
8.758827209472656
9.691914558410645
9.910088539123535
8.770387649536133
8.783291816711426
8.655136108398438
9.479520797729492
8.20077896118164
8.772668838500977
9.72700023651123
9.933326721191406
8.747032165527344
8.745854377746582
8.519546508789062
9.380620956420898
8.41278076171875
8.547608375549316
10.422057151794434
10.087972640991211
9.286544799804688
9.168930053710938
9.210079193115234
9.169347763061523
8.175039291381836
8.34653091430664
10.027693748474121
9.748832702636719
8.899033546447754
8.965664863586426
8.909994125366211
8.82291316986084
7.875920295715332
8.542303085327148
9.677886962890625
10.465338706970215
8.710086822509766
9.145563125610352
8.537190437316895
9.52926254272461
7.783295631408691
8.387201309204102
9.612903594970703
10.42074966430664
8.638731956481934
9.066231727600098
8.364187240600586
9.334573745727539
8.511275291442871
9.186609268188477
10.783599853515625
11.000663757324219
9.558404922485352
9.640254974365234
9.267416000366211
9.863553047180176
8.470429420471191
9.245156288146973
10.643095016479492
10.95154094696045
9.376927375793457
9.470993995666504
9.077801704406738
9.787994384765625
8.783184051513672
9.570411682128906
10.713924407958984
11.59273910522461
9.576295852661133
10.043209075927734
9.469112396240234
10.586419105529785
8.740254402160645
9.51922607421875
10.677576065063477
11.503606796264648
9.50206470489502
9.959227561950684
9.274853706359863
10.399131774902344
8.698858261108398
9.121400833129883
10.561973571777344
11.227153778076172
9.574748992919922
9.838918685913086
9.604681015014648
10.09315299987793
8.551119804382324
9.098402976989746
10.449378967285156
11.064102172851562
9.424560546875
9.646851539611816
9.254942893981934
9.723468780517578
8.74020767211914
9.411657333374023
10.627326965332031
10.885343551635742
9.63626480102539
9.905807495117188
9.676419258117676
10.349647521972656
8.64194107055664
9.277725219726562
10.633600234985352
10.891417503356934
9.5730619430542
9.826765060424805
9.480052947998047
10.118025779724121
7.315709590911865
7.91984224319458
9.266244888305664
9.949843406677246
8.856989860534668
9.033198356628418
8.407353401184082
8.82689380645752
7.178589820861816
7.816436290740967
9.030595779418945
9.574034690856934
8.53995132446289
8.753002166748047
8.204803466796875
8.5925874710083
7.263422012329102
7.93355131149292
9.40418815612793
9.94321060180664
8.507991790771484
9.133646011352539
8.152178764343262
9.165761947631836
7.122195243835449
7.776323318481445
9.311461448669434
9.881206512451172
8.414173126220703
9.019810676574707
7.9243364334106445
8.928333282470703
6.888181686401367
7.343413829803467
8.714613914489746
9.49203109741211
7.334706783294678
8.175908088684082
7.679147243499756
8.21943473815918
6.912604808807373
7.45206356048584
8.81067180633545
9.474387168884277
7.427480220794678
8.2055025100708
7.731097221374512
8.288322448730469
6.922368049621582
7.814762115478516
8.858810424804688
9.429219245910645
7.85720682144165
8.147908210754395
7.815158843994141
9.24148941040039
6.904572486877441
7.853196144104004
8.913236618041992
9.539533615112305
7.827761173248291
8.233036994934082
7.727027893066406
9.128313064575195
8.2840576171875
8.682282447814941
10.572099685668945
11.220697402954102
8.748411178588867
9.059700012207031
9.034652709960938
9.377429962158203
8.056497573852539
8.526001930236816
10.392902374267578
10.828889846801758
8.826610565185547
8.8945894241333
8.765276908874512
9.156200408935547
8.740644454956055
9.60048770904541
11.351787567138672
11.652263641357422
9.417984962463379
9.811485290527344
9.437248229980469
10.606000900268555
8.653229713439941
9.526969909667969
11.214607238769531
11.602775573730469
9.357815742492676
9.77896499633789
9.222572326660156
10.429069519042969
9.008672714233398
9.469403266906738
10.725259780883789
10.993760108947754
9.136346817016602
9.484735488891602
9.502416610717773
9.946308135986328
8.86034107208252
9.369474411010742
10.640047073364258
10.801680564880371
8.998924255371094
9.326791763305664
9.293937683105469
9.784828186035156
9.04207706451416
9.763324737548828
10.616579055786133
11.269580841064453
9.280624389648438
9.619500160217285
9.54163646697998
10.498187065124512
8.950551986694336
9.715666770935059
10.590024948120117
11.276397705078125
9.237696647644043
9.530961036682129
9.398736953735352
10.365372657775879
8.634749412536621
9.058821678161621
10.460933685302734
11.257855415344238
9.628998756408691
10.085278511047363
9.52042007446289
10.021553039550781
8.546359062194824
9.036064147949219
10.450227737426758
11.18146800994873
9.516124725341797
9.864380836486816
9.28188419342041
9.756683349609375
8.85356330871582
9.20449447631836
10.921008110046387
10.788952827453613
10.031575202941895
9.954232215881348
9.702810287475586
10.14330768585205
8.721314430236816
9.130484580993652
10.874643325805664
10.788619995117188
9.943592071533203
9.885231018066406
9.470026016235352
9.94690227508545
8.802603721618652
8.99543571472168
10.680376052856445
11.35740852355957
9.173929214477539
9.167698860168457
9.429755210876465
9.628758430480957
8.646897315979004
9.01571273803711
10.651336669921875
11.318946838378906
9.097427368164062
9.088417053222656
9.262726783752441
9.579938888549805
8.649785041809082
9.364810943603516
10.864837646484375
11.285377502441406
9.047755241394043
9.630966186523438
9.057771682739258
9.959495544433594
8.55989933013916
9.30621337890625
10.819026947021484
11.256831169128418
9.000813484191895
9.567790985107422
8.90407943725586
9.845474243164062
8.870462417602539
9.280496597290039
11.13313102722168
11.197484970092773
9.744077682495117
9.865846633911133
9.580398559570312
9.898271560668945
8.902215957641602
9.361381530761719
10.945383071899414
11.176443099975586
9.725903511047363
9.896307945251465
9.392890930175781
9.743022918701172
9.301806449890137
9.541770935058594
11.340044021606445
11.478754043579102
10.04904842376709
10.1950101852417
9.974298477172852
10.277278900146484
9.352869033813477
9.724831581115723
11.367834091186523
11.577446937561035
10.112016677856445
10.309625625610352
9.90555477142334
10.331167221069336
7.519428253173828
8.098577499389648
9.71341609954834
10.040590286254883
7.956972599029541
8.683680534362793
8.30294418334961
8.82795524597168
7.356094837188721
7.909946918487549
9.521890640258789
9.758306503295898
7.835700988769531
8.562386512756348
8.098522186279297
8.64082145690918
8.001325607299805
8.8036470413208
10.153889656066895
10.642915725708008
8.647191047668457
8.54039478302002
9.163545608520508
10.113404273986816
7.841675758361816
8.676989555358887
10.033138275146484
10.604902267456055
8.496870994567871
8.45227336883545
8.955363273620605
9.949723243713379
8.566184043884277
9.133899688720703
10.275726318359375
10.854520797729492
9.62258243560791
9.57991886138916
9.433082580566406
9.59276294708252
8.443367004394531
9.098834991455078
10.044034957885742
10.48955249786377
9.341902732849121
9.42745590209961
9.170705795288086
9.54542350769043
8.618515014648438
9.421884536743164
10.395126342773438
10.949529647827148
9.362759590148926
10.054763793945312
9.225919723510742
10.240988731384277
8.513080596923828
9.400696754455566
10.308155059814453
10.912400245666504
9.284113883972168
9.940330505371094
9.031712532043457
10.084041595458984
8.889423370361328
9.168360710144043
10.683164596557617
11.123821258544922
9.233438491821289
9.392083168029785
9.389406204223633
9.630220413208008
8.81837272644043
9.251824378967285
10.598376274108887
11.051772117614746
9.136860847473145
9.247425079345703
9.270256042480469
9.529928207397461
8.834474563598633
9.598393440246582
10.720650672912598
11.075984001159668
9.272412300109863
9.625333786010742
9.368457794189453
10.29089069366455
8.892640113830566
9.64268684387207
10.76358413696289
11.124412536621094
9.257962226867676
9.6205415725708
9.285961151123047
10.282503128051758
7.944693088531494
8.756263732910156
9.780885696411133
10.532614707946777
9.266382217407227
9.384387969970703
8.920999526977539
9.47161865234375
7.7556562423706055
8.627235412597656
9.473898887634277
10.06887435913086
8.807991027832031
9.005884170532227
8.527679443359375
9.225687026977539
8.199930191040039
8.70327377319336
10.037588119506836
10.533061981201172
9.065357208251953
9.700550079345703
8.854342460632324
9.708292007446289
8.081900596618652
8.645074844360352
9.963953018188477
10.460591316223145
8.97140121459961
9.535039901733398
8.606474876403809
9.456220626831055