-35.19995477795601
-37.31222742795944
-36.5921226143837
-38.628910779953
-45.35058605670929
-46.12596929073334
-56.73331797122955
-53.35626292228699
-43.68004159629345
-45.26119703054428
-50.19993996620178
-52.65905451774597
-51.587270855903625
-51.564465045928955
-37.738611817359924
-41.39484512805939
-39.56508016586304
-41.3206524848938
-51.118035674095154
-52.18731212615967
-56.86157548427582
-57.849188804626465
-46.10285998880863
-53.47552824020386
-56.04686212539673
-59.32904624938965
-49.91791248321533
-50.95337677001953
-31.972649931907654
-42.2262117266655
-30.381133198738098
-41.69511020183563
-43.1929806470871
-50.49778687953949
-55.10613942146301
-62.002607583999634
-50.94099980592728
-56.301386535167694
-58.91389846801758
-59.013869524002075
-55.9551305770874
-56.92613697052002
-34.3383424282074
-42.99517214298248
-32.61556327342987
-43.022027373313904
-47.50699806213379
-54.26435852050781
-55.96466505527496
-62.889222264289856
-49.63686031103134
-54.46964943408966
-55.995813608169556
-62.36634707450867
-53.15638566017151
-60.91460156440735
-37.96718764305115
-44.527052879333496
-37.03363275527954
-45.873363733291626
-47.17575991153717
-50.7559609413147
-37.75328969955444
-44.30784296989441
-33.35033206641674
-44.442879274487495
-49.374539375305176
-54.33179783821106
-46.017316818237305
-53.81434416770935
-35.84661567211151
-47.55827844142914
-36.4650514125824
-48.94459545612335
-47.77112054824829
-55.298465728759766
-44.308024525642395
-50.19349217414856
-36.61709798872471
-48.231467977166176
-53.966440200805664
-57.05064845085144
-43.99980664253235
-50.46594500541687
-37.8726806640625
-42.97986602783203
-39.78860127925873
-44.13371396064758
-49.44283485412598
-52.20019054412842
-47.774484634399414
-47.78645324707031
-43.17971494793892
-44.0788391828537
-56.09627604484558
-57.87833833694458
-50.3543735742569
-52.48177254199982
-39.87604784965515
-42.28706657886505
-43.046544432640076
-44.99357616901398
-53.898205518722534
-54.286086082458496
-47.06937563419342
-50.10648012161255
-46.39511960744858
-48.56612968444824
-55.974468886852264
-61.11790120601654
-54.892555236816406
-57.72747850418091
-38.702701568603516
-42.52644419670105
-40.1480211019516
-45.089086174964905
-48.7108128964901
-51.576658844947815
-52.064536690711975
-54.91409754753113
-33.38605660200119
-43.4023999273777
-51.06016230583191
-61.03197503089905
-49.95044994354248
-60.69472599029541
-38.076873540878296
-41.858521461486816
-40.681976675987244
-45.27924382686615
-51.544347286224365
-55.97719430923462
-49.19307827949524
-54.251115798950195
-35.7047034651041
-45.46229612827301
-57.262645959854126
-65.64831304550171
-44.7690908908844
-55.6494083404541
-35.463826417922974
-44.22800827026367
-40.82057285308838
-46.580034494400024
-49.78351056575775
-53.711225509643555
-60.61726379394531
-60.74862742424011
-47.01274758577347
-42.410829305648804
-67.11447715759277
-60.84809160232544
-57.99347448348999
-55.047245264053345
-34.85953426361084
-43.272531270980835
-40.89606475830078
-46.70203447341919
-53.246944189071655
-55.94473147392273
-51.61842584609985
-52.016594648361206
-46.77668905258179
-44.12721690535545
-65.09312200546265
-62.57498645782471
-57.53401803970337
-57.55137062072754
-33.52059888839722
-40.17845320701599
-35.11721783876419
-41.296117424964905
-46.085075318813324
-51.71538257598877
-49.173757553100586
-53.36396837234497
-43.69021338224411
-51.111141711473465
-48.21231698989868
-58.2045419216156
-50.355392932891846
-56.022700548172
-37.81713628768921
-45.65079140663147
-38.00711637735367
-44.91185283660889
-51.40516257286072
-56.76132369041443
-51.41613245010376
-54.883466958999634
-48.70872965455055
-56.66251114010811
-55.4899480342865
-65.64489030838013
-51.27087736129761
-57.40271770954132
-38.61517918109894
-40.721000611782074
-39.11768865585327
-43.44952213764191
-51.562949657440186
-51.697049617767334
-55.71857166290283
-54.005309104919434
-55.17815786600113
-49.629536390304565
-63.06718730926514
-52.411457538604736
-53.67621028423309
-49.12294363975525
-42.82990837097168
-44.219017803668976
-41.7798148393631
-46.17959260940552
-54.90009307861328
-56.144264221191406
-51.833439111709595
-54.667365074157715
-60.94261074066162
-56.86274695396423
-66.76042866706848
-57.61488628387451
-59.86325228214264
-57.01738142967224
-38.200315952301025
-45.302255392074585
-35.851147413253784
-44.30245912075043
-45.87298822402954
-48.83862292766571
-48.046175956726074
-57.03995323181152
-40.41162747144699
-47.945480555295944
-42.787734270095825
-50.43807530403137
-47.93398451805115
-53.9791704416275
-37.34335732460022
-45.73493552207947
-37.607635617256165
-45.24104428291321
-48.48189830780029
-51.58105158805847
-51.67378568649292
-62.877248764038086
-44.29789614677429
-54.218763545155525
-55.11138033866882
-60.64153242111206
-48.46696424484253
-57.933847427368164
-34.03446339070797
-38.57407569885254
-36.68063175678253
-38.759976625442505
-47.09671115875244
-49.32203269004822
-57.918139934539795
-52.80333065986633
-45.43466228246689
-41.54908899962902
-52.34978914260864
-50.77801871299744
-49.53089916706085
-51.254640221595764
-36.44748842716217
-37.878021359443665
-40.11022436618805
-41.27796912193298
-51.45719528198242
-53.25633656978607
-55.204622745513916
-51.75269937515259
-47.1974992454052
-46.12104672193527
-52.98459780216217
-54.288680255413055
-52.87759709358215
-55.224679946899414
-30.3966366648674
-39.100903034210205
-33.31232303380966
-42.5086133480072
-42.29162859916687
-53.01672947406769
-44.75397062301636
-50.232940435409546
-33.69762650132179
-46.902855545282364
-45.577988386154175
-55.9767792224884
-41.37429451942444
-53.535125732421875
-32.15762382745743
-41.14853096008301
-35.549861788749695
-44.45578098297119
-45.97720110416412
-57.824859380722046
-57.838419914245605
-60.56346869468689
-43.56379161775112
-53.97075101733208
-56.15977382659912
-67.14413118362427
-45.753106355667114
-58.82267999649048
-33.424307614564896
-35.82292950153351
-38.95199114084244
-41.23199760913849
-51.63672363758087
-48.24572992324829
-54.86914777755737
-61.14441776275635
-49.00631928443909
-49.79875400662422
-61.22348213195801
-57.611209869384766
-51.758018255233765
-50.6666464805603
-35.6085844039917
-37.45726549625397
-41.071332693099976
-42.94263303279877
-55.093180418014526
-50.99413561820984
-57.466755390167236
-59.79857909679413
-53.650929510593414
-51.93420276045799
-62.86734235286713
-62.87806034088135
-57.01362943649292
-56.276334285736084
-40.320647954940796
-50.288435220718384
-44.32392120361328
-55.852280139923096
-53.86398649215698
-50.206997871398926
-51.36318755149841
-48.87758982181549
-32.46739274263382
-37.70918035507202
-32.83869355916977
-39.33425295352936
-44.00898677110672
-44.86957275867462
-47.071829319000244
-51.8957142829895
-37.56636098027229
-47.60450801253319
-44.56273436546326
-53.55531311035156
-47.25295162200928
-53.904133796691895
-31.513890504837036
-39.59868288040161
-32.94191348552704
-41.152424931526184
-47.180822253227234
-48.86706519126892
-51.62685763835907
-60.36284613609314
-41.156296759843826
-52.1983337700367
-50.43678045272827
-62.50594520568848
-43.84307253360748
-55.50790619850159
-33.2426193356514
-39.1108957529068
-36.42258298397064
-41.08518183231354
-44.28237748146057
-49.22360181808472
-58.86072874069214
-56.499916553497314
-50.160052955150604
-51.788350045681
-63.254454135894775
-54.26711845397949
-58.32070541381836
-52.15747845172882
-35.553200483322144
-38.50002098083496
-38.66764307022095
-41.88819372653961
-47.37503409385681
-52.74422574043274
-52.755764961242676
-57.21377670764923
-47.53108602762222
-50.33221608400345
-55.98508584499359
-55.055177211761475
-53.86184024810791
-54.05718016624451
-33.60284090042114
-42.540467977523804
-33.82368791103363
-36.41132974624634
-46.71108955144882
-51.0798944234848
-44.30209255218506
-45.820807456970215
-30.905937120318413
-36.556341737508774
-46.56420171260834
-45.35896015167236
-37.24438810348511
-46.26508855819702
-35.33839130401611
-45.81453609466553
-36.44113349914551
-41.48148822784424
-48.943851470947266
-57.893935680389404
-49.38344883918762
-53.786999464035034
-42.20561854541302
-49.13836005330086
-53.427292346954346
-53.72458481788635
-39.236316561698914
-54.08531093597412
-34.25417601317167
-41.20649242401123
-31.827321648597717
-41.55026865005493
-48.54281008243561
-49.616652488708496
-56.51826524734497
-53.395251750946045
-47.180999517440796
-46.13668376207352
-47.972819089889526
-52.35281229019165
-48.116737961769104
-44.86902093887329
-37.80992245674133
-42.89764153957367
-38.13661336898804
-44.79629683494568
-54.89826774597168
-52.86992645263672
-49.35581839084625
-50.232741475105286
-49.70536828041077
-48.59785932302475
-52.849796533584595
-57.35228443145752
-53.50407576560974
-47.667285203933716
-38.99433118104935
-40.09450328350067
-37.25986874103546
-38.21029329299927
-51.30820834636688
-49.82759380340576
-45.52392649650574
-48.449498653411865
-37.24625626206398
-39.94595047831535
-45.03571152687073
-46.500983476638794
-49.390846967697144
-53.16429829597473
-36.90630745887756
-40.838674545288086
-39.86911368370056
-41.4172443151474
-54.137778997421265
-54.49744749069214
-50.1740083694458
-54.54356026649475
-46.905428782105446
-47.32380808889866
-54.9881454706192
-57.564366817474365
-53.175169706344604
-54.17013645172119
-32.272372007369995
-43.14662516117096
-33.458917021751404
-42.63605535030365
-48.62007451057434
-56.745347023010254
-52.244977951049805
-52.169968366622925
-39.7902467250824
-46.366415083408356
-53.18169069290161
-54.57732391357422
-53.812005043029785
-54.862672567367554
-33.43238079547882
-41.67633402347565
-37.34401857852936
-44.24884653091431
-52.52999925613403
-58.007673144340515
-48.97035789489746
-52.48102879524231
-40.640042662620544
-49.44164323806763
-55.70642149448395
-59.50699698925018
-53.225558280944824
-58.8790545463562
-34.989958703517914
-38.15955865383148
-34.80345320701599
-42.72652626037598
-44.04803287982941
-50.22950029373169
-35.10929465293884
-41.66469120979309
-41.30927610397339
-44.102724343538284
-43.12272238731384
-46.52631235122681
-51.042325258255005
-54.13083052635193
-32.969249963760376
-38.00894045829773
-37.38961315155029
-44.62595176696777
-47.81223225593567
-55.062684059143066
-44.302749037742615
-50.850534200668335
-49.80961883068085
-54.392565190792084
-54.6113315820694
-57.621962547302246
-51.43460297584534
-53.95942950248718
-35.73421263694763
-40.03752875328064
-39.72783398628235
-41.26416885852814
-52.05065560340881
-50.52450716495514
-49.959805965423584
-48.97442007064819
-44.94119465351105
-48.13536524772644
-53.64784324169159
-53.05549097061157
-54.17577648162842
-56.438822746276855
-35.57989740371704
-39.556686878204346
-40.875739097595215
-44.28720474243164
-54.89533567428589
-53.99911165237427
-41.24507713317871
-43.536737501621246
-46.551204204559326
-52.66875088214874
-54.50348079204559
-57.026826590299606
-51.632368087768555
-57.612481474876404
-48.47168755531311
-53.69663619995117
-51.74266481399536
-59.49286937713623
-56.60774564743042
-55.913304805755615
-52.63212275505066
-54.58269202709198
-34.12810242176056
-39.252264976501465
-35.85977751016617
-39.27824878692627
-47.55640947818756
-50.421862840652466
-47.70607578754425
-52.58496332168579
-43.65088248252869
-43.81859987974167
-46.50329387187958
-44.42624819278717
-53.19684886932373
-50.975003242492676
-36.06598997116089
-38.66630148887634
-39.654600858688354
-42.08400845527649
-51.98869514465332
-52.807793617248535
-56.14492607116699
-65.326247215271
-52.40372234582901
-53.86416347324848
-57.98341631889343
-57.19789457321167
-56.66339707374573
-54.31313109397888
-34.13932728767395
-39.14013981819153
-35.7547253370285
-40.38637351989746
-49.82011437416077
-52.765106439590454
-63.202439308166504
-58.86886692047119
-45.53401905298233
-49.417157888412476
-55.10151958465576
-55.652268171310425
-56.23535633087158
-60.26098966598511
-33.79641389846802
-41.21570658683777
-38.365739822387695
-44.58847141265869
-51.760440826416016
-56.2915472984314
-56.18728685379028
-57.770583629608154
-44.85329470038414
-53.77878165245056
-55.35837268829346
-61.505287408828735
-52.966506361961365
-63.39026212692261
-39.61807203292847
-49.21049189567566
-35.05562341213226
-45.528422117233276
-47.097657561302185
-57.28613901138306
-45.98795819282532
-57.49296855926514
-42.0217781662941
-54.14481462538242
-43.30135655403137
-56.03124499320984
-52.03218388557434
-67.57547545433044
-39.59169149398804
-50.994274735450745
-38.49584698677063
-49.52139151096344
-50.350486516952515
-62.399526596069336
-53.82988119125366
-66.76087021827698
-49.569508612155914
-58.756376937031746
-52.415619015693665
-63.06804811954498
-52.94803810119629
-65.08790636062622
-40.85126042366028
-42.30533158779144
-40.107561111450195
-39.03380608558655
-55.49352145195007
-50.47961622476578
-59.09818696975708
-51.138970136642456
-45.49172753095627
-47.02665442228317
-56.02355122566223
-53.229318618774414
-57.29703664779663
-56.088895082473755
-40.56995677947998
-41.88243269920349
-42.867178201675415
-41.88432955741882
-59.46872878074646
-53.319793701171875
-56.97035098075867
-51.509647488594055
-51.977185100317
-51.9616624712944
-60.22711932659149
-54.94719195365906
-63.954416275024414
-58.36810827255249
-34.310804069042206
-35.01445949077606
-34.881834745407104
-34.27378511428833
-34.331365525722504
-37.02600610256195
-47.85016644001007
-47.5202751159668
-39.68335539102554
-38.98537191748619
-44.455775141716
-43.06066024303436
-53.406718611717224
-51.46404278278351
-36.09820902347565
-37.605236291885376
-36.24086034297943
-34.97086763381958
-37.46588754653931
-39.64423370361328
-52.99142861366272
-54.525819301605225
-43.83304466307163
-46.284146815538406
-52.59518885612488
-50.95344686508179
-49.741671085357666
-52.508575439453125
-35.68587839603424
-40.57465422153473
-36.63207149505615
-41.203951835632324
-38.31982469558716
-39.4922149181366
-58.919267654418945
-61.18828511238098
-51.60003513097763
-53.07545793056488
-52.29019021987915
-56.60491609573364
-56.05011463165283
-58.21879816055298
-39.168418407440186
-42.98479413986206
-39.33082628250122
-42.32158422470093
-39.967625856399536
-42.55836844444275
-49.61857759952545
-55.859694957733154
-48.31088173389435
-54.51976025104523
-51.11681857705116
-54.920936822891235
-51.307801723480225
-57.53850436210632
-31.54532814025879
-35.24652850627899
-33.48852038383484
-38.161378145217896
-46.82276916503906
-47.85941922664642
-53.109416246414185
-58.64790368080139
-39.22049582004547
-47.30044265091419
-46.64228677749634
-56.77373027801514
-53.659361839294434
-57.80863332748413
-33.47135782241821
-39.9620897769928
-35.51272475719452
-40.64733529090881
-51.05832505226135
-54.237112045288086
-58.34328031539917
-65.43818521499634
-44.84488297998905
-50.553915143013
-55.91413593292236
-65.93995380401611
-53.41084551811218
-56.83619785308838
-35.13777697086334
-38.47657549381256
-36.99769306182861
-41.16327679157257
-49.32666349411011
-54.273202896118164
-62.88381624221802
-62.686126708984375
-48.02891466021538
-48.805573880672455
-62.916353702545166
-56.95486760139465
-59.533788204193115
-59.69762873649597
-38.21910548210144
-39.46641755104065
-39.217414140701294
-43.232606649398804
-53.13242864608765
-56.908835649490356
-63.53509068489075
-61.94845497608185
-53.439201295375824
-50.89479076862335
-66.45220494270325
-58.446388483047485
-63.2294180393219
-62.12668704986572
-45.44272470474243
-47.284724950790405
-48.22055733203888
-51.64680349826813
-50.72971820831299
-52.92321228981018
-45.054508209228516
-51.189447700977325
-43.783558547496796
-40.933359026908875
-39.46618050336838
-37.95746326446533
-51.94193625450134
-50.73304462432861
-52.03576326370239
-52.68949556350708
-41.759398743510246
-43.011104211211205
-56.87326002120972
-57.395792961120605
-57.427712202072144
-63.49763035774231
-42.513405203819275
-41.997705578804016
-41.97068643569946
-40.782007336616516
-55.65323305130005
-53.65506362915039
-58.065568923950195
-60.30297565460205
-45.442832216620445
-45.062942415475845
-66.89423036575317
-62.90087080001831
-57.71438145637512
-58.95597529411316
-37.32560658454895
-49.855594635009766
-35.72863435745239
-47.50574088096619
-50.24500751495361
-57.15214824676514
-58.56217288970947
-59.710662841796875
-47.988972306251526
-54.23804771900177
-61.59147548675537
-64.41121053695679
-59.764593839645386
-58.44372057914734
-39.16945123672485
-48.61201190948486
-40.09419345855713
-48.87370681762695
-53.354331970214844
-59.03449821472168
-54.56660723686218
-58.27884387969971
-47.13943374156952
-56.01095640659332
-60.3574960231781
-68.15532970428467
-58.68778395652771
-64.66474294662476
-38.43692809343338
-44.49711871147156
-32.43010687828064
-39.34420144557953
-47.290711402893066
-49.16025733947754
-55.74348568916321
-60.62477779388428
-37.59475754201412
-45.10252979397774
-48.18728196620941
-51.647767305374146
-44.91327357292175
-52.13828086853027
-36.19429159164429
-44.571345806121826
-34.75319343805313
-42.66315734386444
-48.30035674571991
-53.72984743118286
-55.953263998031616
-62.77518701553345
-39.50662040710449
-47.61999064683914
-50.471344232559204
-55.076748847961426
-43.147371768951416
-49.49081349372864
-36.183618903160095
-41.03808605670929
-33.94731163978577
-38.66700458526611
-48.812233209609985
-53.059338331222534
-64.49214148521423
-61.8163161277771
-47.23038595914841
-48.69771724939346
-55.14724826812744
-56.15192651748657
-51.91296648979187
-51.255961894989014
-36.78356122970581
-40.71783781051636
-36.76893711090088
-41.58025896549225
-51.59453344345093
-53.636651039123535
-56.90487718582153
-58.58488631248474
-49.2796328663826
-53.349932074546814
-55.227030873298645
-58.502195596694946
-53.0219464302063
-56.69683051109314
-34.95032715797424
-43.8122079372406
-31.14898020029068
-42.14177203178406
-46.92176616191864
-51.51397156715393
-51.796426653862
-52.760212898254395
-44.68589052557945
-50.276497930288315
-46.82259953022003
-50.775237798690796
-50.817275166511536
-53.79105246067047
-36.287864446640015
-44.12693107128143
-33.39077711105347
-43.20152682065964
-49.693023920059204
-54.67852318286896
-58.53605532646179
-65.48961877822876
-49.97363260388374
-59.71817174553871
-55.02751278877258
-63.258429288864136
-54.61819505691528
-57.44288647174835
-38.03373837471008
-39.837687492370605
-38.67995834350586
-37.45878618955612
-51.67991781234741
-51.88100242614746
-61.27077388763428
-59.9870502948761
-47.24601340293884
-47.6367170214653
-56.08098292350769
-53.60657334327698
-56.632255256175995
-54.422144174575806
-38.50049924850464
-41.06277060508728
-39.414992332458496
-38.96969532966614
-53.753283739089966
-53.73358380794525
-55.20553922653198
-55.17024374008179
-51.72130286693573
-53.370855271816254
-57.04810357093811
-59.05703008174896
-56.792306900024414
-60.745153188705444
-35.18023765087128
-43.08724308013916
-37.9312926530838
-43.45996969938278
-48.57550364732742
-50.6003155708313
-50.26749822497368
-53.90057456493378
-37.51002588868141
-44.62263861298561
-43.662601709365845
-48.40798091888428
-46.607035398483276
-54.23648500442505
-34.90090560913086
-43.65889573097229
-39.43095898628235
-45.3910391330719
-53.41185677051544
-56.102285385131836
-51.1487797498703
-60.852285623550415
-45.56698603928089
-52.9780895113945
-55.9255256652832
-62.720393896102905
-49.243547439575195
-57.25108885765076
-40.02880883216858
-41.47140038013458
-38.269803166389465
-43.53151398897171
-49.770411014556885
-53.65540933609009
-62.93141508102417
-57.474202156066895
-50.68779665231705
-47.73033022880554
-59.411060094833374
-55.248754262924194
-62.34684145450592
-55.2706241607666
-39.05164289474487
-40.423078656196594
-40.448567271232605
-44.854015827178955
-54.43533658981323
-56.55993700027466
-52.38372057676315
-54.985640585422516
-49.050729393959045
-50.06699198484421
-58.210700780153275
-59.36290702223778
-57.36426603794098
-57.89245617389679
-39.65009242296219
-46.47519612312317
-39.93045234680176
-46.691227197647095
-47.29399633407593
-50.6842737197876
-48.06482481956482
-51.001617193222046
-46.549155063927174
-52.413944348692894
-49.37839937210083
-57.6668598651886
-59.31412744522095
-58.78583598136902
-38.05612111091614
-47.52325713634491
-41.0682270526886
-49.380367040634155
-51.759073138237
-55.33837699890137
-51.534409523010254
-55.81914019584656
-48.576594673097134
-59.05243168771267
-58.002299785614014
-67.191397190094
-59.45693302154541
-60.52838850021362
-37.34836235642433
-43.538928747177124
-38.96667259931564
-44.747967004776
-47.918009877204895
-52.01475512981415
-51.564435720443726
-54.28232383728027
-47.71663525700569
-51.03741589188576
-62.40925884246826
-59.71632504463196
-57.63298964500427
-63.832911014556885
-37.392940163612366
-42.07863759994507
-41.35357666015625
-44.95408582687378
-52.28463864326477
-55.59080410003662
-49.392645478248596
-54.287089347839355
-55.00947028398514
-56.234099209308624
-65.61324000358582
-62.58670139312744
-61.67446672916412
-68.59786200523376
-44.844846963882446
-44.146361351013184
-49.148327708244324
-52.42689609527588
-56.91384983062744
-56.91638517379761
-46.266727447509766
-49.45305836200714
-35.999467849731445
-42.6721373796463
-38.83741080760956
-43.24233067035675
-47.363288164138794
-50.269864559173584
-47.055562257766724
-49.46009039878845
-38.57260425388813
-43.865740582346916
-46.08787417411804
-51.50911808013916
-50.61230182647705
-53.28765249252319
-40.22604274749756
-44.53890037536621
-40.65637922286987
-45.09387671947479
-52.30451416969299
-56.49243140220642
-51.532209396362305
-53.99917149543762
-42.78496786952019
-45.800762474536896
-52.609540939331055
-53.346338987350464
-46.932506799697876
-53.35145950317383
-34.28038315474987
-41.20432949066162
-35.61922740936279
-41.41597318649292
-47.65972828865051
-49.10304141044617
-54.23267316818237
-56.75485420227051
-49.01631897687912
-52.77742716670036
-51.3826961517334
-52.37605929374695
-54.998042941093445
-55.492270946502686
-35.44765520095825
-44.26046061515808
-37.9610790014267
-44.36909008026123
-53.53390169143677
-54.786877393722534
-55.28240704536438
-56.3003990650177
-49.28669184446335
-55.05947959423065
-54.4156574010849
-60.249979972839355
-56.32426333427429
-56.78997182846069
-43.01962184906006
-47.58589506149292
-47.66814732551575
-54.189735651016235
-54.93005561828613
-57.8956573009491
-49.936145305633545
-54.79966914653778
-35.84011775255203
-39.98363494873047
-34.51707670092583
-39.33996784687042
-49.03992027044296
-52.22745192050934
-48.81103765964508
-51.707303524017334
-37.369654439389706
-43.99951210618019
-44.1154967546463
-45.06291079521179
-50.212647914886475
-52.39467740058899
-35.61173892021179
-41.49364161491394
-37.728336334228516
-41.29781103134155
-53.19667410850525
-54.62228083610535
-54.343955993652344
-59.111867904663086
-44.7214300185442
-54.06886225938797
-53.546634674072266
-56.86612021923065
-52.076056361198425
-52.948261976242065
-31.940464675426483
-40.823904156684875
-33.6007639169693
-39.32513391971588
-51.33537244796753
-53.654780864715576
-59.319767475128174
-58.7484393119812
-43.40743410587311
-43.192925810813904
-50.97558045387268
-50.44900155067444
-53.125653982162476
-53.99310517311096
-33.79232144355774
-41.263070583343506
-36.44844877719879
-43.69417858123779
-53.05491781234741
-57.17378282546997
-51.46216130256653
-56.88085341453552
-46.18890881538391
-47.822254061698914
-55.54707336425781
-60.098464488983154
-56.311848640441895
-61.356091380119324
-25.93342462182045
-31.90412402153015
-26.18336993455887
-28.355698943138123
-37.293373823165894
-41.83358371257782
-34.19715893268585
-34.6599680185318
-30.89326900243759
-33.19669692218304
-39.36165124177933
-42.28384613990784
-41.21316468715668
-41.39311122894287
-28.735573172569275
-34.53125560283661
-30.096416413784027
-31.925324380397797
-42.47929000854492
-47.50976514816284
-37.21622025966644
-39.67191219329834
-38.737068489193916
-42.301187604665756
-46.305278062820435
-47.69507086277008
-42.92486524581909
-42.543155908584595
-30.23405009508133
-37.32530474662781
-30.46429204940796
-38.09751296043396
-42.48861074447632
-46.96187663078308
-42.687670946121216
-44.81611776351929
-43.30832749605179
-41.686767399311066
-49.463149070739746
-48.80233550071716
-44.681058168411255
-46.73887658119202
-32.9940060377121
-40.218501567840576
-33.66342759132385
-41.814722776412964
-46.031229734420776
-49.907827615737915
-36.86126625537872
-44.08049690723419
-43.87626630067825
-47.510648131370544
-51.63687402009964
-54.01108282804489
-47.25077414512634
-49.94204521179199
-52.672595381736755
-51.84029138088226
-54.49607169628143
-56.749077558517456
-60.950767040252686
-60.09962332248688
-55.186328291893005
-59.483465909957886
-49.638479232788086
-51.51277685165405
-52.95867395401001
-55.58606171607971
-55.18628978729248
-60.00433588027954
-52.0421576499939
-55.72819900512695
-43.14876747131348
-50.64063251018524
-44.792298316955566
-52.37223982810974
-49.682214856147766
-48.35069751739502
-45.78298282623291
-47.41592574119568
-33.5214364528656
-40.4766925573349
-29.987557291984558
-34.16246819496155
-39.852505803108215
-46.27906155586243
-44.36876171827316
-53.67399740219116
-33.27352100610733
-38.310157150030136
-48.092408299446106
-55.494555950164795
-43.266789734363556
-52.31601285934448
-33.41793251037598
-42.716384291648865
-33.16772925853729
-40.29283928871155
-41.48210906982422
-50.53430914878845
-52.0162558555603
-62.40705442428589
-40.40333837270737
-46.18765453994274
-54.92564380168915
-61.66491997241974
-41.83047342300415
-52.54378032684326
-33.10876214504242
-38.677568554878235
-31.61455762386322
-37.54584515094757
-45.833202958106995
-45.929537415504456
-61.90233302116394
-54.7005090713501
-47.63950905203819
-48.92405617237091
-59.46482002735138
-56.33828783035278
-58.00755000114441
-50.662272214889526
-34.249261140823364
-38.022733092308044
-36.553056716918945
-38.920430421829224
-48.907989740371704
-46.311572313308716
-55.989816188812256
-50.68893951177597
-47.4071604013443
-47.086663126945496
-61.914806604385376
-60.5083848759532
-53.159404158592224
-48.37009072303772
-36.27009782195091
-38.383522152900696
-35.71679651737213
-41.243319153785706
-45.290434658527374
-48.11436855792999
-46.7271009683609
-52.23661708831787
-39.49211202561855
-42.50223906338215
-47.81656622886658
-54.67422842979431
-46.8968026638031
-53.86104083061218
-38.55302381515503
-44.34535074234009
-38.130643367767334
-45.2423996925354
-50.19667458534241
-53.95689344406128
-47.11319351196289
-58.14994430541992
-45.2564058303833
-51.06088176369667
-55.90059232711792
-65.00774478912354
-47.55934405326843
-58.79315114021301
-35.2407691180706
-42.20030915737152
-35.68784552812576
-40.88292646408081
-47.8882120847702
-50.35587453842163
-57.71881055831909
-57.76660776138306
-47.935487031936646
-52.94125318527222
-59.35939025878906
-58.50569725036621
-56.139227867126465
-54.318365931510925
-39.64418983459473
-44.669960498809814
-39.30208349227905
-42.7628870010376
-52.78737163543701
-53.00676083564758
-50.82395958900452
-50.922117471694946
-47.77137637138367
-54.49056136608124
-63.004528284072876
-59.48919057846069
-59.82748579978943
-56.882511138916016
-32.26316475868225
-38.16496419906616
-30.703921288251877
-39.65184020996094
-39.48261445760727
-46.33098530769348
-47.61611819267273
-56.35509276390076
-34.02787883579731
-41.68427412211895
-41.62584924697876
-49.12262165546417
-44.47345495223999
-54.187556743621826
-34.43802070617676
-41.45353651046753
-34.041447162628174
-42.66774320602417
-45.07326281070709
-50.909860372543335
-50.55546045303345
-61.43679094314575
-39.7783050686121
-47.3786438703537
-49.20833396911621
-56.34269034862518
-45.94395971298218
-54.33700227737427
-32.06843650341034
-39.45896315574646
-34.740341663360596
-38.29388093948364
-44.230589866638184
-45.01431941986084
-63.950275897979736
-59.236297607421875
-47.201708912849426
-47.252226769924164
-59.57170796394348
-54.4516077041626
-58.4757444858551
-53.61476993560791
-33.936298847198486
-41.45281744003296
-36.50807428359985
-41.51237368583679
-48.36372947692871
-50.4109570980072
-60.89055061340332
-58.66768932342529
-49.20304346084595
-51.805013954639435
-58.7974408864975
-55.471580028533936
-59.86435508728027
-56.56214141845703
-48.11624729633331
-51.81844878196716
-51.697691679000854
-63.198233127593994
-59.336276054382324
-58.06646537780762
-55.56105661392212
-53.84374737739563
-34.043135583400726
-38.50043869018555
-37.15496122837067
-41.15068197250366
-42.697627663612366
-47.43319368362427
-47.91275095939636
-55.74620342254639
-37.2146201133728
-43.44409269094467
-46.52898168563843
-54.42337393760681
-52.13125419616699
-61.25889277458191
-35.498621463775635
-40.910953402519226
-37.869378089904785
-41.85513114929199
-47.142547369003296
-51.92310667037964
-50.71021509170532
-57.86341381072998
-40.75573953986168
-45.620691657066345
-53.00810098648071
-57.371469259262085
-48.62843060493469
-54.02575469017029
-32.34873324632645
-40.22393321990967
-32.86131262779236
-42.92445623874664
-44.23968589305878
-48.47185444831848
-59.37530755996704
-57.45234155654907
-44.913753032684326
-47.81072121858597
-61.58875632286072
-57.26275110244751
-58.79913854598999
-57.46862816810608
-34.43265879154205
-42.2660927772522
-35.84037697315216
-44.8221218585968
-48.6965594291687
-52.460604190826416
-54.91800260543823
-55.59681963920593
-48.05565011501312
-51.17508155107498
-62.10632610321045
-58.06064248085022
-60.51915693283081
-60.4849956035614
-38.33735013008118
-40.77814269065857
-44.103073596954346
-49.79153060913086
-48.483540058135986
-50.79900407791138
-43.60796356201172
-44.20542645454407
-50.702890396118164
-58.70107102394104
-59.96581470966339
-69.40085744857788
-60.552627086639404
-57.388591289520264
-60.909626960754395
-61.237916111946106
-43.122275829315186
-43.60320973396301
-50.71258306503296
-52.20014953613281
-47.33177733421326
-51.12035918235779
-41.60925304889679
-50.677377104759216
-49.02508819103241
-58.19543671607971
-52.901942014694214
-64.00319385528564
-59.13491344451904
-54.17142581939697
-54.83839678764343
-51.75233244895935
-34.97543662786484
-43.466997146606445
-34.371652603149414
-43.868916511535645
-44.621201276779175
-51.18084633350372
-42.586376786231995
-46.80325531959534
-32.500059604644775
-42.37755134701729
-46.16965198516846
-50.38853371143341
-47.764989137649536
-48.69883966445923
-33.134538531303406
-44.30648636817932
-37.07171869277954
-46.367820024490356
-46.75953006744385
-54.03263711929321
-45.79084753990173
-52.95152688026428
-38.189663767814636
-50.90736734867096
-52.49070644378662
-57.42725968360901
-44.84612798690796
-50.51188039779663
-32.81615300476551
-41.76403784751892
-34.581232488155365
-41.96198034286499
-47.58389127254486
-49.78220844268799
-51.88429832458496
-51.17798733711243
-48.16244238615036
-46.18218356370926
-56.84162676334381
-58.29361033439636
-49.32832169532776
-52.66565132141113
-34.538861989974976
-41.138200640678406
-37.881791830062866
-44.28493082523346
-50.06074571609497
-52.41929912567139
-50.48291730880737
-50.45431423187256
-49.87441968917847
-48.42719316482544
-60.33054053783417
-61.21492040157318
-53.04773306846619
-56.07397651672363
-43.067871391773224
-47.230472683906555
-40.47772824764252
-47.24722397327423
-51.10834884643555
-52.245505809783936
-45.54045009613037
-49.50067925453186
-41.62966576218605
-48.249952375888824
-46.865782499313354
-52.65579891204834
-52.77348303794861
-51.15099799633026
-41.599711298942566
-48.97907197475433
-41.64828145503998
-49.49484312534332
-53.87918710708618
-57.08367681503296
-50.82732915878296
-53.62924027442932
-44.13501596450806
-52.40366441011429
-52.137492418289185
-58.19356966018677
-51.04344081878662
-49.03154158592224
-39.77299454808235
-45.73039186000824
-40.86301749944687
-43.904067158699036
-51.56746578216553
-55.10454750061035
-51.62320566177368
-57.212777614593506
-48.64642322063446
-51.34368771314621
-54.13452625274658
-56.7796471118927
-52.14661228656769
-58.28275614976883
-40.55588984489441
-45.87615478038788
-43.12625253200531
-46.94432508945465
-55.291565895080566
-58.616339325904846
-47.872414112091064
-51.84165322780609
-50.160465717315674
-54.05650633573532
-56.76151931285858
-55.56641912460327
-50.77980995178223
-58.93299150466919
-40.69613766670227
-40.856285572052
-41.56888699531555
-44.59486520290375
-50.595322251319885
-50.78920304775238
-52.61360144615173
-52.52354073524475
-42.15082097053528
-45.363161355257034
-47.611255407333374
-49.74360430240631
-53.11094808578491
-52.042032957077026
-40.79021894931793
-43.230483531951904
-44.011964082717896
-47.227370381355286
-53.69762969017029
-55.156503200531006
-60.742799043655396
-61.29362392425537
-49.00156061351299
-51.201773181557655
-58.15636157989502
-56.643813610076904
-54.26707911491394
-53.46574139595032
-34.4288073182106
-44.27491903305054
-38.245845556259155
-45.91368877887726
-49.28750133514404
-55.79416573047638
-56.3849720954895
-63.41585826873779
-45.14309683442116
-47.277580201625824
-54.19496428966522
-55.90551745891571
-53.13106441497803
-59.99275851249695
-36.07399225234985
-45.738933086395264
-40.255903363227844
-48.70121693611145
-52.238956928253174
-58.22699761390686
-56.21559715270996
-62.012428641319275
-48.54161846637726
-54.30948334932327
-56.85280156135559
-63.35781455039978
-54.37358212471008
-62.15884709358215
-33.49314630031586
-38.12370431423187
-33.67221260070801
-41.38452470302582
-42.776281237602234
-49.025808453559875
-49.31615471839905
-58.026254415512085
-38.69052317738533
-49.252012103796005
-45.00233805179596
-53.064367055892944
-44.547213673591614
-51.9103102684021
-33.35780680179596
-37.67510783672333
-35.15243053436279
-41.98230421543121
-45.87425494194031
-51.993123292922974
-53.70907211303711
-62.088313579559326
-41.180129677057266
-51.097128957509995
-49.93425261974335
-59.784790992736816
-43.273377418518066
-50.57744574546814
-31.10699427127838
-39.20031976699829
-35.849130392074585
-41.24705612659454
-47.61793112754822
-48.191402435302734
-59.63733673095703
-60.03507471084595
-49.805611073970795
-50.74595081806183
-59.00338411331177
-53.5860869884491
-50.09893214702606
-51.87836575508118
-31.588942289352417
-39.903549909591675
-37.29526090621948
-43.747161984443665
-50.54688024520874
-51.984429359436035
-61.10897707939148
-60.03570866584778
-54.27186393737793
-57.153799295425415
-62.178526401519775
-59.44834065437317
-55.4640474319458
-55.68825042247772
-48.38050985336304
-45.444578409194946
-52.53315043449402
-52.51413321495056
-51.735684633255005
-54.88567650318146
-54.2153080701828
-59.54557514190674
-41.982075214385986
-45.646766901016235
-49.06894600391388
-54.40816330909729
-52.4576096534729
-53.13115406036377
-44.2878315448761
-49.54720592498779
-36.42908251285553
-31.242982864379883
-36.41813349723816
-31.447187304496765
-48.45382857322693
-48.72662889957428
-52.47872877120972
-52.77718901634216
-43.6266066133976
-41.78895705938339
-52.70130956172943
-52.70665907859802
-52.59036374092102
-56.375866174697876
-38.95252168178558
-35.681830406188965
-38.7174516916275
-36.16082572937012
-53.21888709068298
-54.949838757514954
-58.5229526758194
-64.95663118362427
-50.1772558093071
-50.87883050739765
-61.55363750457764
-63.45074272155762
-53.68225312232971
-63.56117343902588
-29.52185094356537
-43.02880895137787
-30.753461599349976
-41.68504345417023
-49.06094670295715
-54.73087239265442
-61.781108379364014
-62.218242168426514
-50.34432369470596
-54.065120577812195
-62.512516498565674
-61.47111701965332
-62.71687340736389
-59.01545286178589
-32.11623954772949
-43.34876835346222
-33.40845572948456
-42.638784766197205
-53.7580292224884
-57.87995207309723
-63.03445744514465
-63.88353490829468
-50.664585411548615
-57.37206143140793
-61.27292466163635
-65.24123024940491
-62.70386362075806
-63.545979022979736
-32.466770112514496
-35.30515706539154
-36.54822850227356
-38.345676720142365
-42.79957586526871
-46.548726081848145
-48.33551096916199
-55.84508395195007
-38.50420495867729
-38.796389520168304
-48.055044174194336
-53.30214989185333
-50.16744327545166
-52.47492182254791
-34.252800941467285
-37.33238232135773
-39.24670934677124
-42.14006179571152
-47.089523792266846
-52.823770225048065
-53.67580270767212
-63.557860374450684
-44.665562599897385
-45.82183410227299
-53.487481474876404
-62.0737544298172
-51.35547089576721
-57.810386657714844
-30.340159058570862
-34.78693342208862
-34.46286031603813
-37.6788215637207
-46.00886994600296
-47.068750739097595
-60.39047622680664
-56.259958267211914
-44.11521524190903
-46.359851002693176
-60.41945171356201
-56.58674716949463
-56.8929808139801
-53.79060649871826
-31.20604145526886
-36.644713401794434
-37.780898332595825
-40.4219126701355
-50.665868043899536
-49.8424506187439
-62.2188435792923
-59.66222047805786
-45.20809155702591
-51.24406415224075
-61.0929234623909
-59.38550853729248
-59.1764931678772
-60.1371648311615
-43.70729750394821
-49.36819338798523
-50.41063320636749
-57.03978180885315
-51.29471957683563
-46.63347864151001
-43.331791400909424
-45.558363288640976
-29.691121727228165
-41.95981776714325
-29.655066519975662
-43.40625762939453
-41.97617584466934
-51.42179214954376
-44.55317556858063
-58.03839612007141
-31.664980083703995
-42.80111488699913
-44.85348117351532
-56.86911964416504
-38.66084361076355
-49.36956775188446
-32.18993604183197
-45.507129549980164
-32.32333233952522
-46.45643198490143
-46.52501767873764
-57.86373722553253
-50.49345099925995
-65.71559739112854
-40.09681776165962
-50.44777378439903
-51.156758546829224
-62.34366059303284
-40.40938150882721
-51.50156831741333
-33.89947760105133
-37.46351492404938
-39.418093621730804
-39.375779658555984
-49.35677194595337
-47.513139337301254
-60.35920286178589
-54.01835489273071
-48.16606289148331
-44.90008616447449
-55.48316931724548
-54.124563455581665
-48.86352002620697
-49.44562482833862
-37.53865075111389
-41.13377147912979
-42.26311367750168
-41.6217175424099
-54.03575038909912
-51.012026727199554
-60.10954213142395
-55.30767524242401
-52.02875256538391
-46.758745551109314
-58.584847807884216
-53.54176223278046
-51.87679612636566
-46.906139492988586
-47.198142528533936
-55.537001609802246
-51.21524429321289
-63.5810067653656
-56.92253255844116
-53.35284423828125
-60.07152342796326
-55.60235953330994
-46.61794424057007
-50.68754005432129
-51.39885973930359
-58.142406940460205
-52.54129600524902
-55.283472537994385
-53.45433235168457
-57.35798168182373
-44.011542320251465
-47.24679613113403
-53.7182297706604
-55.96551156044006
-53.1526825428009
-57.28188896179199
-51.92390251159668
-56.050355553627014
-50.70257520675659
-51.38969683647156
-55.27344822883606
-57.80104374885559
-55.91717529296875
-59.09401988983154
-51.45299577713013
-55.616257548332214
-42.25674498081207
-46.6287202835083
-46.66980981826782
-54.61578845977783
-53.57540702819824
-54.744457721710205
-49.79792499542236
-51.37190365791321
-42.528710067272186
-43.05663335323334
-39.15686830878258
-42.981043100357056
-47.56979727745056
-47.35653376579285
-58.42758750915527
-59.78564095497131
-45.11506974697113
-41.899285078048706
-47.602166175842285
-48.4530154466629
-51.834885120391846
-48.537815272808075
-42.31230568885803
-43.528799533843994
-40.75350606441498
-46.28127479553223
-50.09516668319702
-50.54366135597229
-58.38811802864075
-61.699258685112
-50.787689208984375
-49.50951874256134
-60.060849487781525
-62.35464429855347
-53.12422215938568
-52.06409299373627
-39.81020498275757
-48.02173674106598
-40.912487268447876
-46.153924345970154
-47.86118984222412
-51.548744678497314
-66.8679747581482
-67.36426448822021
-48.58400011062622
-52.91732740402222
-59.38345241546631
-58.92364168167114
-55.737235724925995
-59.66664147377014
-39.7871036529541
-48.86796808242798
-43.712594628334045
-46.93950176239014
-50.29041934013367
-54.33907687664032
-62.0119149684906
-64.95534157752991
-51.48411750793457
-57.029642939567566
-61.926230788230896
-62.83909195661545
-56.026623606681824
-62.46687650680542
-59.774279832839966
-57.51355290412903
-62.99520397186279
-65.2908706665039
-68.03927373886108
-70.53118515014648
-64.87115383148193
-69.98884654045105
-36.482952654361725
-39.91484522819519
-38.15791046619415
-41.89865040779114
-48.06062293052673
-51.650625228881836
-60.855553150177
-61.77867293357849
-41.7484168112278
-48.53368367254734
-43.68326282501221
-50.17366552352905
-55.90250587463379
-60.61725401878357
-37.53305172920227
-41.39812111854553
-40.85582894086838
-45.320433616638184
-52.119434118270874
-55.56785821914673
-66.11546540260315
-73.67674732208252
-45.59628313779831
-52.97655138373375
-52.06049609184265
-59.83217144012451
-52.736995697021484
-60.330751180648804
-32.70037642121315
-41.03037250041962
-35.4764723777771
-44.30715894699097
-50.25769233703613
-52.63943874835968
-67.86770248413086
-71.24848365783691
-48.39641976356506
-46.2124964594841
-57.03405833244324
-54.441537618637085
-57.947092175483704
-57.49607801437378
-34.44061887264252
-42.97753185033798
-39.977725863456726
-47.4046448469162
-54.258949756622314
-55.784913063049316
-66.5633614063263
-69.08968412876129
-51.5397487282753
-53.87542110681534
-60.45454442501068
-57.95407688617706
-61.342445850372314
-60.14886665344238
-34.073344230651855
-37.807207345962524
-36.45063936710358
-43.15127372741699
-44.43712937831879
-50.67193686962128
-48.20923733711243
-53.23643708229065
-43.6660478413105
-51.71260493993759
-48.35740661621094
-54.93844294548035
-47.376020431518555
-55.336079239845276
-34.7482852935791
-39.415268540382385
-38.0059871673584
-43.6141095161438
-47.78085744380951
-54.45842528343201
-52.867738485336304
-60.143227100372314
-51.698746621608734
-60.374219834804535
-59.66062045097351
-67.20617985725403
-50.10180330276489
-59.64532995223999
-34.11091136932373
-41.391014099121094
-38.33356010913849
-43.30874180793762
-50.89915609359741
-52.89309000968933
-60.74426984786987
-59.815014600753784
-49.453293561935425
-52.81105363368988
-62.54462289810181
-56.97188210487366
-56.32980191707611
-54.00144028663635
-35.757773756980896
-42.38722348213196
-39.88457524776459
-44.717469215393066
-53.425472021102905
-54.51430559158325
-58.96302103996277
-62.047022342681885
-54.991061210632324
-59.12661600112915
-62.711106181144714
-61.74780309200287
-57.96349620819092
-58.39766561985016
-40.7677059173584
-44.86738586425781
-45.241257190704346
-51.679285526275635
-53.20884609222412
-53.56361794471741
-48.96621656417847
-52.748987913131714
-45.32460689544678
-49.0203742980957
-47.60033655166626
-56.49713373184204
-52.26518106460571
-48.710108041763306
-51.62692880630493
-51.334402084350586
-47.3873256444931
-53.727810859680176
-55.89867377281189
-61.97373294830322
-54.30383110046387
-56.2943058013916
-59.490389823913574
-55.51643204689026
-33.036137759685516
-40.11298584938049
-35.461506962776184
-40.45345187187195
-44.414541244506836
-48.49777960777283
-58.36632013320923
-66.33355188369751
-32.56441107392311
-47.79138790816069
-44.50355100631714
-55.98167097568512
-52.31175351142883
-63.68276357650757
-34.59667468070984
-42.908767342567444
-36.50436615943909
-42.93816423416138
-47.941417932510376
-53.65219831466675
-58.76552700996399
-72.48238492012024
-35.850132808089256
-51.038415402173996
-46.65529501438141
-59.097614765167236
-51.229482650756836
-64.82519626617432
-30.531893879175186
-38.24720311164856
-33.033971309661865
-41.01009929180145
-45.972938895225525
-49.36107158660889
-71.44586992263794
-67.63017129898071
-47.87404352426529
-45.1377691924572
-56.60746192932129
-52.21302270889282
-63.90379333496094
-60.73305892944336
-33.82736361026764
-40.263670682907104
-35.43354916572571
-41.7809054851532
-50.58531188964844
-52.01364767551422
-64.70394110679626
-62.215750217437744
-46.45395505428314
-42.87538128346205
-55.28833597898483
-52.91515377163887
-60.18586444854736
-58.87640690803528
-44.14781618118286
-51.219093322753906
-45.962886333465576
-54.99997568130493
-55.18725299835205
-51.41320180892944
-52.28480505943298
-54.662256598472595
-38.76414513587952
-40.36196565628052
-42.28733164072037
-44.14981293678284
-48.522156953811646
-47.73628520965576
-47.956476509571075
-51.39108443260193
-40.424809366464615
-46.63627377152443
-45.8727810382843
-52.79343628883362
-47.855515480041504
-51.59357571601868
-39.043961584568024
-41.088491320610046
-43.52300137281418
-44.52177298069
-51.54921627044678
-51.22629690170288
-56.36340355873108
-61.831910610198975
-49.75455713272095
-57.64610153436661
-60.56624925136566
-66.71864604949951
-52.15608048439026
-58.23973727226257
-35.15130853652954
-46.42425858974457
-39.32486605644226
-49.4619642496109
-48.3744056224823
-56.39872235059738
-57.83642053604126
-54.7373868227005
-48.07033982872963
-49.72224521636963
-60.402233839035034
-56.14093017578125
-54.23441880941391
-52.86357879638672
-37.01902163028717
-46.65502840280533
-41.281184792518616
-50.61970329284668
-51.44507312774658
-58.39193171262741
-52.32076394557953
-55.37634724378586
-52.660315692424774
-56.10285019874573
-61.76069116592407
-61.79456239938736
-56.59723746776581
-59.013221979141235
-41.69190073013306
-55.508435010910034
-50.05737662315369
-62.97937750816345
-56.43958759307861
-51.161705017089844
-55.19385123252869
-49.54494774341583
-48.90868902206421
-53.312357902526855
-54.7156720161438
-62.50643539428711
-55.81726884841919
-55.00663661956787
-58.20191812515259
-59.940805196762085
-45.56982505321503
-48.18502855300903
-49.72056198120117
-54.89511179924011
-54.999985218048096
-54.975799322128296
-45.53895175457001
-52.08687496185303
-38.743240773677826
-41.26335299015045
-35.535254657268524
-40.066170156002045
-51.55935192108154
-54.844730377197266
-54.33088445663452
-56.54925322532654
-37.662813395261765
-41.475491523742676
-51.06397247314453
-58.41894578933716
-50.39207887649536
-55.94582915306091
-37.22757530212402
-41.40053367614746
-36.94717991352081
-43.860756397247314
-54.49483513832092
-59.27818489074707
-54.95008587837219
-67.78085994720459
-44.29601873457432
-51.86049169301987
-59.41445219516754
-65.2554783821106
-52.19176006317139
-59.21145677566528
-34.94736635684967
-43.91607475280762
-36.94156193733215
-42.50640654563904
-53.824284076690674
-54.812828540802
-61.45492124557495
-62.07807016372681
-49.09893757104874
-51.22601467370987
-62.023934841156006
-59.774298667907715
-55.585715770721436
-58.02826118469238
-36.699950218200684
-44.49580240249634
-42.94973611831665
-45.06104874610901
-58.50131320953369
-59.378540992736816
-60.771700382232666
-60.7318389415741
-49.272579312324524
-51.26153898239136
-63.19590950012207
-61.08675414323807
-57.02217435836792
-60.46878981590271
-46.70957803726196
-45.352267026901245
-50.907763600349426
-52.97062909603119
-53.4780330657959
-58.48226451873779
-49.279661417007446
-56.324477314949036
-51.86688554286957
-51.49572205543518
-58.20490336418152
-61.98770546913147
-55.140581130981445
-57.597139835357666
-51.144498109817505
-54.956041514873505
-35.43720602989197
-37.769136905670166
-37.887877345085144
-41.251312375068665
-47.98483395576477
-50.49250626564026
-45.00349831581116
-52.7799596786499
-39.20420083403587
-47.97139912843704
-52.33497762680054
-66.15803718566895
-53.13020658493042
-64.34556031227112
-38.31728184223175
-40.8585307598114
-39.60960853099823
-43.1570999622345
-53.15516233444214
-55.73540782928467
-45.71666717529297
-52.521239280700684
-44.958096995949745
-51.887562453746796
-58.2338387966156
-69.97269082069397
-48.17476534843445
-59.39931583404541
-35.84467673301697
-42.443161725997925
-40.8631147146225
-45.471794843673706
-50.17478692531586
-53.15953731536865
-50.81849980354309
-49.203110218048096
-52.38842284679413
-48.56609404087067
-69.22251439094543
-58.48698806762695
-63.99885129928589
-55.52886915206909
-38.819199323654175
-44.96123194694519
-42.99074923992157
-48.001001954078674
-54.36416959762573
-58.304150342941284
-54.083746910095215
-53.308430671691895
-56.10713756084442
-54.345408499240875
-71.81200313568115
-64.46798467636108
-66.39236092567444
-59.333029985427856
-39.099796652793884
-46.418824911117554
-47.86872863769531
-56.30812358856201
-56.72635817527771
-54.607481956481934
-55.07657027244568
-53.72770643234253
-44.963804483413696
-53.24546003341675
-46.9403076171875
-52.23017883300781
-52.95081162452698
-47.735503911972046
-50.37197256088257
-47.72624135017395
-46.23754835128784
-46.47055768966675
-46.49539351463318
-45.956260204315186
-49.84693646430969
-52.21147394180298
-44.63237124681473
-48.84732365608215
-55.95340156555176
-57.665090560913086
-58.099982023239136
-64.07719469070435
-60.60223579406738
-57.88126575946808
-61.60406255722046
-62.6219048500061
-47.5846791267395
-52.230247259140015
-48.5559287071228
-51.76252579689026
-50.88258075714111
-49.53829216957092
-52.80469274520874
-54.37380826473236
-52.5184121131897
-58.209646463394165
-63.51074457168579
-70.45325875282288
-64.60840034484863
-69.22242021560669
-63.142154693603516
-62.51047158241272
-47.95810979604721
-61.61180543899536
-47.333712339401245
-63.45825481414795
-68.58555889129639
-60.509809494018555
-56.46372640132904
-53.601733446121216
-45.194883584976196
-49.844383239746094
-52.031314849853516
-61.55774426460266
-55.25934028625488
-54.332977294921875
-54.30082559585571
-49.48140907287598
-54.91860872507095
-60.543675899505615
-51.78476536273956
-61.568721771240234
-64.09454536437988
-58.38330852985382
-48.139880895614624
-51.17238438129425
-58.08233571052551
-61.79132890701294
-64.70492267608643
-71.05136394500732
-63.25530433654785
-68.71240949630737
-66.54099607467651
-66.54415118694305
-41.711169481277466
-46.17648696899414
-37.24487864971161
-43.918264389038086
-46.77485936880112
-52.008145689964294
-44.610390424728394
-46.723764181137085
-45.03412486612797
-46.839874774217606
-49.875540018081665
-52.16919755935669
-53.586190700531006
-52.92805457115173
-40.224072098731995
-45.555452823638916
-40.43463897705078
-46.67070782184601
-50.09907555580139
-56.79420495033264
-50.88701128959656
-54.36439609527588
-52.02362138032913
-52.20977148413658
-59.30398952960968
-60.00409555435181
-55.0186927318573
-51.50155472755432
-40.11024463176727
-46.737263441085815
-40.24737203121185
-43.6512496471405
-51.89435076713562
-53.029427886009216
-55.26475191116333
-52.8139328956604
-45.67664623260498
-48.17524826526642
-57.11177110671997
-57.384782552719116
-52.49606704711914
-53.69633734226227
-39.955440044403076
-45.531564712524414
-42.90781044960022
-46.23225200176239
-54.05958795547485
-54.889634132385254
-46.93759346008301
-50.69964003562927
-47.22000449895859
-54.86586153507233
-59.04023551940918
-61.849804282188416
-52.662726640701294
-61.91401481628418
-44.817713260650635
-45.87306880950928
-56.92923414707184
-59.39944267272949
-53.45160913467407
-58.00977540016174
-54.39498949050903
-59.886008501052856
-44.49548304080963
-48.56036686897278
-53.39078485965729
-59.3180627822876
-56.483572006225586
-55.75098443031311
-52.18781518936157
-54.97468400001526
-43.892415285110474
-47.18200421333313
-50.94059944152832
-57.59137153625488
-54.23995280265808
-52.36819791793823
-50.29397892951965
-54.69559586048126
-55.41828680038452
-55.85582089424133
-62.1917781829834
-64.26879358291626
-62.1900577545166
-61.04987144470215
-58.50423622131348
-65.81386184692383
-52.249635457992554
-57.31212329864502
-52.48502433300018
-59.72754907608032
-63.132407665252686
-60.322468757629395
-59.35470366477966
-60.651843428611755
-41.56208252906799
-48.50226187705994
-49.63843393325806
-61.02701115608215
-53.52051067352295
-51.791074991226196
-55.98164701461792
-53.94224262237549
-48.0986967086792
-50.22281074523926
-54.8567214012146
-61.94282007217407
-55.581149101257324
-61.02590608596802
-55.87399244308472
-57.6811842918396
-40.42343068122864
-45.06153106689453
-39.87299847602844
-47.233307123184204
-51.983919858932495
-52.5102264881134
-44.808162212371826
-47.19432508945465
-54.862483739852905
-56.61527490615845
-61.615567207336426
-64.82193946838379
-59.782705307006836
-65.85368394851685
-57.07972276210785
-63.028990626335144
-44.00367617607117
-50.75472545623779
-50.269654273986816
-58.8967502117157
-54.05706214904785
-52.16633653640747
-52.80759572982788
-51.88481426239014
-36.067330062389374
-43.961610317230225
-37.568379044532776
-46.18890821933746
-50.27010679244995
-51.43617343902588
-49.6789071559906
-57.261518478393555
-36.380545035004616
-48.515936985611916
-42.44653880596161
-50.996996998786926
-45.81297826766968
-50.8131263256073
-38.233052015304565
-45.58036673069
-41.23548197746277
-47.28231644630432
-55.52339267730713
-55.849222898483276
-54.567636489868164
-68.95882892608643
-41.369391061365604
-56.72102873027325
-48.391170263290405
-60.11887741088867
-44.032227873802185
-51.605870485305786
-35.70372772216797
-40.22149729728699
-38.62385582923889
-40.07814586162567
-49.084906578063965
-51.62919330596924
-60.38390636444092
-56.07072067260742
-40.25883632898331
-44.077479779720306
-51.17159593105316
-47.24367928504944
-48.46255671977997
-50.452027440071106
-36.6970431804657
-42.24828064441681
-40.76343512535095
-44.35158145427704
-52.91354775428772
-56.835432291030884
-59.01179265975952
-56.07076048851013
-46.82898950576782
-44.79565763473511
-57.126450061798096
-54.83365321159363
-49.753610610961914
-53.47798562049866
-40.3078773021698
-50.731574296951294
-45.13597249984741
-56.79132652282715
-53.18569755554199
-49.33254861831665
-48.07453393936157
-45.713286995887756
-47.320034980773926
-56.870420694351196
-49.32160806655884
-61.70441961288452
-61.15408945083618
-56.81566858291626
-57.86514139175415
-54.65535521507263
-49.420543909072876
-45.28239154815674
-57.31535243988037
-56.76559591293335
-56.362754821777344
-62.30233716964722
-54.33850312232971
-63.15057706832886
-51.759610176086426
-53.15757656097412
-56.16084909439087
-60.06231355667114
-59.36472463607788
-62.80744218826294
-54.65253973007202
-62.7459352016449
-47.67231583595276
-50.06764268875122
-51.10052013397217
-54.79330039024353
-52.55913805961609
-55.339816093444824
-51.683584451675415
-54.46402454376221
-45.86171114444733
-50.87452507019043
-48.452303886413574
-60.055381774902344
-60.492629528045654
-54.29354476928711
-51.40640044212341
-50.269463777542114
-48.54030919075012
-56.812822341918945
-53.87903451919556
-60.64994764328003
-58.5812029838562
-53.590336322784424
-59.1024751663208
-57.767629623413086
-42.519062519073486
-52.368574142456055
-47.01753377914429
-54.259305477142334
-53.559382915496826
-46.38218307495117
-53.078128814697266
-51.368619441986084
-39.8924857378006
-43.28986179828644
-38.03438639640808
-45.17148035764694
-43.79173916578293
-46.49661087989807
-56.752710580825806
-60.56742060184479
-43.646444261074066
-49.08759647607803
-47.64469826221466
-49.37233543395996
-48.70021319389343
-53.44461536407471
-40.117650389671326
-44.61359679698944
-41.45158904790878
-47.28855627775192
-47.617404103279114
-50.625840187072754
-65.61163330078125
-65.31844425201416
-51.39207410812378
-55.266224443912506
-59.339959144592285
-56.43132936954498
-53.54289364814758
-50.286381483078
-38.23477381467819
-46.57365822792053
-41.43941152095795
-45.98872524499893
-47.567384243011475
-50.34800839424133
-60.569692850112915
-62.37477707862854
-51.49423199892044
-57.89516592025757
-54.83776092529297
-60.68445372581482
-54.86549937725067
-56.791224002838135
-38.98819959163666
-46.43743634223938
-43.95870131254196
-49.610934376716614
-51.245630741119385
-53.640674114227295
-58.703886330127716
-60.960865795612335
-51.322286546230316
-57.93437910079956
-55.70325008034706
-62.87724244594574
-54.23975366353989
-62.409005522727966
-54.69624376296997
-55.7588164806366
-59.24330520629883
-63.6778244972229
-60.5611572265625
-59.590171813964844
-57.417128562927246
-61.63365435600281
-41.19962638616562
-41.89024329185486
-40.84085792303085
-40.90043359994888
-54.64834785461426
-53.697864294052124
-51.84778666496277
-57.0579948425293
-45.51702633500099
-52.65482734888792
-50.895684242248535
-57.95516633987427
-54.93878388404846
-54.661577224731445
-39.35706555843353
-43.12008357048035
-40.69017028808594
-42.57335293292999
-55.612860679626465
-55.393388748168945
-56.778096318244934
-64.7871298789978
-50.386723801493645
-56.60003758966923
-58.55061322450638
-66.02816343307495
-54.16629672050476
-59.41907548904419
-38.303698658943176
-48.84332633018494
-39.83994197845459
-49.0413213968277
-53.164960622787476
-60.33217245340347
-61.25667929649353
-56.10745096206665
-50.55301606655121
-44.53260004520416
-60.60859727859497
-51.988874197006226
-53.25509023666382
-51.35351085662842
-38.0706422328949
-48.018839716911316
-39.992974281311035
-48.597256541252136
-54.92458963394165
-61.12204849720001
-61.98846101760864
-63.79133713245392
-51.464504063129425
-53.56440192461014
-60.825804233551025
-63.54008799791336
-53.524983406066895
-60.0716814994812
-42.246882915496826
-50.24914038181305
-50.87075757980347
-55.5312283039093
-56.486419677734375
-56.49140763282776
-51.159188747406006
-53.26217484474182
-52.329482316970825
-60.805278301239014
-57.75278079509735
-69.56962442398071
-63.30413794517517
-58.83186709880829
-58.8877739906311
-57.98662632703781
-43.95393347740173
-47.9980503320694
-47.81958222389221
-55.28610563278198
-58.231558322906494
-55.02965688705444
-53.88960790634155
-52.78840517997742
-53.482454895973206
-54.79900932312012
-57.00026047229767
-61.333411693573
-57.158132553100586
-56.907819509506226
-55.34110736846924
-58.88773846626282
-50.22517156600952
-50.81298112869263
-54.39787244796753
-58.0749945640564
-57.91415548324585
-61.70238924026489
-53.82077741622925
-59.335296392440796
-49.29181885719299
-52.58480167388916
-50.86332178115845
-54.27497434616089
-55.731041431427
-58.68503475189209
-54.39936017990112
-56.472163677215576
-56.04316306114197
-57.29600954055786
-63.092756271362305
-66.1622097492218
-60.728891372680664
-60.66074085235596
-57.93885087966919
-61.51322615146637
-50.4091762304306
-57.47966134548187
-50.57331395149231
-59.94882559776306
-60.2785382270813
-59.74434947967529
-54.69627094268799
-52.879626125097275
-55.347697734832764
-53.69420528411865
-61.36068856716156
-63.840646505355835
-62.183228969573975
-62.29896950721741
-53.660587310791016
-62.19496989250183
-43.77409780025482
-48.401079416275024
-57.016517758369446
-62.695435523986816
-58.03879737854004
-57.12140488624573
-55.394690990448
-56.728716015815735
-45.174800872802734
-45.873510122299194
-48.94346845149994
-52.60405206680298
-54.57960367202759
-54.789079904556274
-44.224990487098694
-47.689486026763916
-33.19950211048126
-40.112165689468384
-34.651095509529114
-38.61439961194992
-45.38041418790817
-47.37207877635956
-47.41404539346695
-49.779884576797485
-36.351615868508816
-44.311037719249725
-43.206768214702606
-51.52416944503784
-43.93963885307312
-52.27742409706116
-37.621575355529785
-44.165735721588135
-37.8348331451416
-43.72182947397232
-49.664403200149536
-52.78481686115265
-53.72467350959778
-63.85693311691284
-42.28965117782354
-53.76816791296005
-47.96826434135437
-60.79494643211365
-42.590697050094604
-57.31753706932068
-31.050909034907818
-37.56205427646637
-34.73962813615799
-41.21620953083038
-46.90604901313782
-49.13671004772186
-53.43792963027954
-51.98430407047272
-45.116319358348846
-46.20653921365738
-52.56457257270813
-48.630932211875916
-52.352651834487915
-49.65418362617493
-36.84742522239685
-42.70875692367554
-41.310956597328186
-45.26671266555786
-51.38473916053772
-52.30426013469696
-52.19098722934723
-52.63774612545967
-50.311572194099426
-48.9734990298748
-56.779169857501984
-54.103371381759644
-54.82767176628113
-47.38561290502548
-38.91667342185974
-40.40551555156708
-42.73843586444855
-44.60101866722107
-44.573840379714966
-44.604899287223816
-42.20078706741333
-46.81101310253143
-47.357373893260956
-48.86689019203186
-52.0614458322525
-58.076504588127136
-59.01017427444458
-58.81455612182617
-49.91445475816727
-53.62363648414612
-48.42592704296112
-59.06358194351196
-48.62400484085083
-60.03824281692505
-59.42177772521973
-52.73466444015503
-60.67587947845459
-52.653573989868164
-44.531434774398804
-49.74822425842285
-52.44395303726196
-59.49605894088745
-53.794772148132324
-51.272037744522095
-49.6993613243103
-51.806092500686646
-49.57400679588318
-50.490411043167114
-58.159719705581665
-59.93825578689575
-57.390785217285156
-56.852309703826904
-51.611947774887085
-58.1786652803421
-48.70653820037842
-61.07065296173096
-51.64256286621094
-65.08783912658691
-63.215938091278076
-54.037163734436035
-66.29845118522644
-58.02747297286987
-51.294580936431885
-53.96797323226929
-56.88822340965271
-63.42393636703491
-62.452473640441895
-58.75550866127014
-57.10816276073456
-61.301286578178406
-47.892308473587036
-58.97813034057617
-54.81093668937683
-67.9312801361084
-56.819908618927
-56.160128593444824
-52.93955135345459
-46.97256875038147
-50.86181950569153
-52.385268688201904
-54.81875038146973
-62.513827323913574
-56.48996925354004
-57.14829444885254
-56.18325853347778
-53.85840702056885
-45.87884843349457
-48.11898064613342
-53.07658612728119
-58.5422739982605
-53.661855697631836
-55.58335733413696
-47.481935262680054
-51.43148881196976
-32.52763855457306
-38.14691400527954
-34.94661855697632
-39.642854154109955
-43.846829891204834
-48.039252161979675
-47.13184714317322
-48.764209270477295
-41.15453515946865
-45.41515825688839
-42.79311954975128
-52.04888379573822
-48.79545307159424
-51.10866022109985
-33.07936656475067
-40.74652302265167
-36.90953344106674
-42.251070618629456
-48.122578382492065
-52.176310658454895
-56.281774044036865
-61.058528900146484
-48.56874005496502
-54.03285804390907
-55.59401834011078
-62.66414427757263
-51.708287715911865
-54.366811990737915
-32.259484708309174
-37.614643573760986
-36.195454359054565
-42.13130271434784
-48.217698097229004
-50.1853232383728
-58.67250394821167
-57.39822816848755
-45.010516822338104
-46.127653539180756
-58.72944498062134
-52.80992531776428
-54.988011598587036
-55.619821429252625
-34.238552927970886
-38.16398763656616
-38.83330273628235
-43.12101447582245
-51.08789682388306
-53.03947329521179
-50.328580379486084
-55.17408001422882
-47.25882416963577
-53.11737251281738
-58.41364669799805
-56.594657838344574
-55.09443008899689
-59.529297947883606
-56.64817714691162
-56.62425518035889
-58.645209312438965
-61.25335931777954
-55.73390007019043
-59.69544696807861
-56.13471841812134
-60.98342275619507
-45.47212743759155
-47.71718215942383
-51.33701944351196
-54.613264083862305
-53.92432618141174
-55.160320520401
-45.589438676834106
-48.802363872528076
-39.85276913642883
-38.5076630115509
-37.638609290122986
-40.610129833221436
-50.28025579452515
-48.4213547706604
-52.14432215690613
-52.55580019950867
-43.13968549668789
-47.97400902211666
-48.044084429740906
-51.89836287498474
-51.34011745452881
-53.81193256378174
-36.91679263114929
-38.79271996021271
-39.02849543094635
-41.70636570453644
-53.87140893936157
-52.92686128616333
-60.39108729362488
-62.166932106018066
-50.92019537091255
-55.10205593705177
-58.36603808403015
-60.32608890533447
-52.77872681617737
-53.897823333740234
-33.30595803260803
-45.0382764339447
-37.60677421092987
-44.35088050365448
-49.26918053627014
-56.03848671913147
-59.79235315322876
-60.87530279159546
-44.47744160890579
-47.7243150472641
-54.66086959838867
-54.00434970855713
-53.36828100681305
-53.49475622177124
-32.99717736244202
-42.90110373497009
-38.443456172943115
-44.92025947570801
-50.94186878204346
-58.13860630989075
-58.74918615818024
-65.2876398563385
-49.24466919898987
-57.41333645582199
-58.52734732627869
-64.38495635986328
-55.88177680969238
-61.91357421875
-43.16986083984375
-50.0943808555603
-46.37994885444641
-55.29702281951904
-54.967774868011475
-55.32691526412964
-51.04074764251709
-49.15361046791077
-45.34184694290161
-47.395962953567505
-50.4899377822876
-55.33064126968384
-57.828598976135254
-58.856438398361206
-54.28685712814331
-57.9791374206543
-44.92484641075134
-48.95254647731781
-53.09174287319183
-60.53095030784607
-49.61906671524048
-47.63596260547638
-55.75004577636719
-54.024261474609375
-47.779744148254395
-48.40109205245972
-54.14047861099243
-56.20104789733887
-55.79113507270813
-59.50110960006714
-50.91751706600189
-56.07167685031891
-45.583226680755615
-46.98430371284485
-49.97747278213501
-54.0423903465271
-51.51288080215454
-52.974242210388184
-47.96708166599274
-49.95290085673332
-47.48312568664551
-51.23126435279846
-54.31845283508301
-62.1970317363739
-57.547608375549316
-57.376920223236084
-55.103784799575806
-59.43320608139038
-41.08740437030792
-52.10746145248413
-49.98935455083847
-63.450013279914856
-52.20046901702881
-48.77720832824707
-54.00445246696472
-48.53609359264374
-43.5828640460968
-42.61843681335449
-49.97183668613434
-51.99789047241211
-56.50073480606079
-55.928197622299194
-46.52364629507065
-50.11042732000351
-44.19803082942963
-49.26176166534424
-51.79521059989929
-58.01888155937195
-58.250179290771484
-54.23732328414917
-53.919689297676086
-51.774981677532196
-35.28961205482483
-36.834495186805725
-38.49089598655701
-40.622586488723755
-47.31431686878204
-49.01593720912933
-51.259862422943115
-60.9978141784668
-42.345093458890915
-44.557977855205536
-48.72373151779175
-52.12945580482483
-52.316715240478516
-60.719136476516724
-35.02187383174896
-37.94649600982666
-41.06936126947403
-43.6451073884964
-50.94017505645752
-53.858341097831726
-57.117305755615234
-67.25768733024597
-51.19008934497833
-51.81159728765488
-62.87877297401428
-63.08717751502991
-57.23714756965637
-63.177021980285645
-31.442147254943848
-38.04585540294647
-35.075952649116516
-41.58697557449341
-49.2245317697525
-52.05051267147064
-64.10188341140747
-60.630967140197754
-44.24081087112427
-47.078777849674225
-58.82184076309204
-60.141029357910156
-60.12610101699829
-59.061474323272705
-31.740718722343445
-38.487913966178894
-37.492860555648804
-44.36070263385773
-52.624372482299805
-55.07032930850983
-57.02142810821533
-54.06868326663971
-46.68770432472229
-51.24226540327072
-59.08290207386017
-64.44165176153183
-59.706788301467896
-61.81715369224548
-49.356828689575195
-54.98676586151123
-50.33051156997681
-58.925049781799316
-60.14699172973633
-61.7249174118042
-54.918280601501465
-53.177184879779816
-37.523993134498596
-42.62657403945923
-36.98748707771301
-45.8386127948761
-46.94239556789398
-49.705140352249146
-47.70916032791138
-52.96657180786133
-41.80215539038181
-48.48018404841423
-48.53996515274048
-51.82851266860962
-54.04247736930847
-56.323699712753296
-37.12273693084717
-41.452181339263916
-39.35304081439972
-46.800922989845276
-50.513933420181274
-51.4638671875
-52.19728326797485
-55.998786211013794
-46.27045002579689
-51.235305070877075
-54.285261154174805
-58.08842992782593
-53.6856644153595
-57.88110661506653
-35.03655803203583
-40.986228942871094
-38.57091820240021
-41.58212971687317
-47.89546871185303
-50.078737020492554
-58.49273633956909
-58.43839979171753
-50.85072475671768
-50.35246378183365
-57.091349363327026
-58.146897315979004
-56.156230330467224
-56.717865228652954
-35.37449860572815
-41.13935351371765
-41.55710685253143
-44.42878818511963
-50.1774423122406
-53.15878963470459
-54.51615071296692
-57.24978828430176
-56.62989819049835
-54.40002399682999
-59.811325788497925
-60.463050842285156
-60.17437815666199
-63.49261426925659
-40.38958382606506
-44.69085359573364
-39.9440803527832
-44.758713245391846
-47.91700339317322
-50.1980596780777
-44.87929034233093
-47.04926371574402
-54.52133822441101
-53.23701083660126
-55.896300196647644
-58.521928787231445
-60.636361598968506
-63.306488275527954
-54.21700835227966
-60.14174270629883
-45.076180934906006
-46.38780069351196
-51.58652436733246
-59.221914291381836
-52.38714599609375
-54.139060497283936
-52.89986753463745
-53.06244695186615
-50.952507734298706
-48.59802794456482
-57.31818389892578
-63.82162618637085
-51.67641091346741
-56.26316976547241
-55.35850274562836
-58.27399319410324
-40.88534188270569
-51.14578437805176
-52.04960894584656
-63.158098220825195
-50.815099477767944
-48.80948066711426
-53.56258463859558
-50.35786631703377
-53.94553577899933
-55.87557315826416
-61.25079560279846
-67.17350149154663
-65.00373220443726
-64.35461258888245
-59.765265583992004
-64.08846497535706
-39.11513125896454
-46.21422576904297
-51.72571802139282
-58.10007190704346
-52.41274428367615
-56.054240703582764
-53.98913550376892
-53.40274667739868
-32.4709607064724
-37.61416029930115
-34.29919350147247
-38.272727608680725
-43.47822058200836
-47.9256557226181
-51.893228590488434
-60.01376295089722
-38.19074469804764
-45.83467884361744
-45.593459248542786
-54.46543908119202
-45.98361921310425
-55.18454599380493
-35.72586750984192
-41.95531690120697
-36.94810348749161
-42.754880130290985
-46.48328721523285
-53.61090278625488
-59.76139998435974
-69.09306955337524
-44.25321643054485
-54.13717472553253
-52.98201501369476
-60.51367235183716
-47.35889029502869
-56.75219249725342
-32.50083541870117
-36.73726016283035
-36.66256761550903
-41.027488470077515
-48.133466720581055
-48.33648324012756
-68.10867214202881
-62.68858599662781
-51.75457611680031
-48.993493020534515
-59.94305777549744
-55.982823848724365
-59.458234548568726
-53.287219285964966
-36.37413954734802
-40.39035165309906
-39.89061892032623
-43.90571630001068
-52.41371202468872
-51.39328718185425
-67.53951930999756
-64.53005382418633
-53.64822080731392
-53.26794099807739
-60.07853400707245
-59.37600642442703
-59.02549648284912
-55.199400424957275
-52.258385181427
-48.54504156112671
-51.73928904533386
-52.421345710754395
-55.389514446258545
-61.73065376281738
-49.37205171585083
-59.078192710876465
-49.914161920547485
-55.8489875793457
-52.497161865234375
-57.93756127357483
-57.39327621459961
-58.43006086349487
-58.12173390388489
-57.458940267562866
-45.38970446586609
-55.74280595779419
-48.299187660217285
-60.35811161994934
-58.269038677215576
-54.288689613342285
-56.05952072143555
-54.691160559654236
-52.03747856616974
-61.472365856170654
-55.296879529953
-65.88703560829163
-67.1121826171875
-62.19717597961426
-61.601123332977295
-58.16956329345703
-40.6318815946579
-39.04024815559387
-42.700697898864746
-38.82527160644531
-40.32148790359497
-49.91343307495117
-37.31825232505798
-48.37290573120117
-44.01460647583008
-52.22215139865875
-50.88912642002106
-58.66464304924011
-54.560237407684326
-55.00741910934448
-56.03961169719696
-56.49804073572159
-47.859764099121094
-52.037781953811646
-49.24603629112244
-57.59142518043518
-60.13697934150696
-55.473591327667236
-49.24268293380737
-51.92348909378052
-50.79750156402588
-57.95200729370117
-52.059202671051025
-60.76767349243164
-58.371140480041504
-58.586761713027954
-61.24436283111572
-59.63763356208801
-50.15987706184387
-53.82267355918884
-53.016298055648804
-60.806100368499756
-55.45984649658203
-54.65418481826782
-52.83612608909607
-56.49161744117737
-38.69992971420288
-44.11976194381714
-44.58919954299927
-53.24840450286865
-49.486422061920166
-49.094141483306885
-44.48082077503204
-45.013763785362244
-43.261178493499756
-46.793357133865356
-46.90652680397034
-54.16441798210144
-56.68828201293945
-56.544915199279785
-48.47556924819946
-52.26716470718384
-45.47900605201721
-52.819945335388184
-52.45935571193695
-59.5625581741333
-56.698349952697754
-55.96832585334778
-59.36679553985596
-60.31002688407898
-44.825982213020325
-51.67151618003845
-47.5427280664444
-55.98469352722168
-51.68526887893677
-47.67522704601288
-45.96931767463684
-47.66474691033363
-45.36976617574692
-49.070711612701416
-51.55765509605408
-57.736284255981445
-58.14794850349426
-54.36040782928467
-50.2094806432724
-54.6151967048645
-45.8163937330246
-57.27527856826782
-51.43137812614441
-66.41690826416016
-57.25032615661621
-53.258105516433716
-57.43904089927673
-54.399576902389526
-46.965046882629395
-50.377877712249756
-53.09333848953247
-58.18242597579956
-55.85543489456177
-55.101237773895264
-52.31677031517029
-55.6726188659668
-47.04227662086487
-52.5529727935791
-50.87460160255432
-56.94610905647278
-52.12829661369324
-55.46581315994263
-50.215818881988525
-54.46697998046875
-48.14620089530945
-53.06777334213257
-51.803815841674805
-61.56484937667847
-57.18473529815674
-53.77555847167969
-54.721057653427124
-54.29610991477966
-47.386420011520386
-48.290472984313965
-57.32555532455444
-60.49370813369751
-54.524502754211426
-57.53698539733887
-51.2279748916626
-53.55399250984192
-40.869282245635986
-39.551066160202026
-41.71644580364227
-45.05009317398071
-48.39613962173462
-53.3511176109314
-39.86894392967224
-47.68258583545685
-48.58784866333008
-55.30553483963013
-57.415706157684326
-63.16804218292236
-56.013766288757324
-60.285338401794434
-58.23949384689331
-58.062079429626465
-46.48803222179413
-50.23691534996033
-54.212714195251465
-61.124040603637695
-58.955485820770264
-59.25637364387512
-51.15149116516113
-52.87083685398102
-35.82298827171326
-38.05230784416199
-38.55281901359558
-45.59971570968628
-45.4337592124939
-46.944467306137085
-39.13740038871765
-42.86218595504761
-54.97106122970581
-58.599315881729126
-54.619755029678345
-63.17582631111145
-64.63264274597168
-62.24312686920166
-62.63870167732239
-62.92862367630005
-43.4084050655365
-44.72440052032471
-42.35203266143799
-49.15424156188965
-49.742143392562866
-49.12972295284271
-40.34967386722565
-44.38839256763458
-38.065502643585205
-47.4094352722168
-44.88501024246216
-60.080857038497925
-47.23353719711304
-43.63404893875122
-47.73281264305115
-44.48154020309448
-53.820478439331055
-50.56541347503662
-54.90514254570007
-57.31864285469055
-59.21582365036011
-61.54284644126892
-54.574339866638184
-59.03209972381592
-46.34544062614441
-54.07643103599548
-49.85991048812866
-59.48311686515808
-59.089885234832764
-55.8556170463562
-53.879884004592896
-55.9874153137207
-49.235716700553894
-50.11595106124878
-58.733779191970825
-56.55833685398102
-55.03185784816742
-55.33628249168396
-51.19604992866516
-57.23495435714722
-43.24059510231018
-50.393136978149414
-49.10472249984741
-59.33330154418945
-49.44256830215454
-49.4510612487793
-48.683510065078735
-51.20876216888428
-56.24769902229309
-59.78198528289795
-63.04924142360687
-64.6878490447998
-59.33529996871948
-58.20686757564545
-56.35856771469116
-60.15252983570099
-40.22592496871948
-36.61703431606293
-45.40538036823273
-43.804110288619995
-43.4682731628418
-49.46630144119263
-40.01128137111664
-49.760706543922424
-52.56556034088135
-64.26940369606018
-60.38207483291626
-73.04416179656982
-65.71633958816528
-60.23456287384033
-67.24175381660461
-61.361315965652466
-54.58229613304138
-61.71258997917175
-62.66532802581787
-71.8510890007019
-70.08763313293457
-66.20754194259644
-62.22635006904602
-59.44856262207031
-49.07066822052002
-54.79909133911133
-51.25188207626343
-57.30362367630005
-57.4422812461853
-55.895986557006836
-54.75266075134277
-55.80105423927307
-36.783647298812866
-35.2338809967041
-47.181299448013306
-45.878671407699585
-45.37815856933594
-47.39081621170044
-42.21801257133484
-48.33260667324066
-47.96349000930786
-51.93105697631836
-55.527621150016785
-63.32701396942139
-55.35054874420166
-53.95435571670532
-58.04894423484802
-57.84066939353943
-50.93343389034271
-55.18503499031067
-55.594959139823914
-61.31489598751068
-57.98759365081787
-56.90532684326172
-55.51990985870361
-59.34887909889221
-50.159679889678955
-52.09373211860657
-48.96643328666687
-54.00072503089905
-55.18507766723633
-57.34827399253845
-52.54438495635986
-58.95409297943115
-58.863043785095215
-62.830267667770386
-67.24140477180481
-70.60896706581116
-64.88974666595459
-61.04134404659271
-59.38667356967926
-63.58825904130936
-50.37792372703552
-50.58415222167969
-54.49488377571106
-58.93346977233887
-53.72434091567993
-55.77958536148071
-53.15607476234436
-57.09008479118347
-60.04272699356079
-60.896758794784546
-63.1137261390686
-66.90451574325562
-67.06410884857178
-67.52171230316162
-61.10962986946106
-63.961806774139404
-55.25180447101593
-57.599281311035156
-61.07777404785156
-67.88970637321472
-62.44009828567505
-61.26036810874939
-61.22826683521271
-60.425183057785034
-48.59605312347412
-54.845285415649414
-53.06784677505493
-61.96652317047119
-55.07118082046509
-50.46985483169556
-59.14013385772705
-56.34894514083862
-51.61680030822754
-55.391844272613525
-57.135143995285034
-62.55722904205322
-54.86574172973633
-56.256725788116455
-54.98264932632446
-57.18262231349945
-49.17540788650513
-54.382463455200195
-51.73258924484253
-56.64090633392334
-58.45435094833374
-57.89244747161865
-53.673476219177246
-55.8748482465744
-45.82852602005005
-49.96062231063843
-49.50056552886963
-56.39042925834656
-50.96433067321777
-54.73749494552612
-50.13541305065155
-53.613786578178406
-57.17775201797485
-63.84984278678894
-53.47047305107117
-62.05416440963745
-65.13619089126587
-62.29043245315552
-54.61788296699524
-54.79952126741409
-52.457818031311035
-58.72649538516998
-50.01974177360535
-56.96726989746094
-58.832491874694824
-56.2622389793396
-57.45047342777252
-53.22950196266174
-40.14793300628662
-47.197834730148315
-46.378005385398865
-56.37443518638611
-53.820929765701294
-49.77319645881653
-51.010533452034
-46.37428456544876