-61.81477169692516
-85.02001619338989
-63.680009081959724
-87.25592774152756
-78.68202109634876
-84.8857754766941
-73.25785860419273
-78.40205401182175
-70.74257010221481
-82.33678865432739
-67.31545872986317
-82.6804780960083
-84.00215125083923
-101.97954893112183
-86.09406590461731
-95.00630497932434
-67.59010910987854
-70.25089430809021
-71.27701967954636
-77.35153198242188
-83.9776655510068
-83.81751480698586
-76.54789964854717
-76.83151903003454
-67.86478984355927
-79.84412822127342
-63.30209815502167
-84.7682363986969
-94.87854272127151
-99.47664734721184
-81.94415044784546
-102.14296618103981
-92.4400891661644
-96.90326881408691
-85.28531700372696
-94.91490864753723
-64.8747951388359
-86.45293065905571
-77.83555115386844
-91.85624039173126
-57.956242471933365
-71.5300412774086
-73.02855840325356
-79.84659203886986
-65.40940368175507
-79.46050107479095
-58.04913705587387
-79.86443921923637
-56.68908894062042
-77.1447685956955
-53.3621477112174
-79.92101060599089
-89.29837846755981
-87.40853559970856
-86.57375794649124
-99.94086015224457
-77.33364710211754
-93.73274460434914
-74.4866254478693
-100.02204903960228
-51.57739617861807
-58.673180148005486
-55.30507167521864
-54.785162921994925
-62.84032230079174
-79.75579118728638
-69.86438705027103
-89.75527167320251
-49.98129349388182
-86.65125977993011
-45.66688382276334
-79.08118015527725
-91.38779553771019
-89.37414383888245
-71.41763433814049
-89.97585666179657
-69.60665115714073
-85.85369950532913
-67.02757062017918
-83.47682046890259
-74.57452956587076
-91.97878617048264
-71.10047078877687
-90.86138845980167
-73.94512132741511
-74.8506541699171
-60.42020783945918
-61.47557393088937
-68.31259006261826
-89.44351075589657
-64.08757626730949
-81.91464202105999
-68.93382793664932
-80.80065220594406
-62.496006578207016
-69.76169836521149
-62.75825336575508
-89.51464825868607
-59.91435968875885
-82.40104413032532
-62.552007377147675
-64.62133064866066
-63.47270521521568
-67.26947665214539
-71.44341683387756
-84.87757948040962
-77.31152528524399
-84.49874845147133
-54.74307197332382
-81.08596147596836
-63.68387758731842
-75.98148134350777
-84.94823136925697
-93.05007362365723
-70.381089001894
-85.39369097352028
-82.79386138916016
-96.48011308908463
-75.1298166513443
-86.50417548418045
-64.18923115730286
-85.07286614179611
-57.97072684764862
-76.14021521806717
-84.1065065562725
-81.15161523222923
-70.35615567862988
-79.85978953540325
-73.60182896256447
-86.01140822470188
-70.51536101475358
-76.62307780981064
-66.1773796081543
-79.04571670293808
-59.75925335288048
-71.6056524515152
-57.59583854675293
-67.4917356967926
-54.45583775639534
-75.43310278654099
-82.07002463191748
-80.1867501810193
-84.443548489362
-88.94716620445251
-90.24463045597076
-88.60375946760178
-83.19910049438477
-92.89901381731033
-80.56519584357738
-89.14895561337471
-87.4431040585041
-96.0993912667036
-73.9309936389327
-87.6407862007618
-82.3899977505207
-81.2791401296854
-77.32303953915834
-77.47693881392479
-65.07402159273624
-79.71571618318558
-71.81930023431778
-76.48168933391571
-56.57358980178833
-77.91513738036156
-71.15019862353802
-91.06584003567696
-83.50940631330013
-98.44913464784622
-75.90160318464041
-97.09357213973999
-78.35410006344318
-97.76034593582153
-78.6084451675415
-89.92503196001053
-83.99655812978745
-89.10542991757393
-65.58859553933144
-82.71519999206066
-67.34690782427788
-78.48190300166607
-64.6020884513855
-87.32848715782166
-58.343323051929474
-68.12959384918213
-69.12305508553982
-90.00921249389648
-61.276160821318626
-81.86867088079453
-82.13775165379047
-97.9978811442852
-86.57277220115066
-98.79149132966995
-63.94271237030625
-74.5635313987732
-69.94421087019145
-81.17206156253815
-79.36310217529535
-82.71941816806793
-77.83973328769207
-88.31029883027077
-88.90417951345444
-101.4240688085556
-83.52541506290436
-100.5084171295166
-67.19224919378757
-81.68554849922657
-69.07773685455322
-78.91631169617176
-78.86623638868332
-101.13025778532028
-67.66737838089466
-91.52404952049255
-68.59380495548248
-91.3294127881527
-62.25337265431881
-76.83645133674145
-74.99237303435802
-80.3438610881567
-82.56093429028988
-86.38687643408775
-66.61611711606383
-82.88493876159191
-60.347067289054394
-77.91374072432518
-66.05597425252199
-79.14357650279999
-63.88049181550741
-79.24407604336739
-81.18080684542656
-93.05753260850906
-84.28758583962917
-89.71066915988922
-93.90942859649658
-106.4535523056984
-89.59092402458191
-89.3552839756012
-56.758079312741756
-74.29529109597206
-66.0449783205986
-76.61649334430695
-63.969136737287045
-76.53614316880703
-54.21549980342388
-68.09880656003952
-94.95450687408447
-96.1291354894638
-93.74209144711494
-108.86929090321064
-63.323542416095734
-93.04780173301697
-69.04823225736618
-84.1332015991211
-73.89592784643173
-92.86308979988098
-67.98192226886749
-90.68216753005981
-73.20384753867984
-91.84499126672745
-70.91193316876888
-97.0232620537281
-80.15065738558769
-81.34629392623901
-79.91648057103157
-83.46719560027122
-68.16729924082756
-81.83199006319046
-62.11394962668419
-72.91316771507263
-65.48532947897911
-77.82934707403183
-61.2930890917778
-78.55458235740662
-88.557508289814
-84.29289728403091
-85.56622123718262
-88.0851076990366
-80.65998920798302
-85.10526037216187
-72.4294812977314
-87.18121773004532
-75.34973335266113
-89.73841229081154
-71.65587738156319
-81.80907335877419
-74.68836296349764
-96.57182441651821
-73.8152445461601
-88.66094533354044
-80.76199850440025
-93.26801413297653
-85.97941435873508
-90.05073632672429
-73.2740137130022
-76.79038685560226
-73.59829372167587
-75.53477466106415
-62.515403032302856
-76.65283811092377
-65.8499966263771
-74.15130975842476
-65.940249864012
-80.53313332796097
-60.748813167214394
-74.36510896682739
-82.19359239935875
-95.19010627269745
-80.22318875789642
-92.26585811376572
-80.9306772351265
-88.7951911687851
-70.36086791753769
-81.53898787498474
-66.22467685118318
-78.94060015678406
-68.1781226368621
-77.33533120155334
-77.69001284986734
-96.02613258361816
-72.72600434720516
-103.25451672077179
-79.99824619665742
-97.9421475827694
-74.81900014914572
-92.41829616576433
-70.43912371993065
-88.21778128296137
-72.2007105872035
-85.84429013729095
-69.3416959643364
-87.01988959312439
-63.81534796953201
-75.10087865591049
-63.98904013633728
-90.20039117336273
-63.27690090239048
-90.10578805208206
-72.24818310141563
-86.82003206014633
-65.24175669252872
-87.01133815944195
-81.01957815885544
-82.35065627098083
-72.45912671089172
-78.59255683422089
-62.530290976166725
-73.54437237977982
-62.19226694107056
-74.44150292873383
-56.79263912141323
-67.7253058962524
-57.61390755325556
-62.001436322927475
-85.70173478126526
-86.37366074323654
-77.1605461537838
-75.18044999241829
-69.0018339753151
-82.8207194507122
-75.42699772119522
-82.62718486785889
-87.97127670049667
-87.04752698540688
-75.77051406353712
-81.80721651017666
-58.187832057476044
-74.09395599365234
-65.87312535941601
-77.75926166772842
-76.93242013454437
-83.08854669332504
-67.50465834140778
-84.9883314371109
-66.80499306321144
-76.82285102456808
-63.908527955412865
-77.52376814186573
-65.97818356752396
-72.71721136569977
-66.94307431578636
-80.98198682069778
-76.21062052249908
-93.75278168171644
-83.67196583747864
-98.11829829216003
-70.28819236159325
-75.49639922380447
-60.843240670859814
-67.3852568268776
-86.82002916932106
-95.54822671413422
-88.32889147102833
-102.85562127828598
-88.77694311738014
-94.20837718248367
-80.52259029075503
-98.40009933710098
-68.62409541010857
-89.09851044416428
-65.93161317706108
-78.62128514051437
-85.54322373494506
-95.73760420084
-87.32194685935974
-92.82983034849167
-68.37165862321854
-81.24793446063995
-66.28534297645092
-71.29122792184353
-70.755325935781
-77.62000614404678
-67.6475356835872
-71.93351363390684
-74.9426498413086
-80.20980352163315
-71.8369243144989
-75.36774802207947
-59.29130378365517
-69.5504989027977
-60.620377361774445
-66.32595190405846
-73.28240919113159
-93.59434866905212
-72.07804847508669
-91.71732795238495
-87.23810189962387
-106.32627448439598
-82.64728397130966
-96.26053184270859
-75.88875018060207
-85.6966381072998
-77.30548998713493
-91.20060402154922
-66.69217139482498
-94.04192508757114
-70.34339952468872
-84.33462511003017
-70.76568298786879
-82.33709890767932
-71.06507365778089
-74.53942662477493
-63.251060485839844
-74.98444128036499
-61.73741000890732
-77.99726539850235
-79.51527510583401
-88.2622587159276
-73.58281616866589
-84.67358534783125
-93.96335971355438
-98.57658004760742
-83.27746188640594
-88.07481515407562
-70.20298832654953
-78.51349705457687
-64.23393869400024
-67.20951262116432
-59.38350450620055
-64.6351775676012
-55.70198494568467
-64.60173338651657
-60.00970056653023
-77.33375173807144
-62.97390143573284
-88.45762392878532
-62.45177772641182
-77.05302566289902
-66.51536583900452
-93.0320440530777
-85.38207241147757
-102.27815563976765
-83.39473180659115
-97.88391292095184
-67.63390892744064
-87.51852029561996
-73.99291667342186
-88.73186230659485
-75.1974427960813
-100.42997300624847
-70.50466379523277
-100.85396152734756
-64.80154452472925
-84.7729811668396
-63.6693310290575
-81.70516972243786
-83.91889600455761
-108.3679506778717
-86.53081405162811
-108.91822573542595
-67.07548807561398
-83.21336698532104
-69.18539609760046
-83.9361377954483
-85.47726264595985
-99.79811799526215
-75.46317519247532
-92.79548926651478
-73.61428099870682
-85.5926770195365
-77.16915784031153
-82.51145061850548
-59.74842143058777
-78.10120010375977
-60.96865023672581
-78.47111475467682
-82.02340611070395
-94.13972508907318
-80.8911041803658
-86.58943629264832
-80.54784595966339
-73.11473214626312
-72.54738464951515
-81.2623879313469
-71.16905173659325
-88.49722695350647
-63.42984393239021
-91.32427179813385
-64.56936482340097
-82.38135228306055
-60.04043620079756
-74.66586618870497
-80.468023147434
-84.6878764629364
-78.51053708046675
-89.65623652935028
-68.07047195732594
-67.60797214508057
-59.53843061532825
-68.51664846390486
-79.20642678439617
-102.17492367327213
-74.46522419154644
-96.63412037491798
-85.23003923892975
-89.39706664904952
-77.56946443580091
-93.11413660645485
-80.96169123053551
-73.9726996421814
-76.94315604865551
-77.54738330841064
-62.84617681801319
-76.84455215930939
-59.50118574500084
-75.78570401668549
-76.57230231538415
-95.35375966876745
-69.43499384261668
-86.65604691207409
-67.12015658058226
-79.48136857151985
-64.00596060790122
-72.17810183763504
-63.57096216082573
-93.21365901827812
-66.55033478140831
-73.12191438674927
-79.98992601037025
-103.62737393379211
-69.31006807088852
-85.15847706794739
-78.69729715585709
-105.96549487113953
-68.76728774607182
-86.16803324222565
-79.47238013148308
-90.18763670325279
-77.27231234312057
-93.58687376976013
-72.68998616933823
-78.30507004261017
-74.38849711418152
-74.4965671300888
-58.48071724176407
-97.33949899673462
-67.45375514030457
-90.66033011674881
-88.4146753847599
-93.87853136658669
-79.21612438559532
-90.2368940114975
-63.123402178287506
-86.25773099064827
-62.51391217112541
-77.87039864063263
-88.65773750841618
-105.05993020534515
-80.67601718008518
-90.34270090982318
-78.54870820045471
-101.5497909784317
-89.67827153205872
-94.8339376449585
-77.10385677218437
-87.11838713288307
-75.16084814071655
-86.99219512939453
-74.48593931272626
-84.88811609148979
-84.9777866397053
-82.43880345672369
-70.20996123552322
-85.92146849632263
-61.524734795093536
-75.00590986013412
-86.55510635674
-86.08936324715614
-81.60391699150205
-83.4392321407795
-67.03161561489105
-92.4783003628254
-69.13610987365246
-86.31082290410995
-74.95170584321022
-90.88512074947357
-70.99549044668674
-93.11327624320984
-73.37183797359467
-81.53579878807068
-60.9825793504715
-75.75383946299553
-81.74751937389374
-99.38981819152832
-73.04283839464188
-96.60481005907059
-88.57251252233982
-96.71681337058544
-77.62196822464466
-95.69831562042236
-77.40271052718163
-94.61667209863663
-71.1988886743784
-87.14490550756454
-72.36025439202785
-85.15373626351357
-68.64861886948347
-79.30177247524261
-55.202593475580215
-83.68709570169449
-55.2115682810545
-72.68875062465668
-72.3537726700306
-76.53166416287422
-66.21772208809853
-67.4161080494523
-78.09112691879272
-79.94554659724236
-64.8926531970501
-78.26763871312141
-71.00108504295349
-86.43647563457489
-65.88364845514297
-85.30559432506561
-58.730769373476505
-68.94366604089737
-55.155382208526134
-64.49475502967834
-74.49870030209422
-81.72792840003967
-75.13154320418835
-76.47085659205914
-61.611999839544296
-72.7164636850357
-58.486796379089355
-76.96014124155045
-78.14707377552986
-92.83762048184872
-78.2951640188694
-89.53058457002044
-96.8400247991085
-96.74059998989105
-86.94156295061111
-90.62942883372307
-73.40297903120518
-80.28955075144768
-67.51002168655396
-73.55485838651657
-85.9323056936264
-82.88179498910904
-75.84091299772263
-81.07299795746803
-60.94783163070679
-86.57877266407013
-50.3506276011467
-80.8718695640564
-65.37492710351944
-87.31417080760002
-66.54536086320877
-86.90027034282684
-71.24836000800133
-93.84368170052767
-82.76122242212296
-93.22515489161015
-81.52793896198273
-102.99043852090836
-75.9923324584961
-105.14724385738373
-79.91196903586388
-85.15892514586449
-84.16456204652786
-83.93723797798157
-77.50597470998764
-100.59111398458481
-85.9214259237051
-96.3697279393673
-71.50354926288128
-79.18414068967104
-64.0756403580308
-61.02495915442705
-59.399048533290625
-65.06647481024265
-56.11319889128208
-71.22889560833573
-88.45731243491173
-81.51758399605751
-88.4071461558342
-78.05711203813553
-59.76373169571161
-65.90947663784027
-56.69133219867945
-64.50281576812267
-58.57149916887283
-79.88368985056877
-55.77544856071472
-76.45412677526474
-73.17103794775903
-90.48545484989882
-64.47285440843552
-80.22666370123625
-74.94185063242912
-76.59428822994232
-71.57974535226822
-77.2942665964365
-86.47928726673126
-75.88429421186447
-71.41339409351349
-73.3473532795906
-55.601088494062424
-76.85200700163841
-55.43448951840401
-79.19948284327984
-73.68135603889823
-95.50934135913849
-76.2137333471328
-87.07331174612045
-82.79791501164436
-88.0812166929245
-84.41033345460892
-83.66520375013351
-68.9432067964226
-80.38779611885548
-64.85361897200346
-72.76922616362572
-71.62209575623274
-74.01229950785637
-70.60623603314161
-70.36810509860516
-65.79263120889664
-93.35055756568909
-78.18828332424164
-86.66722929477692
-65.7040155082941
-80.4624376296997
-67.31009301543236
-75.26693904399872
-93.46154230833054
-94.34468421339989
-72.93296736478806
-90.38598620891571
-68.68735080957413
-81.25562271475792
-63.38684268295765
-72.36637979745865
-83.355299949646
-98.05614563822746
-82.9317701458931
-91.10074591636658
-73.29960688948631
-77.21712273359299
-79.55358129739761
-82.02092278003693
-65.56333268154413
-70.4889828749001
-59.445148430764675
-64.61619468033314
-69.73246888816357
-79.35972332954407
-62.22886671870947
-73.11430302262306
-66.97407731413841
-85.3441880941391
-65.55616796016693
-83.06080996990204
-63.08854150772095
-76.11735865473747
-73.15637835860252
-101.92111819982529
-75.53470775485039
-98.95833033323288
-68.44402468204498
-88.44832855463028
-77.3890590518713
-91.23505564033985
-70.09970682859421
-79.27717381715775
-67.87166947126389
-82.38485622406006
-78.00746577978134
-79.30280935764313
-71.26352220773697
-73.10737842321396
-72.86107762143365
-103.43806547485292
-63.78094621561468
-88.88909062091261
-66.48766853287816
-86.49938243627548
-54.9397383518517
-70.54019263386726
-64.91343247890472
-81.50794792175293
-60.21970283985138
-80.2490306198597
-52.155800595879555
-79.22366537153721
-55.60972054116428
-78.0345686674118
-67.31552419066429
-86.80987286567688
-76.4447283744812
-83.47316002845764
-65.46121618384495
-88.01689285039902
-69.0099717695266
-91.8157286643982
-65.42874786257744
-87.05911874771118
-79.00002655386925
-83.14804989099503
-66.63143364340067
-73.74821655452251
-69.70508851110935
-74.34170395880938
-63.02454942278564
-73.55407396703959
-59.118823166936636
-72.92784890532494
-73.18984442949295
-83.76138040423393
-70.24676913022995
-80.52618032693863
-68.89087247848511
-83.96325179934502
-66.367178440094
-86.79516363143921
-67.13681682944298
-78.91895493865013
-68.58577945828438
-80.33278226852417
-62.20786843448877
-81.40906131267548
-65.40777677297592
-88.83738785982132
-84.25253335386515
-101.6714414358139
-82.12028491869569
-98.75497578829527
-60.67628092132509
-72.65354924649
-54.32483264617622
-69.21634775400162
-70.59898047149181
-74.6728013753891
-70.04109999537468
-77.71521842479706
-81.07787325978279
-83.53807365894318
-71.34792041778564
-82.28847229480743
-72.10936397314072
-78.22888305783272
-60.791222631931305
-75.61493447422981
-61.95423284173012
-67.6225064098835
-73.78999346494675
-65.02298673987389
-90.93136841058731
-105.38030070066452
-98.58950507640839
-104.94327211380005
-61.61993092298508
-66.20707213878632
-59.70888775587082
-62.13147085905075
-81.73176342248917
-97.84977311640978
-78.35219248384237
-92.1504100561142
-73.73153513669968
-82.09651011228561
-65.99286678433418
-82.02107137441635
-58.706419453024864
-79.2761298418045
-72.45899717509747
-80.03151020407677
-77.00995019078255
-88.44377529621124
-79.45063234120607
-85.30804419517517
-68.72340534627438
-77.60694299638271
-72.0815126746893
-67.8271995484829
-72.20485372841358
-89.02035677433014
-81.10799548774958
-93.48346349596977
-75.77907946705818
-81.16999515891075
-70.31993287056684
-76.72422578930855
-71.04909631982446
-74.0569344162941
-63.1230589710176
-80.14424559473991
-82.78579246997833
-84.54087573289871
-83.06424331665039
-89.02160447835922
-55.72068375721574
-72.95959007740021
-47.57930028042756
-70.1430869102478
-76.91161945462227
-90.52870093286037
-85.08637896180153
-88.00935019552708
-64.66701120138168
-85.72540128231049
-75.94269201159477
-85.10119760036469
-89.56015747413039
-111.21425753831863
-96.30404272675514
-117.87089681625366
-90.2527342736721
-107.03171044588089
-97.50719374418259
-107.55853271484375
-85.48351955413818
-102.447873711586
-77.12669634819031
-89.01978069543839
-63.117617309093475
-71.98603221774101
-73.33708563446999
-82.2431028187275
-68.17525044083595
-80.23548101633787
-63.727888494729996
-84.2531406879425
-82.44559982419014
-93.08899730443954
-67.18326906301081
-77.48569793999195
-79.90905280411243
-102.68364383280277
-72.79253037273884
-100.56898635625839
-80.22486165165901
-78.62752783298492
-72.74447318911552
-77.99185943603516
-76.21982201933861
-98.39912158250809
-73.01378786563873
-99.91784536838531
-75.06675638258457
-85.73391646146774
-73.56682839989662
-94.08171663433313
-80.38012850284576
-89.20448052883148
-74.87298965454102
-87.83684992790222
-68.30524325370789
-76.34034380316734
-65.21252100169659
-65.9562477171421
-84.73283356428146
-97.28544783592224
-78.38008117675781
-89.29488325119019
-73.78718142211437
-75.70455121994019
-61.65714022517204
-71.26197746396065
-84.0684201978147
-88.54271040856838
-82.77640330418944
-81.39469109475613
-63.546248480677605
-87.11903989315033
-65.04279425740242
-89.84793907403946
-68.62717440724373
-85.31633807718754
-58.828244894742966
-82.20660850405693
-57.32243029400706
-60.82537230849266
-58.29354890435934
-69.45707304775715
-59.3074149414897
-72.26935977116227
-54.236557418480515
-69.2442906908691
-82.9110863506794
-99.28975689411163
-82.88362547755241
-103.1577250957489
-79.29258054494858
-97.87276363372803
-72.2432491183281
-83.32833555340767
-71.45485842227936
-78.69594359397888
-73.97453881800175
-70.68997430801392
-82.74229949712753
-80.48701655864716
-76.42479929327965
-81.17400240898132
-54.18890471756458
-72.70789048075676
-57.90425468981266
-65.89309375733137
-86.12437996268272
-87.72339221835136
-77.29836964607239
-86.22097033262253
-59.63616995513439
-76.00765088200569
-53.679145365953445
-72.32979148626328
-79.12494845688343
-92.42277264595032
-71.97774475067854
-80.52161711454391
-82.99197727441788
-94.27152398228645
-69.51413778960705
-90.03056392073631
-77.0213718842715
-86.39996317774057
-72.07229275815189
-90.1967026591301
-73.00394415855408
-91.1927564740181
-70.43015670776367
-81.13071450591087
-65.45456965267658
-80.5116194486618
-70.41289873421192
-80.12672206759453
-65.61247574537992
-75.35915100574493
-64.11340669542551
-68.85305671393871
-61.28616487979889
-63.63965106010437
-54.31855243444443
-68.02042871713638
-88.18158431351185
-87.74447812139988
-78.10195531696081
-92.03934285417199
-60.029708445072174
-82.35269522666931
-63.70783060789108
-77.10249704122543
-70.41420555114746
-84.06333470344543
-74.14820615947247
-84.37798810005188
-81.45473703742027
-98.17380517721176
-70.73607347905636
-88.08970847725868
-72.97380369901657
-97.5261769592762
-73.5903992652893
-96.7353994846344
-71.0204990953207
-97.78369390964508
-71.29815924540162
-97.4781391620636
-86.86317425221205
-96.67591169476509
-72.09291225671768
-83.11441522836685
-83.73144495487213
-95.74688172340393
-76.41945713758469
-95.54197415709496
-54.46317237615585
-78.89122837781906
-55.235017359256744
-73.79277884960175
-83.30016875267029
-101.52726578712463
-77.35011780261993
-97.55749100446701
-65.45955364406109
-81.43693751096725
-59.07275402545929
-71.74647492170334
-81.54339036345482
-89.70837336778641
-84.45567870140076
-84.08693161606789
-88.93225035816431
-101.6676378250122
-83.71307091414928
-93.09091818332672
-65.98308438062668
-81.31350886821747
-69.22859537601471
-81.44789719581604
-59.80824764817953
-76.88891112804413
-66.56876159086823
-75.3197577893734
-60.62005911581218
-82.24489937722683
-61.56791971065104
-85.10271073877811
-79.49521158635616
-94.15302515029907
-84.49860364198685
-97.1276770234108
-73.96178449690342
-93.99305033683777
-73.22214148938656
-91.2866867184639
-80.37610867619514
-84.04022359848022
-71.30072650313377
-88.18262362480164
-64.76539161801338
-73.13347315788269
-61.48858606815338
-75.66982769966125
-70.09491339325905
-79.86349159479141
-78.34019005298615
-77.86435616016388
-79.98611879348755
-89.16725182533264
-78.0862809419632
-82.44984525442123
-89.8000685274601
-90.74906611442566
-82.51323980093002
-89.1404647231102
-85.47884684801102
-100.88133725523949
-84.2375944852829
-97.50322413444519
-82.53096044063568
-89.87664869427681
-73.25311505794525
-78.64185899496078
-63.82358729839325
-74.8269219994545
-72.24520391225815
-76.70607471466064
-68.64861457049847
-80.89528408646584
-67.80275502800941
-78.0288973748684
-65.2666654214263
-70.02560056746006
-54.91985243558884
-64.82712978124619
-84.08084219694138
-96.86191976070404
-68.56160685420036
-86.17421695590019
-61.90381006151438
-80.5862663090229
-64.1802154192701
-81.67258420586586
-70.5235860645771
-83.99263548851013
-60.38679215312004
-77.10077559947968
-85.23405402898788
-93.34284150600433
-84.09745877981186
-103.47853237390518
-75.84361469745636
-81.03503304719925
-72.89716404676437
-76.35168889164925
-68.74376093968749
-85.52959630638361
-67.62262386083603
-77.89355129003525
-62.16539999097586
-68.59900334477425
-60.863546162843704
-61.94390153884888
-85.17097294330597
-98.04407414793968
-78.01701641082764
-97.6581974029541
-100.72763150930405
-104.9244065284729
-93.67417883872986
-97.87449111044407
-87.19330403208733
-100.88155055046082
-77.22967255115509
-79.93763440847397
-81.23772102594376
-91.72061109542847
-77.09896290302277
-89.81150798499584
-92.41542349383235
-100.0026254504919
-74.54726199433208
-85.06861511617899
-81.6140673160553
-93.49622297286987
-74.01440910995007
-96.82352973520756
-67.79413406923413
-92.81461831741035
-60.62905299663544
-83.0717452019453
-71.38964024186134
-93.88632498681545
-72.88795204460621
-89.66293513774872
-87.08543235063553
-93.0915099978447
-89.65962022542953
-89.06162467598915
-68.53064829856157
-77.15173888206482
-72.13035497069359
-75.49330489337444
-78.66209905222058
-94.95557400584221
-77.75141021609306
-95.20733518898487
-60.36484056711197
-77.54990151524544
-66.5204696059227
-80.28136885166168
-72.87697291374207
-88.66308796405792
-65.08644485473633
-87.9917334318161
-69.94853276014328
-81.58564633131027
-71.07579365372658
-82.68924206495285
-57.29782794974744
-67.13364386558533
-51.02299792226404
-66.49305121228099
-82.76961135864258
-90.54997664690018
-85.18432267010212
-84.05767495930195
-68.56934542953968
-79.02076882123947
-64.7726398408413
-75.00208485126495
-56.33214399218559
-74.1788598895073
-68.6137925684452
-80.46671283245087
-70.7965629696846
-73.46410730481148
-63.966594099998474
-79.84985479712486
-79.04757949709892
-94.05307108163834
-79.49056327342987
-92.25848546624184
-72.96717165410519
-85.90117192268372
-73.02631765604019
-82.6662437915802
-75.45863093435764
-70.05277881026268
-80.79159727692604
-73.15417349338531
-82.40431658923626
-98.57537698745728
-81.7675809264183
-88.7507816851139
-64.94386976957321
-87.3974347114563
-64.99963104724884
-84.28763353824615
-66.58922915160656
-80.57242923974991
-55.18759027123451
-67.57063910365105
-98.66465151309967
-98.68509531021118
-92.99321043491364
-94.90523529797792
-77.28114637732506
-89.10633063316345
-79.26721361279488
-77.66156902909279
-68.17066626250744
-70.074164301157
-65.22382631897926
-74.62443226575851
-79.20345295965672
-96.56586834788322
-76.88868652284145
-90.28696011006832
-80.59957320988178
-97.71831154823303
-76.85442760586739
-93.56555244326591
-88.05251774191856
-100.93210446834564
-87.27282121405005
-102.69136354327202
-82.7667328864336
-96.86919593811035
-73.1074315495789
-75.07666051387787
-84.62141481041908
-94.56672249734402
-68.9267715215683
-94.8934594988823
-72.33584433794022
-89.65786337852478
-70.21490502357483
-88.93125855922699
-61.604003163054585
-68.55495801568031
-66.98574924841523
-79.00022876262665
-74.08330580592155
-83.02449977397919
-61.90291848778725
-74.30300402641296
-78.93024578690529
-99.81643486022949
-92.71228289604187
-107.08005475997925
-66.8166561126709
-82.34321522712708
-63.02304549515247
-84.78621599078178
-63.17955122888088
-82.08380401134491
-67.52233457565308
-71.2962441444397
-85.72380709648132
-80.68805193901062
-87.32752764225006
-80.71936589479446
-87.7204542607069
-91.01339653134346
-87.5011932477355
-90.42684110999107
-99.87057667970657
-98.88703614473343
-93.79279005527496
-106.28354531526566
-78.88524609804153
-77.946837246418
-64.18836978077888
-74.33206582069397
-95.08771830797195
-104.24002128839493
-83.26290926337242
-99.06470334529877
-85.98979771137238
-92.47925662994385
-84.88786953687668
-94.93034398555756
-71.56570322811604
-82.24356985092163
-73.85862206295133
-75.60807579755783
-71.9369038939476
-82.42900532484055
-82.4832253754139
-81.51528871059418
-71.29459157586098
-89.36312961578369
-73.77476046979427
-92.99485710263252
-73.13322871923447
-77.2030189037323
-72.84763206541538
-74.37505030632019
-69.48401190340519
-87.13212759792805
-76.52716552093625
-83.13096632063389
-62.53506174683571
-76.72762364149094
-67.89210098981857
-76.54367053508759
-76.77044308185577
-93.72062849998474
-82.74271684885025
-85.19170524924994
-58.08895929902792
-67.29878653585911
-56.49868370592594
-60.7871298789978
-73.15407504886389
-84.77933412790298
-62.61491929553449
-77.47024339437485
-63.75026077032089
-92.73342084884644
-66.32364934682846
-89.2592179775238
-75.445602491498
-84.98598113656044
-70.60725260153413
-78.68694293498993
-68.17413863539696
-76.18687701225281
-70.9658642411232
-76.45428800582886
-68.76688547898084
-93.68866980075836
-61.52851982600987
-77.51230990886688
-74.59273999929428
-88.22755987942219
-78.74155223369598
-86.30909287929535
-74.23958122730255
-88.66013081371784
-68.17009381949902
-87.57602904736996
-51.41430396423675
-74.35810884833336
-47.29417190735694
-63.19167485833168
-67.61180835962296
-71.23108488321304
-63.161669462919235
-73.04628676176071
-90.2973884344101
-99.78413012623787
-87.281523168087
-94.28198730945587
-96.63259020447731
-97.13672125339508
-92.36102501302958
-94.02357703447342
-88.31566518545151
-92.15082609653473
-78.10042837262154
-90.34295082092285
-62.408305644989014
-74.55815011262894
-60.83527012914419
-73.40931114554405
-77.48067147657275
-78.987933203578
-72.41006956249475
-79.66717833280563
-68.73927528783679
-90.30657488107681
-64.61603420972824
-81.8951224386692
-95.2459262907505
-97.35196226835251
-90.52938097715378
-100.98986318707466
-62.89102403819561
-76.91089498996735
-67.63320065289736
-74.43424287438393
-65.43829226493835
-86.82458853721619
-68.74455863237381
-86.32985019683838
-66.23795564752072
-85.45733501017094
-54.74530132301152
-71.12301354110241
-70.29156582802534
-88.29110413789749
-75.34836909919977
-79.51830846071243
-70.08482664823532
-86.9792742729187
-64.340157777071
-80.42758184671402
-74.76775123551488
-89.2631243467331
-66.16253681853414
-67.31928569078445
-77.54032354056835
-103.54352807998657
-75.24590469151735
-105.59049743413925
-69.41666927933693
-74.72321254014969
-57.57291442155838
-57.065808832645416
-76.5602574646473
-78.0667120218277
-80.61935236304998
-85.45534683018923
-86.46372425556183
-94.31390497088432
-86.08147042989731
-98.21820220351219
-66.32080978155136
-82.61158555746078
-56.1461498439312
-77.38894319534302
-92.6245796084404
-96.66979455947876
-87.37790045142174
-92.59454268217087
-64.47931423783302
-89.65249788761139
-54.07146316766739
-72.61487329006195
-69.28776009380817
-78.29756152629852
-70.75365936756134
-78.55270177125931
-77.57742893695831
-74.25977489352226
-67.37039530277252
-76.91725099086761
-77.70530879497528
-102.0983567237854
-77.15820521116257
-94.06219863891602
-70.13245441019535
-88.30815917253494
-61.650798588991165
-83.48008361458778
-69.46582120656967
-83.71313777565956
-60.96857175976038
-76.7728665471077
-64.76313851773739
-70.52606093883514
-60.731087448075414
-70.29529257118702
-70.79274898767471
-75.3150600194931
-69.09158617258072
-74.42134153842926
-58.8355879932642
-76.82338938117027
-62.93697141110897
-79.23429048061371
-60.00588846206665
-86.98284776508808
-62.32901115715504
-85.81893134117126
-70.28443711996078
-98.41047835350037
-67.75840851664543
-89.13360500335693
-66.45836113579571
-71.0601934492588
-61.612320601940155
-82.64103029668331
-79.57277953624725
-93.83099241554737
-74.53163217753172
-91.4090209454298
-76.83502075076103
-84.55065703392029
-76.87540510296822
-88.41560411453247
-78.91648721694946
-70.73813992738724
-80.0210736989975
-74.42300432920456
-69.27802595309913
-70.55005887150764
-68.10623375233263
-77.49716090410948
-63.576176404953
-91.71256290376186
-72.6248146891594
-90.8764717578888
-91.1502814590931
-96.604452252388
-94.95952013880014
-101.78645768761635
-71.36350782215595
-80.30578008294106
-78.15366023778915
-79.32726711034775
-62.380543591454625
-78.65433891862631
-65.6832928173244
-71.26040092110634
-67.57167528569698
-82.22283613681793
-71.42993830144405
-86.55551746487617
-72.47941145300865
-68.45173382759094
-59.78367453813553
-71.32922039926052
-72.66256886720657
-81.11551931500435
-76.79292497038841
-74.85769933462143
-81.90790468454361
-101.13555097579956
-80.2639437764883
-93.19035053253174
-70.95496934652328
-89.72288769483566
-68.16215461492538
-84.65526723861694
-62.092919796705246
-75.23522192239761
-51.91154585778713
-78.31420758366585
-77.5194203555584
-87.60155838727951
-78.83467176556587
-85.51194840669632
-63.070093020796776
-68.2341357767582
-74.99379786849022
-74.97795090079308
-66.64974542334676
-68.00716535560787
-67.46447022259235
-71.53679652512074
-75.37408778071404
-89.79249247908592
-70.98577463626862
-88.23398712277412
-81.55141472816467
-87.35322308540344
-79.25045728683472
-85.79629790782928
-91.41350828297436
-101.61118584871292
-99.42736389487982
-105.85824073851109
-71.92532587051392
-94.03492003679276
-72.55010330677032
-88.50683212280273
-66.36091865971684
-68.15362467616796
-64.94628332927823
-81.73365426063538
-82.78157699108124
-102.86691451072693
-76.70131540298462
-96.75077599287033
-56.13820662605576
-62.440588388592005
-58.99833612330258
-62.40719988383353
-86.68299236893654
-86.98804672062397
-78.94041042029858
-76.94437193870544
-77.18901839852333
-80.82417327165604
-73.24877600371838
-77.63172817230225
-81.010008726269
-78.79027387499809
-80.53177545592189
-83.26690548658371
-77.27319765090942
-76.4338955283165
-79.77171331644058
-80.13523717969656
-88.5400961637497
-83.23479866981506
-86.04487776756287
-83.61786699295044
-84.37949848175049
-102.1379029750824
-82.0396419763565
-95.7480805516243
-68.22771755605936
-78.59199726581573
-76.72701895236969
-82.12222802639008
-65.4997429549694
-75.96189612150192
-63.44482207298279
-77.39419324696064
-76.05094077438116
-86.12073694169521
-62.22989264130592
-69.58539122343063
-71.8882222622633
-89.90242743492126
-63.18175783753395
-84.26141130924225
-76.53121972084045
-91.80195480585098
-63.16655620932579
-84.86443692445755
-67.6057798564434
-75.54215788841248
-63.95389749109745
-79.0631936788559
-85.30333805084229
-98.54220375418663
-83.64033752679825
-92.93619003891945
-60.539346888661385
-90.9896978288889
-72.0476418286562
-90.65117278695107
-79.64567083120346
-83.0351288318634
-69.66956925392151
-75.36620652675629
-75.00481498241425
-85.79016542434692
-70.48828107118607
-82.3422840833664
-90.10916543006897
-95.55596470832825
-87.0730619430542
-102.72760730981827
-85.65690027177334
-95.48577904701233
-87.68268163502216
-88.39743208885193
-65.99263355880976
-79.22983372211456
-78.54137434624135
-80.39670576527715
-76.15834128111601
-76.62445515394211
-78.79727105423808
-78.15185996890068
-75.77123314142227
-88.42406913638115
-80.20650711655617
-86.00471878051758
-68.6590023636818
-78.99770176410675
-67.86523044109344
-67.50151923298836
-74.03193071484566
-84.08962965011597
-67.56323225796223
-79.52014684677124
-72.1907189078629
-89.1212724968791
-76.48649587854743
-83.99847346544266
-71.23739475011826
-78.22908985614777
-68.57200080156326
-78.4092121720314
-90.08557194471359
-115.62299546599388
-81.87570631504059
-103.3109721839428
-60.496987886726856
-77.52727699279785
-59.62420630455017
-82.22022103145719
-64.35354249551892
-77.40267396718264
-63.42846970446408
-72.31752159073949
-70.82662060856819
-82.52458932995796
-68.77457330003381
-79.78346158564091
-53.723169843666255
-64.7136250026524
-51.71679143514484
-63.199639320373535
-71.57054637372494
-82.18965411186218
-74.2704948335886
-78.77360105514526
-77.20594429969788
-84.7732183933258
-83.9844416975975
-85.50874400138855
-78.63201935589314
-84.4495752453804
-78.77467225492
-81.67037437856197
-85.4184799194336
-94.00818991661072
-75.33768171072006
-83.79259842634201
-69.14651008695364
-76.81348088383675
-59.62102821469307
-72.67838770151138
-59.393820717930794
-75.63003754615784
-57.9402267485857
-64.16083788871765
-79.09773762524128
-92.9791828840971
-70.84844970703125
-87.17309105396271
-70.06951308250427
-95.54001843929291
-73.42459774017334
-86.9123102426529
-75.54378134012222
-89.26862743496895
-74.70187525451183
-94.79374198615551
-71.7779644485563
-90.64913532882929
-74.46342926099896
-84.89864809811115
-51.657390121370554
-69.60563027113676
-51.39439325965941
-62.172672510147095
-72.61090010404587
-97.94441866874695
-67.2156612277031
-92.38958895206451
-65.37257951498032
-90.39357635378838
-64.0423433482647
-86.31647372245789
-60.9941508769989
-88.02936139702797
-61.34155538678169
-74.98949721455574
-71.73040310293436
-81.56431438028812
-68.87728649564087
-74.25463965535164
-77.33653232455254
-84.33243608474731
-73.34791664034128
-78.7623579800129
-57.51899270713329
-91.55709326267242
-62.5020395219326
-88.90704071521759
-53.204712089151144
-68.91354783251882
-53.30165098235011
-77.75871257483959
-68.93325221538544
-74.77551405131817
-69.85690355300903
-75.49020904302597
-61.14490631222725
-86.98243284225464
-67.31506791710854
-81.78739535808563
-92.67460867762566
-89.90465009212494
-85.86364135146141
-91.92981396615505
-70.98922245763242
-81.1741466447711
-74.25463979225606
-86.45751111768186
-73.80781042575836
-93.08896109461784
-76.5711317062378
-95.66855129599571
-81.01906228065491
-94.03204703330994
-71.28809070587158
-85.117282807827
-72.0093616694212
-89.82801720499992
-67.74407184123993
-88.08154582977295
-81.69034641981125
-92.69475215673447
-88.6709558069706
-91.19044278562069
-76.61240440607071
-78.54038095474243
-76.66602426767349
-75.56326192617416
-81.13438704609871
-79.93181648850441
-72.97244620323181
-68.93136394023895
-78.81874293088913
-101.2995285987854
-82.40316557884216
-98.99140572547913
-73.14776969701052
-81.94506534934044
-69.3199560046196
-80.989093773067
-84.97137433290482
-105.59708926081657
-92.02784935384989
-104.99375784397125
-89.05504608340561
-104.98038458824158
-84.68000480532646
-105.00685328245163
-68.13068081438541
-74.58182770013809
-60.44434481114149
-80.82310549914837
-74.65738108754158
-77.40356880426407
-73.5825426876545
-79.04368390142918
-81.88723447173834
-93.52627363801003
-74.27122410386801
-89.93836998939514
-93.02437961101532
-93.82929657399654
-93.0879832804203
-102.65986859798431
-72.62926545739174
-94.08626401424408
-67.87507110834122
-81.28307890892029
-70.17987513542175
-80.18947875499725
-78.43300005793571
-82.59707760810852
-67.17389055341482
-68.78423312306404
-69.62624566257
-69.91326287388802
-64.03220260888338
-77.36072944104671
-60.92681647092104
-73.54321894049644
-70.84724752046168
-70.80006942152977
-76.11485615745187
-86.74741458892822
-68.75781798362732
-79.83841842412949
-70.38308227062225
-75.19759458303452
-64.80798411369324
-89.27973449230194
-76.3645144701004
-100.65184903144836
-67.7198615372181
-82.7846530675888
-69.1890276670456
-81.44316454231739
-75.04686110839248
-82.06504130363464
-65.8232873827219
-84.27531886100769
-75.6433916091919
-88.73938584327698
-64.07979120314121
-78.55589145421982
-66.6713140308857
-81.3434130847454
-68.36320669949055
-76.52922059595585
-90.40665093064308
-79.54703594744205
-89.40705531835556
-93.47764456272125
-65.42383916676044
-71.0496768951416
-71.42368666827679
-78.19726538658142
-62.7353562861681
-76.28710073232651
-59.794724971055984
-76.76650261878967
-69.66355312615633
-85.31936448812485
-77.85378903150558
-94.11516535282135
-85.17258840799332
-99.7382880449295
-88.00624459981918
-95.73512887954712
-74.07139128446579
-94.60961908102036
-73.78574404120445
-93.10350584983826
-61.71301172673702
-70.96169045567513
-60.6283154040575
-76.4034003764391
-65.3331927061081
-89.46398365497589
-62.63133358955383
-87.35810327529907
-84.07161365449429
-87.74406468868256
-71.20236325636506
-87.94693690538406
-64.35056052356958
-74.36626075208187
-60.37483525276184
-73.8619733452797
-86.76423132419586
-92.35862329602242
-78.45676271617413
-82.71443298459053
-89.49239748716354
-94.85361833870411
-84.7376179844141
-92.94995465874672
-65.74201530218124
-84.14600193500519
-59.94703429937363
-71.20691287517548
-65.66475685313344
-62.290129363536835
-67.54953009262681
-70.27889075875282
-66.54018126428127
-67.144948720932
-65.02219458669424
-69.62201522290707
-97.37156112492085
-100.25181239843369
-89.05204050987959
-101.52529120445251
-61.5275976061821
-86.92939135432243
-65.98773564398289
-90.66760194301605
-76.8811793923378
-86.70551854372025
-70.6904507279396
-82.04742312431335
-79.93709516525269
-84.32886028289795
-74.24925225973129
-78.69578742980957
-86.82629483193159
-95.9096105992794
-82.88052913546562
-96.03252574801445
-64.51452082395554
-84.52390506863594
-66.85563726723194
-84.94569918513298
-64.60159239172935
-83.91793918609619
-77.61943900585175
-93.48348842561245
-81.87820988893509
-92.22732031345367
-77.03654552996159
-89.97602325677872
-84.76425088942051
-103.32608395814896
-83.0094588175416
-99.77478361129761
-58.24943622946739
-73.76804333925247
-61.87459731847048
-75.12091663479805
-83.6951954960823
-78.23658895492554
-81.48097303509712
-81.00764960050583
-57.317123929969966
-72.58051945455372
-60.59120122157037
-74.29379722848535
-70.17405354976654
-79.92398881912231
-71.99079430103302
-80.93192934989929
-65.09171772003174
-85.06365385651588
-65.60558313131332
-78.32936921715736
-65.36798655986786
-87.29546350240707
-67.15089672803879
-79.47194314002991
-71.954917767187
-97.20266628265381
-76.46018671710044
-93.1064624786377
-88.12914770841599
-113.32058502733707
-83.89760808646679
-105.78791546821594
-57.14974458515644
-65.17082984745502
-62.51296570152044
-68.9278998374939
-81.64892238378525
-95.12286615371704
-92.80216762423515
-94.89556455612183
-93.66928106546402
-103.37190288305283
-87.84034872055054
-92.71474820375443
-88.2738790512085
-91.14884343743324
-86.15707715600729
-90.26014858484268
-80.7239216119051
-78.60182569921017
-72.01967215538025
-62.51866323500872
-51.134804755449295
-75.8621523976326
-54.66374832391739
-83.03540778160095
-66.43908765912056
-80.62862730026245
-73.66932654380798
-79.3840559720993
-77.00805382430553
-90.42287549376488
-79.16953663527966
-87.15692067146301
-64.15963089466095
-76.65031743049622
-55.78016638755798
-81.99962091445923
-71.63984556496143
-89.84918342530727
-69.45418864488602
-82.21933668851852
-85.41310772299767
-104.49971973896027
-77.2132496535778
-89.02220895886421
-70.98954121768475
-85.1221607029438
-70.36326290667057
-83.6831886023283
-59.622570887207985
-72.20533645898104
-60.02660434693098
-71.74972093105316
-71.68515828251839
-76.64678066968918
-71.99139294028282
-71.02619615197182
-99.68505674600601
-107.78433287143707
-88.71798703074455
-95.12914824485779
-83.92100283503532
-101.43845309317112
-78.31450459361076
-93.81230962276459
-62.730254560709
-77.71469277143478
-72.63961616158485
-82.2650910615921
-68.82486468553543
-77.49050694704056
-75.93573558330536
-84.20845724642277
-49.366290578618646
-72.47632996737957
-52.49673940613866
-72.06553652882576
-71.93377709388733
-78.7250325679779
-70.9082542359829
-80.56186413764954
-94.35185819864273
-95.4073093533516
-95.57291707396507
-101.93378016352654
-75.91551776230335
-78.3645830154419
-75.08423303067684
-88.31289649009705
-69.02535779774189
-78.20067638158798
-69.22271780669689
-79.91277548670769
-59.82660415768623
-69.53795513510704
-57.36632480472326
-80.63176220655441
-75.23402461409569
-88.70020747184753
-65.96519055962563
-82.15302833914757
-55.800787687301636
-69.49157575517893
-67.13887917995453
-69.33694614097476
-58.711972177028656
-67.6594227552414
-55.25391364097595
-72.01675975322723
-61.175902493298054
-80.8857598900795
-56.574243143200874
-74.417022138834
-78.71734826266766
-88.28176763653755
-68.68267719075084
-79.07909587025642
-62.52260448038578
-79.43591749668121
-76.60933709144592
-81.76382374763489
-79.14225293695927
-96.67805017530918
-64.59828171133995
-76.16348692774773
-63.01493837684393
-77.21838307380676
-63.732080863788724
-74.31734824180603
-83.8987603187561
-87.57031404972076
-72.44798517227173
-79.33110645413399
-66.16546835005283
-74.80315102636814
-70.25713408738375
-78.60758107155561
-70.68612998723984
-77.34784814715385
-70.418123036623
-71.68720236420631
-73.99033033847809
-79.2680974304676
-73.1119394004345
-86.07280424237251
-64.43358584493399
-97.96973609924316
-64.93260225653648
-91.38678777217865
-76.30094756931067
-90.36178728938103
-75.44710587710142
-82.24779534339905
-83.85211279988289
-85.73870961368084
-82.01902878284454
-85.42229313403368
-80.48002660274506
-97.07227659225464
-69.03599679470062
-86.72136795520782
-73.31887233257294
-84.71113955974579
-70.94150718301535
-84.1415493786335
-69.97258442640305
-79.70425468683243
-76.88684386014938
-91.79917860031128
-81.33568149805069
-91.85199922323227
-82.18482482433319
-87.68750637769699
-93.65745735168457
-98.80056244134903
-91.15852139145136
-95.76118892431259
-77.78986071050167
-92.13714569807053
-77.84756037592888
-89.05443542450666
-87.16457456350327
-102.08225536346436
-93.30219155550003
-97.55984222888947
-77.67404615879059
-84.3716282248497
-82.61959889531136
-88.4843013882637
-65.97431716322899
-90.76532799005508
-69.1305830180645
-85.2038505077362
-70.51050287485123
-82.91472291946411
-70.71810652315617
-80.02519708871841
-52.993233650922775
-79.86962705850601
-54.4124646037817
-78.28495502471924
-89.09692816995084
-102.9471564590931
-77.72858860902488
-93.22314289584756
-73.65919470787048
-82.12204337120056
-75.25639694184065
-85.69108612835407
-90.37159514427185
-113.28552460670471
-98.92911261320114
-102.8359287083149
-93.98124501109123
-95.4489089846611
-76.64875915646553
-89.62467432022095
-60.81872639618814
-63.06560785509646
-55.12280924478546
-59.017641538754106
-88.87662325426936
-90.64234964549541
-77.14972503855824
-82.05084393918514
-84.44820103049278
-104.26263529062271
-77.78521494567394
-92.1745750978589
-76.71458567678928
-80.77988624572754
-78.9463722705841
-90.85665315389633
-61.484657526016235
-70.90234875679016
-57.528358563780785
-73.66699442267418
-77.07634997367859
-92.15150737762451
-75.88618326187134
-87.5552442073822
-91.63854265213013
-103.77368454635143
-85.43499964475632
-94.36152740567923
-71.0329988449812
-83.86480456590652
-69.89911933802068
-84.38877676427364
-75.21854917705059
-82.44723235070705
-75.77313350886106
-81.1293176189065
-54.84583369642496
-66.66357970237732
-41.69060768932104
-54.310795187950134
-70.52472186088562
-79.81428357958794
-65.5671623647213
-77.3779885172844
-74.31378489732742
-87.68227016925812
-72.0189959704876
-81.25065445899963
-69.57798264920712
-82.09344106167555
-72.85931945592165
-86.0495637357235
-75.04672500491142
-97.16190040111542
-78.8772155046463
-97.53432095050812
-82.5155957043171
-100.22858828306198
-83.00898607075214
-90.80851317942142
-67.87937608361244
-77.22358322143555
-57.60108955204487
-71.4659753292799
-86.28576017916203
-91.89927227050066
-75.74299918115139
-87.9559522792697
-81.63055366277695
-99.85201543569565
-77.46657273173332
-101.92446413636208
-68.1111364364624
-93.51762682199478
-56.49888479709625
-89.0529014468193
-79.51434910297394
-91.12173533439636
-70.29692608118057
-77.77398788928986
-63.85679516196251
-80.66259092092514
-83.54235792160034
-83.79887211322784
-86.45373394340277
-88.69402724504471
-82.87547612190247
-90.58642818033695
-74.82633510231972
-75.49042475223541
-64.95165014266968
-79.02069199085236
-91.77520602941513
-100.6223352253437
-86.56987731158733
-91.509680300951
-70.11482088267803
-93.43141531944275
-60.7732899338007
-77.85757532715797
-93.05932706594467
-90.89338254928589
-75.31475323438644
-91.70843160152435
-63.48810814600438
-64.76417507976294
-64.28087724745274
-77.51937665045261
-76.99312183260918
-92.51610642671585
-84.86280019581318
-92.11098027229309
-84.20505356788635
-96.47398376464844
-82.39157025516033
-91.26016354560852
-71.05598855018616
-87.62750828266144
-69.47092953324318
-81.56725060939789
-63.809086073189974
-79.57476970553398
-58.85586613416672
-71.64949887990952
-73.13350373506546
-80.55277383327484
-69.10960667580366
-86.8315269947052
-83.30516424775124
-93.6386549025774
-75.32175302505493
-84.3545451015234
-62.72566756606102
-82.30457606911659
-62.94180081039667
-74.59500981867313
-79.00912886857986
-85.8523186892271
-73.95093184709549
-80.60403254628181
-92.83306074142456
-100.37027281522751
-78.55962937325239
-95.64882865548134
-66.13396990299225
-97.04224392771721
-78.43968838453293
-92.8230908215046
-87.92648097872734
-100.23312109708786
-90.24961490929127
-95.59772869944572
-71.16346198320389
-79.77622735500336
-74.96542273461819
-82.33438895642757
-76.73798364400864
-90.17738175392151
-77.409643471241
-93.75302338600159
-73.82175469398499
-71.92345452308655
-68.23482877016068
-79.29416525363922
-75.43752592802048
-97.73873236775398
-79.11551624536514
-93.15132227540016
-83.3680015206337
-94.09953957796097
-79.50616991519928
-92.81130373477936
-90.95769745111465
-104.01496767997742
-83.65141242742538
-97.45849704742432
-73.16769802570343
-82.30915141105652
-68.8771741092205
-72.31015392392874
-73.30102625489235
-85.28591546416283
-69.94816786050797
-84.09187689423561
-97.54975333809853
-110.91938105225563
-95.83932283520699
-98.49857547879219
-86.62308855354786
-97.68944346904755
-86.64456722140312
-97.54104617238045
-85.26850312948227
-92.22268879413605
-78.53007358312607
-94.04305905103683
-72.24036192893982
-84.58667719364166
-65.592494815588
-72.47574710845947
-76.03044481575489
-78.75220910459757
-77.5130385896191
-82.0124905705452
-72.83856391906738
-80.07576993107796
-71.56658256798983
-77.72770976275206
-92.55184978246689
-92.26844298839569
-88.04076987504959
-92.63883638381958
-84.1352609694004
-88.46564763784409
-79.2011067867279
-83.51127910614014
-82.77753819525242
-93.57904379069805
-68.4977346546948
-84.50771221518517
-67.78932533599436
-76.83125177025795
-74.44000853225589
-78.00976723432541
-75.23247456550598
-86.84315955638885
-66.62385523319244
-80.72190147638321
-64.60415586829185
-78.06006097793579
-69.65864169597626
-81.16417586803436
-63.47603300213814
-69.83968830108643
-56.97882714867592
-63.177134573459625
-59.55661532282829
-74.80489814281464
-67.9645122513175
-80.06165111064911
-59.01417546719313
-78.60507476329803
-71.657959908247
-73.90837025642395
-70.01890903711319
-80.81151807308197
-71.78956139087677
-80.44881927967072
-67.3422189950943
-81.70197315514088
-68.67482590675354
-83.2148677110672
-63.390845079906285
-78.65267316065729
-67.56441157869995
-76.80968365818262
-67.6995404958725
-86.28520411252975
-57.081854462623596
-76.10376280546188
-72.41172534227371
-85.65662091970444
-62.001935333013535
-80.14016300439835
-67.45232667028904
-78.99232766032219
-68.00235783308744
-71.19056621193886
-90.88587629795074
-99.96739906072617
-83.20181581377983
-96.15511527657509
-80.29766774177551
-89.88802725076675
-73.98646676540375
-89.77257841825485
-80.24527096748352
-80.05689710378647
-68.79112750291824
-76.86414313316345
-91.12663716077805
-90.58376133441925
-85.88721585273743
-85.16178996860981
-66.9695844752714
-82.36882106214762
-64.97028220817447
-70.87603606283665
-83.91423454880714
-89.81209707260132
-80.39967778325081
-83.59564134478569
-78.40870332717896
-82.89002573490143
-75.01195585727692
-76.47934484481812
-81.87470042705536
-82.19370713829994
-76.81806135177612
-84.62754952907562
-70.19005501270294
-88.60312616825104
-61.62102895975113
-88.02053546905518
-57.18701937654987
-68.54720681160688
-63.85082178050652
-71.11416435800493
-68.58088666200638
-76.68152958154678
-58.16997188329697
-65.84126248955727
-68.75253672525287
-76.45413130521774
-65.98502122238278
-75.374098315835
-75.8237361907959
-77.57455635070801
-71.66538453102112
-84.02425241470337
-80.66071653366089
-84.10495734214783
-69.57473739981651
-83.45277684926987
-88.07383325695992
-93.29030022025108
-84.49834978580475
-91.52926424145699
-76.97132263332605
-86.55956017971039
-66.75730502605438
-82.91948938369751
-73.96546921133995
-102.40765523910522
-85.31867238879204
-114.66154932975769
-72.49102792143822
-72.41725634038448
-67.91921409964561
-66.6727115213871
-85.25759690999985
-91.8716117143631
-80.06461328268051
-86.38462901115417
-79.53468784340657
-99.11564952135086
-75.94687269814312
-95.6766152381897
-69.37336099147797
-84.64917206764221
-64.90945756435394
-73.5148994922638
-70.32162243127823
-76.77235898375511
-64.3343985453248
-82.72800889611244
-80.20222580432892
-100.3929588496685
-82.201998218894
-94.984249740839
-66.17166304588318
-72.00459462404251
-48.56507423520088
-64.08606910705566
-79.58512815833092
-88.88737517595291
-69.80853608250618
-80.78647273778915
-64.31050827540457
-80.21675571799278
-63.14922320842743
-78.66259509325027
-65.66451734304428
-68.68529155105352
-69.70561584830284
-66.29160650074482
-79.89773833751678
-98.54079127311707
-82.27098628878593
-100.0695390701294
-78.3232319355011
-86.53415268659592
-65.70364116877317
-71.52195137739182
-84.96609711647034
-93.6833016872406
-64.27886724472046
-80.88556683063507
-85.24172842502594
-92.47503566741943
-78.56781125068665
-86.22136121988297
-81.20844492316246
-104.28782421350479
-80.46239972114563
-99.32410717010498
-73.11547031998634
-95.60690596699715
-80.74361650645733
-93.72583004832268
-67.29699320811778
-78.30669699981809
-66.70591283589602
-72.97785741090775
-77.65052312612534
-90.28364717960358
-70.54825100302696
-84.9477931857109
-80.92127373814583
-82.54624155163765
-67.08386868983507
-82.87651234865189
-60.37057453393936
-80.80651789903641
-65.0791876912117
-86.21543017029762
-82.73476085066795
-91.23424502462149
-81.02580708265305
-82.2839223742485
-84.46642571687698
-94.13096976280212
-95.07739570736885
-94.9801264256239
-58.30862830579281
-78.02009430527687
-62.419561579823494
-69.98863485455513
-94.7821918129921
-86.75450176000595
-87.01939296722412
-86.27991390228271
-60.2632896900177
-79.91260543465614
-72.26828528940678
-83.20653629302979
-76.93494027853012
-96.3732887506485
-74.66606563329697
-87.58480501174927
-81.10416221618652
-100.02896565198898
-86.47881284356117
-100.74031138420105
-75.4124373793602
-98.54427310824394
-71.0214588791132
-98.74320828914642
-75.39014747738838
-93.4273852109909
-68.07927753031254
-80.07049342989922
-95.37209683656693
-86.61372661590576
-92.63909816741943
-89.13116496801376
-90.65282678604126
-115.06755074858665
-86.1579155921936
-106.14413398504257
-84.19846567511559
-83.21267634630203
-72.97823625802994
-76.08134722709656
-68.23217836022377
-82.04098489880562
-80.36690733209252
-80.4393013715744
-85.22887836396694
-87.96683411300182
-71.09698584675789
-82.04525741934776
-75.33704004436731
-89.39849042892456
-70.9952757358551
-82.03043848276138
-70.70990301668644
-81.38739413022995
-71.24802131205797
-90.16174031794071
-62.3028208874166
-72.66218750178814
-55.19073866121471
-68.39418312907219
-88.70581892132759
-96.03997671604156
-83.09848073124886
-101.79157704114914
-71.20198936760426
-72.50307747721672
-62.03859416395426
-69.10308483242989
-73.01568466424942
-86.5608446598053
-56.266984045505524
-68.97474706172943
-74.73098318651319
-83.89857159554958
-65.73646596819162
-64.71855805814266
-73.88265183568001
-75.50307166576385
-73.75621482729912
-73.24015706777573
-61.10405485332012
-69.26258251070976
-61.95293163321912
-71.51808950304985
-70.90692318975925
-80.5443903207779
-67.6266555339098
-74.26965421438217
-91.45796339213848
-109.31728240847588
-84.12369031459093
-99.87384450435638
-66.98050412093289
-80.62164497375488
-62.21767515013926
-88.09404218196869
-62.03185349702835
-76.69063240289688
-65.41812470555305
-76.4792172908783
-71.71707824617624
-68.96216559410095
-63.28521475195885
-68.03298246860504
-67.07103696465492
-76.87371134757996
-68.48949891328812
-77.5287652015686
-67.36531565338373
-80.3667074739933
-80.67376875132322
-80.97647664695978
-69.21236725151539
-83.29443588852882
-77.06245093792677
-79.21455308794975
-73.87940871715546
-88.04278874397278
-76.2455193400383
-85.8063653409481
-54.04718915570993
-79.17771923542023
-50.90677796304226
-62.68686059117317
-84.69521522894502
-92.92425680160522
-79.28732373379171
-92.07807449996471
-67.79037330299616
-73.4754137173295
-58.1844845674932
-73.72650954127312
-86.2112209200859
-90.66715383529663
-85.1298429518938
-92.21809259057045
-72.59973788633943
-99.19973926246166
-66.07616563793272
-96.16744728386402
-66.6830526292324
-81.58608984947205
-63.46880056709051
-72.79698929190636
-70.84172040224075
-80.08357101678848
-72.31647983565927
-81.4654393196106
-52.16234937310219
-64.3048768043518
-50.4297042414546
-72.3059284389019
-73.68328022956848
-85.39306628704071
-57.28037878870964
-71.33354742825031
-65.1422871351242
-85.80281686782837
-75.41874462366104
-85.65743899345398
-71.27136099338531
-84.14571315050125
-73.61169731616974
-87.63975435495377
-67.81256894767284
-64.25966199487448
-71.4238515459001
-70.44929578155279
-71.13087737560272
-91.28279858827591
-69.32841516286135
-82.49502512812614
-82.78024199604988
-86.15725243091583
-72.86633163690567
-86.99284365773201
-84.64201337099075
-95.78712499141693
-95.68818458914757
-107.88012623786926
-80.49308893084526
-100.6484791636467
-81.13710325956345
-85.47774466872215
-76.0180139541626
-88.51759946346283
-76.70080476999283
-90.61109590530396
-62.710142374038696
-78.38896805047989
-62.57252988219261
-70.99405243992805
-73.38425724208355
-94.88296246528625
-81.59458096325397
-99.57978510856628
-86.25746785104275
-91.008709192276
-89.35996010899544
-93.14705964922905
-78.47811949253082
-83.29253535717726
-79.67816290259361
-82.69926680624485
-85.0008120238781
-95.91415119171143
-70.4752607345581
-88.83651600778103
-64.4398302435875
-69.64029009640217
-59.21508678793907
-66.747005417943
-61.753931522369385
-84.14288175106049
-51.134505584836006
-79.05027206242085
-81.62149910628796
-87.83169950544834
-70.60673056542873
-82.44108724594116
-87.42004331946373
-106.09793543815613
-72.32963022589684
-95.76154017448425
-81.54161217808723
-86.7110710144043
-78.83615293353796
-88.01312463730574
-68.98976439237595
-76.98837739229202
-68.43481171131134
-75.83303242921829
-72.81549751758575
-87.34341251850128
-72.67021852731705
-82.83554491400719
-65.94709557294846
-81.84452205896378
-56.20731624960899
-78.77365759760141
-78.99065156280994
-103.74700570106506
-80.48192384839058
-91.08767899870872
-62.63067972660065
-78.1337553858757
-64.77963876724243
-79.80744910240173
-55.10129129886627
-59.50375297665596
-52.97827122732997
-58.41282323002815
-87.61387223005295
-100.28498834371567
-81.68132936954498
-96.48457324504852
-83.19253180921078
-98.77990981936455
-79.00716314092278
-100.96332097053528
-84.36178490519524
-88.92015662789345
-71.0950275734067
-80.51829900592566
-55.836268842220306
-68.19883668422699
-56.23749718815088
-73.29495224356651
-65.46002927795053
-78.16279924847186
-56.00245789438486
-63.60646262764931
-68.29338753223419
-94.69589586555958
-66.17659115791321
-86.69234773516655
-66.61908113956451
-67.54830476641655
-74.35630393028259
-80.8891978263855
-75.75923182815313
-100.17120000720024
-82.76410119235516
-103.17195507884026
-72.22765396535397
-82.63169348239899
-68.07749696075916
-78.98452067375183
-71.12173092365265
-79.42284867167473
-72.72122031450272
-79.8641642332077
-83.19204369187355
-91.39075738191605
-74.86803455650806
-84.33487403392792
-78.73852424323559
-101.44566333293915
-80.6169603317976
-96.98434091359377
-78.74734924733639
-90.51223516464233
-74.02545224130154
-77.04616257548332
-74.38067308068275
-87.92992442846298
-76.66147041320801
-96.50188791751862
-77.05109831690788
-98.18836212158203
-77.00332516431808
-87.44047331809998
-103.47444820404053
-110.71097147464752
-89.54143404960632
-103.54385980963707
-55.12511348165572
-53.1107051698491
-53.836299567483366
-53.496837828308344
-85.6588223874569
-94.47462752461433
-94.41198022663593
-95.41366702318192
-70.63857296854258
-87.74152725934982
-76.28623499115929
-93.5216465704143
-62.09762015938759
-83.82232223451138
-61.8036270365119
-79.05183224380016
-69.0130889415741
-82.96268850564957
-78.38927152752876
-88.50542759895325
-67.3374287262559
-84.15233367681503
-67.3315318506211
-78.54467970132828
-60.28004266321659
-61.202725663781166
-64.57891697995365
-66.25298671424389
-79.70175847411156
-91.58920621871948
-70.25831866264343
-88.54488360881805
-62.14749817829579
-79.44968389719725
-58.18261046241969
-74.09537664428353
-66.3458856344223
-77.73021140694618
-67.20803272724152
-77.90690556168556
-64.64998785220087
-81.72976469993591
-55.904014678671956
-70.35853599011898
-72.4179824590683
-96.95877015590668
-65.73707242310047
-82.08284747600555
-76.79085297882557
-95.42764583230019
-75.46971004083753
-87.9061530828476
-85.38885760307312
-93.98561418056488
-90.62477850914001
-103.00373548269272
-76.40633283555508
-84.65804934501648
-84.31549269706011
-88.23040586709976
-77.15604373812675
-86.98155963420868
-68.21345034241676
-88.45745931565762
-75.58506059646606
-99.73049214482307
-70.20166212320328
-88.86075028777122
-80.5592380464077
-87.37765687704086
-75.41712054610252
-79.3756014406681
-71.90473097935319
-85.61474642157555
-75.50925841927528
-87.62783402204514
-69.55047297477722
-73.77176195383072
-62.29713709652424
-72.48775959014893
-70.13843410462141
-73.46858967840672
-72.8323674313724
-69.57922142744064
-73.66400229930878
-82.47894585132599
-82.39150011539459
-82.83875298500061
-52.09059155359864
-65.04314620792866
-55.05835252255201
-77.81340292096138
-75.09007149934769
-87.30500876903534
-72.61273622512817
-82.0807314813137
-59.967951118946075
-67.45621240139008
-63.96404850296676
-64.9562102816999
-88.89155259728432
-82.51410865783691
-75.15397021174431
-91.51247170567513
-65.61544415354729
-81.83618764579296
-64.12384676933289
-77.21967884898186
-90.68955987691879
-101.12496221065521
-87.14695002138615
-102.0818755030632
-76.04381027817726
-76.47737947106361
-71.17551448941231
-76.5697985291481
-75.63491852581501
-103.1408019065857
-78.59389651566744
-94.36100232601166
-65.8364951312542
-80.1983597278595
-67.70507842302322
-78.16120514273643
-68.29901146888733
-86.77816820144653
-63.56760561466217
-84.37958216667175
-63.02177315950394
-85.22216695547104
-59.91975975036621
-75.55369156599045
-67.29678516089916
-92.30357384681702
-70.15944505110383
-91.2923115491867
-65.35367707163095
-78.7668172121048
-58.84235289692879
-74.93371695280075
-70.86046606302261
-95.49376118183136
-74.4321494102478
-92.4964851140976
-78.00008246302605
-101.97657179832458
-89.63951386511326
-99.98193298280239
-71.96422898769379
-80.30634027719498
-55.6284099817276
-90.12382209300995
-71.33821380138397
-85.4958708062768
-74.09472613036633
-92.26704578101635
-80.72223971039057
-85.83879217505455
-73.61501026153564
-91.52270804345608
-47.284354345873
-60.76504451036453
-62.95707591250539
-66.83791618049145
-72.49294061213732
-85.95483541488647
-67.92929846048355
-86.75979244709015
-68.62452376447618
-71.33101956918836
-65.80094788223505
-72.64955380745232
-64.51125816255808
-87.16425669193268
-76.0572440046817
-88.26158717274666
-71.44672527909279
-91.78795129060745
-72.77323013544083
-81.28173586726189
-82.09813410043716
-100.12512296438217
-88.91055798530579
-100.63516974449158
-80.26433604955673
-76.90155225992203
-65.4306206703186
-62.4592462182045
-78.57778090238571
-78.18765333294868
-74.3554453253746
-76.733941629529
-83.80797851085663
-87.53745985031128
-80.31303346157074
-84.46499109268188
-68.49193966388702
-75.56685638427734
-66.69135445356369
-74.7470371723175
-46.5919239576906
-74.10103712230921
-49.7342805378139
-70.1935396194458
-75.81083281338215
-84.21589913964272
-70.5509222149849
-87.76418881118298
-74.95849177241325
-85.06204438209534
-70.98464614152908
-83.04014348983765
-89.50310218334198
-100.58711051940918
-89.49878861010075
-102.54471203684807
-72.79242208600044
-84.37573575973511
-76.2550068795681
-75.33540770411491
-78.68071137368679
-95.12342458963394
-75.73826606571674
-101.3995817899704
-55.19244648143649
-67.91673058271408
-50.94652403332293
-64.57665228843689
-90.56857854127884
-93.03149378299713
-82.47883176803589
-87.50869679450989
-95.45207627117634
-91.7282989025116
-86.18847751617432
-98.0686246752739
-83.8459400087595
-86.5037088394165
-77.91977018117905
-91.30983631312847
-79.04037928581238
-96.38411602377892
-72.91260002553463
-87.611074924469
-71.26181614398956
-92.04533153772354
-70.05453896522522
-82.465600669384
-77.86344340443611
-86.67220041155815
-68.05801486968994
-73.14671944081783
-52.31301295454614
-80.89598727226257
-51.74348763935268
-73.48635046184063
-59.29967960715294
-84.14806735515594
-59.92359510064125
-84.21592855453491
-93.84767390601337
-96.10799400508404
-88.91684595681727
-89.12976906821132
-78.67018809914589
-96.81309131532907
-87.43764200806618
-96.12337048351765
-75.75955739617348
-85.11455699801445
-66.80409175157547
-77.66566154360771
-93.13750434666872
-98.10097014904022
-98.09144277870655
-100.42512665688992
-66.67253283411264
-84.96280089020729
-67.32386545836926
-89.12143458425999
-76.08561570942402
-83.72986423969269
-70.94497193396091
-79.4825250506401
-77.00509595870972
-86.74294543266296
-79.11387291550636
-81.73868942260742
-84.95399695634842
-94.17904733121395
-85.67304161190987
-86.74890279769897
-69.83106505870819
-74.26568722724915
-65.23173421621323
-69.40795332193375
-81.25717270374298
-95.05380573868752
-79.68953529000282
-100.72533708810806
-91.20358946919441
-105.4001795053482
-86.11670824885368
-104.32045030593872
-58.124736899510026
-73.98894095420837
-55.783260775730014
-73.37449276447296
-77.05996783077717
-93.74587821960449
-77.76798303425312
-85.2176463007927
-79.34842827916145
-93.44341579079628
-56.59828421473503
-80.94624185562134
-93.52663117647171
-110.28077487647533
-92.06099689006805
-104.38449004292488
-73.03004202246666
-81.39895355701447
-80.93301999568939
-92.293143928051
-65.8540586233139
-79.34910213947296
-75.8928735256195
-73.45223820209503
-80.02840474247932
-89.43973588943481
-76.3611162006855
-97.92039901018143
-65.98605473339558
-81.77357056736946
-67.44764718785882
-84.96025812625885
-71.53162550926208
-75.03620451688766
-79.03789496421814
-80.67146465182304
-80.71122527122498
-89.98328709602356
-73.07503390312195
-74.62298029661179
-79.3898406624794
-88.7249526977539
-71.99941563606262
-93.46602189540863
-62.829587042331696
-81.21315622329712
-72.20035570859909
-71.84897595643997
-84.03338292241096
-87.45490281283855
-72.22094442695379
-81.60515683889389
-67.83468914031982
-74.06392639875412
-65.89022117853165
-76.88374829292297
-73.33507543802261
-84.8716344833374
-62.13622844219208
-75.46586719155312
-66.5086857676506
-82.67183554172516
-67.17009951919317
-83.03982138633728
-63.58857533335686
-95.63098818063736
-68.75754675269127
-92.51448857784271
-73.8386900909245
-85.24874000251293
-76.52526683732867
-74.66403642296791
-75.69751596450806
-89.17937202751637
-80.44240010529757
-95.5990763604641
-65.9115282446146
-86.89406323432922
-61.076750472187996
-78.74984747171402
-80.76142925024033
-103.10855233669281
-78.4153703302145
-99.59715289622545
-94.96068076789379
-97.37821787595749
-81.15855602174997
-89.18083116412163
-70.57442259788513
-86.50725615024567
-71.41960486769676
-81.90855234861374
-66.90535354614258
-76.5728006362915
-58.727394461631775
-81.63243520259857
-79.99543642997742
-89.27641898393631
-89.49387419223785
-97.071020424366
-76.24072235822678
-76.32143917679787
-70.02317823842168
-87.25956158339977
-76.80981447547674
-92.41555920243263
-96.58732087910175
-93.21919786930084
-97.78615221381187
-102.0035281330347
-80.37649118900299
-87.07374727725983
-74.61593341827393
-76.11694660782814
-54.025528967380524
-75.3981166779995
-69.18667411804199
-80.54714284837246
-75.75207585096359
-80.47331476211548
-64.96402426064014
-82.85670232772827
-60.57581392116845
-70.02413231134415
-65.24059131368995
-76.35775405168533
-84.99108719825745
-89.41127586364746
-81.22922992706299
-89.78749692440033
-59.867611069232225
-71.52472159266472
-54.4403288140893
-81.71072638779879
-74.50525587797165
-83.93713974952698
-81.77106356620789
-92.27436113357544
-80.49772392306477
-97.89156169444323
-84.48308096313849
-95.6516284737736
-75.57746547460556
-92.76505745947361
-70.01034498214722
-86.86164212226868
-80.76876287162304
-80.38555452227592
-72.00660336017609
-78.28629094362259
-80.42969980835915
-102.92520713806152
-69.10760220885277
-100.19389575719833
-70.10216400027275
-85.06762659549713
-66.36933279037476
-91.40537714958191
-78.88068509101868
-89.3514187335968
-75.91480079293251
-94.18294495344162
-87.06180763244629
-94.44280847907066
-85.52857959270477
-91.52139437198639
-60.34528598189354
-73.93426650762558
-62.95829524099827
-72.45661239326
-65.46029827743769
-55.64259761571884
-62.72250986099243
-61.22784227132797
-66.36596049368382
-82.08584955334663
-68.61183011904359
-88.07658994197845
-84.54745110869408
-88.3769336938858
-78.66948965191841
-85.77846810221672
-56.323076114058495
-78.16519343852997
-50.882563292980194
-68.87448811531067
-82.26709568500519
-96.71497935056686
-74.95730045437813
-91.78918591141701
-82.4967657327652
-87.21364879608154
-91.13946944475174
-95.88816261291504
-82.26956364512444
-96.90147280693054
-67.69301351904869
-90.97973620891571
-70.67318159341812
-87.73711878061295
-71.41618284583092
-86.15251207351685
-93.97112953662872
-92.18713879585266
-84.65376776456833
-103.51134698092937
-85.29091426730156
-82.08090621232986
-77.78133854269981
-94.08527165651321
-80.9355101287365
-98.1726606041193
-86.08653742074966
-99.2707651257515
-68.73465118929744
-80.55862259864807
-72.66400301456451
-87.56424689292908
-64.80138519406319
-90.68370267748833
-66.61243921518326
-89.25942540168762
-68.37936925888062
-86.03019993007183
-58.216700337827206
-79.02427841722965
-64.87822538614273
-83.23606544733047
-72.48700973391533
-80.05660326778889
-70.89974656701088
-86.18588273227215
-77.13399559259415
-80.94595336914062
-69.03335610032082
-84.20936873555183
-71.67288966476917
-79.1737596988678
-68.18204712867737
-70.64535056054592
-77.25523337721825
-80.6744304895401
-73.58431254327297
-81.36517902836204
-67.8016526401043
-74.72904448211193
-86.75115513801575
-103.86915022134781
-83.501768887043
-92.25643944740295
-90.51751072704792
-100.71841418743134
-81.47052848339081
-94.63330864906311
-72.05856776237488
-98.03996548056602
-70.01937663555145
-94.02125677466393
-74.01829436421394
-89.09358882904053
-84.58956436812878
-98.1588898897171
-59.12108228355646
-74.63525012135506
-61.401274994015694
-82.83701467514038
-77.582449644804
-102.31536793708801
-76.97724285721779
-104.34674233198166
-65.97337946295738
-84.08170072734356
-60.831618279218674
-79.65118581056595
-78.42277187108994
-94.93540382385254
-70.00201761722565
-82.96701908111572
-53.05745066702366
-65.8661921620369
-53.967656418681145
-61.524965569376945
-73.66703116893768
-74.67653660476208
-65.2241101115942
-75.2844674102962
-81.36507697403431
-82.09715962409973
-74.72986122965813
-94.67305040359497
-56.38281071744859
-72.00266987085342
-49.21140092611313
-63.28563974797726
-72.43764090538025
-83.41569274663925
-72.12861755490303
-81.4265741109848
-75.69661584496498
-88.33237153291702
-80.30654007196426
-86.28668355941772
-51.705621894448996
-71.9716912060976
-54.89591203443706
-72.46375505626202
-72.43617019057274
-79.29155431687832
-74.80908554419875
-72.78415089845657
-78.10241916775703
-81.78173226118088
-81.3133465796709
-76.53050720691681
-69.88933375477791
-85.3643877953291
-72.41390209645033
-77.39012793451548
-74.57670152187347
-80.81394630670547
-77.99840754270554
-76.43847942352295
-83.8019742667675
-103.54059386253357
-80.01251842081547
-96.36270445585251
-79.40222066640854
-109.86745297908783
-78.25557889044285
-103.03161662817001
-60.82782240957022
-83.55575633049011
-63.7575813382864
-88.15609380602837
-83.60349264740944
-82.81897097826004
-69.58768439292908
-86.18161275982857
-66.5074814260006
-80.45347081124783
-72.75015130639076
-80.06217557191849
-71.97991362959146
-88.81244575977325
-68.79370863735676
-85.27562034130096
-91.46251374483109
-89.71316841244698
-89.09729373455048
-101.80813166499138
-80.69786114990711
-91.66333836317062
-65.5510248541832
-79.32441774010658
-69.82717573642731
-81.97423493862152
-72.40778431296349
-74.62495771050453
-73.4699255824089
-87.34405982494354
-65.68556925654411
-76.8141922056675
-70.77041852474213
-87.65664400160313
-70.65044295787811
-89.92409664392471
-86.72697761654854
-99.0067845582962
-74.54267439246178
-88.9577369093895
-87.25892609730363
-97.57041481137276
-80.84608623944223
-93.76889216899872
-65.21061179414392
-78.35797479748726
-68.69156446959823
-80.24808037281036
-70.58076199889183
-90.23999974131584
-74.3459521830082
-92.70149657130241
-71.52671340107918
-75.8383737206459
-69.9575914889574
-70.90377181768417
-83.71501720696688
-91.7003615051508
-85.62697392702103
-94.47857797145844
-73.60373740643263
-86.22897097468376
-75.4614452701062
-82.23709493875504
-78.97375118732452
-84.96523588895798
-80.72349901497364
-82.03821456432343
-65.33723077178001
-82.6823593378067
-64.59540885686874
-82.03577068448067
-65.57673591375351
-90.06735002994537
-67.28903901576996
-91.76994782686234
-88.31859505176544
-102.27573102712631
-82.27198278903961
-94.97680485248566
-90.44623184204102
-98.81555533409119
-89.34305036067963
-93.23840241134167
-80.01322665810585
-86.44973564147949
-67.03179480135441
-81.72493496537209
-66.76550263166428
-79.3578531742096
-66.96838115900755
-75.39845737814903
-66.500742636621
-79.39470386505127
-63.55988023802638
-80.80068439245224
-79.1503486186266
-96.47844564914703
-85.7659322321415
-105.52598285675049
-59.52562738209963
-76.74786143004894
-52.0587253337726
-71.18699739873409
-87.07204108685255
-88.59100317955017
-78.35644698888063
-86.89383733272552
-79.87064822018147
-91.53911504149437
-70.36243489384651
-86.30027121305466
-61.92561610043049
-75.7361730337143
-57.99703100323677
-72.86572593450546
-64.09906879067421
-80.80941563844681
-72.12291170656681
-72.09336644411087
-67.60284501314163
-78.50737163424492
-65.18683117628098
-71.23854386806488
-69.88710132241249
-85.13742303848267
-77.30810296535492
-86.73533391952515
-69.99691618233919
-89.73327088356018
-63.90438040345907
-89.3277975320816
-86.91284102201462
-89.44512709975243
-78.49931156635284
-83.21587762236595
-72.23090267181396
-86.54647952318192
-70.38938412070274
-86.24227012693882
-80.49961823225021
-96.23964560031891
-77.49659961462021
-88.99722635746002
-75.63792224228382
-80.69467321038246
-70.18658150732517
-79.64886882901192
-60.7053203843534
-92.76382148265839
-62.96674681454897
-89.57683658599854
-87.56376224756241
-96.80650761723518
-79.78069506585598
-88.33342123031616
-62.8982248455286
-75.25278687477112
-55.79174040257931
-71.21430540084839
-75.71471130847931
-76.33011543750763
-74.73208683729172
-77.76427036523819
-55.52247840166092
-73.98001670837402
-55.46010959148407
-66.48192286491394
-65.10127301886678
-78.97912240028381
-67.99399596452713
-88.61284971237183
-87.9041517265141
-97.508568957448
-67.13514632359147
-82.96307087689638
-81.65117781609297
-93.44172013550997
-71.40663814917207
-85.90022176504135
-82.92442279681563
-87.5600128248334
-84.55503677017987
-89.96637273952365
-73.84994789212942
-85.85080210119486
-88.55897045135498
-104.90989410877228
-83.75634467601776
-100.62195670604706
-83.02719922363758
-88.34098026156425
-94.82446921244264
-95.10610440373421
-72.2641903758049
-84.98716782033443
-78.79115936160088
-78.12182819843292
-75.37194126844406
-90.46491011977196
-70.31494098901749
-79.06855422258377
-79.54411804676056
-87.9932612478733
-78.19007876515388
-82.25610506534576
-93.75912815332413
-100.69622492790222
-87.86976832151413
-95.36116415262222
-69.42719306051731
-84.48089689016342
-75.04724818468094
-85.10617979243398
-80.16881430149078
-94.99778586626053
-89.74719512462616
-84.5100804567337
-63.76913096714998
-80.16744858026505
-60.77766494394746
-74.75485348701477
-86.13135943561792
-93.58603835105896
-79.31237786263227
-82.48030477762222
-76.98648864030838
-94.01296806335449
-77.49727647006512
-97.34469217061996
-86.08322970569134
-99.10750633478165
-79.81639850139618
-94.20240533351898
-77.04327195510268
-70.37841054052114
-71.4770497083664
-69.8113001845777
-85.52676068246365
-107.48529922962189
-80.5131211578846
-87.69014716148376
-54.83501969673671
-86.1185485124588
-49.69808126240969
-81.53921589255333
-82.35893023014069
-97.96596074104309
-80.52613788843155
-93.78847432136536
-64.4535282664001
-65.72793398797512
-61.778306379914284
-68.76564672589302
-71.76759696006775
-77.77781346440315
-74.29711849987507
-80.1582744717598
-73.24765133112669
-88.3614022731781
-73.81224028766155
-92.43668705224991
-75.24392695724964
-94.36551335453987
-68.79546943306923
-91.25721848011017
-94.42075604200363
-100.44911003112793
-91.77566266059875
-104.40956130623817
-94.75143349170685
-105.15149307250977
-88.39557194709778
-102.81479674577713
-97.76812775433064
-107.34162271022797
-94.4307199716568
-103.79152071475983
-77.06740863621235
-90.41899824142456
-77.44854299724102
-88.52551341056824
-76.94536346197128
-90.30424292385578
-71.2447170317173
-81.19443628191948
-73.10990752279758
-80.79748594015837
-67.40863324701786
-85.66961669921875
-85.65444082021713
-97.18604952096939