0.025070009753108025
0.024475520476698875
0.08719699829816818
0.07187580317258835
0.08385845273733139
0.09084867686033249
0.07111038267612457
0.0855318084359169
0.04212724044919014
0.06442665308713913
0.049093302339315414
0.07737378776073456
0.10004746168851852
0.07803300023078918
0.024623248726129532
0.02573062852025032
0.07249221205711365
0.08203192800283432
0.08322546631097794
0.07080773264169693
0.08837897330522537
0.0647125393152237
0.05285417661070824
0.04293626546859741
0.21936126053333282
0.056154657155275345
0.09446588158607483
0.25358709692955017
0.026816044002771378
0.024663327261805534
0.11110328882932663
0.09635382145643234
0.11285524815320969
0.08631066232919693
0.11687948554754257
0.0541776679456234
0.05427094176411629
0.026179933920502663
0.653424084186554
0.26936838030815125
0.06297086924314499
0.09982550889253616
0.040409188717603683
0.048585593700408936
0.15072119235992432
0.1467304676771164
0.1411801278591156
0.16446761786937714
0.17085552215576172
0.37958580255508423
0.05495697259902954
0.14775535464286804
0.6326478123664856
0.8293542861938477
0.09012399613857269
0.06686034053564072
0.006466533988714218
0.030313769355416298
0.010736873373389244
0.04568994790315628
0.014614460058510303
0.04906986281275749
0.013354593887925148
0.045649245381355286
0.008839944377541542
0.035086531192064285
0.019506681710481644
0.06606661528348923
0.01847691833972931
0.07455342262983322
0.056133221834897995
0.017066333442926407
0.07079768925905228
0.02844822406768799
0.07633507996797562
0.038177620619535446
0.08306518197059631
0.10956931114196777
0.06209317594766617
0.110417939722538
0.24747958779335022
0.12496647983789444
0.11446677893400192
0.1217515841126442
0.05904156714677811
0.0155781926587224
0.07590088248252869
0.04793478921055794
0.08075207471847534
0.03401978686451912
0.11433622986078262
0.0470614992082119
0.07282722741365433
0.03397604450583458
0.4940495193004608
0.20758600533008575
0.0731721818447113
0.04665311798453331
0.009893066249787807
0.05342791602015495
0.014871090650558472
0.07093127071857452
0.01748981885612011
0.06667239218950272
0.018712233752012253
0.06384941190481186
0.011099553667008877
0.04608253389596939
0.1141311451792717
0.2602454125881195
0.011027604341506958
0.039526280015707016
0.007647374179214239
0.007466583047062159
0.01417607069015503
0.017638642340898514
0.0128172030672431
0.01208070944994688
0.015077106654644012
0.015698812901973724
0.010084525682032108
0.009832545183598995
0.013082134537398815
0.013180938549339771
0.01606570929288864
0.01947113312780857
0.009443286806344986
0.01594124548137188
0.02388850413262844
0.031029531732201576
0.016689296811819077
0.03340606018900871
0.020024070516228676
0.05527908727526665
0.01415506936609745
0.05294613912701607
0.027320031076669693
0.06491700559854507
0.03773312643170357
0.09108122438192368
0.012592784129083157
0.00905368011444807
0.02652554214000702
0.018792808055877686
0.02417546510696411
0.020753851160407066
0.02925645373761654
0.018041426315903664
0.016606202349066734
0.012726075015962124
0.03746332228183746
0.041894808411598206
0.023826777935028076
0.03608139976859093
0.008507824502885342
0.012111857533454895
0.013865639455616474
0.025107577443122864
0.013249248266220093
0.01862623170018196
0.018532780930399895
0.021909205242991447
0.01022574957460165
0.013268500566482544
0.031731706112623215
0.023426229134202003
0.008346602320671082
0.011704345233738422
0.03620436415076256
0.06231045722961426
0.04663831368088722
0.1118638888001442
0.04535139724612236
0.13361500203609467
0.08083026856184006
0.11192508786916733
0.04716264083981514
0.10101534426212311
0.06813078373670578
0.08579879999160767
0.05319632217288017
0.1040741577744484
0.10465063154697418
0.05258584022521973
0.16510286927223206
0.07631825655698776
0.17169295251369476
0.06432315707206726
0.15719763934612274
0.13185428082942963
0.14542286098003387
0.08835148066282272
0.17313167452812195
0.14734965562820435
0.23102489113807678
0.14896443486213684
0.11830075085163116
0.043006330728530884
0.18529096245765686
0.06066525727510452
0.20892755687236786
0.06470998376607895
0.22257986664772034
0.16334949433803558
0.18391695618629456
0.08233063668012619
0.5417872667312622
0.7291459441184998
0.15714477002620697
0.07332712411880493
0.038972657173871994
0.09091060608625412
0.048724718391895294
0.14760974049568176
0.05447085574269295
0.18168365955352783
0.14357438683509827
0.1756298840045929
0.07884817570447922
0.15646851062774658
0.5240995287895203
0.3241807520389557
0.03226732462644577
0.08960171043872833
0.03412749990820885
0.06309095025062561
0.06722299009561539
0.144457146525383
0.06910178810358047
0.16066840291023254
0.056558262556791306
0.13316218554973602
0.039823729544878006
0.09412874281406403
0.041380416601896286
0.08181889355182648
0.07059355080127716
0.12217966467142105
0.08720175921916962
0.03601928427815437
0.15069812536239624
0.06849197298288345
0.1827269345521927
0.08173558861017227
0.15870876610279083
0.0917368158698082
0.12689092755317688
0.06894155591726303
0.14353634417057037
0.07263944298028946
0.20527362823486328
0.15677563846111298
0.08135067671537399
0.03086859919130802
0.13664071261882782
0.05407739803195
0.17018258571624756
0.07503204047679901
0.156478151679039
0.06541178375482559
0.11972957849502563
0.03807971626520157
0.1342669576406479
0.0651046559214592
0.15598371624946594
0.06899723410606384
0.04789552092552185
0.08501655608415604
0.07241203635931015
0.15758737921714783
0.07396906614303589
0.1644434779882431
0.06029466539621353
0.1354784220457077
0.036977630108594894
0.09445531666278839
0.041842974722385406
0.09366538375616074
0.069099061191082
0.10130822658538818
0.006667879410088062
0.017256712540984154
0.029126828536391258
0.0321987085044384
0.027275169268250465
0.03278510645031929
0.038871388882398605
0.04999468848109245
0.025830542668700218
0.041576217859983444
0.055910076946020126
0.029850294813513756
0.018842507153749466
0.030405694618821144
0.022824734449386597
0.02160518243908882
0.0412244014441967
0.04450510814785957
0.03746778890490532
0.046713296324014664
0.04098854959011078
0.06888827681541443
0.02647865191102028
0.05368911847472191
0.0496600978076458
0.18132849037647247
0.10493457317352295
0.13240496814250946
0.03267830237746239
0.00716386316344142
0.049666184931993484
0.01893293857574463
0.051286932080984116
0.01925053633749485
0.04682852327823639
0.03074548952281475
0.021358784288167953
0.017022617161273956
0.05463242530822754
0.2347816526889801
0.06331527978181839
0.053168680518865585
0.007809348404407501
0.027290115132927895
0.029846368357539177
0.05469962954521179
0.026745662093162537
0.05178211256861687
0.058160003274679184
0.044437844306230545
0.024233752861618996
0.03156936168670654
0.31148287653923035
0.13367430865764618
0.006535505410283804
0.017941385507583618
0.023318810388445854
0.016449851915240288
0.0888536348938942
0.034415099769830704
0.06254127621650696
0.038678813725709915
0.045186009258031845
0.028376013040542603
0.029200274497270584
0.02176380529999733
0.03418196365237236
0.022299950942397118
0.0473632775247097
0.0442490391433239
0.028250575065612793
0.047185804694890976
0.058549460023641586
0.11995675414800644
0.04896390438079834
0.07296016067266464
0.052522409707307816
0.06630348414182663
0.040877681225538254
0.052753712981939316
0.04242917522788048
0.05944041162729263
0.10058116167783737
0.1519518494606018
0.05196625739336014
0.05294090509414673
0.08550325036048889
0.11012774705886841
0.07780786603689194
0.07678598910570145
0.08189615607261658
0.05666447430849075
0.05439440533518791
0.03318323567509651
0.06283950805664062
0.0580204613506794
0.07047256082296371
0.07879861444234848
0.05066445469856262
0.04645689204335213
0.12079314142465591
0.0877053514122963
0.07994463294744492
0.07685676962137222
0.04765647277235985
0.050711799412965775
0.02785298228263855
0.037512704730033875
0.03857296332716942
0.04118175432085991
0.0276012122631073
0.024357883259654045
0.015732740983366966
0.06910927593708038
0.037827059626579285
0.1031765267252922
0.04087064787745476
0.08443978428840637
0.0892271026968956
0.07577093690633774
0.058820098638534546
0.06585366278886795
0.03617909923195839
0.0632137730717659
0.029675981029868126
0.13341425359249115
0.07984945178031921
0.02374584786593914
0.10940653085708618
0.05716937407851219
0.0951806977391243
0.05725667625665665
0.12066812813282013
0.1559641808271408
0.10584487020969391
0.12050638347864151
0.10356934368610382
0.08043599128723145
0.1791948676109314
0.09198489040136337
0.10893290489912033
0.013978371396660805
0.1425083428621292
0.054491978138685226
0.12126421183347702
0.04198684170842171
0.17113028466701508
0.07765698432922363
0.1500781774520874
0.04661303386092186
0.14077846705913544
0.04548821970820427
0.1398584097623825
0.031607095152139664
0.019531071186065674
0.08782949298620224
0.04530065134167671
0.12204752117395401
0.05370382219552994
0.09935493022203445
0.08123496919870377
0.10307653248310089
0.05175358057022095
0.08894901722669601
0.03535056859254837
0.08862491697072983
0.018445955589413643
0.1208837628364563
0.028856590390205383
0.014629471115767956
0.04424981400370598
0.04427153617143631
0.038221605122089386
0.02255995385348797
0.03453464061021805
0.017250269651412964
0.028104359284043312
0.015664754435420036
0.039271920919418335
0.04204297438263893
0.043268658220767975
0.03900225833058357
0.029807651415467262
0.07526323944330215
0.08694057166576385
0.08599648624658585
0.04450228437781334
0.07694323360919952
0.05174905061721802
0.11655539274215698
0.049271441996097565
0.11146476119756699
0.17857232689857483
0.13534153997898102
0.09685275703668594
0.1715879738330841
0.02930733561515808
0.07220759242773056
0.10090100765228271
0.10129082202911377
0.043975748121738434
0.07240568846464157
0.05822593718767166
0.10282987356185913
0.04544736444950104
0.0810861736536026
0.27532801032066345
0.2716059684753418
0.04783112555742264
0.0845845565199852
0.03527640923857689
0.019487112760543823
0.0545000396668911
0.054018497467041016
0.04781639203429222
0.030103838071227074
0.04929714277386665
0.023513831198215485
0.037516381591558456
0.018352463841438293
0.23379269242286682
0.32172128558158875
0.028420234099030495
0.0172442514449358
0.017680693417787552
0.03814020752906799
0.14500367641448975
0.1530025601387024
0.09754962474107742
0.10520843416452408
0.11571835726499557
0.15886710584163666
0.0938713476061821
0.11602115631103516
0.14377813041210175
0.10820619016885757
0.04944140836596489
0.10568972676992416
0.06138906627893448
0.049154143780469894
0.1897287219762802
0.2618478238582611
0.13985256850719452
0.1929933875799179
0.19839976727962494
0.2593914568424225
0.1579960435628891
0.238385871052742
0.1885991245508194
0.3297208845615387
0.1694725751876831
0.17948658764362335
0.08299744874238968
0.04151766002178192
0.23131871223449707
0.2322928011417389
0.1828983873128891
0.17878927290439606
0.23552536964416504
0.21593733131885529
0.18592454493045807
0.18997065722942352
0.3412292003631592
0.5554460883140564
0.12791948020458221
0.08436401188373566
0.025447098538279533
0.06483085453510284
0.16215549409389496
0.24455475807189941
0.10340205579996109
0.16127440333366394
0.1688883900642395
0.211739182472229
0.12576924264431
0.1720953732728958
0.46478137373924255
0.22287972271442413
0.03297783434391022
0.10371094197034836
0.006552013102918863
0.008614879101514816
0.04158049821853638
0.020240627229213715
0.034249305725097656
0.01663960888981819
0.026956573128700256
0.025427797809243202
0.01751854084432125
0.016993364319205284
0.036459583789110184
0.022052181884646416
0.04831494763493538
0.0585356168448925
0.009416688233613968
0.009709267877042294
0.021783698350191116
0.05024227499961853
0.017456425353884697
0.045302439481019974
0.019422532990574837
0.04474152997136116
0.014780250377953053
0.03486042097210884
0.07019282877445221
0.12297158688306808
0.07143526524305344
0.1166883334517479
0.011582683771848679
0.009277655743062496
0.025145752355456352
0.09629284590482712
0.02075015939772129
0.05165386199951172
0.024692829698324203
0.043975308537483215
0.017982974648475647
0.029277732595801353
0.040177322924137115
0.08095162361860275
0.02275794744491577
0.04867961257696152
0.010036986321210861
0.013362765312194824
0.045411691069602966
0.028639627620577812
0.04334945231676102
0.023920269683003426
0.037258077412843704
0.02338327467441559
0.02387554757297039
0.016644960269331932
0.11961537599563599
0.02609114721417427
0.02798508107662201
0.027667319402098656
0.013536274433135986
0.09874065965414047
0.028663335368037224
0.1428968906402588
0.024205416440963745
0.1124691367149353
0.040878649801015854
0.08363620191812515
0.024896016344428062
0.07253186404705048
0.03353898599743843
0.07975120842456818
0.021451013162732124
0.12702985107898712
0.20638397336006165
0.08114836364984512
0.20524445176124573
0.12963341176509857
0.1753542274236679
0.1390853375196457
0.15637792646884918
0.2317848652601242
0.13936522603034973
0.23003868758678436
0.17133158445358276
0.15544772148132324
0.2442515343427658
0.22428403794765472
0.246611550450325
0.06547447293996811
0.20257969200611115
0.1168024092912674
0.19566258788108826
0.09648153930902481
0.20273597538471222
0.1550159752368927
0.17123405635356903
0.12107069790363312
0.2062876969575882
0.12458683550357819
0.1572592407464981
0.08759262412786484
0.021221240982413292
0.16435280442237854
0.04779640957713127
0.20424742996692657
0.040159814059734344
0.17253464460372925
0.055874865502119064
0.1283610761165619
0.029227202758193016
0.11792585998773575
0.05784738063812256
0.12729544937610626
0.012493610382080078
0.0819317027926445
0.02379797399044037
0.04641866311430931
0.10165949910879135
0.07189130038022995
0.05831000208854675
0.052200496196746826
0.10771586000919342
0.08482293784618378
0.07981647551059723
0.06927871704101562
0.09074657410383224
0.07744043320417404
0.06753668189048767
0.053594477474689484
0.05246489867568016
0.040955930948257446
0.07188700884580612
0.11890193074941635
0.05433889105916023
0.07229448109865189
0.11029256880283356
0.17102740705013275
0.08436819911003113
0.14076541364192963
0.0999145358800888
0.12678343057632446
0.0933777466416359
0.15203061699867249
0.0867232084274292
0.04591633751988411
0.1298268884420395
0.12543393671512604
0.08542907983064651
0.07579229772090912
0.16363787651062012
0.14497940242290497
0.1259177178144455
0.12767194211483002
0.13635824620723724
0.137329563498497
0.061967380344867706
0.11288364231586456
0.03730902075767517
0.09210550040006638
0.13317690789699554
0.13402651250362396
0.0707269236445427
0.08545394241809845
0.106674924492836
0.16074758768081665
0.0885581523180008
0.13307303190231323
0.10693007707595825
0.1415412425994873
0.06276119500398636
0.03743073344230652
0.026900384575128555
0.06248720362782478
0.06709419190883636
0.12683050334453583
0.06509920209646225
0.1287578046321869
0.050397563725709915
0.08081835508346558
0.035967178642749786
0.060425084084272385
0.030900314450263977
0.06834787130355835
0.07276096194982529
0.1293177753686905
0.10932990163564682
0.04182017594575882
0.18385450541973114
0.10485422611236572
0.16444335877895355
0.0904054194688797
0.12830455601215363
0.1102936789393425
0.09538521617650986
0.0833728238940239
0.12802056968212128
0.07670246809720993
0.19023971259593964
0.1702924221754074
0.12508799135684967
0.046727534383535385
0.19200950860977173
0.10393430292606354
0.19094564020633698
0.09108271449804306
0.13606677949428558
0.07896215468645096
0.10076328366994858
0.05502420663833618
0.2183598130941391
0.10951519012451172
0.11827816069126129
0.07599034160375595
0.037306930869817734
0.09248540550470352
0.07480251044034958
0.15504072606563568
0.06586629152297974
0.1525532603263855
0.05095231533050537
0.09102243185043335
0.03619999811053276
0.07669568061828613
0.05286142975091934
0.11792959272861481
0.027438053861260414
0.08231257647275925
0.012804451398551464
0.0208804439753294
0.04212183132767677
0.08240585029125214
0.038090139627456665
0.07841521501541138
0.038808248937129974
0.07451780140399933
0.02545577846467495
0.05172799527645111
0.03961678221821785
0.06620265543460846
0.022053003311157227
0.04837747663259506
0.04341333732008934
0.04043114185333252
0.10926131159067154
0.08380484580993652
0.09537731856107712
0.06919796019792557
0.10529140383005142
0.17041972279548645
0.06587303429841995
0.13118848204612732
0.12256447225809097
0.11715658754110336
0.08774665743112564
0.11989669501781464
0.03740737587213516
0.027562269940972328
0.11004011332988739
0.07543867826461792
0.09981628507375717
0.05936329811811447
0.10911080241203308
0.09726530313491821
0.06992544233798981
0.059580665081739426
0.14272187650203705
0.10973634570837021
0.05382227525115013
0.05400731414556503
0.020087890326976776
0.03514477238059044
0.06458143144845963
0.11063476651906967
0.05403299257159233
0.1041102409362793
0.08672549575567245
0.10112082213163376
0.05784688517451286
0.07572133839130402
0.0877271294593811
0.11433671414852142
0.021348586305975914
0.03153318911790848
0.04069850221276283
0.12754438817501068
0.10332754999399185
0.24772611260414124
0.11034716665744781
0.22415132820606232
0.11053576320409775
0.13590757548809052
0.10027123987674713
0.08455248177051544
0.09156369417905807
0.1580251306295395
0.09428473562002182
0.22133074700832367
0.16492998600006104
0.061640024185180664
0.24778902530670166
0.13035407662391663
0.22663681209087372
0.13200490176677704
0.16016334295272827
0.16773343086242676
0.10668736696243286
0.16084228456020355
0.2550383508205414
0.1998705118894577
0.279620885848999
0.31154534220695496
0.17773614823818207
0.0560094490647316
0.24550561606884003
0.11695855110883713
0.2505802810192108
0.1145867109298706
0.20574823021888733
0.1571822464466095
0.13417989015579224
0.10061722993850708
0.6437908411026001
0.5802024006843567
0.20191721618175507
0.15436533093452454
0.039053697139024734
0.15178793668746948
0.0998103991150856
0.2604389488697052
0.10347380489110947
0.24821677803993225
0.3730956017971039
0.2132621854543686
0.148746058344841
0.13764922320842743
0.6484966278076172
0.5844096541404724
0.06715010851621628
0.12745961546897888
0.05066711828112602
0.056933075189590454
0.12531475722789764
0.12853959202766418
0.09171207249164581
0.1601674109697342
0.1632138341665268
0.12652015686035156
0.116096131503582
0.09050050377845764
0.2456735223531723
0.09029465168714523
0.11316006630659103
0.11402442306280136
0.19824056327342987
0.10983222723007202
0.2416466325521469
0.1904725879430771
0.27816280722618103
0.13871429860591888
0.28663429617881775
0.3121071755886078
0.22484000027179718
0.24319827556610107
0.4030315577983856
0.6854586601257324
0.24195638298988342
0.32642313838005066
0.13949231803417206
0.0577973797917366
0.2027057707309723
0.12840522825717926
0.21189939975738525
0.0900583490729332
0.19845424592494965
0.22548460960388184
0.13514703512191772
0.1052480936050415
0.5580521821975708
0.928553581237793
0.11806025356054306
0.10630977153778076
0.046940430998802185
0.09580887854099274
0.12681588530540466
0.18235385417938232
0.08219850808382034
0.18774262070655823
0.28839775919914246
0.15470685064792633
0.15984685719013214
0.12192770093679428
0.7965104579925537
0.4586133062839508
0.050675999373197556
0.09745517373085022
0.01208085473626852
0.0804017186164856
0.033300817012786865
0.1425860971212387
0.03535826876759529
0.15427903831005096
0.034347426146268845
0.13565833866596222
0.02452404797077179
0.10757135599851608
0.027296006679534912
0.11699073761701584
0.03861954063177109
0.13253948092460632
0.11309874057769775
0.02514118328690529
0.1471806764602661
0.06104378029704094
0.16277112066745758
0.07045149803161621
0.17494431138038635
0.08820058405399323
0.13651034235954285
0.08358217775821686
0.17409752309322357
0.08824611455202103
0.18842723965644836
0.13851283490657806
0.11811389029026031
0.02858913317322731
0.1352309286594391
0.05599352717399597
0.16089801490306854
0.06145356968045235
0.1832641363143921
0.06594892591238022
0.13384781777858734
0.04898520186543465
0.20660221576690674
0.08379290252923965
0.111487977206707
0.06149758771061897
0.01751984842121601
0.10143863409757614
0.03485234081745148
0.14807234704494476
0.0400424525141716
0.1600024551153183
0.04699689894914627
0.16208188235759735
0.03217235952615738
0.13489434123039246
0.062331702560186386
0.18230240046977997
0.021451300010085106
0.07618474960327148
0.031149709597229958
0.1074112206697464
0.05937131866812706
0.16547076404094696
0.04878903180360794
0.1439918428659439
0.04765716940164566
0.17338983714580536
0.03640821948647499
0.1596766859292984
0.036241330206394196
0.13917604088783264
0.028365081176161766
0.1667245477437973
0.15048861503601074
0.05391839146614075
0.19692115485668182
0.07656360417604446
0.18340089917182922
0.06829752027988434
0.19503693282604218
0.079436294734478
0.17681226134300232
0.062112271785736084
0.2009030133485794
0.0850040391087532
0.2573932707309723
0.11455949395895004
0.19658562541007996
0.06994803249835968
0.2377513200044632
0.09694148600101471
0.22670124471187592
0.09542477130889893
0.22537337243556976
0.08345522731542587
0.17940030992031097
0.049936693161726
0.2865251898765564
0.13910919427871704
0.1845816820859909
0.04924863204360008
0.05636928230524063
0.15216444432735443
0.08316152542829514
0.2125399112701416
0.07906236499547958
0.17688357830047607
0.06922504305839539
0.22118757665157318
0.04377630352973938
0.18830393254756927
0.10163934528827667
0.3012993037700653
0.015695899724960327
0.10924941301345825
0.014484423212707043
0.08115410804748535
0.03280545398592949
0.16119442880153656
0.03375859186053276
0.15760642290115356
0.0614783950150013
0.1224851980805397
0.036421723663806915
0.08739369362592697
0.039514705538749695
0.09288432449102402
0.033051442354917526
0.1550510972738266
0.16602389514446259
0.03938557207584381
0.20532675087451935
0.06568916141986847
0.1932070255279541
0.05633557587862015
0.21920442581176758
0.14221540093421936
0.17672614753246307
0.10893960297107697
0.19653497636318207
0.09224759787321091
0.27520689368247986
0.17608237266540527
0.24695681035518646
0.07027442008256912
0.23898155987262726
0.06953413039445877
0.20687325298786163
0.06308672577142715
0.22074662148952484
0.12802501022815704
0.17275600135326385
0.0667191818356514
0.20739276707172394
0.1615968495607376
0.18479157984256744
0.08052489906549454
0.031099263578653336
0.1396612823009491
0.04926840215921402
0.21326212584972382
0.047543443739414215
0.18757319450378418
0.11764947324991226
0.15858007967472076
0.05939503386616707
0.1174163818359375
0.2683040201663971
0.13058879971504211
0.023114396259188652
0.09767023473978043
0.009730665944516659
0.007796992547810078
0.05789756402373314
0.036289144307374954
0.038831599056720734
0.029363572597503662
0.05364898592233658
0.030656252056360245
0.03252343460917473
0.02174384519457817
0.0594966784119606
0.020171577110886574
0.050982117652893066
0.06590550392866135
0.026896804571151733
0.02170691266655922
0.1013571247458458
0.1080813929438591
0.09128808230161667
0.07137708365917206
0.08013159781694412
0.12375303357839584
0.056468743830919266
0.09275101125240326
0.08828041702508926
0.23809316754341125
0.13028566539287567
0.18368326127529144
0.028287461027503014
0.01366319041699171
0.09597243368625641
0.07196777313947678
0.07829445600509644
0.04603974148631096
0.08775582164525986
0.06803026050329208
0.05122853443026543
0.034736234694719315
0.13464896380901337
0.37985026836395264
0.05705959349870682
0.06670182198286057
0.012040549889206886
0.022183582186698914
0.06919726729393005
0.07844213396310806
0.04294649884104729
0.05523147061467171
0.06358877569437027
0.05906304344534874
0.030427003279328346
0.04165728762745857
0.48962631821632385
0.09962417185306549
0.023620955646038055
0.03750975802540779
0.03140267729759216
0.040722087025642395
0.09070122987031937
0.0826527401804924
0.08292403072118759
0.08723866939544678
0.06723862141370773
0.05267497897148132
0.055247366428375244
0.04625368118286133
0.07234460860490799
0.04822061210870743
0.03494572266936302
0.055755384266376495
0.08461906760931015
0.04357771947979927
0.14628568291664124
0.1068400889635086
0.135186567902565
0.10445403307676315
0.08643105626106262
0.11513791233301163
0.06895814090967178
0.09147011488676071
0.09347857534885406
0.14669673144817352
0.15405713021755219
0.12024278938770294
0.11023499816656113
0.050614990293979645
0.1640397161245346
0.10418259352445602
0.17292159795761108
0.0954141616821289
0.11087095737457275
0.09692084044218063
0.0742439329624176
0.0655534416437149
0.14644494652748108
0.19451101124286652
0.10356239229440689
0.05109988525509834
0.05744200944900513
0.0928424596786499
0.12539801001548767
0.15080702304840088
0.11953411251306534
0.15575319528579712
0.10180121660232544
0.07950884103775024
0.0566551573574543
0.06782550364732742
0.2705093324184418
0.240025594830513
0.019686603918671608
0.050529059022665024
0.028243718668818474
0.053193598985672
0.03560566157102585
0.08065122365951538
0.038624197244644165
0.11096477508544922
0.06957229226827621
0.08255743235349655
0.04984612017869949
0.07871706783771515
0.06638637185096741
0.06026079133152962
0.05282201990485191
0.08910955488681793
0.08758699148893356
0.047812700271606445
0.15931135416030884
0.08416237682104111
0.1699584424495697
0.08322560042142868
0.1591455191373825
0.18117700517177582
0.1585928201675415
0.13339479267597198
0.13000252842903137
0.1456722468137741
0.17718933522701263
0.14788436889648438
0.11369776725769043
0.04905986413359642
0.19652575254440308
0.08434751629829407
0.2044573277235031
0.08669155836105347
0.18661808967590332
0.16739551723003387
0.16334502398967743
0.10242866724729538
0.16017977893352509
0.20406709611415863
0.12067421525716782
0.07028871774673462
0.045055873692035675
0.10722815990447998
0.05174444988369942
0.1344304382801056
0.05479475483298302
0.16069935262203217
0.08274620771408081
0.1288798302412033
0.05725647881627083
0.12229184061288834
0.11271226406097412
0.10809256136417389
0.027732620015740395
0.08611903339624405
0.004373485222458839
0.018283136188983917
0.017733819782733917
0.06436493992805481
0.011800713837146759
0.053002845495939255
0.012521523050963879
0.0729026272892952
0.007898344658315182
0.0522463284432888
0.014328690245747566
0.04296296834945679
0.01009982917457819
0.04290258139371872
0.018731562420725822
0.00870832521468401
0.08298441022634506
0.020710505545139313
0.07044028490781784
0.012265239842236042
0.06717702746391296
0.03273892402648926
0.06221238523721695
0.029056990519165993
0.06167534738779068
0.03462835028767586
0.07674352824687958
0.1295394003391266
0.01944480836391449
0.007830135524272919
0.08325014263391495
0.01672731339931488
0.07365848124027252
0.015066477470099926
0.060204047709703445
0.01597941480576992
0.04533921182155609
0.008516867645084858
0.10209240019321442
0.0644119381904602
0.04160768538713455
0.02964446321129799
0.0073599363677203655
0.031256794929504395
0.021411767229437828
0.11264040321111679
0.015050685964524746
0.09255682677030563
0.01101172436028719
0.07910289615392685
0.006136892829090357
0.05902956798672676
0.15407885611057281
0.11090314388275146
0.008007127791643143
0.038780905306339264
0.046602651476860046
0.09012272208929062
0.07377411425113678
0.16832438111305237
0.060110241174697876
0.16861151158809662
0.12075555324554443
0.16786757111549377
0.069496288895607
0.14847134053707123
0.09609553962945938
0.14653220772743225
0.10827775299549103
0.16757214069366455
0.15929952263832092
0.06666918098926544
0.25993484258651733
0.11335301399230957
0.24800966680049896
0.09905882179737091
0.26628586649894714
0.22283069789409637
0.24193120002746582
0.15180671215057373
0.2866690456867218
0.19250337779521942
0.26538893580436707
0.16387541592121124
0.20695045590400696
0.06847689300775528
0.3155708909034729
0.10523109883069992
0.2985406816005707
0.10207803547382355
0.32394587993621826
0.20932351052761078
0.28271788358688354
0.1178092285990715
0.49605685472488403
0.4995148777961731
0.20605793595314026
0.08574617654085159
0.07024259865283966
0.1748618632555008
0.09447991102933884
0.24219146370887756
0.07987439632415771
0.23888909816741943
0.1487104743719101
0.24902693927288055
0.09145206958055496
0.2243255376815796
0.3072255253791809
0.3174916207790375
0.07082165777683258
0.15973715484142303
0.015420416370034218
0.07602501660585403
0.050000160932540894
0.11522720009088516
0.035786185413599014
0.1117696762084961
0.049088623374700546
0.08905697613954544
0.027107147499918938
0.05635547637939453
0.03349153697490692
0.07412127405405045
0.039357226341962814
0.08815950155258179
0.16221536695957184
0.041137199848890305
0.1551457941532135
0.0773974061012268
0.15137887001037598
0.05435026437044144
0.18336664140224457
0.15155282616615295
0.13148020207881927
0.12245781719684601
0.2028796672821045
0.1439109593629837
0.20377083122730255
0.2691097855567932
0.14255796372890472
0.043418433517217636
0.1569661796092987
0.07849197834730148
0.15546660125255585
0.07037683576345444
0.16855566203594208
0.09933722019195557
0.09516914188861847
0.04837670549750328
0.28403469920158386
0.3041815459728241
0.07990008592605591
0.10433214157819748
0.027363454923033714
0.08414828032255173
0.06463833898305893
0.1292908638715744
0.05232095718383789
0.11789385229349136
0.08432664722204208
0.11475100368261337
0.03706865385174751
0.06212809309363365
0.32429274916648865
0.1991359144449234
0.015055052004754543
0.03345491364598274
0.23895494639873505
0.008219628594815731
0.0074687073938548565
0.010868459939956665
0.009221930056810379
0.014978098683059216
0.009037594310939312
0.012231743894517422
0.005797217134386301
0.008563757874071598
0.011536799371242523
0.01674426719546318
0.010886121541261673
0.010947378352284431
0.023417433723807335
0.21190610527992249
0.03076302818953991
0.04808672517538071
0.028792409226298332
0.032560016959905624
0.03131870552897453
0.06755756586790085
0.020453188568353653
0.08948983252048492
0.13684909045696259
0.08799565583467484
0.03187184780836105
0.10372423380613327
0.031997762620449066
0.27282172441482544
0.03708894923329353
0.08898641914129257
0.03423444926738739
0.02840861678123474
0.03440919518470764
0.053191374987363815
0.024908889085054398
0.07309875637292862
0.23954308032989502
0.1073702946305275
0.022184360772371292
0.04156140238046646
0.02211540751159191
0.01591239869594574
0.009701395407319069
0.021758487448096275
0.010954784229397774
0.027605384588241577
0.013955920934677124
0.03136098012328148
0.008366632275283337
0.016576344147324562
0.023029662668704987
0.18843388557434082
0.008288577198982239
0.009995197877287865
0.021618416532874107
0.035931140184402466
0.054232269525527954
0.06513535976409912
0.03920270875096321
0.05820928141474724
0.07744688540697098
0.08801466226577759
0.04441618546843529
0.0596342571079731
0.054933514446020126
0.05720920115709305
0.03482302650809288
0.06280630826950073
0.08554308861494064
0.04881400614976883
0.0728892907500267
0.09595974534749985
0.07866539806127548
0.0896793007850647
0.12655164301395416
0.18200457096099854
0.08868380635976791
0.15840232372283936
0.09455624967813492
0.12298820167779922
0.12881673872470856
0.18347103893756866
0.07432877272367477
0.029155844822525978
0.06354377418756485
0.08265255391597748
0.0699969157576561
0.07395827025175095
0.12643037736415863
0.08510342985391617
0.08323020488023758
0.054595090448856354
0.07978897541761398
0.06469439715147018
0.05220741778612137
0.049149658530950546
0.022561194375157356
0.06667641550302505
0.051106732338666916
0.09276582300662994
0.043201833963394165
0.08034878969192505
0.0657198503613472
0.10674700886011124
0.03380502387881279
0.07603900879621506
0.04362892732024193
0.07129951566457748
0.020186476409435272
0.034037034958601
0.026747828349471092
0.06823703646659851
0.12852339446544647
0.16273538768291473
0.09286454319953918
0.15268629789352417
0.12549781799316406
0.12145000696182251
0.07544126361608505
0.0779682919383049
0.07769393920898438
0.07599964737892151
0.06501761823892593
0.15556243062019348
0.11276640743017197
0.0384335033595562
0.19572851061820984
0.13429345190525055
0.1775529384613037
0.08752618730068207
0.16090384125709534
0.15560591220855713
0.1132732555270195
0.10758841037750244
0.14414523541927338
0.13425080478191376
0.23411984741687775
0.16065827012062073
0.15875685214996338
0.033667802810668945
0.24983219802379608
0.12426786869764328
0.23332512378692627
0.07901771366596222
0.19765132665634155
0.16113005578517914
0.12816689908504486
0.09808807820081711
0.15062284469604492
0.17355357110500336
0.1718669980764389
0.07547745108604431
0.03232768923044205
0.12930767238140106
0.14303287863731384
0.24281644821166992
0.1042850986123085
0.22068236768245697
0.1476600170135498
0.16129516065120697
0.09058123081922531
0.10986113548278809
0.19194255769252777
0.11924769729375839
0.04516139626502991
0.11464550346136093
0.008825919590890408
0.005651405546814203
0.051533736288547516
0.026906615123152733
0.0328509584069252
0.023839673027396202
0.029738998040556908
0.015953177586197853
0.01811762899160385
0.012120652012526989
0.04380515590310097
0.01354681421071291
0.03072858229279518
0.03972327709197998
0.014225962571799755
0.02598722279071808
0.061390288174152374
0.1279343217611313
0.062124013900756836
0.07742200791835785
0.03859524801373482
0.11104029417037964
0.02631230466067791
0.08822325617074966
0.07317451387643814
0.20289874076843262
0.09994032979011536
0.20981979370117188
0.015721112489700317
0.014672000892460346
0.07115568220615387
0.1290358304977417
0.0575830303132534
0.043404050171375275
0.04087883606553078
0.0691458061337471
0.02042619325220585
0.04157158359885216
0.07506368309259415
0.21597543358802795
0.027575409039855003
0.057827021926641464
0.011983832344412804
0.014135218225419521
0.06305112689733505
0.06910263746976852
0.037758719176054
0.05542217567563057
0.046156760305166245
0.046706315129995346
0.022077757865190506
0.03173627704381943
0.31953173875808716
0.05333099886775017
0.01924525760114193
0.019400058314204216
0.012462514452636242
0.1371234953403473
0.051590777933597565
0.22788570821285248
0.03632697835564613
0.20077574253082275
0.05210777744650841
0.18014512956142426
0.03368049114942551
0.1392938792705536
0.04263715073466301
0.17275187373161316
0.08199556171894073
0.2459631711244583
0.21521560847759247
0.03315252810716629
0.2479112446308136
0.09477385133504868
0.2134639471769333
0.07876718044281006
0.2536260187625885
0.11950284242630005
0.2085653841495514
0.08482208847999573
0.28724953532218933
0.10759369283914566
0.32404428720474243
0.21190929412841797
0.23914049565792084
0.03171589598059654
0.23066933453083038
0.08951002359390259
0.21602408587932587
0.0645582526922226
0.30913063883781433
0.11077436059713364
0.24912193417549133
0.0731811448931694
0.40821680426597595
0.14679697155952454
0.20813019573688507
0.09637492150068283
0.01654660515487194
0.19817201793193817
0.05005064606666565
0.2647080421447754
0.039100732654333115
0.23168151080608368
0.06556771695613861
0.2643822729587555
0.04539676383137703
0.22250202298164368
0.10102786868810654
0.3775095045566559
0.04330246150493622
0.15217338502407074
0.01472938060760498
0.05670067295432091
0.03939645737409592
0.10831295698881149
0.027312589809298515
0.09320825338363647
0.03898143768310547
0.09705792367458344
0.028212247416377068
0.08222698420286179
0.03304658457636833
0.09234070032835007
0.03023885190486908
0.1639670431613922
0.0850076675415039
0.04061122611165047
0.164302259683609
0.08552148193120956
0.13215599954128265
0.06160261854529381
0.15669383108615875
0.13445892930030823
0.1307133287191391
0.12407546490430832
0.19010677933692932
0.12006986141204834
0.27321797609329224
0.21869193017482758
0.08994144946336746
0.030950305983424187
0.17437569797039032
0.12193808704614639
0.14634603261947632
0.06995522230863571
0.18207667768001556
0.10475809872150421
0.1340629607439041
0.07421153783798218
0.33529192209243774
0.22438351809978485
0.18680521845817566
0.09022818505764008
0.023555045947432518
0.08423232287168503
0.04820135608315468
0.14026983082294464
0.0342247448861599
0.11379623413085938
0.057564686983823776
0.15580758452415466
0.0366344228386879
0.1227407231926918
0.09613808244466782
0.2635709345340729
0.016899727284908295
0.11305481195449829
0.04504043981432915
0.13714466989040375
0.13563808798789978
0.26434069871902466
0.11577694863080978
0.20836877822875977
0.09297572076320648
0.12996451556682587
0.059442825615406036
0.08518357574939728
0.0748659297823906
0.1126248836517334
0.06054028868675232
0.12594525516033173
0.18622471392154694
0.07401721924543381
0.27810609340667725
0.19633780419826508
0.24082456529140472
0.17165715992450714
0.17400705814361572
0.15668831765651703
0.1202615424990654
0.1053999587893486
0.16703645884990692
0.13765107095241547
0.21845315396785736
0.20283956825733185
0.25858524441719055
0.08179254084825516
0.32884401082992554
0.20248980820178986
0.30219119787216187
0.1926875114440918
0.22333727777004242
0.13703306019306183
0.15286144614219666
0.06916878372430801
0.4317927062511444
0.40300509333610535
0.19501641392707825
0.12897084653377533
0.08319862931966782
0.2098146677017212
0.19557496905326843
0.3140558898448944
0.1886473000049591
0.2770032584667206
0.16264858841896057
0.15843556821346283
0.07332181185483932
0.10318179428577423
0.35276880860328674
0.23849239945411682
0.04469241201877594
0.09000252187252045
0.011712185107171535
0.019935233518481255
0.01728702522814274
0.035215672105550766
0.015523770824074745
0.027384687215089798
0.026511911302804947
0.029409540817141533
0.021736234426498413
0.023447003215551376
0.014135700650513172
0.02821296453475952
0.02330472320318222
0.07862187922000885
0.0329505018889904
0.020075106993317604
0.05871694162487984
0.03854728862643242
0.04328806325793266
0.0317968912422657
0.05444852262735367
0.10075610131025314
0.04327097162604332
0.0974157527089119
0.07593195885419846
0.052694160491228104
0.10854077339172363
0.0817112848162651
0.047769930213689804
0.023883569985628128
0.0718502625823021
0.05654516443610191
0.053744375705718994
0.02939988486468792
0.06855016201734543
0.04733094573020935
0.05585723742842674
0.03444034978747368
0.14819161593914032
0.04757997393608093
0.06777433305978775
0.036423470824956894
0.016528625041246414
0.03312629461288452
0.02020312286913395
0.04749869927763939
0.017398066818714142
0.034409087151288986
0.014491978101432323
0.036009274423122406
0.012795740738511086
0.03280778229236603
0.016501866281032562
0.04726358875632286
0.01682414300739765
0.044858455657958984
0.011033143848180771
0.012254084460437298
0.05910152941942215
0.048385124653577805
0.026749387383461
0.04586118087172508
0.03810131549835205
0.031784262508153915
0.02438311092555523
0.03726622089743614
0.032929927110672
0.02460549585521221
0.05315535143017769
0.0745135098695755
0.027296394109725952
0.02596961334347725
0.08651335537433624
0.0842769518494606
0.08806415647268295
0.03541172668337822
0.052169378846883774
0.07759188115596771
0.05458192154765129
0.0525483600795269
0.05110369995236397
0.09605517238378525
0.14961640536785126
0.14769814908504486
0.0417666994035244
0.016206378117203712
0.10829164832830429
0.052929844707250595
0.10955432802438736
0.027597403153777122
0.0586470328271389
0.038788944482803345
0.04437236860394478
0.01961444690823555
0.07951635867357254
0.24187515676021576
0.08923757821321487
0.03992909938097
0.014953083358705044
0.03320362791419029
0.06907826662063599
0.11382987350225449
0.02927808277308941
0.08814267069101334
0.04150836169719696
0.059406962245702744
0.02198362909257412
0.05116301774978638
0.2684439420700073
0.05759761482477188
0.021215016022324562
0.051095038652420044
0.02724677324295044
0.06100008636713028
0.05437793955206871
0.12117745727300644
0.049325842410326004
0.13863930106163025
0.08513522893190384
0.11391792446374893
0.04825354740023613
0.10298647731542587
0.07787907123565674
0.09965938329696655
0.06118875741958618
0.12470664083957672
0.09171970188617706
0.032883428037166595
0.18683432042598724
0.08669202029705048
0.1756586730480194
0.07667683809995651
0.17834670841693878
0.14493131637573242
0.16485266387462616
0.09116283804178238
0.20151503384113312
0.16346375644207
0.2096237689256668
0.10889730602502823
0.11718286573886871
0.03421671688556671
0.2148042470216751
0.07921748608350754
0.19100238382816315
0.07134557515382767
0.22449150681495667
0.18141338229179382
0.18575553596019745
0.09004572033882141
0.3878301680088043
0.5925366282463074
0.14975880086421967
0.0569012276828289
0.04205825552344322
0.1178915873169899
0.07503604143857956
0.1791912466287613
0.06778915971517563
0.1857711523771286
0.12241605669260025
0.15588532388210297
0.0712803527712822
0.1364397555589676
0.36661240458488464
0.21471276879310608
0.03697226196527481
0.1036980077624321
0.01461007446050644
0.17331460118293762
0.048326604068279266
0.29574739933013916
0.044465940445661545
0.2658126652240753
0.06784840673208237
0.3605808913707733
0.04169798642396927
0.27764415740966797
0.038910817354917526
0.22235460579395294
0.043846502900123596
0.24682481586933136
0.22232122719287872
0.034134943038225174
0.3458077311515808
0.09554798156023026
0.305999755859375
0.07499494403600693
0.4047028720378876
0.150191530585289
0.3113890290260315
0.08967336267232895
0.3219468593597412
0.0933564230799675
0.3270181119441986
0.1761498749256134
0.2887722849845886
0.030976427718997
0.3775947690010071
0.05384371802210808
0.3395971357822418
0.04703269898891449
0.4086333215236664
0.0854383036494255
0.2995203733444214
0.045008983463048935
0.46950826048851013
0.12646795809268951
0.23935566842556
0.05908937379717827
0.022066190838813782
0.24944506585597992
0.04431847110390663
0.3204023540019989
0.03841611370444298
0.2797469198703766
0.06160383298993111
0.33906230330467224
0.037695128470659256
0.2577682435512543
0.07918916642665863
0.36867639422416687
0.02248876728117466
0.17892001569271088
0.028251424431800842
0.0922640934586525
0.1004529595375061
0.09446095675230026
0.06331708282232285
0.08255849033594131
0.10523257404565811
0.09513247013092041
0.08148857206106186
0.08199307322502136
0.08672229200601578
0.10210301727056503
0.0854446291923523
0.12064535915851593
0.1298101395368576
0.06142326816916466
0.11321860551834106
0.1347622275352478
0.09977861493825912
0.08824362605810165
0.14179503917694092
0.1906566172838211
0.1403161734342575
0.17396500706672668
0.15964442491531372
0.15837618708610535
0.13379573822021484
0.19310691952705383
0.16955403983592987
0.06902863830327988
0.1604914516210556
0.161718487739563
0.13920196890830994
0.09050661325454712
0.18687263131141663
0.1778041422367096
0.1822514683008194
0.1500900536775589
0.1862274408340454
0.16234944760799408
0.09669925272464752
0.155464768409729
0.04993734881281853
0.15145067870616913
0.12978532910346985
0.14631518721580505
0.08409130573272705
0.1163027212023735
0.125631183385849
0.15226010978221893
0.09930445998907089
0.1350412517786026
0.11764489859342575
0.14166927337646484
0.07927127182483673
0.05565406754612923
0.012651885859668255
0.05562195926904678
0.036801185458898544
0.12291338294744492
0.031295426189899445
0.11355400085449219
0.032292094081640244
0.12475230544805527
0.021017104387283325
0.09378316253423691
0.030159151181578636
0.08578501641750336
0.022289058193564415
0.0794752687215805
0.09456982463598251
0.04103483259677887
0.15453068912029266
0.0868721529841423
0.15734229981899261
0.07003983110189438
0.18149930238723755
0.08138108253479004
0.14449384808540344
0.0831574872136116
0.17114733159542084
0.09986227750778198
0.16744928061962128
0.1079280897974968
0.11218494176864624
0.04461424797773361
0.16403841972351074
0.07637857645750046
0.17467264831066132
0.06741051375865936
0.1887255758047104
0.07213236391544342
0.13633276522159576
0.054832227528095245
0.3018820881843567
0.22011923789978027
0.10609935969114304
0.05853025242686272
0.02017804980278015
0.07897982001304626
0.044722821563482285
0.14943836629390717
0.039460327476263046
0.13008038699626923
0.039801258593797684
0.14905919134616852
0.02326769195497036
0.11409882456064224
0.1184273511171341
0.17755095660686493
0.01616409234702587
0.05097964033484459
0.015031385235488415
0.06192180514335632
0.03023899532854557
0.10732799768447876
0.03165128827095032
0.09294430911540985
0.028771130368113518
0.08394258469343185
0.021360790356993675
0.07349764555692673
0.027233052998781204
0.07765930145978928
0.026562495157122612
0.09999730437994003
0.08693341910839081
0.032000649720430374
0.12029530107975006
0.07771094888448715
0.1131661906838417
0.08619116991758347
0.13337180018424988
0.069404236972332
0.11104211956262589
0.0656244084239006
0.14799027144908905
0.07261370867490768
0.16162018477916718
0.09596540778875351
0.09441863745450974
0.030856234952807426
0.11783719062805176
0.06345127522945404
0.11081989854574203
0.07599066942930222
0.15917450189590454
0.05079194903373718
0.13114634156227112
0.035797324031591415
0.2337627410888672
0.11705779284238815
0.09248975664377213
0.04966796562075615
0.01723521575331688
0.08737912029027939
0.036053650081157684
0.13183625042438507
0.04351888969540596
0.10769020766019821
0.04335790500044823
0.13387221097946167
0.03080139495432377
0.12493109703063965
0.07496803998947144
0.1572120040655136
0.02288242243230343
0.07561254501342773
0.03799833357334137
0.14383119344711304
0.0748334750533104
0.26829180121421814
0.08532891422510147
0.28309497237205505
0.06414855271577835
0.19933830201625824
0.05670810863375664
0.16457442939281464
0.050323229283094406
0.19937078654766083
0.06356408447027206
0.18438799679279327
0.22036123275756836
0.07211434096097946
0.31985723972320557
0.12690280377864838
0.29011106491088867
0.12652109563350677
0.2586112916469574
0.11939447373151779
0.22600772976875305
0.10371451824903488
0.26795825362205505
0.09286841005086899
0.28226885199546814
0.19126132130622864
0.2503947913646698
0.08005239069461823
0.35377752780914307
0.150270015001297
0.33433231711387634
0.1481923907995224
0.2604251801967621
0.12920621037483215
0.1876780241727829
0.09671113640069962
0.2527529299259186
0.10495670139789581
0.22453168034553528
0.1432678997516632
0.06436480581760406
0.1856330782175064
0.12192769348621368
0.31656649708747864
0.1283588409423828
0.33470210433006287
0.09310024231672287
0.21929247677326202
0.07651200145483017
0.1680995672941208
0.07775837182998657
0.20707209408283234
0.0622357539832592
0.13034673035144806
0.027820898219943047
0.032438404858112335
0.050977110862731934
0.0954996645450592
0.036967359483242035
0.07546179741621017
0.03425084054470062
0.0573083758354187
0.01995115354657173
0.03745932877063751
0.029070038348436356
0.04269276186823845
0.031278662383556366
0.0662938728928566
0.04421040043234825
0.03483504429459572
0.12441561371088028
0.0551568940281868
0.08314318209886551
0.034840233623981476
0.07564785331487656
0.07265887409448624
0.04872693493962288
0.06340181082487106
0.09022001177072525
0.07491763681173325
0.09540212899446487
0.13587616384029388
0.05531806871294975
0.029933858662843704
0.1534431427717209
0.05734250694513321
0.11099734157323837
0.04677922651171684
0.07884446531534195
0.05080965906381607
0.047872040420770645
0.030413290485739708
0.19057655334472656
0.12592320144176483
0.051102954894304276
0.04757732152938843
0.025588274002075195
0.041996877640485764
0.05756184086203575
0.12913878262043
0.04752345755696297
0.09626062214374542
0.028933627530932426
0.06255029886960983
0.014972115866839886
0.04151136800646782
0.07740768045186996
0.1454826295375824
0.015547448769211769
0.028951412066817284
0.013156168162822723
0.06595654785633087
0.032427456229925156
0.10071026533842087
0.03381255269050598
0.11751077324151993
0.0328240767121315
0.0934489518404007
0.022978173568844795
0.07668154686689377
0.026893941685557365
0.08550260215997696
0.03379039093852043
0.13963912427425385
0.10181926935911179
0.029042541980743408
0.12919007241725922
0.06322690844535828
0.15593074262142181
0.06397739052772522
0.14730794727802277
0.08365128189325333
0.11993163079023361
0.07894174754619598
0.16625894606113434
0.1025603786110878
0.24062597751617432
0.19639085233211517
0.09144920855760574
0.033785562962293625
0.10988727957010269
0.05644434317946434
0.1437823623418808
0.06610579788684845
0.12816636264324188
0.05795877054333687
0.098201222717762
0.038305141031742096
0.17336390912532806
0.10823013633489609
0.13043445348739624
0.06718935072422028
0.024172468110919
0.09176845848560333
0.04008175805211067
0.11965371668338776
0.04498801380395889
0.1360376924276352
0.05010853335261345
0.10874658823013306
0.03590622916817665
0.09689392149448395
0.052500754594802856
0.1110430508852005
0.027275631204247475
0.08600340038537979
0.011531101539731026
0.034233685582876205
0.04469619318842888
0.11119282245635986
0.03879096731543541
0.09766445308923721
0.06735000014305115
0.08745888620615005
0.04655386880040169
0.054555851966142654
0.03984924778342247
0.0644574984908104
0.04367002844810486
0.11539187282323837
0.059469349682331085
0.020035719498991966
0.15554682910442352
0.06173582747578621
0.12258335202932358
0.045749481767416
0.15114271640777588
0.13706783950328827
0.10576740652322769
0.10963398218154907
0.1376718133687973
0.09380745887756348
0.17867179214954376
0.18184880912303925
0.06480729579925537
0.01939057745039463
0.1850537359714508
0.060246992856264114
0.15107004344463348
0.04361142963171005
0.15985563397407532
0.08757960051298141
0.11239280551671982
0.062256790697574615
0.14332599937915802
0.11403548717498779
0.11960200220346451
0.07114226371049881
0.015109163708984852
0.05753634497523308
0.047477785497903824
0.17045865952968597
0.04396709427237511
0.13557083904743195
0.06585008651018143
0.11527049541473389
0.043992649763822556
0.0777658000588417
0.054957665503025055
0.0929538831114769
0.019984424114227295
0.07507641613483429
0.031181523576378822
0.03515050187706947
0.06683718413114548
0.05170440673828125
0.05808612331748009
0.050459124147892
0.06646996736526489
0.04094358906149864
0.04479243978857994
0.03265821933746338
0.06451591104269028
0.056042950600385666
0.059228330850601196
0.0573834665119648
0.0584188811480999
0.04863552004098892
0.06701671332120895
0.07836370915174484
0.06364654749631882
0.07702888548374176
0.05393056944012642
0.14037643373012543
0.041527099907398224
0.15251566469669342
0.10080993175506592
0.1547546684741974
0.1517740786075592
0.2644515633583069
0.06031983718276024
0.040379349142313004
0.06468047946691513
0.06653696298599243
0.07048138231039047
0.08190608024597168
0.06193897873163223
0.08568482100963593
0.04019434377551079
0.0700237900018692
0.31180617213249207
0.38031983375549316
0.07514580339193344
0.09034323692321777
0.03929357975721359
0.03893193602561951
0.06732693314552307
0.057382870465517044
0.0739125981926918
0.05692734196782112
0.12220537662506104
0.047538429498672485
0.04804133623838425
0.027508020401000977
0.4787196218967438
0.3143675923347473
0.03311716020107269
0.03140086308121681
0.011917774565517902
0.08355052024126053
0.05165567621588707
0.10852258652448654
0.030956244096159935
0.12023242563009262
0.06444376707077026
0.1769936978816986
0.047781798988580704
0.14113745093345642
0.07510297745466232
0.16210226714611053
0.042168084532022476
0.16922108829021454
0.11594285070896149
0.030994046479463577
0.14731952548027039
0.09221071004867554
0.1547892838716507
0.06025140359997749
0.2594946026802063
0.17917203903198242
0.21205194294452667
0.15637363493442535
0.30027100443840027
0.1988963633775711
0.29158151149749756
0.2107292264699936
0.10909189283847809
0.03356531262397766
0.14021940529346466
0.07824844866991043
0.15607963502407074
0.05479736253619194
0.30113670229911804
0.17697063088417053
0.22556450963020325
0.12002066522836685
0.6609341502189636
0.29522091150283813
0.18629103899002075
0.09241121262311935
0.01668473146855831
0.10821505635976791
0.04912775009870529
0.1430281102657318
0.030326658859848976
0.14818798005580902
0.13816118240356445
0.3314470052719116
0.08308235555887222
0.2504185736179352
0.4090549051761627
0.6803082823753357
0.010016249492764473
0.09452670067548752
0.028187870979309082
0.03591563180088997
0.0283614844083786
0.06741350889205933
0.03699146583676338
0.07880688458681107
0.029688788577914238
0.07649119943380356
0.02865399420261383
0.06696543097496033
0.025632411241531372
0.05660897120833397
0.04112325236201286
0.07212211936712265
0.046335238963365555
0.02336691878736019
0.07275383919477463
0.032235413789749146
0.08154424279928207
0.035203974694013596
0.08284250646829605
0.05296924337744713
0.07235538959503174
0.06034719944000244
0.10094918310642242
0.05551169440150261
0.12958155572414398
0.14414601027965546
0.046771254390478134
0.018134916201233864
0.07234601676464081
0.0269192885607481
0.08710583299398422
0.030366582795977592
0.08675789088010788
0.03470615670084953
0.06751518696546555
0.02500765025615692
0.12728683650493622
0.09717125445604324
0.08096227049827576
0.04043639823794365
0.01774698495864868
0.03695318475365639
0.02505853772163391
0.07850249856710434
0.028986621648073196
0.08256791532039642
0.029534196481108665
0.07291831821203232
0.02586277201771736
0.05611681938171387
0.04145578294992447
0.09113369137048721
0.019386781379580498
0.04189218953251839
0.014226573519408703
0.04607532545924187
0.04556092247366905
0.055456019937992096
0.04128523916006088
0.055696845054626465
0.07538728415966034
0.12028675526380539
0.04800567775964737
0.098192498087883
0.1297340840101242
0.08411099016666412
0.024808231741189957
0.040790099650621414
0.04604679346084595
0.0211405660957098
0.055877454578876495
0.046951960772275925
0.04753202199935913
0.04496323689818382
0.09445681422948837
0.08784785121679306
0.06781857460737228
0.06096283346414566
0.12157491594552994
0.29858896136283875
0.09352900087833405
0.08944763243198395
0.03294406458735466
0.014044202864170074
0.04420974478125572
0.030099360272288322
0.039790235459804535
0.028936171904206276
0.0778064876794815
0.0647767037153244
0.047355182468891144
0.035730522125959396
0.14048008620738983
0.37795576453208923
0.04302904009819031
0.03302711620926857
0.01457078754901886
0.03318961337208748
0.04252801463007927
0.050716616213321686
0.03777698054909706
0.04335271939635277
0.13844715058803558
0.0783560499548912
0.06918958574533463
0.05580178648233414
0.5347114205360413
0.2848403751850128
0.011172592639923096
0.03030913881957531
0.07429643720388412
0.038210880011320114
0.10623953491449356
0.08630599081516266
0.15190334618091583
0.10055360943078995
0.15579719841480255
0.08687598258256912
0.11454806476831436
0.058754812926054
0.17253662645816803
0.1672223061323166
0.06558819860219955
0.07302648574113846
0.0817384198307991
0.14354273676872253
0.146325021982193
0.15680421888828278
0.15078555047512054
0.20036263763904572
0.1369161158800125
0.22438465058803558
0.10738225281238556
0.17963655292987823
0.42241206765174866
0.3767799139022827
0.1449880450963974
0.24311470985412598
0.09162256866693497
0.1344485580921173
0.10256528109312057
0.11568434536457062
0.13606566190719604
0.17921192944049835
0.15401606261730194
0.31951141357421875
0.08221396058797836
0.14449021220207214
0.7477360963821411
0.7845534682273865
0.08892673999071121
0.11176077276468277
0.07477831840515137
0.04991281405091286
0.10161314159631729
0.08684169501066208
0.1592550128698349
0.12621216475963593
0.49692535400390625
0.27309900522232056
0.2660091519355774
0.1569756120443344
0.7006658911705017
0.7359692454338074
0.036112766712903976
0.03024964965879917
0.015572965145111084
0.043474454432725906
0.03017817810177803
0.07797970622777939
0.02954578399658203
0.07690905779600143
0.03591904044151306
0.0703434944152832
0.024486161768436432
0.055967457592487335
0.029636958613991737
0.060322105884552
0.03076036274433136
0.09359990805387497
0.06643139570951462
0.026974881067872047
0.08994635194540024
0.05355844646692276
0.09738388657569885
0.05433912202715874
0.10166098177433014
0.06434421986341476
0.0813245177268982
0.061278678476810455
0.10605531185865402
0.06933319568634033
0.16183166205883026
0.11851213127374649
0.06501682847738266
0.024268491193652153
0.08950285613536835
0.046145614236593246
0.09830578416585922
0.06282759457826614
0.09146707504987717
0.04458734020590782
0.07294512540102005
0.03162580728530884
0.10584326088428497
0.06619086861610413
0.08827283978462219
0.05133725330233574
0.014481998048722744
0.05401668697595596
0.02934376709163189
0.0842617079615593
0.0328054316341877
0.07767760753631592
0.036636676639318466
0.07311788946390152
0.025622515007853508
0.06191182881593704
0.042836304754018784
0.0698527917265892
0.023497475311160088
0.05751452594995499
0.0210206750780344
0.0840192437171936
0.047336678951978683
0.14521531760692596
0.03872185945510864
0.11808204650878906
0.047304727137088776
0.14777909219264984
0.0354623943567276
0.1289154440164566
0.03388724476099014
0.13224534690380096
0.05831247195601463
0.24086931347846985
0.12401258945465088
0.048532672226428986
0.19499516487121582
0.08322995156049728
0.16298197209835052
0.07100405544042587
0.2168121188879013
0.1632649004459381
0.18778829276561737
0.13270823657512665
0.22534744441509247
0.12037413567304611
0.37374573945999146
0.2941608130931854
0.1521148681640625
0.05648348852992058
0.22855494916439056
0.09161162376403809
0.20065371692180634
0.08697312325239182
0.24345746636390686
0.08825087547302246
0.1942966878414154
0.052483826875686646
0.34963107109069824
0.1468435376882553
0.2935616075992584
0.11270250380039215
0.03904275596141815
0.12848526239395142
0.06746791303157806
0.1978306770324707
0.05807172879576683
0.15987224876880646
0.05692233517765999
0.1901235729455948
0.03833417221903801
0.16381950676441193
0.04567491635680199
0.18299458920955658
0.033599019050598145
0.1883845180273056
0.023094380274415016
0.025586111471056938
0.026335349306464195
0.0536758191883564
0.09979124367237091
0.049628984183073044
0.04785393550992012
0.09375516325235367
0.029289310798048973
0.0667712390422821
0.037377264350652695
0.08987480401992798
0.024820446968078613
0.052820779383182526
0.03981749713420868
0.08150576800107956
0.06572844833135605
0.10874371975660324
0.0654115304350853
0.29960986971855164
0.10812876373529434
0.08739250153303146
0.08544015139341354
0.0791482925415039
0.16089124977588654
0.08206243813037872
0.10295487940311432
0.1473260223865509
0.0403677299618721
0.09691755473613739
0.06330301612615585
0.17954021692276
0.06487364321947098
0.2857200801372528
0.11848340183496475
0.04707824066281319
0.08390282839536667
0.031069720163941383
0.2546699643135071
0.09296398609876633
0.06251858919858932
0.09863492101430893
0.036086730659008026
0.03709445521235466
0.027800334617495537
0.07604577392339706
0.06782688200473785
0.06740785390138626
0.07191993296146393
0.11150558292865753
0.04016992822289467
0.07479284703731537
0.06965424865484238
0.1652006208896637
0.014536920003592968
0.042632780969142914
0.009106451645493507
0.034090038388967514
0.041482556611299515
0.08600807189941406
0.02038729004561901
0.08312541991472244
0.030682969838380814
0.08979715406894684
0.021571418270468712
0.05858778581023216
0.04825731739401817
0.10667624324560165
0.02448194846510887
0.09806739538908005
0.06091088801622391
0.02619485929608345
0.13411293923854828
0.10537456721067429
0.11233033239841461
0.061488717794418335
0.1465599089860916
0.11610736697912216
0.10038359463214874
0.11281335353851318
0.2576000392436981
0.129023477435112
0.19551755487918854
0.1935553401708603
0.05965760350227356
0.023771120235323906
0.13380973041057587
0.12982957065105438
0.11997318267822266
0.0548257902264595
0.19174997508525848
0.09054405987262726
0.10354673117399216
0.05213392525911331
0.6001812815666199
0.13710127770900726
0.1133783683180809
0.07175008207559586
0.01069825328886509
0.047414038330316544
0.05401812121272087
0.14096693694591522
0.026713181287050247
0.12350372225046158
0.10725770145654678
0.40929874777793884
0.054078757762908936
0.31285324692726135
0.38337981700897217
0.771370530128479
0.00914196576923132
0.06532307714223862
0.011351916007697582
0.006690416019409895
0.03383544832468033
0.014523697085678577
0.03166506811976433
0.012367012910544872
0.02430049143731594
0.011965488083660603
0.017017805948853493
0.008631832897663116
0.02744474448263645
0.017908958718180656
0.022880759090185165
0.02338249236345291
0.012887196615338326
0.03148578479886055
0.028427723795175552
0.06496071815490723
0.024260876700282097
0.062221940606832504
0.023724570870399475
0.07154347002506256
0.01714502088725567
0.06574370712041855
0.1018281802535057
0.09172920137643814
0.03742877393960953
0.10225898027420044
0.015286977402865887
0.04035831615328789
0.03455961495637894
0.05574151501059532
0.02627980150282383
0.05644075945019722
0.031780872493982315
0.05888686329126358
0.021445928141474724
0.042853035032749176
0.23626379668712616
0.18322820961475372
0.018476782366633415
0.060467131435871124
0.021127328276634216
0.014324839226901531
0.04579222574830055
0.027349060401320457
0.04537222906947136
0.02381056360900402
0.03863496705889702
0.02232540212571621
0.023918284103274345
0.013594524934887886
0.11675571650266647
0.21516907215118408
0.015393634326756
0.012420357204973698
0.049303408712148666
0.08823800086975098
0.13896384835243225
0.2216404229402542
0.10508962720632553
0.2083568423986435
0.08432840555906296
0.16274097561836243
0.048422668129205704
0.12593863904476166
0.06216418743133545
0.1141195073723793
0.0935867428779602
0.1773969680070877
0.1208624392747879
0.08112145215272903
0.22284232079982758
0.14214880764484406
0.19655828177928925
0.09248866140842438
0.19748136401176453
0.13223955035209656
0.15535789728164673
0.08739008754491806
0.16727955639362335
0.10941620171070099
0.23299100995063782
0.22000737488269806
0.14755821228027344
0.08488359302282333
0.2137366384267807
0.139533132314682
0.22187387943267822
0.10590025037527084
0.2275543212890625
0.12993042171001434
0.16997464001178741
0.06802742183208466
0.2585533559322357
0.15700924396514893
0.1561439037322998
0.1119946762919426
0.06835869699716568
0.12650781869888306
0.17329926788806915
0.250387966632843
0.12237024307250977
0.23794499039649963
0.11107542365789413
0.20608972012996674
0.06640597432851791
0.16412346065044403
0.10978157818317413
0.19992181658744812
0.04398612678050995
0.08917882293462753
0.005768042989075184
0.006288712378591299
0.013239063322544098
0.010911417193710804
0.012341159395873547
0.009594154544174671
0.018031353130936623
0.012802314944565296
0.012112051248550415
0.009496576152741909
0.025874657556414604
0.021456388756632805
0.011343236081302166
0.01751549355685711
0.008512102998793125
0.01741213910281658
0.021236764267086983
0.028198981657624245
0.015770435333251953
0.03574540466070175
0.02461046166718006
0.07892365008592606
0.01993105374276638
0.09301740676164627
0.07977522909641266
0.09031537920236588
0.02618698589503765
0.06244484335184097
0.012119041755795479
0.01839417591691017
0.025532109662890434
0.024904225021600723
0.018081465736031532
0.026136189699172974
0.026519784703850746
0.04222167655825615
0.01924082450568676
0.03510100394487381
0.16528481245040894
0.09431492537260056
0.01304723508656025
0.044469233602285385
0.0092927236109972
0.014546706341207027
0.02030765824019909
0.021691007539629936
0.02159878984093666
0.0229308120906353
0.02735334075987339
0.022975550964474678
0.015054106712341309
0.013344475999474525
0.1135535016655922
0.19873163104057312
0.008938029408454895
0.009174467995762825
0.011203466914594173
0.06626015156507492
0.037955500185489655
0.11828853189945221
0.04826945811510086
0.10106460005044937
0.058755505830049515
0.0917535051703453
0.03761271759867668
0.06784628331661224
0.07082753628492355
0.06585893779993057
0.06487241387367249
0.11161916702985764
0.03840818256139755
0.012597518973052502
0.0778171494603157
0.03239704295992851
0.07803305238485336
0.04633637145161629
0.07843341678380966
0.07135369628667831
0.05154740437865257
0.043729268014431
0.06966196745634079
0.1061318889260292
0.0745365172624588
0.09587510675191879
0.038856010884046555
0.014869439415633678
0.08345124125480652
0.03720514103770256
0.08612880855798721
0.04823026806116104
0.13171882927417755
0.07370330393314362
0.07851158827543259
0.03935421258211136
0.12988345324993134
0.25098562240600586
0.0593392513692379
0.06141028553247452
0.01790444739162922
0.07561449706554413
0.04977726936340332
0.12512286007404327
0.051773395389318466
0.11237859725952148
0.09423413127660751
0.151941180229187
0.048848628997802734
0.10297463089227676
0.2898479998111725
0.13533788919448853
0.06492140144109726
0.08451227098703384
0.022019168362021446
0.09290946274995804
0.06747042387723923
0.17295345664024353
0.04641802981495857
0.13735811412334442
0.038237687200307846
0.12672720849514008
0.026126710698008537
0.09854182600975037
0.0255730040371418
0.09917885065078735
0.03677334263920784
0.18977473676204681
0.15481986105442047
0.0558016411960125
0.2299322932958603
0.10394865274429321
0.19649019837379456
0.0893266424536705
0.20974330604076385
0.12727105617523193
0.16606071591377258
0.08891035616397858
0.1930101364850998
0.08782630413770676
0.3228471875190735
0.20181623101234436
0.15876613557338715
0.04970254376530647
0.22535179555416107
0.10564997047185898
0.2022503912448883
0.08574443310499191
0.22878532111644745
0.10109348595142365
0.16131916642189026
0.05668840557336807
0.19619856774806976
0.08258800953626633
0.23804357647895813
0.09813534468412399
0.02675223909318447
0.1221480518579483
0.07957813888788223
0.20185862481594086
0.04869357869029045
0.14700394868850708
0.051321156322956085
0.16949699819087982
0.02832006849348545
0.12746264040470123
0.031257133930921555
0.12893716990947723
0.026111869141459465
0.14535565674304962
0.014994305558502674
0.053270548582077026
0.04404670372605324
0.09882718324661255
0.02409818395972252
0.06463175266981125
0.029429255053400993
0.07893197238445282
0.02140136808156967
0.06155452877283096
0.02473776787519455
0.07191772758960724
0.017595259472727776
0.1286545693874359
0.10251983255147934
0.0523846335709095
0.14932005107402802
0.08958015590906143
0.10104924440383911
0.05430805683135986
0.13679076731204987
0.10497434437274933
0.11045932024717331
0.08870887011289597
0.15486009418964386
0.09285073727369308
0.22177748382091522
0.12180991470813751
0.1089526042342186
0.04758651182055473
0.17773424088954926
0.1287355273962021
0.10517323017120361
0.05007568746805191
0.16832032799720764
0.08109314739704132
0.11649324744939804
0.05496769770979881
0.3397462069988251
0.1861371546983719
0.1439851075410843
0.06027768924832344
0.023535767570137978
0.07851693034172058
0.05118958279490471
0.124039426445961
0.024540988728404045
0.06601870059967041
0.0375484935939312
0.10459152609109879
0.023930292576551437
0.07584347575902939
0.040219295769929886
0.11383586376905441
0.010125613771378994
0.07879161834716797
0.028219973668456078
0.1178838387131691
0.1194799467921257
0.12585003674030304
0.08177756518125534
0.11408086121082306
0.10740722715854645
0.13079163432121277
0.09086068719625473
0.11427479237318039
0.08028556406497955
0.15551045536994934
0.07658165693283081
0.14359275996685028
0.12732645869255066
0.05349971726536751
0.13867327570915222
0.16022323071956635
0.12668097019195557
0.1125941276550293
0.18649694323539734
0.18406343460083008
0.16100814938545227
0.16859839856624603
0.19687317311763763
0.1518026888370514
0.17533956468105316
0.1919359713792801
0.15082429349422455
0.06009739264845848
0.16035012900829315
0.1644597053527832
0.13747791945934296
0.11722604185342789
0.21250970661640167
0.1818632334470749
0.18329712748527527
0.16696511209011078
0.1892983764410019
0.1599758416414261
0.11999199539422989
0.15497802197933197
0.04479017108678818
0.15718859434127808
0.151338130235672
0.1630525439977646
0.10357493162155151
0.1303168386220932
0.12584374845027924
0.18306849896907806
0.11386808007955551
0.16484738886356354
0.1005929708480835
0.1817692369222641
0.07161737233400345
0.06675687432289124
0.20996923744678497
0.01772952824831009
0.011569838039577007
0.04652472212910652
0.01211724616587162
0.04443749412894249
0.014730510301887989
0.07297495007514954
0.008877339772880077
0.06279858201742172
0.0096675343811512
0.05516698956489563
0.007700817193835974
0.03822867199778557
0.03463387489318848
0.18038910627365112
0.06193695589900017
0.029937153682112694
0.05090493708848953
0.020014962181448936
0.06835026293992996
0.04443212226033211
0.03984604403376579
0.03432321175932884
0.06352036446332932
0.02826935611665249
0.06539469212293625
0.0710354745388031
0.03755912184715271
0.23120181262493134
0.07903262227773666
0.052097734063863754
0.06658082455396652
0.01941695623099804
0.09242663532495499
0.027192145586013794
0.04977056011557579
0.016405923292040825
0.1314525157213211
0.11753489822149277
0.046753305941820145
0.024795738980174065
0.02249251678586006
0.02924606017768383
0.021748248487710953
0.07318583130836487
0.018460961058735847
0.0651753693819046
0.026751985773444176
0.1055605337023735
0.013435736298561096
0.0779484212398529
0.051959406584501266
0.09223661571741104
0.005417447537183762
0.038633834570646286
0.0171686839312315
0.026799479499459267
0.026701902970671654
0.06891370564699173
0.018725216388702393
0.053329866379499435
0.03370523080229759
0.052464574575424194
0.02454785443842411
0.049390267580747604
0.028593141585588455
0.036539800465106964
0.0377042256295681
0.09324592351913452
0.041811998933553696
0.02845081500709057
0.1055583730340004
0.056930989027023315
0.07861312478780746
0.037977512925863266
0.06981926411390305
0.05787136033177376
0.07440885156393051
0.05060439184308052
0.07505720108747482
0.07956390827894211
0.12562906742095947
0.1194268986582756
0.05537626892328262
0.027869123965501785
0.10640356689691544
0.0342894122004509
0.09963242709636688
0.03376905620098114
0.07912122458219528
0.04413818567991257
0.06412192434072495
0.025956405326724052
0.10235492140054703
0.19007456302642822
0.06973528116941452
0.03641195595264435
0.016675248742103577
0.04196876287460327
0.02227737568318844
0.08822660893201828
0.02028135024011135
0.07459957897663116
0.039794258773326874
0.05813521146774292
0.021693449467420578
0.04724852740764618
0.16258670389652252
0.062555231153965
0.012316550128161907
0.05523185059428215
0.05494016036391258
0.06934971362352371
0.11261067539453506
0.08610892295837402
0.11525454372167587
0.0990239754319191
0.10492052882909775
0.05448780581355095
0.08375395834445953
0.04206841439008713
0.09111124277114868
0.06854992359876633
0.15819190442562103
0.13431090116500854
0.1153252050280571
0.08190541714429855
0.10881048440933228
0.1274585723876953
0.12769930064678192
0.13104024529457092
0.11430247873067856
0.2293337881565094
0.08757098764181137
0.22434893250465393
0.1589636504650116
0.20643387734889984
0.2822897136211395
0.4419877231121063
0.15760107338428497
0.08219513297080994
0.1098715215921402
0.10115410387516022
0.14108002185821533
0.10900860279798508
0.11478274315595627
0.1227232813835144
0.08161940425634384
0.09625037759542465
0.23444561660289764
0.2636509835720062
0.175429567694664
0.18997107446193695
0.08372310549020767
0.11479711532592773
0.12377899885177612
0.11126873642206192
0.13155807554721832
0.12800000607967377
0.10289609432220459
0.07527323067188263
0.07723849266767502
0.059392400085926056
0.21762001514434814
0.11818522214889526
0.08373516798019409
0.07379012554883957
0.012457214295864105
0.06536409258842468
0.02967003546655178
0.1471325159072876
0.035144414752721786
0.10953183472156525
0.024526068940758705
0.08176638931035995
0.01705167070031166
0.06195707991719246
0.01914273574948311
0.09521484375
0.03367684781551361
0.08128664642572403
0.09734930098056793
0.019051142036914825
0.1677841693162918
0.045928116887807846
0.13328799605369568
0.04912905767560005
0.11887603998184204
0.04632848501205444
0.08192943781614304
0.03801479935646057
0.20393097400665283
0.04868904873728752
0.13432511687278748
0.11721549183130264
0.10720256716012955
0.019182849675416946
0.16584841907024384
0.04857277125120163
0.13510577380657196
0.04989221319556236
0.14171625673770905
0.029493708163499832
0.08727580308914185
0.01830126717686653
0.48376867175102234
0.18924106657505035
0.08687155693769455
0.04788152128458023
0.01731514371931553
0.1097569391131401
0.051100749522447586
0.181549534201622
0.05503786355257034
0.13612262904644012
0.03251311555504799
0.10383999347686768
0.018923116847872734
0.07687050849199295
0.11891371011734009
0.2789788842201233
0.031224191188812256
0.05290427431464195
0.0070525542832911015
0.02360963076353073
0.02830379270017147
0.11574568599462509
0.02570424973964691
0.1031201034784317
0.023448586463928223
0.10617566108703613
0.013755063526332378
0.06197327375411987
0.019311433658003807
0.07067164033651352
0.012056141160428524
0.07054822891950607
0.03758737072348595
0.013512981124222279
0.13289135694503784
0.045958299189805984
0.10305233299732208
0.034549932926893234
0.1249585673213005
0.08633559942245483
0.0785420686006546
0.07376063615083694
0.10256367921829224
0.06954605877399445
0.11119593679904938
0.07016658782958984
0.04237280413508415
0.01249261386692524
0.19953039288520813
0.04615064337849617
0.12774036824703217
0.03310089930891991
0.1916516274213791
0.05476336553692818
0.1047809049487114
0.03186648711562157
0.1323939561843872
0.10052325576543808
0.06587319821119308
0.02511369064450264
0.011249596253037453
0.045497894287109375
0.04366696998476982
0.21301618218421936
0.03831202909350395
0.15222898125648499
0.03819183632731438
0.1917218416929245
0.020868906751275063
0.1140771433711052
0.06374367326498032
0.10979515314102173
0.00629550451412797
0.05518730357289314
0.011188970878720284
0.013576111756265163
0.02573666349053383
0.02640587091445923
0.017542140558362007
0.020981192588806152
0.019219093024730682
0.0209948793053627
0.01440077181905508
0.017478283494710922
0.020359352231025696
0.02362961694598198
0.024275509640574455
0.03429992124438286
0.015935460105538368
0.02288445644080639
0.031248142942786217
0.04067523777484894
0.020564695820212364
0.034332431852817535
0.02581462636590004
0.06055507808923721
0.021119385957717896
0.0661831721663475
0.06607284396886826
0.07171221822500229
0.049260854721069336
0.10672386735677719
0.0187838114798069
0.016338858753442764
0.035229600965976715
0.03266975283622742
0.0280835572630167
0.031131837517023087
0.027261419221758842
0.028446346521377563
0.019900135695934296
0.025410065427422523
0.13152220845222473
0.10942645370960236
0.056065768003463745
0.06445136666297913
0.013054698705673218
0.01855185069143772
0.024934953078627586
0.03247784823179245
0.020339960232377052
0.02686219848692417
0.021304449066519737
0.022929487749934196
0.016704363748431206
0.019136106595396996
0.04659474268555641
0.04611698538064957
0.013380751013755798
0.030289694666862488
0.00784600805491209
0.026714593172073364
0.038229476660490036
0.07415000349283218
0.04372987151145935
0.07551926374435425
0.0540892668068409
0.09274688363075256
0.03245661407709122
0.08745604008436203
0.02964012697339058
0.09425116330385208
0.07557886838912964
0.07677077502012253
0.013572508469223976
0.016561433672904968
0.050359755754470825
0.042504940181970596
0.05277369171380997
0.047525133937597275
0.09379782527685165
0.09312142431735992
0.07190097123384476
0.0678153857588768
0.24379757046699524
0.08239255845546722
0.07658954709768295
0.17117910087108612
0.018632957711815834
0.013084261678159237
0.07675042003393173
0.046826254576444626
0.07783035188913345
0.05243798717856407
0.14704309403896332
0.04611605405807495
0.08750175684690475
0.025326287373900414
0.6547673344612122
0.4743969440460205
0.0437910258769989
0.05500500276684761
0.01304817944765091
0.035721030086278915
0.06441681832075119
0.11625875532627106
0.06815849244594574
0.11181509494781494
0.25745663046836853
0.4383029639720917
0.1130603775382042
0.26026368141174316
0.6697422862052917
0.7793936729431152
0.061958905309438705
0.0635942742228508
0.007590932305902243
0.00865568220615387
0.026466527953743935
0.032879140228033066
0.01570296101272106
0.014954467304050922
0.013984806835651398
0.022478193044662476
0.010417467914521694
0.014661930501461029
0.011231815442442894
0.015541431494057178
0.023614682257175446
0.019554009661078453
0.014561709947884083
0.01521938294172287
0.04099581763148308
0.03165171295404434
0.018479200080037117
0.02163742110133171
0.02699871174991131
0.023395488038659096
0.019508659839630127
0.020814277231693268
0.021636594086885452
0.020806139335036278
0.03691280633211136
0.07528755813837051
0.021773850545287132
0.012317477725446224
0.047064270824193954
0.025594914332032204
0.028510991483926773
0.020970605313777924
0.038987819105386734
0.01695314235985279
0.0276543740183115
0.013458559289574623
0.02947932481765747
0.025188196450471878
0.023853981867432594
0.03038119710981846
0.011627583764493465
0.021419763565063477
0.029710767790675163
0.05613322928547859
0.017055969685316086
0.028668513521552086
0.01480780728161335
0.03746003285050392
0.012962432578206062
0.02834160439670086
0.014790872111916542
0.027168644592165947
0.010531026870012283
0.01207116711884737
0.023764362558722496
0.03812243416905403
0.0369667150080204
0.0624774806201458
0.04200340062379837
0.06822230666875839
0.04017869755625725
0.06072806194424629
0.025392306968569756
0.052874404937028885
0.02736637368798256
0.07664763927459717
0.0529719777405262
0.06629764288663864
0.02876967191696167
0.027472814545035362
0.04832913726568222
0.041474491357803345
0.055784787982702255
0.0536612942814827
0.07419133931398392
0.07195848226547241
0.06255388259887695
0.05934702232480049
0.23525498807430267
0.0712534561753273
0.08002650737762451
0.15023379027843475
0.03558815270662308
0.022017771378159523
0.0831378921866417
0.041187889873981476
0.07238048315048218
0.053875695914030075
0.12089965492486954
0.04146643355488777
0.09133292734622955
0.023764466866850853
0.6443369388580322
0.38235947489738464
0.0408872626721859
0.05463017150759697
0.023455848917365074
0.05385136604309082
0.0520651713013649
0.11113075166940689
0.05334130674600601
0.09315628558397293
0.1377907246351242
0.29467737674713135
0.04596506431698799
0.13923035562038422
0.5425174236297607
0.7332184910774231
0.03603757917881012
0.048453882336616516
0.006353528704494238
0.04036511108279228
0.03876807913184166
0.10903333872556686
0.025152331218123436
0.06621014326810837
0.04649694636464119
0.04185859486460686
0.029083160683512688
0.03253617882728577
0.027890188619494438
0.043333012610673904
0.013314631767570972
0.04036613181233406
0.047538235783576965
0.012706234119832516
0.10322590172290802
0.052160847932100296
0.07310997694730759
0.04605153948068619
0.05076289921998978
0.1102859154343605
0.040837518870830536
0.08742488920688629
0.09353095293045044
0.08733437210321426
0.06293709576129913
0.05186411738395691
0.0772089883685112
0.014172849245369434
0.12306596338748932
0.05069220811128616
0.09542746841907501
0.05631406977772713
0.06696055829524994
0.06619002670049667
0.04844392463564873
0.0448392778635025
0.1708032190799713
0.1355796903371811
0.05127372965216637
0.027813708409667015
0.013157645240426064
0.0840146467089653
0.06516055762767792
0.15162509679794312
0.05036136135458946
0.097211554646492
0.07110525667667389
0.06894697993993759
0.04392243176698685
0.05182896926999092
0.10999985784292221
0.12933139503002167
0.011161746457219124
0.03627942502498627
0.01193269994109869
0.013589950278401375
0.07006210833787918
0.04456256330013275
0.04824351146817207
0.03555494174361229
0.07467089593410492
0.05793284997344017
0.04744432494044304
0.04421880096197128
0.05785217881202698
0.022968867793679237
0.036994218826293945
0.03752443566918373
0.02582753635942936
0.02062104642391205
0.05428038164973259
0.06457546353340149
0.04109746217727661
0.042384158819913864
0.049431584775447845
0.06706228107213974
0.034447651356458664
0.04573788493871689
0.027790922671556473
0.07079082727432251
0.10770056396722794
0.1170571818947792
0.04325234144926071
0.014885569922626019
0.07097647339105606
0.04281308129429817
0.06653013080358505
0.03362501785159111
0.05432219058275223
0.04612288624048233
0.030089441686868668
0.025630062445998192
0.03361694887280464
0.14158782362937927
0.04979993775486946
0.023302486166357994
0.02143997885286808
0.040962088853120804
0.07968882471323013
0.10188384354114532
0.052584487944841385
0.08314023911952972
0.07810133695602417
0.06408397108316422
0.04368669539690018
0.05145386978983879
0.19428636133670807
0.050705354660749435
0.011307230219244957
0.024248404428362846
0.010608247481286526
0.017925191670656204
0.048301052302122116
0.053606417030096054
0.05690266564488411
0.05509358271956444
0.04047694429755211
0.03302273526787758
0.024026107043027878
0.020144296810030937
0.03194829449057579
0.025335177779197693
0.028665238991379738
0.033054061233997345
0.02912726439535618
0.020925715565681458
0.07094281166791916
0.08481037616729736
0.06455021351575851
0.09214850515127182
0.06390813738107681
0.08758924901485443
0.04094409942626953
0.06352100521326065