0.02211766503751278
0.02326793223619461
0.03718575835227966
0.03028152510523796
0.015436846762895584
0.02961413376033306
0.05770118162035942
0.036425601691007614
0.7858251333236694
0.8636457324028015
0.8563101291656494
1.0125606060028076
0.016298804432153702
0.00925992801785469
0.038217730820178986
0.0392470508813858
0.005828650202602148
0.008781625889241695
0.05184946581721306
0.06875049322843552
0.010792024433612823
0.0049389130435884
0.08453507721424103
0.06021938845515251
0.3769458532333374
0.2549501657485962
0.5163288116455078
0.3758954703807831
0.49639418721199036
0.6592773199081421
0.4448791444301605
0.7949163913726807
0.006022226065397263
0.005235590972006321
0.05178309977054596
0.02677593193948269
0.004537946544587612
0.00625484436750412
0.026153093203902245
0.02882574498653412
0.9950016736984253
1.057725191116333
0.8315016627311707
1.169707179069519
0.030433906242251396
0.042539723217487335
0.06406303495168686
0.03186538815498352
0.014052084647119045
0.031118132174015045
0.050430163741111755
0.028247453272342682
0.03138815239071846
0.005675680935382843
0.0325947105884552
0.029164131730794907
0.002865004353225231
0.0034994478337466717
0.041491150856018066
0.02960040047764778
0.3423391282558441
0.11243004351854324
0.06923649460077286
0.04022124037146568
0.014851376414299011
0.015689903870224953
0.02602415345609188
0.020642787218093872
0.004297228995710611
0.0073941294103860855
0.09310247749090195
0.1126968190073967
0.025073744356632233
0.05251510068774223
0.04847407341003418
0.030682003125548363
0.23787349462509155
0.7399762272834778
0.06754644960165024
0.5163556337356567
0.020904680714011192
0.01808549463748932
0.06309808790683746
0.029105788096785545
0.004750833846628666
0.007472246419638395
0.06569822132587433
0.05379287153482437
0.011137867346405983
0.010281495749950409
0.04336950182914734
0.03445342183113098
0.004897499457001686
0.008246449753642082
0.03263144940137863
0.02753068506717682
0.04166283458471298
0.23312735557556152
0.10549574345350266
0.28952842950820923
0.017558768391609192
0.00483663147315383
0.04376225173473358
0.04263002425432205
0.023678824305534363
0.012728868052363396
0.043836962431669235
0.02647532895207405
0.00883388053625822
0.004304708447307348
0.04222894459962845
0.050592198967933655
0.003415127284824848
0.0031859606970101595
0.019202247262001038
0.03421778604388237
0.004339887294918299
0.002038628328591585
0.02434283122420311
0.011628562584519386
0.12644650042057037
0.19583040475845337
0.042330604046583176
0.10017774254083633
0.3700569272041321
0.370754212141037
0.2317166030406952
0.3711903691291809
0.009749284014105797
0.017576832324266434
0.04847797378897667
0.0406191386282444
0.9240862727165222
0.942894458770752
0.8310490846633911
1.002977967262268
0.007312638685107231
0.005393491592258215
0.050314761698246
0.04561445489525795
0.009774690493941307
0.003593796631321311
0.06768607348203659
0.11594449728727341
0.052260078489780426
0.03830208256840706
0.15696211159229279
0.096694216132164
0.005374792963266373
0.004158491734415293
0.04475247114896774
0.03493191674351692
0.02652512490749359
0.020075064152479172
0.07480029761791229
0.06396948546171188
0.9162251353263855
1.197153925895691
0.28302431106567383
1.177276849746704
0.6055373549461365
0.6939071416854858
0.4348395764827728
0.7168645858764648
0.7318844795227051
0.5520323514938354
0.4706363081932068
0.5630787014961243
0.0058993021957576275
0.11957857757806778
0.02059551142156124
0.013703134842216969
0.7613027095794678
1.0383563041687012
0.4354839324951172
0.9525103569030762
0.004975911229848862
0.005243950989097357
0.07194717973470688
0.06105417013168335
0.0037978803738951683
0.004205931909382343
0.041193682700395584
0.043076273053884506
0.011248419992625713
0.010889007709920406
0.02060997299849987
0.02116354927420616
0.003073298605158925
0.00354953296482563
0.02770017273724079
0.019062399864196777
1.1007375717163086
0.850843608379364
0.8060606122016907
1.004826545715332
0.0035174074582755566
0.0037467132788151503
0.02509971521794796
0.013481885194778442
0.006429891102015972
0.004274813458323479
0.04287809133529663
0.04276371747255325
0.0145728075876832
0.01971335895359516
0.05828496068716049
0.05196097493171692
0.015118315815925598
0.007898600772023201
0.042019546031951904
0.04068872705101967
1.457367181777954
0.5560021996498108
0.6217826008796692
0.5160886645317078
0.03326648473739624
0.035787083208560944
0.03109152615070343
0.04450734704732895
0.012869047932326794
0.010966763831675053
0.08659320324659348
0.10166022926568985
0.012313995510339737
0.025323990732431412
0.04650178551673889
0.024873945862054825
0.009679652750492096
0.013531534001231194
0.06252235174179077
0.037119071930646896
1.0153839588165283
1.0531935691833496
0.9088540077209473
1.1823478937149048
0.021312564611434937
0.009262112900614738
0.054075535386800766
0.07353335618972778
0.005282118916511536
0.007001820951700211
0.05181841552257538
0.04859285056591034
0.008488565683364868
0.016146723181009293
0.03716119006276131
0.04359842464327812
0.004919116385281086
0.0032136563677340746
0.11382287740707397
0.09264569729566574
0.01793196052312851
0.017466628924012184
0.04278641566634178
0.028651434928178787
0.004671920090913773
0.012360049411654472
0.06078051030635834
0.05386151000857353
0.004695155657827854
0.009990920312702656
0.061224889010190964
0.0545678585767746
0.008483685553073883
0.004393556620925665
0.045377906411886215
0.036091264337301254
0.00483747711405158
0.005595390684902668
0.04227801784873009
0.03764171153306961
0.01651863567531109
0.00878777913749218
0.09762658923864365
0.0593215748667717
0.009199177846312523
0.011052744463086128
0.05834221467375755
0.04575548321008682
0.44908279180526733
0.28554078936576843
0.4398737847805023
0.3555936813354492
0.10792026668787003
0.5207242369651794
0.08129078149795532
0.21168752014636993
0.004798077046871185
0.003535340540111065
0.08039870113134384
0.06157371401786804
0.0027668550610542297
0.002480560913681984
0.06446974724531174
0.055491916835308075
0.010506484657526016
0.007579466328024864
0.039657749235630035
0.03343198448419571
0.022294923663139343
0.04149428755044937
0.060186196118593216
0.031076056882739067
0.21256546676158905
0.1573272943496704
0.06669554859399796
0.02144000306725502
0.013137641362845898
0.007996587082743645
0.09225814044475555
0.09153345227241516
0.8505374193191528
0.6211270093917847
0.45707234740257263
0.3989632725715637
0.012039045803248882
0.011304475367069244
0.044968269765377045
0.10893964767456055
0.6576724648475647
0.43479999899864197
0.297534704208374
0.32297080755233765
0.029402052983641624
0.03504970669746399
0.07423343509435654
0.055871836841106415
0.04779021069407463
0.04932478815317154
0.1304553598165512
0.09520241618156433
0.00497195590287447
0.010469986125826836
0.031751811504364014
0.017919044941663742
0.004227627068758011
0.005057274829596281
0.03234078362584114
0.02931634895503521
1.456436038017273
1.1572322845458984
0.7906884551048279
0.7958940863609314
0.017612630501389503
0.03267808258533478
0.07013707607984543
0.09419211745262146
0.023217592388391495
0.04017537459731102
0.04542411118745804
0.030404722318053246
0.00883971806615591
0.023256201297044754
0.048719145357608795
0.03640317916870117
0.032838374376297
0.03603113442659378
0.03182792291045189
0.036510366946458817
0.002823916031047702
0.0020910645835101604
0.052825313061475754
0.03261648118495941
0.008566532284021378
0.0037852455861866474
0.052423421293497086
0.04812603071331978
0.0198585856705904
0.020680012181401253
0.03929353877902031
0.02231699973344803
0.7714329957962036
1.1003462076187134
0.7039871215820312
1.2098137140274048
0.01551888044923544
0.007540159858763218
0.0470404252409935
0.10048961639404297
0.001414176425896585
0.00171981705352664
0.09295191615819931
0.028334971517324448
0.004944455344229937
0.003473312361165881
0.04032209515571594
0.04389501363039017
0.0038791156839579344
0.0026420883368700743
0.10016217082738876
0.06879319250583649
0.028027497231960297
0.052234407514333725
0.08510830253362656
0.09855769574642181
0.30574411153793335
0.0679001659154892
0.05476837977766991
0.044904328882694244
0.01039295457303524
0.02225426584482193
0.06286593526601791
0.04326615855097771
0.005905972793698311
0.003648956771939993
0.024015679955482483
0.023215031251311302
0.9619947075843811
0.9977883100509644
1.117667317390442
0.9994493126869202
1.3262988328933716
1.2828783988952637
1.1337385177612305
1.3241239786148071
0.1450110226869583
0.670778751373291
0.27606722712516785
0.7879364490509033
0.02412739209830761
0.013550196774303913
0.08857158571481705
0.08703300356864929
0.0037686724681407213
0.017847321927547455
0.04764535650610924
0.041015107184648514
0.45335426926612854
0.26850247383117676
0.3983441889286041
0.3331838548183441
0.04453423619270325
0.025298258289694786
0.09768164157867432
0.06231679022312164
0.10477787256240845
0.3326326608657837
0.08566552400588989
0.12041255831718445
0.03893662244081497
0.005587761756032705
0.03857289254665375
0.061334505677223206
0.08481987565755844
0.03546123579144478
0.16891781985759735
0.07475262135267258
0.9114645719528198
1.0863529443740845
0.9660186171531677
1.21889066696167
0.027254654094576836
0.01758153922855854
0.0412336029112339
0.04552497714757919
0.1964082419872284
0.3908451795578003
0.10418116301298141
0.21572771668434143
0.011656138114631176
0.014598358422517776
0.06594268232584
0.039902202785015106
0.015129814855754375
0.014114988967776299
0.06275363266468048
0.03998905420303345
0.01163992565125227
0.004301775246858597
0.06653475016355515
0.017520030960440636
0.0057940855622291565
0.0033090077340602875
0.03599022328853607
0.08129825443029404
0.020143713802099228
0.02196275070309639
0.10466106981039047
0.06624668836593628
0.021352045238018036
0.04259251058101654
0.05567845702171326
0.06321245431900024
0.014496419578790665
0.013121533207595348
0.05555541068315506
0.06224195659160614
1.2483564615249634
1.3196337223052979
1.222517967224121
1.2579580545425415
0.01103141624480486
0.008445207960903645
0.05369211360812187
0.05097923427820206
0.021564017981290817
0.018612276762723923
0.02064158208668232
0.02657804638147354
0.3058781921863556
0.30735713243484497
0.3088979125022888
0.25800251960754395
0.015623521991074085
0.02404298074543476
0.02052539400756359
0.023289348930120468
0.009599066339433193
0.016149098053574562
0.031636908650398254
0.04663415998220444
0.024065909907221794
0.044218212366104126
0.06007852405309677
0.12010224908590317
0.01385529339313507
0.022413579747080803
0.029970457777380943
0.021753882989287376
0.00838927086442709
0.0034324158914387226
0.03411714732646942
0.035257041454315186
0.011713769286870956
0.011214005760848522
0.024656500667333603
0.021918436512351036
0.044513534754514694
0.07638145238161087
0.17118261754512787
0.22701823711395264
0.7270163297653198
0.5727627277374268
0.5280529260635376
0.5477001667022705
0.8719038367271423
0.9108178019523621
0.8926613330841064
0.9610986113548279
0.02665858529508114
0.020234297960996628
0.06200284883379936
0.04945485293865204
0.020344972610473633
0.05318668484687805
0.06724400818347931
0.08857554197311401
0.01661575213074684
0.009138975292444229
0.03324716165661812
0.023778870701789856
0.06365711987018585
0.048376817256212234
0.06048661842942238
0.06075771152973175
0.014803942292928696
0.003741292981430888
0.06791470944881439
0.04061216115951538
0.005720298271626234
0.003701387904584408
0.04815266281366348
0.03611745685338974
0.010072063654661179
0.02012040838599205
0.04525502771139145
0.052089791744947433
0.007743743248283863
0.015020466409623623
0.05578720569610596
0.07240527123212814
0.009197240695357323
0.017970651388168335
0.06419511139392853
0.09244298934936523
0.2829241156578064
0.2685135304927826
0.1942427009344101
0.15089181065559387
0.0058860150165855885
0.003520633326843381
0.0476742722094059
0.03285958245396614
0.00530988210812211
0.005097568966448307
0.04228125885128975
0.03708923980593681
0.4240339398384094
0.11380188167095184
0.027396051213145256
0.03308061510324478
0.03186207637190819
0.039180342108011246
0.05399885028600693
0.12149327993392944
0.10598387569189072
0.008235032670199871
0.048469178378582
0.048805251717567444
0.4650602340698242
0.09244450181722641
0.21813981235027313
0.028695154935121536
0.017265688627958298
0.026294289156794548
0.02201954275369644
0.018419548869132996
0.009610782377421856
0.004771490581333637
0.035263802856206894
0.027530547231435776
0.012367503717541695
0.0038082643877714872
0.04296573996543884
0.021692125126719475
0.03283153474330902
0.04512912407517433
0.06426084041595459
0.06731542944908142
0.006619318388402462
0.004046703688800335
0.0500992089509964
0.044876307249069214
0.06697218120098114
0.31491103768348694
0.19657865166664124
0.3846587538719177
0.1636291742324829
0.03461992368102074
0.1608857363462448
0.03946114331483841
0.8252710103988647
0.8459901809692383
0.5575673580169678
0.9842433333396912
0.004463323391973972
0.0034877751022577286
0.03549550846219063
0.013128286227583885
0.02801305055618286
0.02609223686158657
0.042078398168087006
0.02851124107837677
0.1583818942308426
0.11103849858045578
0.04618015140295029
0.02754967473447323
0.01111169159412384
0.009371751919388771
0.02202991209924221
0.02108369581401348
0.146832674741745
0.06457632780075073
0.1481788456439972
0.0923059806227684
0.8778245449066162
1.0602014064788818
0.8739535212516785
1.2046308517456055
0.06596006453037262
0.0391131266951561
0.09193103015422821
0.04351877421140671
0.011725855991244316
0.014212746173143387
0.149384543299675
0.06473229825496674
0.2466626763343811
0.36927086114883423
0.13513562083244324
0.30335795879364014
0.8205317854881287
0.791458785533905
0.9239648580551147
1.0151753425598145
0.008381904102861881
0.007154448889195919
0.04611843079328537
0.03877393156290054
0.061222001910209656
0.040006086230278015
0.08303104341030121
0.06285620480775833
0.012687575072050095
0.003192749572917819
0.05819639191031456
0.0562807098031044
0.030378084629774094
0.014595123939216137
0.05529191344976425
0.029270557686686516
0.009546167217195034
0.038253091275691986
0.0475415401160717
0.12225624173879623
0.06527203321456909
0.058715760707855225
0.11818941682577133
0.07086402177810669
0.005583357531577349
0.0018656032625585794
0.03941531106829643
0.033786047250032425
0.004836969543248415
0.0038307528011500835
0.06739601492881775
0.034985631704330444
0.9138736724853516
0.8970744609832764
0.9315614104270935
0.8686327338218689
0.2310486137866974
0.015178056433796883
0.05250246450304985
0.026949850842356682
0.013505117036402225
0.0129837142303586
0.03339128568768501
0.03467393293976784
0.00788924004882574
0.0067250351421535015
0.08434879779815674
0.08859632909297943
0.010914018377661705
0.007752550300210714
0.028033550828695297
0.026241278275847435
0.00773929338902235
0.008477598428726196
0.035854190587997437
0.04428489878773689
0.27097272872924805
0.4525138735771179
0.3733000159263611
0.6315708160400391
0.012226451188325882
0.016773460432887077
0.045314230024814606
0.039276123046875
0.006383775267750025
0.008816331624984741
0.02635582722723484
0.046117544174194336
0.03914526104927063
0.040758319199085236
0.0812639370560646
0.06871280819177628
0.01731855981051922
0.018756506964564323
0.05214959755539894
0.04870684817433357
0.3551831841468811
0.008338571526110172
0.20297211408615112
0.012783006764948368
0.08125545084476471
0.16479279100894928
0.21267621219158173
0.2824455499649048
0.7587494254112244
0.20705345273017883
0.3234223425388336
0.046218957751989365
0.015933632850646973
0.01660522259771824
0.04200197756290436
0.025622256100177765
0.007541959639638662
0.023442229256033897
0.048186011612415314
0.02594107761979103
0.006644985638558865
0.0034686699509620667
0.048251159489154816
0.0383012630045414
0.3032490015029907
0.022589830681681633
0.10168054699897766
0.017743602395057678
0.00242021051235497
0.005604205187410116
0.039525356143713
0.02674422413110733
0.8413752317428589
0.796067476272583
0.8201345801353455
0.7618669271469116
0.0022239021491259336
0.0022088163532316685
0.09712817519903183
0.025508519262075424
0.9275639653205872
0.9143102169036865
0.6588298678398132
0.9235665202140808
0.0051692030392587185
0.00619944091886282
0.027350401505827904
0.020473662763834
0.016102593392133713
0.00611345237120986
0.025825925171375275
0.02648894488811493
0.016470719128847122
0.02693382278084755
0.02065986581146717
0.02463812381029129
0.06454109400510788
0.03704497963190079
0.12183909863233566
0.03491733968257904
0.005899735726416111
0.005453781224787235
0.03436468169093132
0.0406755767762661
0.00748863723129034
0.008236280642449856
0.05249285697937012
0.04336230456829071
0.053705036640167236
0.01852981559932232
0.0851275622844696
0.05579107254743576
0.014281976968050003
0.01981448568403721
0.054094117134809494
0.05820218846201897
0.01698380708694458
0.04373977333307266
0.03035796247422695
0.19961698353290558
0.020412378013134003
0.007043003104627132
0.04924202710390091
0.02555534616112709
0.02042510360479355
0.025394773110747337
0.06505105644464493
0.0452597551047802
0.10531670600175858
0.004438308533281088
0.21265025436878204
0.029198072850704193
0.22423233091831207
0.24412204325199127
0.38725849986076355
0.3091433048248291
0.005558891221880913
0.010136677883565426
0.02090292051434517
0.016452014446258545
0.0249166302382946
0.010837106965482235
0.05471010506153107
0.03480693697929382
0.006802105810493231
0.018060190603137016
0.020042719319462776
0.018054362386465073
0.5415903329849243
1.0961016416549683
0.21580898761749268
0.9738278985023499
0.468280166387558
0.1177145466208458
0.20117557048797607
0.053237102925777435
0.30700990557670593
0.011424622498452663
0.04527029022574425
0.014893176965415478
0.012848077341914177
0.009856768883764744
0.05086873471736908
0.03769049793481827
0.00265382113866508
0.00352996657602489
0.06671875715255737
0.06094289943575859
0.005147085525095463
0.005982036702334881
0.031755030155181885
0.011065056547522545
0.9391671419143677
1.0162856578826904
1.1124516725540161
1.2510499954223633
0.17450489103794098
0.003622242948040366
0.028003616258502007
0.014107294380664825
0.020862629637122154
0.04858894646167755
0.0433712862432003
0.06019784137606621
0.5186701416969299
0.3231179714202881
0.11211250722408295
0.0490824356675148
1.3765308856964111
1.1981706619262695
1.1012111902236938
1.2731302976608276
0.7807542085647583
0.7822214365005493
0.9934061765670776
1.1200454235076904
0.015716254711151123
0.01454303227365017
0.038859978318214417
0.04139470309019089
0.0049665020778775215
0.0032176964450627565
0.03222246840596199
0.04424666613340378
0.03925297409296036
0.032129812985658646
0.05806272476911545
0.035370878875255585
0.002500001108273864
0.0035504112020134926
0.02887260727584362
0.04698869585990906
0.006254810839891434
0.106645368039608
0.058371853083372116
0.12016040086746216
0.00591545132920146
0.003508941503241658
0.03641635179519653
0.026883769780397415
0.01297094114124775
0.02971143089234829
0.027294954285025597
0.03996383398771286
0.024126572534441948
0.022847462445497513
0.0596589557826519
0.024205848574638367
0.2156243622303009
0.1548922061920166
0.06580407172441483
0.04758531600236893
0.008384565822780132
0.011530349031090736
0.04388581961393356
0.05578387901186943
0.0030038414988666773
0.002129730535671115
0.024253038689494133
0.047762662172317505
0.0044427551329135895
0.008318258449435234
0.06820476055145264
0.04934712499380112
0.0028107422403991222
0.002737620612606406
0.046195317059755325
0.04698497802019119
1.0567493438720703
1.3307751417160034
0.7949325442314148
1.313381314277649
0.0038259353023022413
0.0022374645341187716
0.10689890384674072
0.10931812226772308
0.013799170963466167
0.013434477150440216
0.037199947983026505
0.03460012376308441
0.09563688933849335
0.43607014417648315
0.0755608081817627
0.27129578590393066
0.031110845506191254
0.05102742835879326
0.06622602045536041
0.05067829787731171
0.18023672699928284
0.23614543676376343
0.405424565076828
0.6208494901657104
0.00451605673879385
0.0038348804228007793
0.03173450380563736
0.01350450050085783
0.7780200839042664
1.1910187005996704
0.48981502652168274
1.0707989931106567
0.016949495300650597
0.008785990998148918
0.06116771697998047
0.06331565976142883
0.21428842842578888
1.0388091802597046
0.061232857406139374
0.30938002467155457
0.00845610722899437
0.007975742220878601
0.05399147793650627
0.029758881777524948
0.7191447019577026
0.012295359745621681
0.0533604770898819
0.027359606698155403
0.028636977076530457
0.005823140498250723
0.0818086788058281
0.04751291498541832
1.0108089447021484
0.8333563804626465
0.8592736721038818
0.9204383492469788
0.8342456817626953
1.0032620429992676
0.8376818895339966
1.1620737314224243
0.6637357473373413
0.4929099977016449
0.6081237196922302
0.9859387874603271
0.1858537197113037
0.035765256732702255
0.46039411425590515
0.07744088023900986
0.00589688029140234
0.0021707217674702406
0.06847777217626572
0.05733679607510567
0.02272622101008892
0.009955931454896927
0.027527175843715668
0.0332174189388752
0.3737441301345825
0.04982870817184448
0.3142281472682953
0.14140301942825317
0.00843394547700882
0.0044934400357306
0.05586428940296173
0.04680735990405083
0.025589054450392723
0.016081515699625015
0.06452956050634384
0.025275077670812607
0.03031926229596138
0.02551758661866188
0.11761710792779922
0.04061008617281914
0.009428687393665314
0.016907187178730965
0.11599989235401154
0.03861771896481514
0.0071764858439564705
0.006595058366656303
0.036325979977846146
0.0349126011133194
0.13317468762397766
0.05112769827246666
0.10144972056150436
0.06722768396139145
0.03568718582391739
0.021929025650024414
0.04240190610289574
0.03456279635429382
0.01619781367480755
0.0067831119522452354
0.03375738114118576
0.022930407896637917
0.988228976726532
0.8179263472557068
0.5691956281661987
1.070068597793579
0.2031649649143219
0.27230939269065857
0.09123513847589493
0.06880610436201096
0.3756559491157532
0.07482080906629562
0.08612164855003357
0.030300481244921684
0.016390090808272362
0.020988639444112778
0.06867934763431549
0.06182227283716202
0.5692877769470215
0.3244028687477112
0.403027206659317
0.14598722755908966
0.19375041127204895
0.018649132922291756
0.054383836686611176
0.03936652094125748
0.6766552925109863
1.1471571922302246
0.3929781913757324
1.1822081804275513
0.0071887183003127575
0.003791693365201354
0.024557529017329216
0.021384989842772484
0.7976452708244324
1.0610935688018799
0.3248755931854248
1.1043338775634766
0.009243890643119812
0.007867533713579178
0.048492804169654846
0.0336885079741478
0.26725006103515625
0.27772945165634155
0.3494778275489807
0.3231832683086395
0.006565110757946968
0.003186580492183566
0.02682378701865673
0.020644400268793106
0.00476106395944953
0.0029866336844861507
0.030141107738018036
0.04069487378001213
0.09666979312896729
0.13352569937705994
0.24449370801448822
0.5206148028373718
0.008550090715289116
0.004425862804055214
0.05760060250759125
0.028834311291575432
1.1706013679504395
1.0628154277801514
1.0756109952926636
1.2948797941207886
1.7310429811477661
1.5065667629241943
1.3469723463058472
1.2087116241455078
0.14611342549324036
0.07172423601150513
0.054662201553583145
0.038681384176015854
0.02235720492899418
0.023372555151581764
0.05010909587144852
0.0287029929459095
0.012709799222648144
0.0030707072000950575
0.04429769515991211
0.04313531145453453
0.023679887875914574
0.03224711865186691
0.04334846884012222
0.023133913055062294
0.00959798414260149
0.012715233489871025
0.08906939625740051
0.07622537016868591
0.08533278107643127
0.017008841037750244
0.0998418927192688
0.06668242812156677
0.015834128484129906
0.009007057175040245
0.035767022520303726
0.027794286608695984
0.4626576900482178
0.5468814373016357
0.3439430594444275
0.45750662684440613
0.16007393598556519
0.242096945643425
0.15870654582977295
0.3367283344268799
0.616282045841217
0.8564882278442383
0.4409114718437195
0.8586167097091675
0.004201227333396673
0.0030937909614294767
0.025805039331316948
0.024316351860761642
0.3092729449272156
0.01542704738676548
0.13645915687084198
0.022681213915348053
0.030382052063941956
0.028256596997380257
0.0862329751253128
0.07340235263109207
0.0812077522277832
0.9088859558105469
0.25188910961151123
0.8960018157958984
0.701287031173706
0.43901535868644714
0.7481736540794373
0.7117317914962769
0.01660577394068241
0.028155092149972916
0.05009889602661133
0.06435716897249222
0.015159073285758495
0.01320965588092804
0.038376256823539734
0.03422120586037636
0.013624030165374279
0.016173802316188812
0.043785106390714645
0.026081649586558342
0.010016166605055332
0.005780959036201239
0.03206693008542061
0.035284530371427536
0.04033520445227623
0.057010866701602936
0.060846056789159775
0.05215214192867279
0.011065680533647537
0.00906426552683115
0.044662266969680786
0.03396057337522507
0.005909988656640053
0.005750273820012808
0.02261831983923912
0.033575013279914856
1.1563565731048584
1.2003215551376343
0.9937877655029297
1.346320390701294
0.005133415572345257
0.003778075333684683
0.04447120055556297
0.016354382038116455
0.9944665431976318
1.0480260848999023
0.7646072506904602
1.0913902521133423
0.01730320416390896
0.023820707574486732
0.061182886362075806
0.045423105359077454
0.030437104403972626
0.039290085434913635
0.043761543929576874
0.024482985958456993
0.13473926484584808
0.0084755327552557
0.049723222851753235
0.015288500115275383
0.27926936745643616
0.016840001568198204
0.04504038766026497
0.023911580443382263
0.01218096911907196
0.01951088383793831
0.07098422199487686
0.060013607144355774
0.02124064415693283
0.007687614765018225
0.07888620346784592
0.06329953670501709
0.005719577893614769
0.0026911653112620115
0.049761369824409485
0.075381800532341
0.47041380405426025
0.009367663413286209
0.3180062472820282
0.0177485141903162
0.4711286723613739
0.012563982978463173
0.7037882208824158
0.0531170591711998
0.013149185106158257
0.027004797011613846
0.04951299726963043
0.060332369059324265
0.013017348945140839
0.01778825744986534
0.040010012686252594
0.032431501895189285
0.01849941723048687
0.018034866079688072
0.052899546921253204
0.029731176793575287
0.004042419604957104
0.031912390142679214
0.03444244712591171
0.060406267642974854
0.03253434598445892
0.013339835219085217
0.1956859678030014
0.024903252720832825
0.02553407847881317
0.022981828078627586
0.08308523893356323
0.05159473419189453
0.1161888986825943
0.2322975993156433
0.31823045015335083
0.6304998397827148
0.043089620769023895
0.2013641595840454
0.1860816329717636
0.45403915643692017
0.01042933575809002
0.014228243380784988
0.031753238290548325
0.02890288084745407
0.03633461520075798
0.11647461354732513
0.14857681095600128
0.4178674519062042
0.003988632000982761
0.003963949158787727
0.05103212594985962
0.020424935966730118
0.006010254845023155
0.00830884464085102
0.0460042767226696
0.07542771100997925
0.015708383172750473
0.007149985060095787
0.036315128207206726
0.032923586666584015
0.017648499459028244
0.018671289086341858
0.05636536329984665
0.062152620404958725
0.03842822089791298
0.03870227187871933
0.05325043201446533
0.042320962995290756
0.002769370563328266
0.007027043960988522
0.05340615659952164
0.038649335503578186
0.08079022169113159
0.03457339107990265
0.09797312319278717
0.02980319783091545
0.004523683805018663
0.007496833335608244
0.07015784829854965
0.05080817639827728
0.0073262727819383144
0.006448599509894848
0.0401630625128746
0.040013715624809265
0.003906003665179014
0.005244754254817963
0.035089053213596344
0.016845272853970528
0.035435281693935394
0.009053567424416542
0.038743019104003906
0.030014347285032272
0.020733438432216644
0.1353205442428589
0.06666550040245056
0.10992473363876343
0.014770692214369774
0.14904043078422546
0.05663324519991875
0.0823080986738205
0.017764095216989517
0.01566554233431816
0.055267974734306335
0.04867946729063988
0.020396851003170013
0.022720817476511
0.08416447043418884
0.07785399258136749
0.013979426585137844
0.005258757621049881
0.08077490329742432
0.05156145617365837
0.41787946224212646
0.3075398802757263
0.2393045723438263
0.3575802743434906
0.001908872276544571
0.002408341970294714
0.06810157001018524
0.04366014897823334
0.013152055442333221
0.005521184764802456
0.08631934225559235
0.037803202867507935
0.04183768108487129
0.032297614961862564
0.6265810132026672
0.44400259852409363
0.009464561939239502
0.005283192731440067
0.038221895694732666
0.0315931998193264
0.0069254618138074875
0.004379866179078817
0.03919520229101181
0.056358110159635544
0.0071901483461260796
0.006790374405682087
0.06130163371562958
0.03506581112742424
0.010673889890313148
0.014563164673745632
0.022278044372797012
0.02383456379175186
0.02510727196931839
0.005511594004929066
0.04518052563071251
0.045029785484075546
0.004787262063473463
0.004729266744107008
0.06840008497238159
0.041683394461870193
0.0074549391865730286
0.003851520363241434
0.09392125904560089
0.060627084225416183
0.0033411048352718353
0.009944388642907143
0.038521815091371536
0.03420054912567139
0.006522515323013067
0.0029217286501079798
0.0364941842854023
0.037234846502542496
0.29720622301101685
0.3161352276802063
0.061566345393657684
0.01932663656771183
0.034782327711582184
0.30724331736564636
0.049837782979011536
0.14786085486412048
0.018977751955389977
0.030730968341231346
0.02588537149131298
0.02821042202413082
0.003893180750310421
0.0023939735256135464
0.09125500172376633
0.07634668052196503
0.06733250617980957
0.0363849475979805
0.1362454891204834
0.09455125033855438
0.008462993428111076
0.008125483989715576
0.032698117196559906
0.0344691276550293
0.009755083359777927
0.0227915458381176
0.045765798538923264
0.041314564645290375
0.9237306118011475
0.9309319853782654
0.8499137759208679
1.042691946029663
0.3661520481109619
0.9762439131736755
0.05442502722144127
0.9209625124931335
0.022480301558971405
0.01415411289781332
0.10673314332962036
0.04658596217632294
0.003128714393824339
0.0027614724822342396
0.032847173511981964
0.040195513516664505
0.032734550535678864
0.02182217314839363
0.04619240388274193
0.024938508868217468
0.21784433722496033
0.16380833089351654
0.3933493494987488
0.47709736227989197
0.03597254306077957
0.2002374231815338
0.05609044432640076
0.2223968505859375
0.007394060492515564
0.009757735766470432
0.04032183438539505
0.05871208757162094
0.9140691161155701
1.159257173538208
0.207245334982872
1.076399803161621
0.013628125190734863
0.009303858503699303
0.04666941985487938
0.03197932243347168
0.006655537988990545
0.009998705238103867
0.03895418345928192
0.02836812101304531
0.03307070955634117
0.05467110499739647
0.05949663370847702
0.04533528536558151
0.021409321576356888
0.029223855584859848
0.022018246352672577
0.029084371402859688
0.008305706083774567
0.034529976546764374
0.024967258796095848
0.031173311173915863
0.02706836722791195
0.0572066567838192
0.06267663091421127
0.04525294899940491
0.6515992879867554
1.0991342067718506
0.4291636645793915
0.9726248979568481
0.47788989543914795
0.35558706521987915
0.3910454213619232
0.24424511194229126
0.006596364080905914
0.003944279160350561
0.0597110390663147
0.0418810211122036
0.18854492902755737
0.9349011778831482
0.19452571868896484
0.9672427773475647
0.12550483644008636
0.005079037044197321
0.01731361821293831
0.012171524576842785
0.018552979454398155
0.011392737738788128
0.03565366938710213
0.02413734421133995
0.022116955369710922
0.012820721603929996
0.029601233080029488
0.026094157248735428
0.001157107064500451
0.001048134989105165
0.05326097458600998
0.034190017729997635
0.095455102622509
0.023618323728442192
0.13165055215358734
0.08111828565597534
0.04365338385105133
0.28145015239715576
0.062070369720458984
0.07588376104831696
0.9361265897750854
1.205513596534729
0.5802575349807739
1.0938596725463867
0.07688359916210175
0.12284497916698456
0.24176621437072754
0.2610461413860321
0.020527051761746407
0.019512150436639786
0.02869965136051178
0.026451896876096725
0.0022535594180226326
0.0017757256282493472
0.059231460094451904
0.03241173177957535
0.07337947934865952
0.4183637499809265
0.23703712224960327
0.3827936351299286
0.0037114587612450123
0.005434852093458176
0.05808752775192261
0.019304629415273666
0.010644085705280304
0.009544029831886292
0.02062290720641613
0.02023628167808056
0.006099708378314972
0.00552725326269865
0.025496304035186768
0.017132751643657684
0.002521511632949114
0.006387150846421719
0.05052242428064346
0.016474733129143715
0.8783878684043884
0.8407468199729919
0.9402967691421509
1.2417094707489014
0.0062971049919724464
0.002453069668263197
0.04047151654958725
0.05795293673872948
0.018469611182808876
0.014786693267524242
0.05747033283114433
0.05802866816520691
0.0030104422476142645
0.0027862763963639736
0.04438110813498497
0.055689796805381775
0.027478903532028198
0.033966563642024994
0.05037945136427879
0.03766439110040665
0.008663847111165524
0.003872477915138006
0.024609405547380447
0.01936780847609043
0.011685870587825775
0.023819327354431152
0.08556173741817474
0.04300206899642944
0.01173451915383339
0.059738799929618835
0.06422238796949387
0.05584138631820679
0.0059381346218287945
0.0040760161355137825
0.04536304995417595
0.056997548788785934
0.004100813064724207
0.0018401406705379486
0.035944607108831406
0.015570653602480888
0.04630449414253235
0.06011942774057388
0.051875658333301544
0.03062635101377964
0.0064054070971906185
0.004062575288116932
0.057628460228443146
0.03829206898808479
0.040491290390491486
0.05344654247164726
0.08790479600429535
0.13953833281993866
0.016268467530608177
0.015365268103778362
0.03431646525859833
0.03452783823013306
0.14607486128807068
0.0721302181482315
0.24393263459205627
0.12269189208745956
0.17857828736305237
0.5261111259460449
0.2139093279838562
0.7553811073303223
0.01850459910929203
0.00663538184016943
0.056672342121601105
0.02588716149330139
0.05161232873797417
0.14127206802368164
0.06355704367160797
0.15808159112930298
0.019063720479607582
0.011946989223361015
0.05444789305329323
0.03889051452279091
0.03569186478853226
0.06601012498140335
0.07973241806030273
0.045886389911174774
0.06144346296787262
0.05749352648854256
0.12849950790405273
0.049376655369997025
0.6468510627746582
0.473673015832901
0.7330744862556458
1.020930528640747
0.025648459792137146
0.12443175166845322
0.11422456800937653
0.21969914436340332
0.023286350071430206
0.013103734701871872
0.04390276223421097
0.042877212166786194
0.010324143804609776
0.01798802614212036
0.06632095575332642
0.062108930200338364
0.00791813712567091
0.018574601039290428
0.022453630343079567
0.020363200455904007
0.021805187687277794
0.5240800976753235
0.091623954474926
0.29881995916366577
1.176162600517273
1.2104755640029907
1.159644365310669
1.414312720298767
0.68748539686203
0.9092759490013123
0.6171673536300659
1.007750153541565
0.016927987337112427
0.013155091553926468
0.05005234479904175
0.03236595541238785
0.005492275580763817
0.006826510187238455
0.08078379184007645
0.05821114778518677
0.025699757039546967
0.04196631908416748
0.06622838228940964
0.04684419929981232
0.007677960675209761
0.0021277819760143757
0.08647218346595764
0.059586528688669205
0.014623004011809826
0.017442259937524796
0.03123610094189644
0.02956399694085121
0.014830099418759346
0.005709055345505476
0.06355968117713928
0.09176348894834518
0.42555367946624756
0.2764733135700226
0.08913212269544601
0.5452104210853577
0.01420666091144085
0.015673182904720306
0.023361679166555405
0.02478383295238018
1.3050997257232666
1.880963683128357
0.9865766167640686
1.4990023374557495
0.004221070557832718
0.005498814862221479
0.04589743912220001
0.028677837923169136
0.06351830810308456
0.389096736907959
0.11421456933021545
0.2696865200996399
0.006307852454483509
0.0034671348985284567
0.04860531538724899
0.039056196808815
0.047194816172122955
0.014544486068189144
0.04237186536192894
0.021855859085917473
0.015893971547484398
0.005651453975588083
0.028133699670433998
0.029747750610113144
1.0427733659744263
1.0315712690353394
0.8095176219940186
1.0091874599456787
0.015245250426232815
0.010549873113632202
0.034015774726867676
0.03796232491731644
0.00802582036703825
0.016451094299554825
0.03956717252731323
0.03738034516572952
0.15251365303993225
0.5525528192520142
0.08823175728321075
0.3607024848461151
0.03099946305155754
0.06888110935688019
0.02502487227320671
0.04636896401643753
0.011121555231511593
0.007397693116217852
0.046408411115407944
0.0364677719771862
0.007161847315728664
0.0032970658503472805
0.07215949147939682
0.1028277799487114
0.02239970490336418
0.004516536835581064
0.025126447901129723
0.017823051661252975
0.01054056640714407
0.4103105664253235
0.047393765300512314
0.11017952859401703
0.037566423416137695
0.09854482859373093
0.042562246322631836
0.041256263852119446
0.11996674537658691
0.011553882621228695
0.4515782296657562
0.0438430979847908
0.004119747318327427
0.004008234478533268
0.09814371168613434
0.09349647164344788
0.9390339851379395
1.0369627475738525
0.24100199341773987
1.8586721420288086
0.01675160601735115
0.024529164656996727
0.019710848107933998
0.02379572205245495
0.023108309134840965
0.041885681450366974
0.03002694994211197
0.03642737865447998
0.6067972183227539
0.6990965008735657
0.3379310667514801
1.6950260400772095
0.9748279452323914
0.8955854773521423
1.0580284595489502
1.0616538524627686
0.01742556132376194
0.00922735221683979
0.0537768118083477
0.04234366863965988
0.005910507868975401
0.0038733361288905144
0.058967817574739456
0.06603273004293442
0.0120590440928936
0.004980965051800013
0.03371177613735199
0.03358837217092514
0.25368356704711914
0.6271553039550781
0.24377988278865814
0.7069283723831177
1.0349164009094238
1.1353034973144531
1.0248173475265503
1.3272323608398438
0.023940932005643845
0.007602324243634939
0.07199538499116898
0.052748970687389374
0.4709923267364502
0.5965958833694458
0.1263430416584015
0.4890793561935425
0.0473235659301281
0.015201951377093792
0.07544540613889694
0.05391755327582359
0.7515103816986084
0.9354548454284668
0.2779833674430847
0.7973554134368896
1.4735506772994995
1.014193058013916
0.6853732466697693
0.6014682650566101
0.7442531585693359
0.8655233383178711
0.9350884556770325
1.1447231769561768
0.015731683000922203
0.017240336164832115
0.05650608241558075
0.04297278821468353
1.4003846645355225
1.4718875885009766
1.020878791809082
1.2171342372894287
0.7844640016555786
0.6619963645935059
1.0455381870269775
1.0300542116165161
0.014276782050728798
0.012294932268559933
0.05396270006895065
0.049855880439281464
0.012700562365353107
0.008768387138843536
0.051629308611154556
0.043278343975543976
0.02392484061419964
0.015645479783415794
0.056593041867017746
0.027611030265688896
0.9458073377609253
0.6888608336448669
0.8181647658348083
1.2171270847320557
0.6697685122489929
0.9672462344169617
0.6526479721069336
1.1706430912017822
0.04129663482308388
0.18727543950080872
0.05622396245598793
0.06981300562620163
0.15867890417575836
0.11580341309309006
0.09476646780967712
0.05209440737962723
0.030220579355955124
0.007704728748649359
0.08729362487792969
0.0817747414112091
0.583733856678009
0.8703973293304443
0.44662851095199585
0.9115329384803772
0.9521679878234863
0.9977986812591553
0.6586178541183472
0.9004442095756531
0.014161705039441586
0.030027225613594055
0.07794669270515442
0.04056145250797272
0.027320243418216705
0.014822263270616531
0.05501754209399223
0.03245801478624344
0.0258052758872509
0.021045377478003502
0.014299600385129452
0.017809389159083366
0.019597645848989487
0.009688882157206535
0.021769143640995026
0.016160426661372185
0.8395743370056152
0.7307795882225037
0.21307460963726044
1.3232698440551758
0.004121067468076944
0.017117174342274666
0.06671898066997528
0.10834552347660065
0.005272680893540382
0.00641239620745182
0.01974819228053093
0.019817350432276726
0.006852598395198584
0.0054555730894207954
0.03421681374311447
0.026320720091462135
0.0039323680102825165
0.0027022541034966707
0.05509679391980171
0.01475201640278101
0.011654451489448547
0.004675421863794327
0.06518860906362534
0.046311311423778534
0.14198987185955048
0.035279013216495514
0.20610131323337555
0.19518794119358063
0.008339891210198402
0.02258334867656231
0.06245897337794304
0.055806390941143036
0.23952169716358185
0.38217222690582275
0.2486620396375656
0.357645183801651
0.02865905687212944
0.012319198809564114
0.02702520415186882
0.0325726643204689
0.007459183223545551
0.009473172947764397
0.022748438641428947
0.023792888969182968
0.005688419099897146
0.013170837424695492
0.014733448624610901
0.018676407635211945
0.008820583112537861
0.0069818561896681786
0.03667866066098213
0.04052256420254707
0.32966479659080505
0.04943345859646797
0.29179060459136963
0.09440857172012329
0.032266974449157715
0.01244436576962471
0.039106085896492004
0.033081285655498505
0.013028234243392944
0.0114317387342453
0.04195799678564072
0.04453031346201897
0.03683711215853691
0.06344306468963623
0.06633969396352768
0.033718813210725784
0.010102098807692528
0.006709297653287649
0.03493937849998474
0.05795840173959732
0.9691451787948608
1.0100107192993164
1.2159721851348877
1.2926743030548096
0.19638311862945557
0.29789936542510986
0.32620254158973694
0.47060292959213257
0.03190767765045166
0.00951455719769001
0.054089371114969254
0.0386919341981411
0.012710022740066051
0.013578974641859531
0.04818977415561676
0.03180918097496033
0.02383381687104702
0.06592493504285812
0.08066913485527039
0.063498854637146
0.018160665407776833
0.026678746566176414
0.045091062784194946
0.03364872187376022
0.011925030499696732
0.008231270126998425
0.061877671629190445
0.02910902351140976
0.015198914334177971
0.011559377424418926
0.09168963134288788
0.021686919033527374
1.0140210390090942
1.1458107233047485
0.7214193344116211
1.0686147212982178
0.29028114676475525
0.2377094328403473
0.12753090262413025
0.051902394741773605
0.012944655492901802
0.010372166521847248
0.057008422911167145
0.05867372825741768
0.019992168992757797
0.019089732319116592
0.04079952836036682
0.026621442288160324
0.011551919393241405
0.018143486231565475
0.047085292637348175
0.025110481306910515
0.013718394562602043
0.004888283554464579
0.06389325857162476
0.052628204226493835
0.009826517663896084
0.006562423892319202
0.060467589646577835
0.04639999568462372
0.0036185889039188623
0.0024638744071125984
0.0682390034198761
0.024279139935970306
0.03146199882030487
0.04437045007944107
0.046460408717393875
0.03500669077038765
0.013126786798238754
0.007066786289215088
0.05877611041069031
0.030210256576538086
0.015461026690900326
0.017139403149485588
0.09880601614713669
0.20307934284210205
0.00593823567032814
0.005950592458248138
0.01665806584060192
0.026586376130580902
0.08383845537900925
0.3777680993080139
0.15564677119255066
0.43109413981437683
0.6080268025398254
0.7974822521209717
0.6920890212059021
1.0199646949768066
0.015464930795133114
0.012765786610543728
0.06243444234132767
0.04475139454007149
0.012238053604960442
0.06671980768442154
0.030393939465284348
0.014012967236340046
0.024506302550435066
0.011838625185191631
0.061218537390232086
0.04449070990085602
0.017216164618730545
0.019601626321673393
0.035581160336732864
0.02105441503226757
0.4733126759529114
0.5061192512512207
0.4879683554172516
0.5461472272872925
1.0124642848968506
0.719184160232544
0.8869335055351257
0.8005737066268921
0.618177056312561
0.3741362690925598
0.2536424398422241
0.34225091338157654
0.1207156553864479
0.0143651831895113
0.11337628215551376
0.0657150149345398
0.017967868596315384
0.030747322365641594
0.1859513372182846
0.30061009526252747
0.11158232390880585
0.04519741237163544
0.06340448558330536
0.04906853288412094
0.010150364600121975
0.00520011130720377
0.035641588270664215
0.03539174795150757
0.9482081532478333
1.0035902261734009
0.18856942653656006
0.7949851751327515
0.07499156147241592
0.004400237929075956
0.02761082351207733
0.025130698457360268
0.00661738496273756
0.004324938170611858
0.030911430716514587
0.03217141330242157
1.0997588634490967
0.9985480904579163
0.8572283983230591
1.0514581203460693
0.004754301160573959
0.0022886539809405804
0.0362623855471611
0.044226761907339096
0.004095303360372782
0.004351461306214333
0.02350625954568386
0.020775901153683662
0.23730817437171936
0.1296585649251938
0.144779235124588
0.09659651666879654
0.293517529964447
0.23247027397155762
0.16170231997966766
0.0681362897157669
0.8258432745933533
0.6295588612556458
0.40750616788864136
0.2997371256351471
0.025619234889745712
0.039788052439689636
0.06827971339225769
0.04268737882375717
0.025217723101377487
0.0295712947845459
0.05204719305038452
0.0640706717967987
0.9799734950065613
0.9295625686645508
0.20217585563659668
0.519973874092102
0.004531776066869497
0.0066457707434892654
0.03702879697084427
0.030835522338747978
0.002875278238207102
0.0033089069183915854
0.11664662510156631
0.02933444269001484
0.010700362734496593
0.005385278258472681
0.07716692984104156
0.04110328480601311
0.031582191586494446
0.31892749667167664
0.09703503549098969
0.3122692108154297
0.07103727757930756
0.04846401512622833
0.04324153810739517
0.03587016463279724
0.006786230020225048
0.04625461623072624
0.05883759260177612
0.07320965826511383
1.088134527206421
0.7492372989654541
0.8763291835784912
0.7473083734512329
0.00546930730342865
0.005778771359473467
0.049032509326934814
0.032117798924446106
0.009386046789586544
0.014996655285358429
0.03744448721408844
0.03481700271368027
0.00965840369462967
0.003833736991509795
0.07710608839988708
0.045424070209264755
1.0981395244598389
0.6711549162864685
0.6951386332511902
0.5774686336517334
0.007382416166365147
0.004080602899193764
0.018367445096373558
0.026305293664336205
0.010842585004866123
0.00916643813252449
0.02408169023692608
0.030086355283856392
0.014498410746455193
0.030093280598521233
0.04370361566543579
0.02883804216980934
0.004444924183189869
0.009459743276238441
0.07319850474596024
0.05661869794130325
0.023863933980464935
0.017135826870799065
0.05386367440223694
0.057225994765758514
0.013639348559081554
0.0035481236409395933
0.059082698076963425
0.062331005930900574
0.0056746955960989
0.003348344936966896
0.021391568705439568
0.01527874544262886
0.08565165847539902
0.24249188601970673
0.06725069880485535
0.09889788925647736
0.007556685712188482
0.014250519685447216
0.03079904243350029
0.04062461480498314
0.006052400916814804
0.017034919932484627
0.01690642163157463
0.01515487115830183
0.1280737966299057
0.0855894461274147
0.245461568236351
0.28447169065475464
0.008484793826937675
0.006048724055290222
0.07511336356401443
0.050618160516023636
0.9949128031730652
0.45638760924339294
0.45813173055648804
0.305716872215271
0.009443679824471474
0.007074045483022928
0.11720483750104904
0.09244213253259659
1.0610060691833496
1.2458631992340088
0.8972090482711792
1.278308391571045
0.005701284855604172
0.0024232123978435993
0.03190398961305618
0.027425486594438553
0.0025264432188123465
0.005132589489221573
0.081122025847435
0.023449502885341644
0.6738197207450867
0.39640939235687256
0.6628667712211609
0.4913202226161957
0.021397989243268967
0.08772959560155869
0.12786851823329926
0.4252285361289978
0.19505588710308075
0.9318000674247742
0.33543795347213745
0.8472756147384644
0.2834897041320801
0.7068350315093994
0.1278412789106369
0.42540642619132996
0.01640387810766697
0.00879360269755125
0.050527140498161316
0.0514431893825531
1.0453073978424072
1.2947670221328735
0.8135284185409546
1.1785509586334229
0.012935789301991463
0.01458661537617445
0.03666622191667557
0.04950764402747154
0.013418515212833881
0.022802874445915222
0.07678797096014023
0.1514200121164322
0.01038398314267397
0.009537496604025364
0.035620421171188354
0.03413655236363411
0.5015533566474915
0.9202954173088074
0.2523174285888672
0.8570508360862732
0.03916236758232117
0.10937272757291794
0.11246933788061142
0.08779790252447128
0.07010088115930557
0.03114122338593006
0.11497317999601364
0.06963040679693222
0.016590354964137077
0.015791984274983406
0.033097267150878906
0.02842051535844803
0.20212247967720032
0.012653066776692867
0.07586850970983505
0.029379067942500114
0.0020184065215289593
0.0016093431040644646
0.08071798086166382
0.08854064345359802
0.6879888772964478
1.0567405223846436
0.30951806902885437
0.9866307377815247
0.006880087312310934
0.009366179816424847
0.022960571572184563
0.019583696499466896
0.006070663221180439
0.005333657842129469
0.03185685724020004
0.024146925657987595
0.01610676944255829
0.005680111702531576
0.02643730491399765
0.03687060624361038
0.0026420322246849537
0.0027255378663539886
0.0349091961979866
0.03131605312228203
0.04754979535937309
0.18255504965782166
0.1362820863723755
0.16254661977291107
1.0771774053573608
1.0916060209274292
1.0638163089752197
1.2433844804763794
0.008426646701991558
0.0049377200193703175
0.03938977047801018
0.03598184883594513
0.018712017685174942
0.025491317734122276
0.047905221581459045
0.0398266576230526
0.003937733359634876
0.004173492081463337
0.06949596852064133
0.04135525971651077
0.04216590151190758
0.29658955335617065
0.09490732848644257
0.2452838122844696
1.0982695817947388
1.013370156288147
1.0225820541381836
1.0027976036071777
0.026253053918480873
0.14809858798980713
0.05438285693526268
0.0322907418012619
0.009091079235076904
0.017111603170633316
0.06986183673143387
0.04336623474955559
0.943787693977356
0.5290316343307495
0.7692495584487915
0.7102731466293335
0.866403341293335
0.5975691676139832
0.4922941029071808
0.5433224439620972
0.05067331716418266
0.6534585952758789
0.10988049954175949
0.5101115703582764
1.0861819982528687
0.5287662148475647
0.2652547061443329
0.30127325654029846
0.0022628572769463062
0.0017777865286916494
0.03404359519481659
0.02249075286090374
0.00752850528806448
0.009267181158065796
0.039010338485240936
0.02264309488236904
0.014748075045645237
0.004921515006572008
0.05157661810517311
0.03418958559632301
0.056458208709955215
0.30604037642478943
0.04705503210425377
0.0687001422047615
0.03284555673599243
0.03921574354171753
0.11256038397550583
0.0500829741358757
0.011221589520573616
0.015549885109066963
0.06422680616378784
0.03920358419418335
0.02908051759004593
0.011992641724646091
0.0441373847424984
0.025446169078350067
0.018447458744049072
0.0416233204305172
0.05847330018877983
0.04040355607867241
0.006087263114750385
0.005302611738443375
0.03468535095453262
0.02362116612493992
0.2410690188407898
0.13297554850578308
0.06282874196767807
0.03976328298449516
1.3154480457305908
1.0898433923721313
1.2460637092590332
1.157084584236145
0.07258555293083191
0.05593287572264671
0.06950005143880844
0.08888467401266098
1.03795325756073
0.6434746980667114
0.4883897304534912
0.5182125568389893
0.007885580882430077
0.029562871903181076
0.04834211990237236
0.05154789239168167
0.024048304185271263
0.034965794533491135
0.0646442323923111
0.05194801837205887
0.015163807198405266
0.02297256514430046
0.03396204859018326
0.026746053248643875
0.0017079710960388184
0.0016720839776098728
0.05034666508436203
0.033301666378974915
0.011493104510009289
0.012771683745086193
0.06238121539354324
0.031655725091695786
0.03975020721554756
0.008177245035767555
0.09408731013536453
0.029255740344524384
0.02441798709332943
0.007302887737751007
0.025484368205070496
0.023311849683523178
0.004471011459827423
0.006853431463241577
0.07771863788366318
0.03332608938217163
0.8620632886886597
0.812026858329773
1.0155909061431885
0.7525399923324585
0.009116170927882195
0.009142134338617325
0.06462052464485168
0.04534180089831352
0.04036281257867813
0.2639695107936859
0.14732275903224945
0.5098459720611572
0.05560458451509476
0.01628393493592739
0.15104840695858002
0.034245941787958145
0.015198100358247757
0.023808619007468224
0.03981355205178261
0.03302349895238876
0.010087880305945873
0.01308442559093237
0.048963870853185654
0.0428631566464901
0.01747756078839302
0.007979986257851124
0.030560139566659927
0.029504094272851944
0.4503956139087677
0.03763975575566292
0.2838205397129059
0.025828082114458084
0.020865321159362793
0.01652577891945839
0.03712307661771774
0.031035354360938072
0.021612253040075302
0.0090872161090374
0.03419582173228264
0.020304039120674133
0.021003738045692444
0.00747061800211668
0.06859896332025528
0.06839350610971451
0.02268030494451523
0.019826248288154602
0.033770568668842316
0.025370070710778236
1.2988640069961548
1.1054539680480957
1.066293478012085
0.9833133816719055
0.021977219730615616
0.010801244527101517
0.04253903031349182
0.013944494538009167
0.00458297086879611
0.003917899448424578
0.04606512933969498
0.057296186685562134
0.20894770324230194
0.011115942150354385
0.20214834809303284
0.022601203992962837
0.004623354412615299
0.005476283375173807
0.04238293692469597
0.03010450303554535
0.0161781907081604
0.017678827047348022
0.04815630614757538
0.043403562158346176
0.00703421188518405
0.003775295801460743
0.030449550598859787
0.01790616661310196
0.01755279116332531
0.022371884435415268
0.04241105914115906
0.0241541787981987
0.01414845697581768
0.010859004221856594
0.037138983607292175
0.03244761377573013
0.009519017301499844
0.004081582184880972
0.04713055491447449
0.026531346142292023
0.003665484255179763
0.006413573399186134
0.05681770294904709
0.04355251416563988
0.010387475602328777
0.01276735495775938
0.01966460421681404
0.026608210057020187
0.0028475341387093067
0.001461158855818212
0.12264284491539001
0.08655509352684021
0.02500208467245102
0.02236623875796795
0.03247885778546333
0.02047937735915184
0.7321916222572327
0.6198441386222839
0.17008119821548462
0.07967951893806458
0.021233944222331047
0.02571502886712551
0.035626135766506195
0.03198181837797165
0.006041828542947769
0.005488354712724686
0.06907790899276733
0.04925620183348656
0.011921186000108719
0.0065056816674768925
0.06347749382257462
0.01995384320616722
1.0816850662231445
0.5864503383636475
1.2933400869369507
0.8354058265686035
0.9145249724388123
1.1860904693603516
0.5585545897483826
1.1042141914367676
0.017460551112890244
0.00964428298175335
0.04885876923799515
0.039239805191755295
0.7058107852935791
1.0107067823410034
0.3127951920032501
0.8665018081665039
0.017243986949324608
0.019513390958309174
0.04518408328294754
0.042428746819496155
0.006246533710509539
0.003108490724116564
0.04322376847267151
0.03527963161468506
0.02300497144460678
0.028485935181379318
0.05769084393978119
0.03812984377145767
0.017416516318917274
0.02237703464925289
0.04690290614962578
0.042294394224882126
0.004693164955824614
0.004396179690957069
0.03796154260635376
0.04339023679494858
0.14380806684494019
0.3216036558151245
0.16361384093761444
0.15414565801620483
0.022571807727217674
0.029202140867710114
0.05117177590727806
0.037628062069416046
0.7200945615768433
0.39600998163223267
0.4596728980541229
0.4008809030056
0.015506992116570473
0.0048715416342020035
0.026232995092868805
0.019299106672406197
0.010277222841978073
0.013702305033802986
0.05829625576734543
0.02848873659968376
0.06828334927558899
0.301829069852829
0.13178613781929016
0.5214830636978149
0.30504393577575684
0.13689957559108734
0.14234241843223572
0.08771445602178574
0.023716187104582787
0.025074763223528862
0.040868159383535385
0.04151057079434395
0.008976858109235764
0.0127144455909729
0.08638989180326462
0.03683110326528549
0.0036518764682114124
0.004152208101004362
0.04688205569982529
0.04518134891986847
0.07453879714012146
0.11748632788658142
0.08170781284570694
0.04716522991657257
0.01822815276682377
0.03123581036925316
0.06239975988864899
0.06489802896976471
0.010361695662140846
0.03280331939458847
0.07017017900943756
0.03673079237341881
0.3596718907356262
0.3921895921230316
0.236009418964386
0.2926144599914551
0.01170789822936058
0.006259237416088581
0.029937174171209335
0.02480822056531906
1.1026856899261475
0.8444970846176147
0.4805625379085541
0.5615659952163696
1.2623403072357178
1.0490515232086182
1.1275854110717773
1.076574683189392
0.014909246936440468
0.4424305558204651
0.0908110961318016
0.42024874687194824
0.008881943300366402
0.00787034910172224
0.07276051491498947
0.08151595294475555
0.0502321682870388
0.03974767401814461
0.06485769152641296
0.04638620465993881
0.0056219203397631645
0.006313808262348175
0.037054479122161865
0.033745668828487396
0.015310446731746197
0.007763493340462446
0.0423649400472641
0.04219287633895874
0.006544049829244614
0.016058284789323807
0.055481649935245514
0.0803956687450409
0.014932761900126934
0.013226817362010479
0.02571738325059414
0.02017330192029476
0.03585705906152725
0.03293588012456894
0.09097405523061752
0.11458747088909149
0.005242225714027882
0.013725644908845425
0.0720042884349823
0.05116267502307892
0.022968469187617302
0.020758047699928284
0.0402076430618763
0.039744630455970764
0.009815273806452751
0.008568909019231796
0.037239279597997665
0.03796735405921936
0.012887190096080303
0.00818357802927494
0.042470723390579224
0.041167303919792175
0.009990081191062927
0.021334107965230942
0.0990288257598877
0.06921299546957016
0.0053094616159796715
0.006602048873901367
0.03137374296784401
0.028634844347834587
0.011745909228920937
0.021121174097061157
0.02592581883072853
0.021492786705493927
0.925383448600769
0.8066035509109497
0.9695791006088257
1.0968971252441406
0.1275831162929535
0.05212891846895218
0.049493901431560516
0.022696129977703094
1.2427752017974854
1.1356552839279175
1.1276183128356934
1.133988857269287
0.3579506278038025
0.3988613486289978
0.62281733751297
0.7906610369682312
0.04159414395689964
0.026749949902296066
0.09116555750370026
0.038235947489738464
0.021790679544210434
0.037887025624513626
0.020616568624973297
0.04929210990667343
0.008720414713025093
0.014836023561656475
0.04869213327765465
0.02532445453107357
0.019026217982172966
0.009170467965304852
0.07301027327775955
0.08676706254482269
0.0028847961220890284
0.0020595446694642305
0.10005195438861847
0.07303494215011597
0.010146496817469597
0.012012186460196972
0.024129895493388176
0.025238124653697014
1.1549596786499023
1.147810459136963
0.9422932863235474
1.127663016319275
0.03253775089979172
0.072300024330616
0.03900711238384247
0.0850679874420166
0.0030079595744609833
0.007417820394039154
0.028669919818639755
0.02470870316028595
0.009809889830648899
0.005581660196185112
0.04196552187204361
0.027431238442659378
0.19256488978862762
0.4029262661933899
0.08286448568105698
0.03963972628116608
0.0043822238221764565
0.003858025651425123
0.028843536972999573
0.013475155457854271
0.8187363147735596
0.7154693603515625
0.1487220823764801
0.6417086124420166
0.5698079466819763
0.5449795722961426
0.1678428053855896
0.32213208079338074
0.10927918553352356
0.08168138563632965
0.15201705694198608
0.06897430121898651
0.14275141060352325
0.0683593600988388
0.13511700928211212
0.06638170778751373
0.08066801726818085
0.32920578122138977
0.0994272530078888
0.28330010175704956
0.010132013820111752
0.06800591200590134
0.09975775331258774
0.16247069835662842
0.014283638447523117
0.026538340374827385
0.02951629087328911
0.10870008170604706
0.005768857430666685
0.022537102922797203
0.03768549859523773
0.046259522438049316
0.21854904294013977
0.34781092405319214
0.3165038824081421
0.4386782646179199
0.004197811707854271
0.005887707695364952
0.050444915890693665
0.03909933567047119
0.03188727796077728
0.02950068935751915
0.08924593776464462
0.05384615808725357
0.0038115184288471937
0.0156861525028944
0.08248307555913925
0.08348351716995239
0.032848406583070755
0.006728337146341801
0.08398620039224625
0.05368750914931297
0.013967908918857574
0.01974821463227272
0.029838822782039642
0.041102565824985504
0.32450738549232483
0.015225389041006565
0.028072426095604897
0.01969224028289318
0.21861517429351807
0.027902528643608093
0.494873970746994
0.0702480599284172
0.825853168964386
0.6032545566558838
0.5780980587005615
0.6640787124633789
0.4852473735809326
0.5751532316207886
0.17678289115428925
0.7013521194458008
0.023434607312083244
0.014952945522964
0.040591221302747726
0.028922397643327713
0.406040757894516
0.7224799990653992
0.13827599585056305
0.5525976419448853
0.02527022920548916
0.005700225941836834
0.06677912920713425
0.07410676032304764
0.008025472983717918
0.008414158597588539
0.05370071530342102
0.033418919891119
0.006401334889233112
0.008437447249889374
0.042908862233161926
0.05780990421772003
0.013205228373408318
0.0048168497160077095
0.03720841556787491
0.03803950175642967
0.008482532575726509
0.02092762291431427
0.07088502496480942
0.07244767993688583
0.018880421295762062
0.059233248233795166
0.05998890846967697
0.0370454415678978
0.03538129851222038
0.10215950757265091
0.12797048687934875
0.3253295421600342
0.017275743186473846
0.0418870709836483
0.03518444299697876
0.051901012659072876
0.003310592845082283
0.012732276692986488
0.02867061085999012
0.01995880901813507
0.012408426031470299
0.03823551535606384
0.04559556394815445
0.038728535175323486
0.021050458773970604
0.03540560230612755
0.0890275239944458
0.05905528366565704
0.08530871570110321
0.06870342791080475
0.20066975057125092
0.2275952398777008
0.003382351016625762
0.0035234945826232433
0.050455864518880844
0.05985354632139206
0.011526515707373619
0.013910070061683655
0.021534442901611328
0.027333207428455353
0.011956790462136269
0.020291170105338097
0.029101690277457237
0.026164788752794266
0.005868821404874325
0.0048757279291749
0.02901650220155716
0.015728365629911423
0.016200803220272064
0.025046298280358315
0.02125740796327591
0.013887508772313595
0.15730023384094238
0.2826833724975586
0.28311488032341003
0.5656959414482117
0.03741099685430527
0.05028604716062546
0.09787856042385101
0.16665466129779816
0.019175920635461807
0.0429801344871521
0.02157023921608925
0.030857285484671593
0.013260437175631523
0.019900638610124588
0.09068527072668076
0.05605275183916092
0.0027190567925572395
0.005211062729358673
0.047836851328611374
0.020153023302555084
0.011511149816215038
0.008347446098923683
0.029156401753425598
0.019258473068475723
0.4925650954246521
1.1152362823486328
0.19572024047374725
0.8955184817314148
0.02985949069261551
0.017999250441789627
0.03746356815099716
0.026347091421484947
0.47603100538253784
0.31099024415016174
0.39320802688598633
0.23910942673683167
0.8411846160888672
0.8198209404945374
1.0623184442520142
1.302393913269043
0.9558517932891846
0.5643551349639893
0.5816357135772705
0.5396209359169006
0.01080315001308918
0.0043914178386330605
0.041004031896591187
0.030142629519104958
0.01612439565360546
0.006747306324541569
0.043511174619197845
0.029235150665044785
0.01644301973283291
0.010496672242879868
0.09153159707784653
0.036495037376880646
0.016281789168715477
0.008200818672776222
0.040950775146484375
0.033345144242048264
0.030947616323828697
0.02609594725072384
0.0803493857383728
0.023222794756293297
0.004902851302176714
0.004998203366994858
0.07867484539747238
0.06647238880395889
0.012358691543340683
0.012030476704239845
0.052735861390829086
0.025002894923090935
0.5978677272796631
1.0550681352615356
0.24585726857185364
0.9357365965843201
1.3123174905776978
1.1014782190322876
1.1534175872802734
1.032227873802185
0.003327334998175502
0.003368003061041236
0.049267496913671494
0.041647642850875854
0.06266035884618759
0.05182800441980362
0.10019528120756149
0.07387015223503113
0.05023255944252014
0.041928283870220184
0.04945573955774307
0.023814095184206963
0.008727002888917923
0.010595030151307583
0.06750300526618958
0.05879850313067436
0.46679526567459106
0.555044412612915
0.41338199377059937
0.6755781173706055
1.0547490119934082
0.7851606011390686
0.9416826963424683
1.2063045501708984
0.8193619847297668
0.9851044416427612
0.7137604355812073
1.028407096862793
0.052474383264780045
0.04117570444941521
0.14963093400001526
0.09049718081951141
0.004382275976240635
0.005026494152843952
0.04431974142789841
0.02796684019267559
0.0047703152522444725
0.0037312456406652927
0.027123671025037766
0.02937478944659233
0.04630711302161217
0.028212029486894608
0.125218465924263
0.04085299372673035
0.916899561882019
1.256003975868225
0.7500375509262085
1.2144129276275635
0.014982616528868675
0.018207276239991188
0.022558709606528282
0.02020025998353958
0.004943618085235357
0.005500473082065582
0.034113384783267975
0.032163914293050766
0.4978264570236206
0.7767505645751953
0.06539884954690933
0.31688061356544495
0.008080484345555305
0.00937648769468069
0.05993371456861496
0.050236865878105164
0.023243725299835205
0.028228921815752983
0.056536849588155746
0.08889186382293701
0.0055787949822843075
0.0037052298430353403
0.08007482439279556
0.04006585106253624
0.005654332228004932
0.005463100504130125
0.024686463177204132
0.017039312049746513
0.00504855252802372
0.007316527422517538
0.11210931837558746
0.09446272253990173
0.009965493343770504
0.005503627005964518
0.06391457468271255
0.03513884171843529
1.2838433980941772
1.2266780138015747
0.7491784691810608
1.0006269216537476
0.00861193984746933
0.00971972569823265
0.021298479288816452
0.01863691955804825
0.02777201496064663
0.2723063826560974
0.11755222082138062
0.23974937200546265
0.016485344618558884
0.011541124433279037
0.07249142974615097
0.07654285430908203
0.06395688652992249
0.13311518728733063
0.10616900771856308
0.11109620332717896
0.0075152283534407616
0.012161231599748135
0.08187887072563171
0.08456234633922577
0.00323680997826159
0.0020332257263362408
0.0564633384346962
0.01733020506799221
0.0047720083966851234
0.0050762370228767395
0.0806686282157898
0.09811180084943771
0.7401617169380188
0.8523938059806824
0.34116441011428833
0.7901290059089661
0.014026554301381111
0.007704056333750486
0.03333573043346405
0.01728300377726555
0.0034218595828861
0.0023696559946984053
0.06916163861751556
0.05752783641219139
0.1763937622308731
0.006915839854627848
0.0612076073884964
0.03352898359298706
0.13273608684539795
0.04201263561844826
0.04295945540070534
0.02211727388203144
0.005286062601953745
0.0056129940785467625
0.04735182970762253
0.05631333589553833
0.026263965293765068
0.008250992745161057
0.025327157229185104
0.026138443499803543
0.008193260058760643
0.03214181959629059
0.042171552777290344
0.04031497985124588
0.020364996045827866
0.02847670018672943
0.04570828005671501
0.031237255781888962
0.010279141366481781
0.005874006077647209
0.0921991616487503
0.06389120221138
0.021458029747009277
0.03231726586818695
0.07912956178188324
0.06371381133794785
0.3825173079967499
0.056000106036663055
0.04287581890821457
0.03312376141548157
0.1503589153289795
0.021763797849416733
0.056805726140737534
0.03284718468785286
0.011367212049663067
0.01914983242750168
0.024060256779193878
0.03697585314512253
0.01867540180683136
0.024534273892641068
0.05004974827170372
0.05202258378267288
0.01581491529941559
0.010186910629272461
0.0644364207983017
0.05473014712333679
0.004989602603018284
0.008745938539505005
0.0196467824280262
0.02791091799736023
0.013161474838852882
0.014946892857551575
0.04135362058877945
0.046652596443891525
0.39251983165740967
0.30901193618774414
0.3643608093261719
0.4737144708633423
0.034670423716306686
0.053717341274023056
0.0511745810508728
0.03713947534561157
0.012674721889197826
0.014474419876933098
0.03616277873516083
0.021757718175649643
0.011950709857046604
0.005585989449173212
0.07449351251125336
0.09072541445493698
0.0030658605974167585
0.00888599269092083
0.05887213349342346
0.02385714463889599
1.0029174089431763
1.0736274719238281
0.9448351860046387
1.1251965761184692
0.0022887748200446367
0.003644489450380206
0.038064099848270416
0.026330016553401947
0.012522595934569836
0.010994425043463707
0.04088834300637245
0.03119565173983574
0.004207927267998457
0.006864525377750397
0.03459587320685387
0.018337761983275414
0.23395083844661713
0.2564704418182373
0.029215717688202858
0.016650652512907982
0.01328679732978344
0.011080296710133553
0.020886732265353203
0.027489442378282547
0.03421419858932495
0.053703658282756805
0.07774814963340759
0.08998437225818634
0.05583629757165909
0.23935668170452118
0.08771412074565887
0.19630353152751923
0.5593017935752869
0.7528051733970642
0.5834629535675049
0.8570119738578796
0.00798457395285368
0.004805399104952812
0.06009656935930252
0.04764910042285919
0.0025204652920365334
0.0032402286306023598
0.033809613436460495
0.035410523414611816
0.43872180581092834
0.7955190539360046
0.09423820674419403
0.5965527892112732
0.20123529434204102
0.13737507164478302
0.13139304518699646
0.08637993782758713
0.8407906889915466
0.5727974772453308
0.33512961864471436
0.33209124207496643
0.013050910085439682
0.026456693187355995
0.09974748641252518
0.05985530465841293
0.0034593951422721148
0.004332178272306919
0.056154120713472366
0.021459855139255524
0.09781007468700409
0.19101929664611816
0.3607322871685028
0.29978126287460327
1.1231632232666016
1.1317145824432373
0.6424773335456848
1.0965099334716797
1.1257519721984863
1.035010576248169
0.832770586013794
1.1787315607070923
0.13473063707351685
0.03480160981416702
0.18162493407726288
0.12270331382751465
0.06927477568387985
0.13987654447555542
0.16222262382507324
0.29011523723602295
1.232835054397583
1.2298564910888672
1.1323221921920776
1.3740248680114746
0.004498178604990244
0.0028361498843878508
0.0474381148815155
0.0598999559879303
0.05789564177393913
0.007745725568383932
0.11580520123243332
0.032174017280340195
0.008769365027546883
0.012358162552118301
0.044301144778728485
0.02909589372575283
0.21832303702831268
0.16018781065940857
0.22493168711662292
0.19735205173492432
0.016273856163024902
0.03862611576914787
0.06485214829444885
0.05854754522442818
0.011427965946495533
0.035274822264909744
0.09632578492164612
0.2612748444080353
0.006689692847430706
0.009685823693871498
0.024143505841493607
0.02300359681248665
0.0018036514520645142
0.0019469702383503318
0.016438525170087814
0.013003080151975155
0.0053961146622896194
0.005208703223615885
0.04501118138432503
0.05234472081065178
0.9495512843132019
1.05000901222229
0.6809083819389343
0.9949434995651245
0.015188350342214108
0.008056730963289738
0.044555630534887314
0.027881070971488953
0.5229624509811401
0.9351242780685425
0.4443664252758026
0.9445993900299072
0.2610275149345398
0.5973405838012695
0.1059482991695404
0.43144091963768005
0.006946002598851919
0.015067437663674355
0.09872657060623169
0.05037938058376312
0.056363727897405624
0.16809995472431183
0.08629640936851501
0.060080114752054214
0.019092116504907608
0.025600425899028778
0.07767483592033386
0.046185486018657684
0.030407508835196495
0.007610599510371685
0.09066922962665558
0.04903025925159454
0.026857931166887283
0.06577654182910919
0.03598445653915405
0.046416908502578735
0.8646584749221802
1.1931402683258057
0.39458227157592773
1.074368953704834
0.015956951305270195
0.005547495558857918
0.07728220522403717
0.034415289759635925
0.7336557507514954
0.880073070526123
0.9633464217185974
1.116816759109497
0.05454098433256149
0.7924327254295349
0.27358362078666687
1.0619237422943115
0.11380338668823242
0.08764594793319702
0.13702096045017242
0.09429419040679932
0.9424020051956177
1.1872683763504028
0.8632680773735046
1.2368861436843872
0.004567515105009079
0.007837844081223011
0.02187514863908291
0.015859439969062805
0.004845303483307362
0.002988212276250124
0.041117776185274124
0.030039487406611443
0.028656046837568283
0.04778919368982315
0.04656839370727539
0.03155042231082916
0.01601286418735981
0.020840048789978027
0.031453777104616165
0.01585410162806511
0.10539999604225159
0.02375699393451214
0.04263909161090851
0.03285098820924759
0.007908344268798828
0.009816991165280342
0.031440749764442444
0.025587929412722588
0.005340267438441515
0.003235158510506153
0.04032561555504799
0.05020861327648163
0.010472630150616169
0.010175342671573162
0.04705285653471947
0.03126312419772148
0.005711918231099844
0.009371818974614143
0.026542305946350098
0.014928888529539108
0.003470339346677065
0.002582317218184471
0.03262225538492203
0.022992193698883057
0.20112191140651703
0.4350777268409729
0.05076735466718674
0.15353474020957947
0.013086962513625622
0.008746008388698101
0.05554939806461334
0.05312098190188408
0.015118340030312538
0.008535709232091904
0.10073813796043396
0.08644243329763412
0.014223411679267883
0.011192543432116508
0.02982933819293976
0.02702285163104534
0.019884031265974045
0.028456274420022964
0.026380348950624466
0.016608508303761482
0.39705127477645874
0.015312926843762398
0.2827664911746979
0.0163711067289114
0.7150269746780396
0.4675084948539734
0.3788129985332489
0.4770701825618744
0.008833191357553005
0.010151882655918598
0.05303468927741051
0.028937537223100662
0.23928874731063843
0.015302536077797413
0.12807190418243408
0.03654801473021507
0.037022143602371216
0.13466595113277435
0.0637926235795021
0.20003873109817505
0.023790908977389336
0.04569946229457855
0.06184343248605728
0.04567421227693558
0.008136090822517872
0.005554981529712677
0.05657053738832474
0.024370670318603516
0.00649873586371541
0.004698191769421101
0.04179011657834053
0.03668301925063133
0.011911775916814804
0.010779871605336666
0.019312545657157898
0.02261095494031906
0.03185815364122391
0.13133347034454346
0.2946632206439972
0.5415856838226318
0.8823343515396118
0.8528285026550293
0.8403493762016296
0.9513554573059082
0.00418153777718544
0.017642512917518616
0.053178347647190094
0.060205306857824326
0.13342764973640442
0.5011632442474365
0.17591041326522827
0.6662780046463013
0.038523416966199875
0.022663507610559464
0.035903871059417725
0.029817238450050354
0.003271010471507907
0.0045605869963765144
0.031934984028339386
0.029134005308151245
0.5715002417564392
0.5726029872894287
0.6708604693412781
1.0941752195358276
0.02534923516213894
0.052275728434324265
0.04266935586929321
0.04588399827480316
0.7723246812820435
0.5022942423820496
0.3588330149650574
0.34887200593948364
0.7561504244804382
0.8286715149879456
0.15239447355270386
0.43395888805389404
1.0280139446258545
0.7465366125106812
1.1262328624725342
0.9358619451522827
0.915611207485199
0.8479043841362
0.8996216058731079
0.6543477773666382
0.06463770568370819
0.02927490696310997
0.1524888426065445
0.09275650233030319
0.0026208776980638504
0.004531933460384607
0.028188038617372513
0.01641850732266903
0.006630515679717064
0.009968056343495846
0.08293336629867554
0.04404956474900246
1.0601640939712524
1.167163372039795
0.856621503829956
1.0881168842315674
0.5793721675872803
0.05248863995075226
0.8329132795333862
0.4379419982433319
0.009695449844002724
0.010159365832805634
0.04237150400876999
0.039259009063243866
0.21743279695510864
0.6291083693504333
0.24670514464378357
0.761117160320282
0.006461549550294876
0.0039772409945726395
0.03503832221031189
0.028108544647693634
0.011215324513614178
0.018513081595301628
0.023517055436968803
0.024176394566893578
0.0189162939786911
0.027187613770365715
0.03320663794875145
0.06666509062051773
0.007946494035422802
0.0032542464323341846
0.038511186838150024
0.027553832158446312
0.01764596812427044
0.017155196517705917
0.05449119955301285
0.045694299042224884
0.0051714456640183926
0.007101879455149174
0.1244613453745842
0.04564030095934868
0.023746250197291374
0.033924952149391174
0.02960306406021118
0.04539435729384422
0.004845414310693741
0.0038865325041115284
0.063404381275177
0.04396938532590866
0.05493813753128052
0.06347917765378952
0.07982389628887177
0.05277187377214432
0.006634085439145565
0.012164292857050896
0.06932221353054047
0.07749135047197342
0.048678845167160034
0.22874020040035248
0.17195264995098114
0.2333725094795227
0.008256981149315834
0.019748181104660034
0.02096821926534176
0.01860501617193222
0.00433358596637845
0.0027136884164065123
0.07044496387243271
0.0916403979063034
0.03861565887928009
0.03320237621665001
0.04738197475671768
0.040146976709365845
0.041952259838581085
0.01650698110461235
0.07799931615591049
0.05161278322339058
1.140080213546753
0.6318789124488831
0.2561858892440796
0.3946448266506195
0.5446944236755371
0.6500089764595032
0.10044360160827637
0.20588617026805878
0.004100209567695856
0.003230207832530141
0.06187860667705536
0.024747179821133614
0.4994623363018036
0.4088897407054901
0.127093106508255
0.14920413494110107
0.8881626129150391
1.0142301321029663
0.6779842376708984
1.0380642414093018
0.7877866625785828
0.7904093265533447
0.2831418812274933
0.8953763842582703
0.007993189617991447
0.009311089292168617
0.06586164236068726
0.028140505775809288
0.011200301349163055
0.21449588239192963
0.06071003898978233
0.3206878900527954
0.645866870880127
0.8186530470848083
0.3385733366012573
0.777260959148407
0.010018598288297653
0.016710190102458
0.04869246110320091
0.04038923978805542
0.8289861083030701
0.7801170349121094
0.9631434679031372
1.2457857131958008
0.019416451454162598
0.016038816422224045
0.04823410511016846
0.05910935625433922
0.0038814253639429808
0.006787408143281937
0.03576227277517319
0.05387399345636368
1.0810813903808594
1.0395910739898682
0.9680947661399841
1.1085541248321533
0.01173822395503521
0.013081992045044899
0.03271816670894623
0.0471561923623085
0.007088409271091223
0.003615554189309478
0.024730980396270752
0.035549890249967575
0.015108251944184303
0.005697227083146572
0.037665955722332
0.03945676609873772
0.4825281500816345
0.49972033500671387
0.10066467523574829
0.25154268741607666
0.007894614711403847
0.0028496929444372654
0.040714580565690994
0.025590484961867332
0.005158860236406326
0.0025077653117477894
0.09537442773580551
0.06155947595834732
0.049784161150455475
0.02999964915215969
0.13608390092849731
0.3241655230522156
0.035657431930303574
0.268535315990448
0.0715588927268982
0.41723594069480896
0.005556121468544006
0.0078622717410326
0.06598533689975739
0.047363292425870895
0.01688280701637268
0.010297545231878757
0.09999597072601318
0.06324531137943268
0.0033020961564034224
0.011801223270595074
0.06352366507053375
0.04166112840175629
0.03341854736208916
0.050779230892658234
0.06262889504432678
0.023623136803507805
0.532593846321106
0.4594307839870453
0.45763880014419556
0.42482703924179077
0.04559220001101494
0.037560489028692245
0.059708110988140106
0.03185690566897392
0.012138601392507553
0.01982945390045643
0.04605619236826897
0.03724979609251022
0.01315760426223278
0.005899503361433744
0.050522156059741974
0.021010205149650574
0.41242241859436035
0.5814580321311951
0.1961831897497177
0.2965737581253052
0.03497309610247612
0.03346191346645355
0.06437529623508453
0.04341050982475281
0.0069655547849833965
0.0382809042930603
0.05817761272192001
0.09042665362358093
0.8989349007606506
0.34322983026504517
0.48709195852279663
0.8913254737854004
0.023124955594539642
0.011873697862029076
0.02729513868689537
0.02252919226884842
0.02426539920270443
0.06522868573665619
0.06545166671276093
0.07239785045385361
0.9682778716087341
0.776394784450531
0.564390242099762
0.8818585276603699
0.004967622924596071
0.0020809711422771215
0.05288209766149521
0.04689997434616089
0.003156324615702033
0.0021435702219605446
0.03773219510912895
0.019778864458203316
0.006833999417722225
0.00795702263712883
0.03753884509205818
0.03055795095860958
0.3040321171283722
0.14343585073947906
0.23894630372524261
0.13114455342292786
0.005821573082357645
0.011533709242939949
0.08201006799936295
0.05674725025892258
0.0189566221088171
0.021731700748205185
0.024155333638191223
0.03638417273759842
0.015627436339855194
0.004995070863515139
0.07168108969926834
0.04937642440199852
0.04725892096757889
0.015203515067696571
0.1204008162021637
0.1437913030385971
0.014144140295684338
0.01774757169187069
0.03359825909137726
0.03021087870001793
0.011206507682800293
0.014262426644563675
0.09016009420156479
0.05327622592449188
0.015004645101726055
0.007525007240474224
0.04337995499372482
0.03221512958407402
0.0031065281946212053
0.009913161396980286
0.0710839331150055
0.020744064822793007
1.2204678058624268
1.3231233358383179
0.9767888784408569
1.191357135772705
0.04346492886543274
0.49067923426628113
0.06560523062944412
0.13677166402339935
0.007271372713148594
0.025748787447810173
0.03753103315830231
0.02641460672020912
0.0068622468970716
0.004179090727120638
0.07716666907072067
0.03705194592475891
0.22084513306617737
0.23869147896766663
0.22288602590560913
0.2772398889064789
0.03489420562982559
0.03305361047387123
0.033262982964515686
0.03130665048956871
0.005901509430259466
0.012972844764590263
0.029006412252783775
0.018050918355584145
1.0578958988189697
0.878480076789856
1.0153592824935913
0.8794266581535339
0.9474303722381592
0.8566963076591492
0.2510107159614563
0.5603737831115723
0.04214709624648094
0.009107420220971107
0.057955753058195114
0.021685492247343063
0.016766484826803207
0.006986329797655344
0.06612001359462738
0.06189871206879616
0.9130033254623413
1.1395865678787231
0.2386222779750824
0.8984532952308655
0.3774912655353546
0.15615078806877136
0.16244947910308838
0.03064708784222603
0.01665291003882885
0.023223664611577988
0.036323729902505875
0.032617662101984024
0.0359894335269928
0.04076968878507614
0.04581547528505325
0.03577139228582382
1.0768027305603027
1.0084378719329834
0.7539691925048828
0.974928081035614
0.00633865874260664
0.0032174065709114075
0.03807170316576958
0.032348260283470154
0.004595239646732807
0.00890273042023182
0.05358300730586052
0.03541925549507141
0.8905050754547119
0.817502498626709
1.032168984413147
1.2750879526138306