0.03244216740131378
0.004809703677892685
0.08896821737289429
0.004640080034732819
0.3424045443534851
0.005484810099005699
1.4582173824310303
0.0039891027845442295
0.02079859934747219
0.012010355480015278
0.010328981094062328
0.0036288932897150517
0.009333368390798569
0.0043877968564629555
0.1876736283302307
0.048465512692928314
0.060099996626377106
0.003153566736727953
0.01559218019247055
0.007972823455929756
0.0057191988453269005
0.014521916396915913
0.15949571132659912
0.004394487012177706
0.011483709327876568
0.06682084500789642
0.6686313152313232
0.039175260812044144
0.01588134467601776
0.012877615168690681
1.3240536451339722
0.01231856644153595
0.02173290029168129
0.011604071594774723
0.033556122332811356
0.018736982718110085
0.004575273487716913
0.004014418460428715
0.0032642660662531853
0.012622720561921597
0.0715622678399086
0.008762474171817303
0.14956256747245789
0.014255126006901264
0.013200802728533745
0.02320006862282753
0.18857009708881378
0.0081979651004076
0.02363741211593151
0.009490253403782845
0.37643125653266907
0.03549541160464287
0.09028394520282745
0.009620176628232002
0.2648458778858185
0.01283356361091137
0.02588198333978653
0.022746097296476364
0.015938052907586098
0.007807945366948843
0.027174202725291252
0.044303763657808304
0.017535706982016563
0.08235450088977814
0.017583202570676804
0.030612347647547722
0.1183294802904129
0.00657546054571867
0.02548423781991005
0.015627220273017883
0.015914661809802055
0.019564315676689148
0.07951705902814865
0.01579851470887661
0.16999022662639618
0.006633834447711706
0.011968371458351612
0.018788350746035576
1.1686525344848633
0.018752319738268852
0.10024261474609375
0.030523328110575676
1.234193205833435
0.010487300343811512
0.01400828082114458
0.013231167569756508
0.03583041578531265
0.011805989779531956
0.01702835038304329
0.02510700933635235
0.015271696262061596
0.015167050063610077
0.001756970421411097
0.00547218369320035
0.015961235389113426
0.0058701834641397
0.09037484228610992
0.006171495653688908
1.2144107818603516
0.007343709468841553
0.005847151856869459
0.012127453461289406
0.0077604688704013824
0.048446692526340485
0.010370278730988503
0.009346500039100647
0.035993047058582306
0.0062516010366380215
0.012576555833220482
0.017902661114931107
0.010286398231983185
0.03023744747042656
0.00219007208943367
0.004474705550819635
0.08329977095127106
0.004347055219113827
0.07271584123373032
0.010307860560715199
0.6340497136116028
0.009347887709736824
0.07263760268688202
0.024185627698898315
0.11275371164083481
0.007884779945015907
0.021579531952738762
0.017897164449095726
0.09136217832565308
0.009509753435850143
0.024382829666137695
0.009789149276912212
0.03054751828312874
0.01875174045562744
0.012939087115228176
0.009839600883424282
0.007232361938804388
0.020843230187892914
0.0638943538069725
0.12170349806547165
0.31254205107688904
0.013106263242661953
0.027513837441802025
0.05952301621437073
0.0714607909321785
0.008966061286628246
0.019078854471445084
0.025088464841246605
0.3125843107700348
0.015612964518368244
0.042112380266189575
0.03884954750537872
0.03771282732486725
0.006359775550663471
0.16887220740318298
0.02863488532602787
1.5435134172439575
0.004712335299700499
0.022928178310394287
0.012672576121985912
0.21427492797374725
0.0069591025821864605
0.023027976974844933
0.03276500478386879
0.5405311584472656
0.018655169755220413
0.014346352778375149
0.013284686952829361
0.014503940008580685
0.007623495068401098
0.13133947551250458
0.05213967710733414
0.012020185589790344
0.006322178523987532
0.0017676586285233498
0.012403423897922039
1.640887975692749
0.01584727317094803
0.007791505660861731
0.01771535538136959
0.012555675581097603
0.015446366742253304
0.009485380724072456
0.007417459972202778
2.1234982013702393
0.01771855540573597
0.013689604587852955
0.01753622107207775
0.2009374350309372
0.0075577073730528355
0.014606802724301815
0.013231903314590454
0.01299983263015747
0.013412663713097572
0.008824428543448448
0.01409636065363884
1.489358901977539
0.041678547859191895
0.0171523280441761
0.027141062542796135
0.010158891789615154
0.02575669251382351
0.007920976728200912
0.006638370454311371
0.013232125900685787
0.008864596486091614
0.024910878390073776
0.013788293115794659
0.38356301188468933
0.004094426520168781
0.08306730538606644
0.03193916380405426
0.058275021612644196
0.011953429318964481
0.026492450386285782
0.03209811449050903
1.4122997522354126
0.033090706914663315
0.005872619803994894
0.021274322643876076
0.060639094561338425
0.07524382323026657
0.04403829574584961
0.020623991265892982
0.0179367046803236
0.025775397196412086
0.12060952186584473
0.004773957189172506
0.08392607420682907
0.015861712396144867
0.01138269156217575
0.039857372641563416
0.012295860797166824
0.011652166023850441
0.10061513632535934
0.07540079206228256
0.12294677644968033
0.24319608509540558
0.0386851467192173
0.014690473675727844
0.011303404346108437
0.007164391223341227
0.03380987420678139
0.019038783386349678
0.02082356996834278
0.008402707986533642
0.006580960936844349
0.016670702025294304
0.015605579130351543
0.024211088195443153
0.06064688041806221
0.011934994719922543
0.7781844139099121
0.009474094025790691
0.02295619621872902
0.04330837354063988
0.11629297584295273
0.0224324818700552
0.012810558080673218
0.006975086871534586
0.1719600111246109
0.011407866142690182
0.010176404379308224
0.005271878093481064
1.0840250253677368
0.022608190774917603
0.00811024010181427
0.04551892355084419
0.008292488753795624
0.004571065306663513
0.042759593576192856
0.011106246151030064
0.2540561854839325
0.019161025062203407
0.006030866410583258
0.004740693606436253
0.0032156796660274267
0.003289881395176053
0.008442327380180359
0.03229255974292755
0.05905463173985481
0.0093215461820364
0.007511285599321127
0.033605705946683884
0.015739472582936287
0.008995713666081429
0.031598951667547226
0.013172583654522896
0.04188401252031326
0.018270006403326988
0.01082182489335537
0.024520475417375565
0.08604554086923599
0.08391021937131882
0.01023414358496666
0.005670599639415741
0.0074912384152412415
0.0040601384826004505
0.015519549138844013
0.009046358056366444
0.013436428271234035
0.0179460346698761
0.38638266921043396
0.07473064213991165
0.013887936249375343
0.0043711275793612
0.025411492213606834
0.038095198571681976
0.019730964675545692
0.013072691857814789
0.005101260729134083
0.009803017601370811
0.09849675744771957
0.003942095208913088
1.430194616317749
0.0068513560108840466
0.009399954229593277
0.004536747932434082
0.00657933484762907
0.011670095846056938
0.021324774250388145
0.0898052453994751
0.05587541684508324
0.003750279312953353
0.010197455063462257
0.00899460818618536
0.03714291751384735
0.00763954222202301
0.02469443529844284
0.013786813244223595
0.1499054878950119
0.02097686193883419
0.03337128460407257
0.05873364210128784
0.024206263944506645
0.02757287211716175
0.03379059582948685
0.0046080187894403934
0.023515960201621056
0.005267411470413208
0.03507290408015251
0.03618096187710762
0.024576690047979355
0.03484414145350456
0.0038052864838391542
0.026318823918700218
1.8410524129867554
0.007514702621847391
0.2841666638851166
0.00973273254930973
0.03941929340362549
0.0014348163967952132
1.0734704732894897
1.3489574193954468
0.3481769561767578
0.00454464927315712
0.006148402579128742
0.003925502300262451
0.014047512784600258
0.00543041480705142
0.06792769581079483
0.00322892889380455
0.003303691279143095
0.006948078982532024
0.024516824632883072
0.008137320168316364
0.009936729446053505
0.004659793805330992
0.01477030199021101
0.00922253169119358
0.013694072142243385
0.006981666665524244
0.0034730620682239532
0.005264010280370712
0.732647180557251
0.009273353032767773
0.028477346524596214
0.030248770490288734
0.10119190067052841
0.11404212564229965
0.011417229659855366
0.0072325244545936584
0.014186966232955456
0.01983609050512314
0.0049264999106526375
0.009731236845254898
0.009714982472360134
0.00479730311781168
0.06554840505123138
0.04046444222331047
0.3775816857814789
0.2711888253688812
0.0019441553158685565
0.02297941781580448
0.007478869985789061
0.004375106655061245
0.02426634170114994
0.020691189914941788
0.08909353613853455
0.03752487897872925
0.007458028383553028
0.010811331681907177
0.026407724246382713
0.02142973802983761
0.0251342561095953
0.005262681283056736
0.341621994972229
0.0364539735019207
0.014944358728826046
0.009760498069226742
0.03226102143526077
0.009669551625847816
0.004357608500868082
0.008339883759617805
0.009700076654553413
0.02571403980255127
0.00971600878983736
0.018418025225400925
0.01716933585703373
0.013419115915894508
0.024931535124778748
0.004655324853956699
0.1992865800857544
0.010398009791970253
0.00277941906824708
0.0063708750531077385
0.06641454994678497
0.015179446898400784
0.09110426902770996
0.002958614146336913
0.6196534037590027
0.02632131613790989
0.015290329232811928
0.005354692228138447
0.011186464689671993
0.005201207008212805
0.029696116223931313
0.0065503427758812904
0.021650856360793114
0.017058663070201874
0.01622195541858673
0.019747331738471985
0.005670731887221336
0.014268417842686176
0.016137881204485893
0.016721243038773537
0.006529476493597031
0.011194092221558094
0.025327621027827263
0.01606430485844612
0.02785194292664528
0.030909327790141106
0.7192134857177734
0.03243459388613701
0.010676291771233082
0.04421951249241829
0.15604771673679352
0.015065350569784641
0.05362768843770027
0.007271658629179001
0.006377950310707092
0.006887318100780249
0.02175738289952278
0.012889226898550987
0.011538969352841377
0.011066773906350136
0.006169148720800877
0.00708063505589962
0.00647911848500371
0.00381893920712173
0.01298440806567669
0.020995253697037697
0.022262824699282646
0.05346515774726868
0.02723926305770874
0.00676352996379137
0.025005638599395752
0.02166602574288845
0.04073408246040344
0.01975676789879799
0.06474711745977402
0.05625569820404053
0.03188665583729744
0.03629058599472046
0.005721905268728733
0.012110781855881214
2.32413911819458
0.010385453701019287
0.011503897607326508
0.04478639364242554
1.274417757987976
0.022966323420405388
0.05924679711461067
0.010801230557262897
0.46228232979774475
0.013162985444068909
0.0154269365593791
0.01661253347992897
0.49163761734962463
0.013355940580368042
0.014333480037748814
0.012758703902363777
0.01314105000346899
0.020954245701432228
0.029900645837187767
0.02951468899846077
1.3630788326263428
0.037569571286439896
0.011556511744856834
0.00874739233404398
0.01605648174881935
0.0038038832135498524
0.01100169401615858
0.014884342439472675
0.006930368486791849
0.015408431179821491
0.020263271406292915
0.01672125793993473
0.017303936183452606
0.013015498407185078
0.007172648794949055
0.009359440766274929
0.03155455365777016
0.023224081844091415
0.041885070502758026
0.024528533220291138
0.014161616563796997
0.026551472023129463
0.006035748403519392
0.02158324047923088
0.10560370981693268
0.00623819325119257
0.006001194939017296
0.013735221698880196
0.014071634970605373
0.003678189357742667
0.011215073987841606
0.006401888094842434
0.04241642728447914
0.05131901055574417
0.14678655564785004
0.008568629622459412
0.03373664617538452
0.021212710067629814
0.6590233445167542
0.012420358136296272
0.006986816879361868
0.03094489313662052
1.6969503164291382
0.008816463872790337
0.009108096361160278
0.019788280129432678
1.133701205253601
0.010793042369186878
0.015063806436955929
0.011816205456852913
0.029221061617136
0.03003159537911415
0.05442197248339653
0.017478926107287407
1.808859944343567
0.02766847237944603
0.02476581186056137
0.014742550440132618
0.062382377684116364
0.023728441447019577
0.01131736021488905
0.0072937048971652985
0.03612885996699333
0.004121273756027222
0.08115264028310776
0.0434914156794548
0.02226397953927517
0.021304629743099213
0.024099666625261307
0.0688134953379631
0.09819792956113815
0.01006457768380642
0.0055809421464800835
0.0075983926653862
0.01901073008775711
0.024794016033411026
0.019249403849244118
0.014007153920829296
0.030861595645546913
0.006830111145973206
0.08082878589630127
0.024809598922729492
1.7580119371414185
0.022588010877370834
0.03965883329510689
0.006194781512022018
0.40915626287460327
0.0054553658701479435
0.029123831540346146
0.010049615986645222
2.194445848464966
0.018250253051519394
0.0698421373963356
0.04291604086756706
0.07109493017196655
0.02205653116106987
0.007246839348226786
0.0785142108798027
0.02002330683171749
0.0384543240070343
0.020858123898506165
0.054949212819337845
0.03113262541592121
0.0167201217263937
0.01164177618920803
0.020757898688316345
0.028169164434075356
0.017428535968065262
0.029069213196635246
0.03276880830526352
0.026973694562911987
0.0498526357114315
0.06757626682519913
0.027598077431321144
1.3564882278442383
0.028619209304451942
0.019399935379624367
0.009521633386611938
0.039962559938430786
0.010801148600876331
0.07684005796909332
0.00464627705514431
0.013611986301839352
0.02819516882300377
0.017135627567768097
0.03478587418794632
0.040490273386240005
0.014671673066914082
0.013351941481232643
0.01097857765853405
0.014297379180788994
0.005483648739755154
0.008082821033895016
0.008817597292363644
0.012180262245237827
0.024129245430231094
0.7505409121513367
0.7235280871391296
0.04230714961886406
0.04434824734926224
0.04915463551878929
0.14737629890441895
0.7042425870895386
0.012458688579499722
0.015832340344786644
0.008490308187901974
0.015077248215675354
0.02826192043721676
0.006900958716869354
0.022841941565275192
0.02421926148235798
0.006839217152446508
0.0442921444773674
0.009712151251733303
1.4299812316894531
0.005614541936665773
0.1580258160829544
0.05875711515545845
0.4877869784832001
0.04633785039186478
0.01862599328160286
0.014489434659481049
0.023782821372151375
0.009260094724595547
0.02665659785270691
0.019638245925307274
0.7964882850646973
0.02033775858581066
0.5859317779541016
0.16077077388763428
0.007489641662687063
0.00878445990383625
0.05399945005774498
0.02656412683427334
0.026185302063822746
0.02456056885421276
0.005924854427576065
0.023959273472428322
0.007829335518181324
0.012804986909031868
0.019398516044020653
0.011316820047795773
0.044403936713933945
0.0033303373493254185
0.015909109264612198
0.016665441915392876
0.24598824977874756
0.027096405625343323
0.00216299039311707
0.015248939394950867
0.004388387780636549
0.0034889818634837866
0.018767597153782845
0.021891066804528236
0.006495926063507795
0.009945387952029705
1.5091763734817505
0.0073992302641272545
0.010337253101170063
0.012909603305161
0.13340628147125244
0.00821339525282383
0.03866196796298027
0.17146779596805573
0.0757688507437706
0.028697891160845757
0.8179222345352173
0.019126860424876213
0.013026933185756207
0.023411447182297707
0.017158662900328636
0.013008438050746918
0.023757273331284523
0.004750899970531464
0.013642162084579468
0.00961760338395834
0.0441717691719532
0.00888004433363676
0.06071013957262039
0.016887767240405083
0.07882877439260483
0.033099621534347534
0.007948420941829681
0.023606589064002037
0.006278995890170336
0.011685710400342941
0.022022584453225136
0.014895441010594368
0.011353821493685246
0.006858068518340588
0.014829082414507866
0.007775906473398209
0.07106771320104599
0.022608285769820213
0.013236228376626968
0.006627504713833332
0.017688928171992302
0.01164999883621931
0.01325167901813984
0.012960831634700298
0.026248538866639137
0.03832637146115303
0.03130384907126427
0.043988730758428574
0.005867611151188612
0.011067754589021206
0.020840449258685112
0.008738251402974129
0.013380813412368298
0.0045330943539738655
0.018794642761349678
0.004480498377233744
0.04748183861374855
0.04544186219573021
0.022850433364510536
0.009572270326316357
0.01826619729399681
0.024663975462317467
0.14716176688671112
0.013926027342677116
0.02818378433585167
0.01665164716541767
0.02394471876323223
0.025945615023374557
0.11598297208547592
0.012683704495429993
0.01118819136172533
0.021131210029125214
0.007833307608962059
0.00970459170639515
0.0158625990152359
0.006553363054990768
0.002842080546543002
0.012986229732632637
1.6430933475494385
0.006866957526654005
0.009284863248467445
0.015953823924064636
0.047605037689208984
0.031150802969932556
0.009871368296444416
0.01062872726470232
0.05847810581326485
0.005121751222759485
0.0034127403050661087
0.0064565869979560375
0.0038378871977329254
0.002756389556452632
0.024038264527916908
0.011985091492533684
0.02716057375073433
0.021785667166113853
2.2150073051452637
0.011814930476248264
0.30171412229537964
0.01653829775750637
0.0788373351097107
0.008353915996849537
0.007858683355152607
0.006243604701012373
0.00522265350446105
0.012569325976073742
0.1619790643453598
0.03182056173682213
0.6951116919517517
0.010588409379124641
0.010493679903447628
0.035434551537036896
0.13834582269191742
0.01030074991285801
0.01932375691831112
0.018908672034740448
0.06248261407017708
0.015994295477867126
0.036075521260499954
0.024530932307243347
0.11313431710004807
0.014560573734343052
0.014835603535175323
0.024589108303189278
0.24151749908924103
0.005394529085606337
0.007366213947534561
0.00665429187938571
0.20022854208946228
0.01308158878237009
0.009734945371747017
0.016155783087015152
1.6894117593765259
0.010834050364792347
0.01420477032661438
0.020682958886027336
0.017911730334162712
0.01854517124593258
0.016327902674674988
0.02727523073554039
0.014920366927981377
0.019140303134918213
0.009182103909552097
0.003813002025708556
0.022548362612724304
0.005546210799366236
0.0140323331579566
0.009913706220686436
0.032068170607089996
0.008903744630515575
0.04694196209311485
0.025387948378920555
1.6552695035934448
0.017297187820076942
0.4061574935913086
0.057504020631313324
1.9836841821670532
0.015812864527106285
0.01859923265874386
0.03353295847773552
0.022412268444895744
0.007983674295246601
0.02342945709824562
0.03244483098387718
0.04981227219104767
0.02366679720580578
0.024132877588272095
0.01195145770907402
0.1035921573638916
0.023212620988488197
0.10102721303701401
0.03394876793026924
0.07429811358451843
0.017622724175453186
0.008190291002392769
0.019483640789985657
0.061059288680553436
0.012160922400653362
0.057107456028461456
0.026101714000105858
1.5608841180801392
0.012069636024534702
0.030223816633224487
0.12519100308418274
0.013245940208435059
0.007199455518275499
0.06842105090618134
0.026047730818390846
0.5926229953765869
0.016129355877637863
0.015377677045762539
0.014970713295042515
0.0373709462583065
0.005483206361532211
0.05062418058514595
0.013812504708766937
0.03229551389813423
0.005862694699317217
0.007532720919698477
0.014292617328464985
0.023455185815691948
0.012626389972865582
0.020083922892808914
0.014535029418766499
0.019497202709317207
0.01890476420521736
0.1287199705839157
0.03450433537364006
0.0248703770339489
0.0028318646363914013
0.04984068125486374
0.014407630078494549
0.09548106789588928
0.028550852090120316
0.014422646723687649
0.012980160303413868
0.6455060243606567
0.03159463033080101
0.012072899378836155
0.039165984839200974
0.28191354870796204
0.015277000144124031
0.0060105398297309875
0.03332538902759552
0.028985099866986275
0.012252461165189743
0.012540915049612522
0.012795086950063705
0.52451491355896
0.010157186537981033
0.030240321531891823
0.016856830567121506
0.04070759192109108
0.013284727931022644
0.0055352747440338135
0.00548161193728447
0.11223502457141876
0.008302929811179638
0.48359647393226624
0.017319640144705772
0.0091647794470191
0.007039282470941544
0.00841196533292532
0.004012595396488905
0.30584269762039185
0.14663472771644592
1.0749222040176392
0.004567939322441816
0.052987731993198395
0.007000834681093693
0.019617969170212746
0.0104892672970891
0.01605651155114174
0.013976621441543102
0.019650984555482864
0.016085714101791382
0.010768653824925423
0.011281400918960571
0.059859804809093475
0.012324490584433079
0.004848424810916185
0.03737920522689819
0.04634840786457062
0.005654905457049608
0.007779046893119812
0.0037902251351624727
1.3431543111801147
0.0061759063974022865
0.007866752333939075
0.024387700483202934
1.0508198738098145
0.018191033974289894
0.012104904279112816
0.010437807999551296
0.0062038712203502655
0.013273993507027626
0.07868610322475433
0.015748586505651474
0.05613290145993233
0.014504293911159039
0.016739055514335632
0.01816505566239357
0.03720223903656006
0.01722065731883049
0.011969772167503834
0.025589613243937492
0.03647906333208084
0.026517799124121666
0.04438970983028412
0.015758175402879715
0.028145385906100273
0.034499913454055786
0.024999963119626045
0.047270458191633224
0.8809703588485718
0.013609515503048897
0.023870131000876427
0.02576604299247265
0.07896029204130173
0.07641062885522842
0.047808583825826645
0.015655914321541786
1.3844693899154663
0.04511117562651634
0.007948976941406727
0.024666620418429375
0.005087295081466436
0.005881903227418661
0.008874131366610527
0.013881872408092022
0.8203450441360474
0.017092430964112282
0.018914099782705307
0.01284852810204029
0.00557016720995307
0.021077293902635574
0.01845437102019787
0.029683394357562065
0.0026359246112406254
0.04943476617336273
0.2840504050254822
0.016000187024474144
0.014841422438621521
0.00966684054583311
0.01785045862197876
0.010715785436332226
0.010691624134778976
0.006139708682894707
0.27292320132255554
0.013051805086433887
0.004862676840275526
0.032094813883304596
0.820537269115448
0.00736453989520669
0.009361169300973415
0.029214514419436455
0.014173226431012154
0.02592931129038334
0.00936801265925169
0.01946602761745453
0.21515215933322906
0.016804289072752
0.005666167475283146
0.0033651848789304495
0.017555421218276024
0.010738788172602654
0.00736670196056366
0.005796723999083042
0.11394771933555603
0.008005415089428425
0.03430045396089554
0.024843135848641396
0.3641446828842163
0.020777802914381027
0.015299378894269466
0.011364821344614029
0.11233248561620712
0.008205976337194443
0.06544629484415054
0.011504147201776505
0.05787080526351929
0.023350032046437263
0.015369534492492676
0.031458210200071335
0.052275151014328
0.012836867943406105
0.011393563821911812
0.008752596564590931
0.0867295116186142
0.005509992595762014
0.39247170090675354
0.016793737187981606
0.01388531643897295
0.01644759252667427
1.4567883014678955
0.029005395248532295
0.0075107766315341
0.016660118475556374
0.00848294235765934
0.01826522685587406
0.024421032518148422
0.013340108096599579
0.00885302945971489
0.020738491788506508
0.028338687494397163
0.011546951718628407
1.0398924350738525
0.008254033513367176
0.013788370415568352
0.09530720114707947
0.014531785622239113
0.028524434193968773
0.026079325005412102
0.016561752185225487
0.014755964279174805
0.06631703674793243
0.028461620211601257
0.00683427881449461
0.008886816911399364
0.005694993305951357
0.8379805088043213
0.003913572523742914
0.019268928095698357
0.015501707792282104
0.014112371020019054
0.021281087771058083
0.022705698385834694
0.009285653941333294
0.01996382512152195
0.01755564659833908
0.010773885063827038
0.01977953128516674
0.018383486196398735
0.004894349258393049
0.08367573469877243
0.04436664283275604
0.5728939771652222
0.0403556302189827
0.03779440373182297
0.011349362321197987
0.0910259559750557
0.019270645454525948
0.023830201476812363
0.012746083550155163
0.024682562798261642
0.012572444044053555
0.023276885971426964
0.0089354133233428
0.14790603518486023
0.006016728933900595
0.03127982094883919
0.024648139253258705
0.06783474236726761
0.041353095322847366
0.00613780552521348
0.021625449880957603
0.16563397645950317
0.009550780057907104
0.08609949052333832
0.018498236313462257
0.016164427623152733
0.02323255129158497
0.004082910250872374
0.007301726378500462
0.015217283740639687
0.018822504207491875
0.021331854164600372
0.01055074017494917
0.023662785068154335
0.012500492855906487
2.385300636291504
0.026461871340870857
0.029217666015028954
0.026226645335555077
0.014413733966648579
0.020864328369498253
0.02431725710630417
0.01176547259092331
1.003615140914917
0.015219250693917274
0.10316892713308334
0.028283005580306053
1.7520984411239624
0.024612704291939735
0.023198960348963737
0.009904398582875729
1.9868990182876587
0.02290460839867592
0.0075600892305374146
0.011293123476207256
0.03652558848261833
0.014492735266685486
0.007996479980647564
0.013367247767746449
0.025631526485085487
0.02438078075647354
0.012494895607233047
0.00997427012771368
1.2113730907440186
0.014207580126821995
0.03859362751245499
0.0371328741312027
0.014847797341644764
0.015933265909552574
0.11367123574018478
0.05913882330060005
0.027710815891623497
0.01919272169470787
0.010324782691895962
0.016288641840219498
0.04255913570523262
0.15194645524024963
0.12790285050868988
0.01884208433330059
0.02019563503563404
0.010074789635837078
0.004074491560459137
0.00662687374278903
0.004543778952211142
0.0037840951699763536
0.025436287745833397
0.016100073233246803
1.0924842357635498
0.06575531512498856
0.02830120548605919
0.013478869572281837
0.053616683930158615
0.004072665702551603
0.01649380475282669
0.009512892924249172
0.24664834141731262
0.011615972965955734
0.00869907159358263
0.013806886039674282
0.16344967484474182
0.02824377454817295
0.020133718848228455
0.005991554353386164
0.0023507678415626287
0.0023215250112116337
0.05930091813206673
0.014731294475495815
0.5836781859397888
0.006630413234233856
0.005397323053330183
0.009757672436535358
1.1694085597991943
0.00863777007907629
0.0027644839137792587
0.02032947912812233
0.018210217356681824
0.018470894545316696
0.09358596056699753
0.048986535519361496
0.10669871419668198
0.018957188352942467
0.017413541674613953
0.006839647889137268
0.04389214143157005
0.008281971327960491
0.014105386100709438
0.00688890228047967
0.2279258519411087
0.009694039821624756
0.002682447899132967
0.007709878496825695
0.012619229964911938
0.006412795279175043
0.008544250391423702
0.015325071290135384
0.05463668331503868
0.028245558962225914
0.014941757544875145
0.010564773343503475
0.5315374135971069
0.008767565712332726
0.007070648949593306
0.00591520220041275
0.020638637244701385
0.02209939807653427
0.06760558485984802
0.030062956735491753
0.012175314128398895
0.013804212212562561
0.37381166219711304
0.020571839064359665
2.210677146911621
0.009872360154986382
0.012940009124577045
0.024251632392406464
0.013430661521852016
0.03884521871805191
0.049590133130550385
0.009215516038239002
0.016244828701019287
0.03762076050043106
0.17839618027210236
0.004560410976409912
0.21747541427612305
0.021059555932879448
1.2594350576400757
0.017607679590582848
0.056626733392477036
0.03796311095356941
0.009832997806370258
0.04987911507487297
0.007887842133641243
0.02800345979630947
0.007266263011842966
0.017348293215036392
0.01398947462439537
0.022303352132439613
0.02157384715974331
0.014355110004544258
0.23233763873577118
0.014931698329746723
1.6003761291503906
0.037954945117235184
0.1180158331990242
0.010191073641180992
0.6093046069145203
0.018337495625019073
0.008064382709562778
0.011617831885814667
1.2987310886383057
0.013956615701317787
0.08993366360664368
0.019847001880407333
0.31519433856010437
0.004077940713614225
0.012447732500731945
0.008367297239601612
0.05359913408756256
0.006342243868857622
0.04264426976442337
0.07278911769390106
0.04200808331370354
0.036143530160188675
0.012376748025417328
0.021705305203795433
0.08050747215747833
0.007367577403783798
0.04365299269556999
0.047173094004392624
0.042115405201911926
0.04056669399142265
0.02239742875099182
0.07017822563648224
0.017324473708868027
0.013487325049936771
0.007075057830661535
0.017589349299669266
0.9800969362258911
0.014871731400489807
0.018549306318163872
0.008231095038354397
0.007074293680489063
0.0031076211016625166
0.017134642228484154
0.03855365514755249
0.05821159482002258
0.028578484430909157
0.006810888182371855
0.024106767028570175
0.022712672129273415
0.005072744097560644
0.023197438567876816
0.054726991802453995
0.030006440356373787
0.014286600984632969
0.012749455869197845
0.009385908022522926
0.013778864406049252
0.024426346644759178
0.09699214994907379
0.03652108088135719
0.08695241063833237
0.022643867880105972
0.00811703409999609
0.008573290891945362
0.011530513875186443
0.00927412137389183
0.01680106855928898
0.03649981692433357
0.42438602447509766
0.00977114588022232
0.03814484179019928
0.030607352033257484
0.02252689003944397
0.006793668027967215
0.0029592036735266447
0.02225334756076336
0.11476793140172958
0.00770297646522522
0.014363829046487808
0.01265173964202404
0.1990596503019333
0.026990661397576332
1.1204391717910767
0.0055285971611738205
0.009131604805588722
0.010233837179839611
0.013105656020343304
0.008401240222156048
0.01007501594722271
0.006795298308134079
0.026874348521232605
0.20763055980205536
0.012290183454751968
0.04494545981287956
0.015666458755731583
0.07660793513059616
0.01848578453063965
0.015345764346420765
0.05157652124762535
0.009423610754311085
0.01819360814988613
0.04887273535132408
0.01100230123847723
0.023452049121260643
0.037931907922029495
0.016681645065546036
1.3916987180709839
0.009274804964661598
0.003140627406537533
0.011048133485019207
0.09221070259809494
0.006371104158461094
0.008710487745702267
0.009680715389549732
0.032757919281721115
0.05633511021733284
0.0021581968758255243
0.0066294181160628796
1.5338109731674194
0.025315523147583008
0.005471088923513889
0.005050924140959978
0.3953380882740021
0.007919004186987877
0.18054158985614777
0.02383652701973915
0.18684518337249756
0.014320140704512596
0.015207787044346333
0.006180971395224333
1.1057462692260742
0.005482872482389212
0.11199332773685455
0.010406178422272205
0.0478057824075222
0.0042441971600055695
0.009737460874021053
0.005036016460508108
0.017704617232084274
0.021153444424271584
0.01266257744282484
0.01754174940288067
0.15138493478298187
0.011284904554486275
0.013124953955411911
0.037767812609672546
0.034679755568504333
0.03973207622766495
0.01914602890610695
0.011941573582589626
0.0749407410621643
0.02165471948683262
0.01581655815243721
0.05242377519607544
0.013815184123814106
0.023458968847990036
0.08623270690441132
0.012496283277869225
0.014341301284730434
0.011706378310918808
0.24767859280109406
0.030088404193520546
0.003344479715451598
0.049990370869636536
0.01307165902107954
0.008422989398241043
0.0471259169280529
0.010653716512024403
0.5222930312156677
0.013196378014981747
0.01699453592300415
0.03161647543311119
0.9625110626220703
0.029416531324386597
0.1587623506784439
0.025921840220689774
0.35634633898735046
0.31844010949134827
0.009571310132741928
0.010249375365674496
0.05858486518263817
0.03609469532966614
0.022614099085330963
0.0075831785798072815
1.2232586145401
0.0047593871131539345
0.0063944063149392605
0.048682261258363724
0.1712188571691513
0.0107739781960845
0.031033745035529137
0.011998103931546211
0.006778626702725887
0.018118778243660927
0.18699784576892853
0.01769646443426609
0.06187576800584793
0.012271526269614697
0.03366512060165405
0.010899912565946579
0.19727525115013123
0.024626828730106354
0.03757711499929428
0.016525596380233765
0.018652549013495445
0.10466530174016953
0.016907338052988052
0.006563733797520399
0.011419041082262993
0.022277792915701866
0.014728957787156105
0.02612890675663948
0.01696593314409256
0.01595042273402214
0.43614211678504944
0.02521282434463501
0.28388091921806335
0.025665482506155968
2.2238848209381104
0.00940654519945383
0.010559317655861378
0.007197337690740824
0.006916314363479614
0.0061501325108110905
0.014050639234483242
0.01702028512954712
0.013988971710205078
0.02218686230480671
0.0021306509152054787
0.016195742413401604
0.016004202887415886
0.026631634682416916
0.021419290453195572
0.0069243768230080605
1.0851231813430786
0.029840176925063133
0.007053498178720474
0.011972881853580475
0.007375967688858509
0.002525357762351632
0.18965409696102142
0.07023084163665771
1.9228935241699219
0.03769247978925705
0.0043250094167888165
0.012675982899963856
0.032134171575307846
0.016321862116456032
0.02469017542898655
0.007498243823647499
0.03995608165860176
0.01639549806714058
0.03309018909931183
0.009196080267429352
0.005478783044964075
0.006258904933929443
0.01701466366648674
0.04952273517847061
0.0026336160954087973
0.046834126114845276
0.019405696541070938
0.004442946054041386
0.015821391716599464
0.007855664007365704
0.12843972444534302
0.0034694408532232046
0.015529054217040539
0.005925419274717569
1.0370814800262451
0.016871633008122444
0.11915218830108643
0.010304673574864864
0.029547298327088356
0.007818770594894886
0.14497525990009308
0.06921963393688202
0.8597716093063354
0.16656644642353058
0.013952217996120453
0.01788417063653469
0.03567652776837349
0.013699294999241829
0.06427960842847824
0.00718563562259078
1.1318049430847168
0.012322677299380302
0.013920125551521778
0.01164970826357603
0.010611031204462051
0.017386021092534065
0.017323704436421394
0.011747308075428009
0.9288727641105652
0.040366485714912415
0.010715198703110218
0.011537556536495686
0.04715440794825554
0.011134971864521503
0.006824365817010403
0.00624826131388545
0.015041463077068329
0.014308835379779339
0.011557579971849918
0.025251662358641624
0.012097429484128952
0.01980193890631199
0.5598604083061218
0.015667008236050606
0.011474834755063057
0.005589907057583332
0.026303693652153015
0.010925774462521076
0.04454268887639046
0.035484492778778076
0.022901101037859917
0.013807746581733227
0.036145057529211044
0.007648068945854902
0.18599675595760345
0.014864879660308361
0.023921728134155273
0.0037335935048758984
0.009544293396174908
0.014055398292839527
0.015401429496705532
0.004215308930724859
0.012142723426222801
0.009008113294839859
0.06403199583292007
0.008505654521286488
0.035347986966371536
0.014357206411659718
0.01246411819010973
0.006849830504506826
0.021829430013895035
0.004526190459728241
0.16596010327339172
0.0036234583240002394
0.008531899191439152
0.013672356493771076
0.01175636239349842
0.004278245382010937
0.1050395742058754
0.0286162830889225
0.035967983305454254
0.0123240752145648
0.028260575607419014
0.0216391421854496
0.06513003259897232
0.010663618333637714
0.03315557539463043
0.01313008926808834
0.02421485260128975
0.007475599646568298
0.011724057607352734
0.006053147371858358
0.03191610053181648
0.002332859206944704
0.025119507685303688
0.005098144989460707
0.015027852728962898
0.007440243847668171
0.01010702271014452
0.019247407093644142
0.8532828688621521
0.02178272046148777
0.025450503453612328
0.021583568304777145
2.3411059379577637
0.030703870579600334
0.19185809791088104
0.0128402728587389
0.07240109890699387
0.008502564392983913
0.026732854545116425
0.008396876975893974
0.06570055335760117
0.012382570654153824
0.6248469948768616
0.019859792664647102
0.011707809753715992
0.009761586785316467
0.0312212947756052
0.007941639050841331
0.048615992069244385
0.03848762810230255
0.19077110290527344
0.010382267646491528
0.02971109002828598
0.02294205315411091
0.14362989366054535
0.003064701333642006
0.024572808295488358
0.02231975831091404
0.06932179629802704
0.015304015949368477
0.058167725801467896
0.06265817582607269
0.008234234526753426
0.01650257036089897
0.0555805042386055
0.00783267617225647
0.29395759105682373
0.020364532247185707
0.024151092395186424
0.013490747660398483
0.0219047199934721
0.011958172544836998
0.014001840725541115
0.017024824395775795
0.061296530067920685
0.03703844174742699
0.019307207316160202
0.02727297879755497
0.009329778142273426
0.016252782195806503
1.6843916177749634
0.021170366555452347
0.04773566499352455
0.02308659814298153
0.008732274174690247
0.0032398290932178497
0.008512021973729134
0.009858672507107258
1.879456877708435
0.023599283769726753
0.01127699762582779
0.0067365518771111965
0.07224931567907333
0.01364708598703146
0.009877266362309456
0.025413798168301582
0.006531393621116877
0.0078474972397089
0.02332998625934124
0.006649473216384649
0.3977944254875183
0.02530784346163273
0.04891017824411392
0.015476308763027191
0.05228593945503235
0.004649842157959938
0.2601035237312317
0.0682792067527771
1.627458930015564
0.033766839653253555
0.019646359607577324
0.025230437517166138
0.010682150721549988
0.010347182862460613
0.003679021028801799
0.024308495223522186
0.019905012100934982
0.014513464644551277
0.05780308321118355
0.025478973984718323
0.024967163801193237
0.015501396730542183
0.7343423366546631
0.01682942919433117
0.2628026008605957
0.0042263539507985115
0.10654408484697342
0.008080723695456982
0.157721608877182
0.0064859651029109955
0.02424788847565651
0.01291221659630537
0.12621235847473145
0.010643512941896915
0.027493281289935112
0.03940282389521599
0.018763398751616478
0.020719731226563454
0.7722054719924927
0.046918485313653946
1.6229684352874756
0.0809740200638771
0.08787162601947784
0.04020996019244194
0.14392657577991486
0.004662534222006798
0.07516270875930786
0.01283559761941433
0.8140110969543457
0.10741531848907471
0.03614603355526924
0.011533885262906551
0.06833358854055405
0.026120299473404884
0.01227513700723648
0.02463194541633129
0.9756394624710083
0.014462660066783428
0.031752634793519974
0.013980510644614697
0.02618677169084549
0.016911761835217476
0.0143457455560565
0.020907942205667496
0.01976746879518032
0.009477897547185421
0.009797895327210426
0.004573952406644821
0.0254103671759367
0.006021928042173386
0.008188418112695217
0.009837732650339603
0.035805124789476395
0.014086497947573662
0.024153299629688263
0.005884712096303701
1.7433422803878784
0.004459252115339041
0.2303352802991867
0.006188021972775459
0.06179393082857132
0.006213974207639694
0.5030291080474854
0.012393953278660774
0.029216278344392776
0.008146939799189568
0.07186082005500793
0.0034224127884954214
0.09416761249303818
0.017315736040472984
0.037991926074028015
0.008623354136943817
0.017450598999857903
0.040298230946063995
0.021106265485286713
0.014126070775091648
1.4872015714645386
0.014917471446096897
0.004519387148320675
0.013315881602466106
0.02762243151664734
0.08216799795627594
0.11856712400913239
0.011629758402705193
0.011347837746143341
0.0025977350305765867
0.05777522549033165
0.014800069853663445
0.043432850390672684
0.012796779163181782
0.02877701446413994
0.0074225133284926414
0.10387291014194489
0.005447672680020332
0.016013748943805695
0.02672944962978363
1.8222631216049194
0.01796654798090458
0.011835611425340176
0.006593074183911085
0.019836662337183952
0.01250236015766859
0.01694347709417343
0.024676591157913208
1.0745762586593628
0.011423970572650433
0.009162647649645805
0.009783422574400902
0.6602988243103027
0.03008527122437954
0.039090726524591446
0.01196265872567892
0.27603328227996826
0.01390432845801115
0.03195083513855934
0.0058100405149161816
1.1095457077026367
0.024341095238924026
0.04916256293654442
0.006943754386156797
1.4462425708770752
0.015484586358070374
0.1269029676914215
0.008199385367333889
0.06001105159521103
0.006399716716259718
0.09907760471105576
0.030586320906877518
0.03916430100798607
0.0318559892475605
0.05144413188099861
0.053220804780721664
0.007652333006262779
0.0186319537460804
0.5122089385986328
0.44822239875793457
0.34105247259140015
0.006855363957583904
0.16001926362514496
0.039289187639951706
1.5353381633758545
0.01872720755636692
0.019610781222581863
0.005103610921651125
1.8684351444244385
0.00478720897808671
0.01938360370695591
0.018870675936341286
0.0076266066171228886
0.011732252314686775
0.0056780301965773106
0.0058984654024243355
0.009618730284273624
0.004726325161755085
0.13953006267547607
0.03704342991113663
1.911390781402588
0.033314917236566544
0.6022180318832397
0.30717170238494873
0.13831688463687897
0.005888009909540415
0.008838895708322525
0.03018290176987648
0.042305126786231995
0.013993513770401478
0.01971473917365074
0.014054455794394016
0.060450851917266846
0.028826778754591942
0.13777391612529755
0.01798517070710659
0.04561441019177437
0.01939413510262966
0.33327335119247437
0.004427528474479914
0.028048325330018997
0.07673519849777222
0.060784962028265
0.039090391248464584
0.102223701775074
0.005417767446488142
0.05889261141419411
0.005410824902355671
0.018153510987758636
0.004161425866186619
0.01976754702627659
0.006054442375898361
0.11858533322811127
0.11936561018228531
0.0657530426979065
0.0035232624504715204
0.03440117835998535
0.025853609666228294
0.9164159893989563
0.03572608157992363
0.02243361435830593
0.040749695152044296
0.48436471819877625
0.009852373972535133
0.12523941695690155
0.012773933820426464
0.06674014776945114
0.005050024017691612
0.004962285980582237
0.021415581926703453
0.05733668431639671
0.015654465183615685
0.03090711124241352
0.04459241405129433
0.04708416387438774
0.018786972388625145
0.8066984415054321
0.3879680931568146
0.08769425749778748
0.07589466124773026
0.3215504586696625
0.012257079593837261
0.22082945704460144
0.014858009293675423
0.016015956178307533
0.012932498939335346
0.0059011043049395084
0.015506021678447723
0.043244216591119766
0.0513659305870533
0.6337851285934448
0.01449574250727892
0.009504367597401142
0.0070862616412341595
0.02583828940987587
0.015386444516479969
0.029647454619407654
0.006374425254762173
0.07250253111124039
0.07201512157917023
0.006353236269205809
0.007231455296278
0.009048780426383018
0.016153952106833458
0.020228106528520584
0.003573829773813486
0.04968000575900078
0.033034797757864
2.4433701038360596
0.018311882391572
0.018145430833101273
0.02912820875644684
0.04058589041233063
0.016501206904649734
0.002863522619009018
0.019773507490754128
0.012021969072520733
0.003553185611963272
0.085185706615448
0.023136451840400696
0.11496345698833466
0.005509441252797842
0.02798064611852169
0.023838868364691734
0.322186678647995
0.01054643839597702
0.00838038232177496
0.016795514151453972
0.005975701846182346
0.04035331681370735
0.01748845912516117
0.01478795986622572
0.19854752719402313
0.07667647302150726
0.009437957778573036
0.019378822296857834
1.5872952938079834
0.019761642441153526
0.05887071043252945
0.05847083404660225
0.8608835339546204
0.02786049246788025
0.024097610265016556
0.031777895987033844
0.011103395372629166
0.0303207878023386
0.03583301603794098
0.008080135099589825
0.14777639508247375
0.02970806695520878
0.011906782165169716
0.00817887857556343
1.981667399406433
0.021444063633680344
0.0031422325409948826
0.020124908536672592
0.030300697311758995
0.018907878547906876
0.003901839954778552
0.012441047467291355
0.02496238425374031
0.021939918398857117
0.02512665092945099
0.04294151812791824
0.16953669488430023
0.016401618719100952
0.03675414249300957
0.00741895055398345
0.004129436798393726
0.028431719169020653
0.010149851441383362
0.015614687465131283
0.020911693572998047
0.0066028134897351265
0.016549842432141304
0.012106398120522499
0.012913510203361511
0.009597842581570148
1.3076437711715698
0.012910633347928524
0.03647572919726372
0.0259847529232502
0.04429159685969353
0.018073931336402893
0.0070177363231778145
0.021206529811024666
0.015370689332485199
0.016015803441405296
0.006403124425560236
0.01710997335612774
0.013042724691331387
0.02492443658411503
0.0033825139980763197
0.06221354752779007
0.043814029544591904
0.04774376004934311
0.010713460855185986
0.025978105142712593
0.026582947000861168
0.012338529340922832
0.023520667105913162
0.019002845510840416
0.016207152977585793
0.011683720164000988
0.00901987124234438
0.0198677871376276
0.017858918756246567
0.025535520166158676
0.025806883350014687
0.023171216249465942
0.38711005449295044
0.01933593489229679
0.031033897772431374
0.015077791176736355
0.02164141647517681
0.010766008868813515
0.009025747887790203
0.025548845529556274
0.01739150658249855
0.009350796230137348
0.07759411633014679
0.04386080056428909
0.03600345179438591
0.009589670225977898
0.014269781298935413
0.02080492675304413
1.631864070892334
0.007037438452243805
0.025739187374711037
0.02312103472650051
0.01808236911892891
0.03153173252940178
0.00632873922586441
0.010025899857282639
0.005401196889579296
0.026706596836447716
0.042626578360795975
0.03035399690270424
0.03588976711034775
0.03276246041059494
0.014951360411942005
0.03718467429280281
0.010358298197388649
0.00635553291067481
0.018482018262147903
0.0077901119366288185
0.18284641206264496
0.007175153587013483
0.037015151232481
0.015125076286494732
0.0074174231849610806
0.005287159699946642
0.033060479909181595
0.016546249389648438
0.015684528276324272
0.03206381946802139
0.0555262565612793
0.03238993138074875
0.0301017165184021
0.03953005000948906
0.008959140628576279
0.007575880270451307
0.021639324724674225
0.007481214590370655
0.011799272149801254
0.00910689402371645
1.3499534130096436
0.016144607216119766
0.030114397406578064
0.024869348853826523
0.06251925975084305
0.007699133828282356
0.05255722999572754
0.05194949731230736
0.35060083866119385
0.025223175063729286
0.0032005109824240208
0.03188207000494003
0.13058605790138245
0.04231210798025131
0.012334414757788181
0.0073522827588021755
0.017594873905181885
0.015513807535171509
0.11153659224510193
0.013312917202711105
0.01010191347450018
0.038101762533187866
0.026463229209184647
0.14919210970401764
0.006055202800780535
0.004701695404946804
0.024542979896068573
0.004963994026184082
0.015014995820820332
0.019832676276564598
0.01649467647075653
0.027858052402734756
0.38243308663368225
0.005847492720931768
0.09742706269025803
0.0028476400766521692
0.01944662630558014
0.022205635905265808
0.01355699822306633
0.02234344184398651
0.03976989910006523
0.009310643188655376
0.14806967973709106
0.010975693352520466
0.010477898642420769
0.03148140758275986
1.0105435848236084
0.045127738267183304
0.02632945403456688
0.02253984846174717
1.2045953273773193
0.028339743614196777
0.02206433191895485
0.03484678268432617
0.04004848375916481
0.04781701788306236
0.021823715418577194
0.012511752545833588
0.01249634474515915
0.004777770489454269
0.06573495268821716
0.009386944584548473
0.2619020342826843
0.011338048614561558
0.014415496960282326
0.044826943427324295
0.03840118274092674
0.10553570091724396
0.013061215169727802
0.012163774110376835
0.00865931622684002
0.020414376631379128
0.014489668421447277
0.011809204705059528
0.2961421608924866
0.015470519661903381
0.01955653727054596
0.01376564521342516
0.25862324237823486
0.01737724430859089
0.012088311836123466
0.012704488821327686
0.16371113061904907
0.014192059636116028
1.424872875213623
0.03335221856832504
0.04082183167338371
0.016063809394836426
0.1470937579870224
0.028611356392502785
0.1845301240682602
0.009323946200311184
1.145216941833496
0.006092070136219263
0.11861640214920044
0.022651730105280876
1.5265600681304932
0.05301886424422264
0.012737954035401344
0.038542743772268295
0.01680762693285942
0.040975723415613174
0.018570100888609886
0.037219561636447906
0.007745386101305485
0.008953690528869629
0.012069538235664368
0.005271867383271456
0.017539871856570244
0.009598475880920887
0.00982061866670847
0.013689148239791393
0.9307349324226379
0.028034919872879982
0.01621532440185547
0.039875227957963943
0.01927507296204567
0.014309987425804138
0.6723642349243164
0.04646904021501541
0.11881767213344574
0.013948149979114532
0.00708810007199645
0.01288759708404541
0.009073029272258282
0.008476979099214077
0.01702634058892727
0.02454856038093567
0.024129897356033325
0.03854828700423241
0.01039945986121893
0.00594032509252429
0.04241618514060974
0.05231655761599541
0.008886902593076229
0.017017826437950134
0.06181949004530907
0.014699511229991913
0.007149792276322842
0.010845176875591278
0.025162437930703163
0.0388590469956398
0.11794339865446091
0.018995724618434906
0.03682522475719452
0.010515224188566208
2.0209743976593018
0.013038817793130875
0.06720747798681259
0.0049366033636033535
0.05447449907660484
0.006812600884586573
0.08206510543823242
0.04373786970973015
0.1126825213432312
0.02754281274974346
0.014367525465786457
0.009071433916687965
0.2599126994609833
0.007248932961374521
0.056256573647260666
0.00973022822290659
0.01312953233718872
0.003756592283025384
0.007450943812727928
0.005042844917625189
0.01415349543094635
0.013063132762908936
0.021889980882406235
0.003735048696398735
0.2113790363073349
0.007907268591225147
0.03632922098040581
0.006389457266777754
0.017387468367815018
0.022384097799658775
0.09203590452671051
0.035377632826566696
0.01898324489593506
0.014651450328528881
0.013109691441059113
0.03095873072743416
0.04570135846734047
0.05651646852493286
0.03038054145872593
0.02605450712144375
0.025846561416983604
0.014790855348110199
0.008982758969068527
0.009413672611117363
0.007012497633695602
0.0376054085791111
0.014335227198898792
0.022629985585808754
0.11068691313266754
0.005260983016341925
0.0037309916224330664
0.011119043454527855
0.01957317441701889
0.010206617414951324
0.057549137622117996
0.027164481580257416
0.009241845458745956
0.01795516163110733
0.004090390633791685
0.005664561875164509
0.01877930946648121
0.052202146500349045
0.04025522246956825
0.013496709056198597
0.02473425678908825
0.03069964423775673
1.6306307315826416
0.052777815610170364
0.007411052472889423
0.03850274905562401
0.19627179205417633
0.008857108652591705
0.024606933817267418
0.02623591013252735
0.04163306578993797
0.011066443286836147
0.01558754500001669
0.01721937209367752
0.019434699788689613
0.029353009536862373
0.007178282830864191
0.005124532617628574
0.008986887522041798
0.0051654246635735035
0.01869943179190159
0.013289624825119972
0.05176675319671631
0.008358116261661053
0.012087617069482803
0.018667995929718018
0.13359470665454865
0.012351260520517826
0.009097026661038399
0.005693578626960516
0.01446888130158186
0.0027637046296149492
0.005128396674990654
0.011678081005811691
0.020398341119289398
0.016199208796024323
0.01584237441420555
0.023456996306777
0.013906995765864849
0.009055579081177711
0.05562634393572807
0.007808208465576172
1.1591215133666992
0.004143526311963797
0.007503735367208719
0.009071525186300278
0.019532769918441772
0.012215537950396538
0.0071432278491556644
0.014055428095161915
1.4159269332885742
0.025513865053653717
0.02297222428023815
0.0412912592291832
0.008581112138926983
0.025577113032341003
0.01991315931081772
0.005814670119434595
0.042401932179927826
0.018778596073389053
0.09779535233974457
0.009798462502658367
0.011355004273355007
0.0036020427942276
0.042265649884939194
0.024605458602309227
0.00822620652616024
0.007810750510543585
0.023363022133708
0.012589606456458569
0.037615757435560226
0.012933900579810143
0.004203000571578741
0.004988568369299173
1.125872015953064
0.023410214111208916
0.06743178516626358
0.03987209498882294
1.8528209924697876
0.03317743539810181
0.0343741811811924
0.01609720103442669
0.2619277536869049
0.0065169320441782475
0.014944875612854958
0.015756407752633095
0.19391277432441711
0.034108854830265045
0.016058364883065224
0.033020246773958206
0.019043199717998505
0.017061641439795494
0.04661644250154495
0.011875939555466175
0.008055293001234531
0.020295601338148117
0.006468761246651411
0.07080444693565369
0.014819469302892685
0.005652318242937326
0.06535313278436661
0.056425001472234726
0.06190722808241844
0.18791159987449646
0.019801925867795944
0.013412758708000183
0.006969799753278494
0.003270612331107259
0.014969213865697384
0.008739505894482136
0.03472290188074112
0.004447565879672766
0.2891151010990143
0.028178051114082336
0.051195159554481506
0.04486694931983948
1.7342586517333984
0.03972272947430611
0.027848325669765472
0.014233153313398361
0.022856751456856728
0.015867182984948158
0.03812297433614731
0.017597747966647148
0.007916067726910114
0.010031476616859436
0.03177240863442421
0.012635295279324055
0.030318325385451317
0.009859946556389332
0.07887568324804306
0.01378546841442585
0.3164420425891876
0.017634423449635506
1.372483730316162
0.028781339526176453
0.01755612902343273
0.010887657292187214
0.2940833866596222
0.023689715191721916
0.07718698680400848
0.3165888488292694
0.07591881603002548
0.10954764485359192
0.002304453169927001
0.003469631774351001
0.007118597161024809
0.0027052857913076878
0.06747930496931076
0.047330062836408615
1.6482949256896973
0.01969178207218647
0.008599603548645973
0.01372780092060566
1.8079607486724854
0.008541058748960495
0.03508690744638443
0.030171090736985207
0.010998873971402645
0.009851456619799137
0.015730619430541992
0.014587524347007275
0.011354013346135616
0.008300408720970154
0.01713247038424015
0.0167074054479599
0.019441945478320122
0.019133107736706734
1.3005226850509644
0.02404550276696682
0.00633968785405159
0.015166564844548702
0.020678024739027023
0.020834816619753838
0.02068307437002659
0.015702081844210625
0.012524683959782124
0.014162770472466946
0.3363339602947235
0.234298974275589
0.0698523297905922
0.019543269649147987
0.007059536408632994
0.06516104936599731
0.007697643246501684
0.004450055770576
0.007741844747215509
0.007859175093472004
0.20036418735980988
0.005425469484180212
0.04734097048640251
0.014574744738638401
0.016329223290085793
0.009422251023352146
0.03624798357486725
0.023343050852417946
0.15651455521583557
0.04981584474444389
0.029613936319947243
0.017177999019622803
0.008285075426101685
0.007758624851703644
0.012521958909928799
0.004528373014181852
0.054130811244249344
0.016683967784047127
0.12413876503705978
0.02522549033164978
0.04468272253870964
0.016484824940562248
1.8022363185882568
0.007298091426491737
0.01079967338591814
0.0033856695517897606
0.00827783066779375
0.006870786193758249
0.006144816521555185
0.0053861550986766815
0.012002566829323769
0.016138283535838127
0.026249749585986137
0.033515118062496185
0.021273093298077583
0.011737780645489693
0.04348498582839966
0.014597604051232338
0.01969452016055584
0.009718255139887333
0.2793276607990265
0.004867942538112402
0.6636574864387512
0.030783453956246376
0.19246147572994232
0.008840705268085003
0.14691026508808136
0.004945024847984314
0.3937995433807373
0.015778256580233574
0.2007170468568802
0.008491795510053635
0.08514532446861267
0.006277045235037804
0.04027052968740463
0.00522612826898694
0.07145218551158905
0.005892060697078705
0.009464452043175697
0.011184453032910824
1.1891660690307617
0.03473159298300743
0.011668938212096691
0.004850353579968214
0.05241667106747627
0.006188842933624983
0.004506583791226149
0.009545275010168552
0.013066393323242664
0.006306593772023916
0.12135379761457443
0.013474409468472004
0.011112640611827374
0.016498222947120667
0.06680532544851303
0.012553093954920769
0.035392358899116516
0.006170450244098902
0.02457556687295437
0.040332552045583725
1.3249049186706543
0.022594112902879715
0.016662439331412315
0.1403668373823166
0.02228567562997341
0.011014836840331554
0.018880262970924377
0.004244331736117601
1.322336196899414
0.013207510113716125
0.012054857797920704
0.009087281301617622
0.11648255586624146
0.01208974327892065
0.016692427918314934
0.026269296184182167
0.039753854274749756
0.02978687360882759
0.004483941942453384
0.008954176679253578
0.0033758513163775206
0.003055626293644309
0.052664075046777725
0.02213592827320099
0.030466506257653236
0.0018308525905013084
0.15804755687713623
0.026540206745266914
1.4531826972961426
0.02299206517636776
0.007305897772312164
0.013097476214170456
0.013634636998176575
0.020914532244205475
0.041673798114061356
0.006683210376650095
1.2872024774551392
0.017090460285544395
0.017269589006900787
0.04190097749233246
0.08501066267490387
0.019440745934844017
0.00966986920684576
0.00964256189763546
0.11318863928318024
0.022294795140624046
0.15117448568344116
0.008660649880766869
0.5776243805885315
0.01122188288718462
0.03460904583334923
0.004122882150113583
0.014932963065803051
0.010139822959899902
0.017556441947817802
0.007055716123431921
0.0159853994846344
0.008943500928580761
0.06857196241617203
0.09142956137657166
0.090580515563488
0.012350042350590229
0.008533986285328865
0.005232326220721006
0.0800028070807457
0.010261205025017262
0.5188388228416443
0.018850231543183327
0.9843412637710571
0.011420181952416897
0.050301797688007355
0.025755608454346657
0.013804467394948006
0.01784486137330532
0.0069894939661026
0.021474521607160568
0.013226360082626343
0.011363697238266468
0.02752019837498665
0.010609918273985386
0.004656460136175156
0.006731245666742325
0.003293738467618823
0.014629760757088661
0.016606632620096207
0.033855993300676346
0.04777205362915993
0.03331746906042099
0.024465998634696007
0.0214038398116827
0.20190294086933136
0.015351526439189911
0.009041237644851208
0.021034130826592445
0.006959015037864447
0.0022982670925557613
0.019569020718336105
0.014323512092232704
0.007169988937675953
0.005658756475895643
0.016376525163650513
0.014944245107471943
0.29951319098472595
0.013896589167416096
0.005163093097507954
0.0039673238061368465
0.17774713039398193
0.005021128337830305
0.03088313341140747
0.022550024092197418
0.027437545359134674
0.01887602172791958
0.00807773694396019
0.009908538311719894
0.009061102755367756
0.005556780379265547
0.028161635622382164
0.018292000517249107
0.05635625869035721
0.014749353751540184
0.06614487618207932
0.16994135081768036
0.3945953845977783
0.029112299904227257
0.011547352187335491
0.0402713418006897
0.9867959022521973
0.02977515198290348
0.013007181696593761
0.018036140128970146
0.04893001914024353
0.0370846651494503
0.008378244936466217
0.032776568084955215
0.023732712492346764
0.04073479399085045
0.07738478481769562
0.018811877816915512
0.08380337804555893
0.04589107632637024
0.013567200861871243
0.007044223137199879
0.010782730765640736
0.02102871611714363
0.4405675530433655
0.03379093483090401
0.22666914761066437
0.004701152443885803
0.024945013225078583
0.010939874686300755
0.006468816194683313
0.008126634173095226
0.04567449539899826
0.0033182899933308363
0.0964536964893341
0.051022257655858994
0.10408864170312881
0.011882930994033813
0.11625641584396362
0.12503834068775177
0.02900937758386135
0.10654107481241226
0.004892171826213598
0.008047184906899929
0.19019173085689545
0.007205355912446976
0.008056016638875008
0.010844414122402668
0.045133721083402634
0.008245187811553478
0.08264685422182083
0.006922946311533451
0.010685830377042294
0.00865397322922945
0.006110167596489191
0.027291012927889824
0.022680215537548065
0.003945056349039078
0.008021003566682339
0.04191596806049347
0.020454347133636475
0.012628878466784954
0.25784704089164734
0.007951497100293636
0.03882391378283501
0.0038497464265674353
0.03834065422415733
0.07050120085477829
0.07011985033750534
0.019644225016236305
0.011970828287303448
0.005975826643407345
0.08521559834480286
0.034740597009658813
0.8597551584243774
0.026129452511668205
0.040018629282712936
0.006008740048855543
0.03431374952197075
0.03139106556773186
0.014926031231880188
0.010174109600484371
0.04921900853514671
0.010278366506099701
0.05420598387718201
0.03688928112387657
0.09034714847803116
0.05795047804713249
0.006367352791130543
0.00940774567425251
0.01590566895902157
0.008004465140402317
0.011303246021270752
0.007853134535253048
1.3809608221054077
0.02911403775215149
0.011893345043063164
0.018456818535923958
0.013840297237038612
0.004878748208284378
0.0510583259165287
0.03678262233734131
0.04661155864596367
0.024808160960674286
0.006784450262784958
0.005774105433374643
0.5847938656806946
0.006159212440252304
0.013407022692263126
0.018567251041531563
0.016505593433976173
0.005947945639491081
0.6068815588951111
0.022548964247107506
0.011177834123373032
0.00535946199670434
0.020595334470272064
0.03208164498209953
0.01746058091521263
0.0276054497808218
0.021264659240841866
0.008536224253475666
0.01492286752909422
0.01118459738790989
0.08258567005395889
0.014729208312928677
0.06465926021337509
0.028718018904328346
0.02347644791007042
0.005518144462257624
0.01150770578533411
0.006746613420546055
0.11325734853744507
0.0038415403105318546
0.018358377739787102
0.010515055619180202
0.02409694902598858
0.016219181939959526
0.006589631084352732
0.02143125794827938
0.02968801185488701
0.007852498441934586
0.011161996982991695
0.0038173638749867678
0.01676258072257042
0.008660894818603992
0.8128259778022766
0.008693079464137554
0.014935619197785854
0.1616595834493637
0.01016361266374588
0.02443411387503147
0.014762312173843384
0.02179027535021305
0.04279313236474991
0.015514880418777466
0.044351059943437576
0.020064253360033035
1.0111075639724731
0.03395050764083862
0.01366288959980011
0.007715768646448851
0.003922905772924423
0.003769781906157732
0.00264539266936481
0.0026935392525047064
0.014874456450343132
0.0056838225573301315
0.010856309905648232
0.009453375823795795
1.2218307256698608
0.0307608675211668
0.008159284479916096
0.016653861850500107
0.038206975907087326
0.05401337146759033
0.6903040409088135
0.0403527170419693
0.18164150416851044
0.019032297655940056
0.07103763520717621
0.027326468378305435
0.12042150646448135
0.008663339540362358
0.37065500020980835
0.013120896182954311
0.012775510549545288
0.013991477899253368
0.015153936110436916
0.010847467929124832
0.02271188609302044
0.015099371783435345
0.015994055196642876
0.01157749630510807
0.0402657724916935
0.02994341216981411
0.015475569292902946
0.05154284089803696
0.004426858387887478
0.013082093559205532
0.7587575316429138
0.009737919084727764
0.013106131926178932
0.016427570953965187
0.01798972301185131
0.010047252289950848
0.003703737398609519
0.060416653752326965
0.020400699228048325
0.006669456604868174
0.010464631021022797
0.005326158367097378
0.01458814088255167
0.005381463561207056
0.08082186430692673
0.02349148504436016
0.25991666316986084
0.010852038860321045
0.04181966558098793
0.03358034789562225
0.6563481092453003
0.07123265415430069
0.0075145685113966465
0.005592852830886841
0.005318810697644949
0.018040936440229416
0.03960808739066124
0.027731964364647865
1.9641233682632446
0.025290891528129578
0.17917400598526
0.008225701749324799
0.019597072154283524
0.016007453203201294
0.8683759570121765
0.008114987052977085
0.013821777887642384
0.013550651259720325
1.2325118780136108
0.023812657222151756
0.0019067269749939442
0.009076030924916267
0.4573076665401459
0.006316902581602335
0.10934887081384659
0.00684792036190629
0.005690737161785364
0.0046217129565775394
0.01488269679248333
0.0070800199173390865
0.005176038481295109
0.011133481748402119
0.33723172545433044
0.023809049278497696
0.005633878521621227
0.012917225249111652
0.008036929182708263
0.019353317096829414
0.015601018443703651
0.02275201492011547
0.09144272655248642
0.04668643698096275
0.014467756263911724
0.014357908628880978
0.04133650287985802
0.006315838545560837
0.010835363529622555
0.021629493683576584
0.20577876269817352
0.3060675859451294
0.02451341785490513
0.05090301111340523
0.007081375923007727
0.013537639752030373
0.02578282356262207
0.01821203902363777
0.04005269333720207
0.012743974104523659
0.030158428475260735
0.008918806910514832
0.018402284011244774
0.0038950187154114246
0.0502890907227993
0.07721340656280518
0.4192976653575897
0.00922499317675829
0.021530864760279655
0.021321866661310196
0.10700694471597672
0.034045178443193436
0.0028105489909648895
0.025523193180561066
0.005518150981515646
0.031118247658014297
0.01285022497177124
0.00690994830802083
0.011105292476713657
0.0068916138261556625
0.015079162083566189
0.007443371694535017
0.013811832293868065
0.07920034229755402
0.3203609883785248
0.015508513897657394
0.10025522857904434
0.04297137260437012
0.08729711920022964
0.0065987990237772465
0.013096439652144909
0.015811994671821594
0.01994442380964756
0.016359660774469376
0.01581910252571106
0.018674924969673157
0.013244054280221462
0.022174304351210594
0.03991987928748131
0.008350703865289688
0.011937359347939491
0.0212080217897892
0.707918107509613
0.017489025369286537
0.19691160321235657
0.054440371692180634
0.14003245532512665
0.02551448903977871
0.07117070257663727
0.037873703986406326
0.025599289685487747
0.0177373718470335
0.00464487774297595
0.00397934764623642
1.654276728630066
0.010643272660672665
0.009608079679310322
0.00806911289691925
0.008434360846877098
0.004973229486495256
0.00696347514167428
0.012205184437334538
0.010939058847725391
0.027072696015238762
0.004454278852790594
0.013956430368125439
0.27108317613601685
0.020946241915225983
0.028150994330644608
0.019057879224419594
0.01892930641770363
0.02018854208290577
0.031170053407549858
0.0371149517595768
0.9816053509712219
0.021482599899172783
0.005703219212591648
0.007778312545269728
0.0032815064769238234
0.008150720037519932
0.010981318540871143
0.10519197583198547
0.004568226635456085
0.002463808748871088
0.05784150958061218
0.04630447179079056
1.5336254835128784
0.020235678181052208
0.03367692604660988
0.012569203972816467
0.0801776722073555
0.007682650815695524
0.07333801686763763
0.04498649388551712
0.07353602349758148
0.009657274931669235
0.07604413479566574
0.016777871176600456
0.011443349532783031
0.03778117522597313
0.030024029314517975
0.015153628773987293
0.006770802196115255
0.015531568787992
0.027056613937020302
0.019599193707108498
0.02797038108110428
0.018711918964982033
0.05776578187942505
0.01034467201679945
0.1401178240776062
0.0237371027469635
0.06770993024110794
0.017807794734835625
0.0059026917442679405
0.009460711851716042
0.022745605558156967
0.009328010492026806
1.6235295534133911
0.018560780212283134
0.15870894491672516
0.01165871974080801
1.6184357404708862
0.005965211428701878
0.646146833896637
0.02529698982834816
2.0175621509552
0.038258131593465805
2.155848264694214
0.012485711835324764
0.00781765766441822
0.019023403525352478
1.818206787109375
0.01411894615739584
0.022806206718087196
0.01045529730618
0.01017423439770937
0.01365310326218605
0.0030367670115083456
0.01631375402212143
0.14198298752307892
0.011515195481479168
0.039976585656404495
0.01867217756807804
0.006555500905960798
0.01381723489612341
0.020561382174491882
0.04850703477859497
2.1341915130615234
0.016092004254460335
0.008356171660125256
0.006077256985008717
1.4697948694229126
0.008217127993702888
0.008464029990136623
0.06938928365707397
0.052224647253751755
0.021090596914291382
0.03329964354634285
0.008365039713680744
0.08817960321903229
0.007434600032866001
0.014479405246675014
0.01603982038795948
0.030685434117913246
0.016104452311992645
0.011449432000517845
0.013121521100401878
0.007128358818590641
0.017739413306117058
0.016520095989108086
0.011264852248132229
0.011872692964971066
0.016395198181271553
0.009003892540931702
0.00977128092199564
0.010975408367812634
0.02043546736240387
0.015239404514431953
0.034698739647865295
0.012570003978908062
0.027249321341514587
0.594894289970398
0.010381634347140789
0.1419941633939743
0.04240008816123009
0.013934282585978508
0.023789869621396065
0.05095751956105232
0.030513428151607513
0.01155782025307417
0.01488406304270029
0.11305461823940277
0.018156331032514572
0.010925221256911755
0.014554210938513279
0.004175656940788031
0.01036664005368948
0.015718812122941017
0.015030870214104652
0.30095693469047546
0.03090539015829563
1.5579631328582764
0.049871139228343964
0.013419875875115395
0.030141359195113182
1.0077356100082397
0.031143801286816597
0.0076720560900866985
0.01715959794819355
0.03396626189351082
0.012910050339996815
0.345413476228714
0.0639486089348793
1.4830970764160156
0.0452367328107357
0.2928520143032074
0.05041787773370743
1.594518780708313
0.008323783054947853
0.021398670971393585
0.0242301095277071
0.015883972868323326
0.01677720807492733
0.03444432467222214
0.01628030091524124
0.0181552954018116
0.008651887066662312
0.14212583005428314
0.014791366644203663
0.08217163383960724
0.04937339946627617
0.02234620787203312
0.028171736747026443
0.039566636085510254
0.093089260160923
0.023477286100387573
0.012218899093568325
0.004495485220104456
0.01148695033043623
0.03033909574151039
0.01392701268196106
0.013236346654593945
0.01942462846636772
1.6660354137420654
0.03298211470246315
0.007753422949463129
0.005120724439620972
0.012876385822892189
0.01001040544360876
0.009116779081523418
0.010835585184395313
0.013125434517860413
0.005632858257740736
0.009004946798086166
0.00632269075140357
0.05283192917704582
0.017606928944587708
0.03305792808532715
0.012841926887631416
0.047771912068128586
0.03267667442560196
2.1162431240081787
0.024658028036355972
0.0067951553501188755
0.029217848554253578
0.028056573122739792
0.00961544830352068
0.010131959803402424
0.019321434199810028
0.028386322781443596
0.02626841329038143
0.007540123071521521
0.014288755133748055
0.013342863880097866
0.013392235152423382
0.00548304570838809
0.006402031984180212
0.02022233046591282
0.005523569881916046
0.003162352368235588
0.00574134849011898
0.0053589679300785065
0.006795635912567377
0.029174838215112686
0.12293920665979385
1.3338466882705688
0.06917392462491989
0.020806554704904556
0.0029678347054868937
1.343981385231018
0.010166329331696033
0.06417067348957062
0.02275213412940502
0.1298806220293045
0.0421551875770092
0.051765769720077515
0.026100680232048035
0.6099364161491394
0.015724046155810356
0.04169827699661255
0.07037417590618134
0.01975533924996853
0.021939454600214958
0.0032250210642814636
0.016561344265937805
1.0465494394302368
0.014613719657063484
0.07486409693956375
0.02145448885858059
0.37044522166252136
0.010668083094060421
0.0027021989226341248
0.021742308512330055
0.03720879554748535
0.03229813277721405
0.026787487789988518
0.013900036923587322
0.0031824037432670593
0.02031923644244671
0.008410688489675522
0.010172809474170208
0.0059579466469585896
0.026387009769678116
0.011631504632532597
0.003453261451795697
0.006398763507604599
0.003902666037902236
2.401258945465088
0.003068947233259678
0.031627293676137924
0.01690690964460373
0.005128048360347748
0.013107982464134693
0.013060778379440308
0.006498315837234259
0.03563245013356209
0.006330593954771757
0.19581875205039978
0.00825671385973692
0.012545143254101276
0.012128476984798908
0.012732979841530323
0.00961283128708601
0.034685321152210236
0.009235178120434284
0.02031921222805977
0.0170583538711071
0.033213164657354355
0.02491469494998455
0.020989153534173965
0.013655696995556355
0.020374583080410957
0.013170989230275154
0.00734006566926837
0.008906914852559566
0.022635793313384056
0.00904828030616045
0.007752613630145788
0.009519347921013832
0.007078486029058695
0.004290992859750986
1.371219277381897
0.0038921267259866
0.06213928014039993
0.04933072254061699
0.03760029003024101
0.21899789571762085
0.43768754601478577
0.1061105728149414
0.7424289584159851
0.023160520941019058
0.009453436359763145
0.008979732170701027
0.010099920444190502
0.01773502677679062
1.3822071552276611
0.017759745940566063
0.010285329073667526
0.010361348278820515
0.03478115051984787
0.01559208333492279
0.0059959678910672665
0.017228946089744568
0.016568154096603394
0.006870971526950598
0.00846079271286726
0.011647622101008892
0.02379988133907318
0.015782730653882027
0.0076731350272893906
0.018779383972287178
0.019138669595122337
0.011705691926181316
0.18020088970661163
0.016318392008543015
0.28316792845726013
0.032065875828266144
0.02012902870774269
0.012191622518002987
0.06522809714078903
0.005873901303857565
0.11026817560195923
0.013290243223309517
0.04047137498855591
0.00659640459343791
0.031383827328681946
0.002939983969554305
0.007359237875789404
0.006499278359115124
1.4093782901763916
0.02388390712440014
0.022054461762309074
0.01396392285823822
1.539341926574707
0.01766435243189335
0.04106690362095833
0.05724024772644043
0.010744387283921242
0.02742629684507847
0.05248206853866577
0.012341766618192196
0.0686337798833847
0.0359458401799202
0.6994577050209045
0.007131851743906736
0.024963155388832092
0.00843513198196888
0.003657135646790266
0.01659095287322998
0.018972381949424744
0.018675195053219795
0.019940463826060295
0.014426461420953274
0.08428209275007248
0.05470345541834831
0.4036073386669159
0.11125274747610092
0.0429554246366024
0.026586905121803284
0.019634315744042397
0.01668490283191204
0.008367878384888172
0.019278554245829582
0.0088965417817235
0.008974130265414715
0.1002030223608017
0.021108796820044518
0.025279182940721512
0.015366140753030777
0.008519669063389301
0.024941543117165565
0.007426477503031492
0.005121810361742973
0.01084447093307972
0.009730144403874874
0.011000318452715874
0.0044452473521232605
0.002444431884214282
0.06064534932374954
0.05429651960730553
0.038567520678043365
0.05433299019932747
0.007863267324864864
0.01678485982120037
0.016830960288643837
0.007698215544223785
0.041185058653354645
0.006687171757221222
0.0077858977019786835
1.3648630380630493
0.010555008426308632
0.073249451816082
0.01876637153327465
0.0035041156224906445
0.00985301285982132
0.01821637526154518
0.006324674002826214
0.013471602462232113
0.00943860411643982
0.00830966979265213
0.0021985818166285753
0.007246758323162794
0.037205833941698074
0.021186862140893936
0.04198834300041199
0.005879394710063934
0.015365282073616982
0.005927794612944126
0.0024950173683464527
0.009968231432139874
0.03702745959162712
0.015455014072358608
0.009980200789868832
0.01401437260210514
0.03215239942073822
0.011029638350009918
0.019761696457862854
0.016827676445245743
0.005995556712150574
0.003072363091632724
0.011361840181052685
0.022054780274629593
0.006228907033801079
0.14834162592887878
0.02774512767791748
0.028323490172624588
0.007678787689656019
0.10552169382572174
0.07613580673933029
1.6532516479492188
0.03426263853907585
0.014402209781110287
0.013916373252868652
1.3660110235214233
0.012055973522365093
0.033119089901447296
0.025888485834002495
1.1788021326065063
0.0123317064717412
0.028363322839140892
0.014728464186191559
0.7205057740211487
0.02616613358259201
0.045317716896533966
0.01232838537544012
1.5609722137451172
0.05193979665637016
0.14643238484859467
0.03808249160647392
0.01472474168986082
0.029729610309004784
0.022653022781014442
0.01592564955353737
0.018553948029875755
0.013164611533284187
0.02296542562544346
0.014686877839267254
0.012828007340431213
0.027396652847528458
0.03147994354367256
0.032448556274175644
0.022508982568979263
0.03651828691363335
0.0170974750071764
0.02644774690270424
0.0031273711938410997
0.00891069509088993
0.010772106237709522
0.009301937185227871
0.02086983062326908
0.012606742791831493
0.382957398891449
0.007323752623051405
0.01601099595427513
0.0052222805097699165
0.016140231862664223
0.01783817820250988
0.007398797664791346
0.005602165125310421
0.008124211803078651
0.007619259413331747
0.01349550485610962
0.006359916180372238
0.005920457653701305
0.009136345237493515
0.17789296805858612
0.01176409050822258
0.044700052589178085
0.012784636579453945
0.06692785024642944
0.008871578611433506
0.02437150478363037
0.013383726589381695
1.1038446426391602
0.0106175122782588
0.00664359237998724
0.01462501473724842
0.00436668423935771
0.007327971048653126
0.0058260695077478886
0.007816693745553493
0.007530729752033949
0.032530538737773895
0.08089195936918259
0.015342727303504944
0.031736698001623154
0.021238282322883606
0.03947947546839714
0.006448984146118164
0.07071314752101898
0.02924138866364956
0.028185775503516197
0.004149894695729017
1.7046400308609009
0.03463933244347572
0.12162543833255768
0.006476853974163532
0.003897810820490122
0.005736084189265966
0.009055914357304573
0.011186645366251469
0.23788046836853027
0.011290941387414932
0.005763012915849686
0.0036918234545737505
0.006034316029399633
0.0042814589105546474
0.010143372230231762
0.018258439376950264
0.007238668389618397
0.005314162466675043
0.007724108174443245
0.02742716483771801
0.021324539557099342
0.07258530706167221
0.08963613957166672
0.0346498116850853
0.012613832950592041
0.01044295635074377
0.09284557402133942
0.054415542632341385
0.015067124739289284
0.011332142166793346
0.020474828779697418
0.021054690703749657
0.014600204303860664
0.033605124801397324
0.03997128829360008
0.020548636093735695
0.25515127182006836
0.007198806386440992
0.05598849058151245
0.008081967942416668
0.034515902400016785
0.03143522888422012
0.009922584518790245
0.010444852523505688
0.00724471639841795
0.004819788038730621
0.011562555097043514
0.0040175351314246655
0.004423638340085745
0.004741644021123648
0.040830932557582855
0.026942655444145203
0.06656914949417114
0.013383152894675732
0.0028660944662988186
0.0066618239507079124
0.008192736655473709
0.007090874016284943
0.02297995798289776
0.02288304828107357
0.03851526603102684
0.02197488397359848
0.09640685468912125
0.023172780871391296
0.0770140290260315
0.00658463267609477
0.016939401626586914
0.011702330783009529
0.013634109869599342
0.00865578930824995
0.012136847712099552
0.0110377361997962
0.06910406798124313
0.005715297069400549
0.04972947761416435
0.047735560685396194
0.14656224846839905
0.011544641107320786
0.033071450889110565
0.012197453528642654
0.021022794768214226
0.009181457571685314
0.0840391144156456
0.015486259944736958
0.006485076155513525
0.011715099215507507
0.008308276534080505
0.006129774730652571
0.007487860973924398
0.012822282500565052
0.015795206651091576
0.01813536323606968
0.0073587833903729916
0.023934591561555862
0.006314929109066725
0.018774637952446938
1.656331181526184
0.01545056514441967
0.030987786129117012
0.005558236502110958
0.11272592097520828
0.015225655399262905
0.041246067732572556
0.044568609446287155
0.012874019332230091
0.017907356843352318
0.052964381873607635
0.004767053760588169
1.5025608539581299
0.017994102090597153
0.019872544333338737
0.002907879650592804
0.004242707043886185
0.001938890083692968
0.008621832355856895
0.009233921766281128
0.012570281513035297
0.015850404277443886
0.007679290603846312
0.0045331744477152824
0.003853033296763897
0.0018501370213925838
0.008494280278682709
0.02117130346596241
1.0960766077041626
0.02056899480521679
0.018810613080859184
0.008565082214772701
0.011245000176131725
0.0038126748986542225
0.04438890144228935
0.04198775812983513
0.025280391797423363
0.05085553601384163
0.01249808818101883
0.005574442446231842
0.007789176888763905
0.018814021721482277
0.042073894292116165
0.07131228595972061
0.004475445486605167
0.006780475378036499
0.04684005305171013
0.08852928131818771
0.02435598522424698
0.010694010183215141
0.008701096288859844
0.006081766914576292
0.010959120467305183
0.010613316670060158
0.01533464901149273
0.005346870049834251
0.012863929383456707
0.014161347411572933
0.015378765761852264
0.03703085333108902
0.005947921425104141
0.019593117758631706
1.7275482416152954
0.017570946365594864
0.006635946221649647
0.02129482664167881
0.01009297277778387
0.005501411855220795
0.008737189695239067
0.003150898264721036
0.01760760508477688
0.01892503723502159
0.47628363966941833
0.03290996327996254
0.5897551774978638
0.023804796859622
0.015059368684887886
0.017487414181232452
0.08750664442777634
0.01581951044499874
0.014239569194614887
0.0062967934645712376
0.019633805379271507
0.009029002860188484
0.41898995637893677
0.16510263085365295
0.009065685793757439
0.049621712416410446
0.028579697012901306
0.003795129479840398
0.015010348521173
0.006988247390836477
0.012860196642577648
0.042486321181058884
0.13678231835365295
0.17560386657714844
0.019140133634209633
0.01436065137386322
0.08296884596347809
0.04284016042947769
0.01902785710990429
0.012054037302732468
0.022959677502512932
0.027525916695594788
0.01154425460845232
0.014432864263653755
0.018571672961115837
0.007852338254451752
0.009993496350944042
0.012332160957157612
0.007713147904723883
0.009407421573996544
0.5823386311531067
0.2334190309047699
0.05676940456032753
0.02171490155160427
0.040173258632421494
0.015360628254711628
1.1035739183425903
0.028931355103850365
0.014036309905350208
0.005309503059834242
0.021329019218683243
0.007664183620363474
0.0128912553191185
0.013920214958488941
0.027136823162436485
0.010587203316390514
0.006711451802402735
0.020339256152510643
0.6378775835037231
0.006059653591364622
0.08271356672048569
0.014045922085642815
1.4954034090042114
0.04007068648934364
0.0023754602298140526
0.005286749452352524
0.09280648827552795
0.006964147090911865
1.4478347301483154
0.010516033507883549
0.012788188643753529
0.02317827381193638
0.008972754701972008
0.026410888880491257
0.9421279430389404
0.02725330926477909
0.023619351908564568
0.010063069872558117
0.013775683008134365
0.007798768579959869
0.03590158745646477
0.015258194878697395
0.01515854150056839
0.017436854541301727
0.002495784079656005
0.0060830675065517426
0.040564291179180145
0.005718747153878212
0.011830207891762257
0.013870356604456902
0.04937748610973358
0.019246412441134453
0.004977916833013296
0.009050466120243073
1.8813663721084595
0.024937616661190987
0.06860724091529846
0.01339625846594572
0.345491886138916
0.009543617255985737
0.012559309601783752
0.007035460788756609
0.012849642895162106
0.002601909451186657
0.25594040751457214
0.10087668150663376
0.02545015886425972
0.017393188551068306
0.20677122473716736
0.008691098541021347
0.4191536605358124
0.008386069908738136
0.010833106935024261
0.025724096223711967
0.015341547317802906
0.020154796540737152
0.004413760732859373
0.031231720000505447
0.00647036824375391
0.014713759534060955
0.01730078086256981
0.17949877679347992
0.02582387439906597
0.05185598134994507
0.08465968817472458
0.030523812398314476
1.6448702812194824
0.01288477424532175
0.018247822299599648
0.019399089738726616
0.05189361795783043
0.05578671768307686
0.02425076812505722
0.023068780079483986
0.007878760807216167
0.025201987475156784
0.009776494465768337
0.009690364822745323
0.09137629717588425
0.007579367607831955
0.013326144777238369
0.03909044340252876
0.11323358118534088
0.08683352917432785
0.010384966619312763
0.026455724611878395
1.9166200160980225
0.02562806010246277
0.05869293212890625
0.0325055830180645
0.0085544902831316
0.00881628692150116
0.04584968462586403
0.005992833524942398
0.008301276713609695
0.014620611444115639
0.004765736870467663
0.016763566061854362
0.026647720485925674
0.012787031941115856
0.21478454768657684
0.009876281023025513
0.03211986646056175
0.009255317971110344
0.006134200841188431
0.019581684842705727
0.07866320013999939
0.020297830924391747
1.3683679103851318
0.017546802759170532
0.0021700006909668446
0.006952166557312012
0.03843182697892189
0.0016612146282568574
0.005345785524696112
0.004635258577764034
0.026972834020853043
0.006710629910230637
0.017257725819945335
0.008435550145804882
0.2527288496494293
0.005283375270664692
0.008114917203783989
0.00782042182981968
0.018373368307948112
0.008150777779519558
0.08284389227628708
0.016974201425909996
0.697048008441925
0.014855409041047096
0.019430603832006454
0.00559510663151741
0.4044909179210663
0.011863430961966515
0.015498328022658825
0.024803631007671356
0.019489934667944908
0.02009260654449463
0.013691827654838562
0.02246168628334999
0.01774097979068756
0.01723415032029152
0.0534651018679142
0.02103322371840477
0.008442790247499943
0.025922441855072975
1.8707329034805298
0.015835905447602272