0.017153533175587654
0.5100943446159363
0.01853683590888977
0.5024508237838745
0.025082943961024284
0.5101988315582275
0.023808812722563744
0.5090581774711609
0.009573347866535187
0.07960062474012375
0.011030793190002441
0.1224144846200943
0.010842780582606792
0.09315155446529388
0.011854670010507107
0.15469996631145477
0.06891341507434845
0.9668436050415039
0.09843412786722183
0.3243294358253479
0.06412854045629501
0.6358303427696228
0.1299278289079666
0.32138973474502563
0.05725805088877678
0.24916577339172363
0.07951724529266357
0.2314777672290802
0.0766732320189476
0.17820985615253448
0.06820854544639587
0.17457237839698792
0.015599297359585762
0.6927032470703125
0.025367602705955505
0.7598928809165955
0.0191683080047369
0.7382797598838806
0.029080791398882866
0.8823251128196716
0.013312503695487976
0.09843555092811584
0.017966993153095245
0.19315378367900848
0.019542550668120384
0.12131748348474503
0.0317649245262146
0.20706415176391602
0.016377827152609825
0.08268224447965622
0.8215554356575012
0.5498040318489075
0.12944404780864716
0.11236410588026047
1.0612863302230835
1.0027462244033813
0.6096071004867554
0.21801872551441193
0.16558849811553955
0.0783093124628067
1.0267852544784546
0.32619601488113403
0.39577728509902954
0.08195047825574875
0.05173291638493538
0.09368518739938736
0.06538146734237671
0.05095002055168152
0.0519486740231514
0.07602237910032272
0.06796147674322128
0.0429619625210762
0.0383790098130703
0.13447903096675873
0.0431022122502327
0.06818979233503342
0.05683883652091026
0.15484671294689178
0.056635934859514236
0.07114513963460922
0.13919220864772797
0.6608788371086121
0.0494081936776638
0.07457318156957626
0.08760537207126617
0.4141128659248352
0.03817223384976387
0.08513464033603668
0.10240055620670319
0.9962968826293945
0.04858249053359032
0.6392064690589905
0.1102350726723671
0.8293167352676392
0.05090879276394844
0.35148537158966064
0.5328103303909302
0.3063451945781708
1.2619975805282593
0.8948473334312439
0.5160385370254517
0.25053974986076355
1.1287578344345093
0.48277974128723145
1.0220822095870972
0.8424797058105469
0.514154314994812
0.2860700786113739
0.9307676553726196
0.6247197389602661
0.26758819818496704
0.18396233022212982
0.023417789489030838
0.05036979541182518
0.026985270902514458
0.044210564345121384
0.029020870104432106
0.04284680634737015
0.029777375981211662
0.043392229825258255
0.026647133752703667
0.04176796227693558
0.026658926159143448
0.025041326880455017
0.031142234802246094
0.05676265433430672
0.024169115349650383
0.030456429347395897
0.035457056015729904
0.6744220852851868
0.08597015589475632
0.4464075565338135
0.050620853900909424
0.4617108404636383
0.0849798247218132
0.29325202107429504
0.14477095007896423
0.22275447845458984
0.05347999557852745
0.09007739275693893
0.11888594925403595
0.11848171800374985
0.0539558008313179
0.07585044205188751
1.0383169651031494
0.6676377654075623
0.6979419589042664
0.26193997263908386
1.2693480253219604
0.828149139881134
0.7629706859588623
0.3038794696331024
0.38359108567237854
0.3785196542739868
0.20727041363716125
0.4211331903934479
0.5802308917045593
0.42273464798927307
0.28090229630470276
0.4969730079174042
0.06537789851427078
1.166873574256897
0.43304961919784546
1.0398682355880737
0.0656777024269104
1.0746557712554932
1.1610016822814941
1.5030646324157715
0.33112090826034546
0.0866527333855629
0.28057780861854553
0.07997529953718185
0.3866512179374695
0.1514788419008255
0.4814469814300537
0.2995053827762604
0.18369944393634796
0.5211548209190369
0.23281097412109375
0.10070367902517319
0.2352098971605301
0.4982086718082428
0.30367812514305115
0.13527467846870422
0.011100406758487225
0.8913236856460571
0.04635478928685188
0.7537404298782349
0.014708036556839943
0.9425860643386841
0.04867246747016907
0.7710924744606018
0.0966077670454979
0.4262758195400238
0.4772339463233948
0.7397342920303345
0.1060260459780693
0.3832417130470276
0.3910834491252899
0.6340460181236267
0.06400185078382492
0.41282644867897034
0.1347750872373581
0.5767065286636353
0.059855103492736816
0.3491593599319458
0.10328181087970734
0.5339767336845398
0.08585422486066818
1.364971399307251
0.5480371117591858
0.6212137341499329
0.10228927433490753
1.3108044862747192
0.6120964884757996
0.7539682388305664
0.1667703241109848
0.6232136487960815
0.20801202952861786
0.45127764344215393
0.2735089063644409
0.7613930702209473
0.3351190686225891
0.547827959060669
0.005829192232340574
0.3123566806316376
0.06167317181825638
0.4341372549533844
0.008115322329103947
0.3113754689693451
0.06370985507965088
0.4533744752407074
0.006210900377482176
0.1184321790933609
0.009743763133883476
0.2871439456939697
0.009793729521334171
0.13488423824310303
0.012379084713757038
0.3137155771255493
0.015633922070264816
0.11876446008682251
0.3340897262096405
0.20287767052650452
0.027248824015259743
0.18502984941005707
0.2857607305049896
0.24654605984687805
0.04033616930246353
0.07518058270215988
0.11182060092687607
0.12392739206552505
0.062392544001340866
0.08284371346235275
0.15084214508533478
0.1999651938676834
0.018168076872825623
0.0640169233083725
0.16237278282642365
0.07349842041730881
0.019014747813344002
0.05126440152525902
0.13316823542118073
0.05959031730890274
0.016499755904078484
0.08037119358778
0.017994467169046402
0.0671706348657608
0.016104402020573616
0.08636362850666046
0.01688409224152565
0.06221676990389824
0.15895040333271027
0.09724122285842896
0.0799899473786354
0.07724838703870773
0.10460884869098663
0.09835708141326904
0.05706632137298584
0.08894982933998108
0.03938491269946098
0.0984613373875618
0.04456937685608864
0.08770130574703217
0.034648261964321136
0.10605523735284805
0.04038966819643974
0.09022976458072662
0.01135410275310278
0.4156934916973114
0.03911346569657326
0.1800580769777298
0.013054889626801014
0.2761034667491913
0.033914174884557724
0.12847325205802917
0.008790695108473301
1.1612452268600464
0.008589021861553192
0.6787964105606079
0.010668271221220493
1.1807820796966553
0.010089164599776268
0.39262279868125916
0.01332645770162344
0.1565733253955841
0.01180220302194357
0.08452440798282623
0.020400965586304665
0.1920662671327591
0.015932954847812653
0.11615908145904541
0.015045031905174255
0.02767195738852024
0.011156873777508736
0.03187919408082962
0.01991382986307144
0.04066977649927139
0.014739963226020336
0.037970174103975296
0.04007088020443916
1.0712413787841797
0.0391455702483654
1.1381914615631104
0.047221507877111435
0.7202700972557068
0.07583323866128922
0.46047067642211914
0.1287105828523636
0.4302562177181244
0.11397989839315414
0.12440166622400284
0.15860839188098907
0.18488459289073944
0.13854272663593292
0.05138919875025749
0.016137486323714256
0.6591206192970276
0.6467494964599609
0.3181069791316986
0.018739381805062294
0.3586892783641815
0.723771870136261
0.3999500870704651
0.009671363048255444
0.8390089273452759
0.7200178503990173
0.31682059168815613
0.012370354495942593
0.6081541180610657
0.6019331812858582
0.384734570980072
0.018165865913033485
0.7251006960868835
0.3590637445449829
0.28146684169769287
0.017347905784845352
0.6087004542350769
0.14661599695682526
0.34607014060020447
0.06854422390460968
0.31094929575920105
0.09001468122005463
0.3957165777683258
0.02276570163667202
0.3500140607357025
0.049207985401153564
0.41573092341423035
0.013735569082200527
0.03535012528300285
0.3232385814189911
0.09731324762105942
0.015231049619615078
0.032657574862241745
0.2273557186126709
0.0744638666510582
0.014075413346290588
0.4018443524837494
0.03894871473312378
0.3436659276485443
0.01828477531671524
0.4162151515483856
0.030575186014175415
0.4077274799346924
0.2724723517894745
0.9771897196769714
0.6559945940971375
0.9778741002082825
0.09929598122835159
0.7305465340614319
0.4720517098903656
0.827774167060852
0.6370287537574768
0.6614369750022888
0.7651205658912659
0.5126100182533264
0.309998482465744
0.3208281993865967
0.6685954928398132
0.2366701364517212
0.025325536727905273
0.025036528706550598
0.10589189827442169
0.02701522223651409
0.027402475476264954
0.03520844504237175
0.04705284908413887
0.03179246187210083
0.014452988281846046
0.04820118471980095
0.008727493695914745
0.07619701325893402
0.014943442307412624
0.044266775250434875
0.010885805822908878
0.07127143442630768
0.1498723328113556
0.536207377910614
0.10912374407052994
0.3396429121494293
0.19378678500652313
0.6339521408081055
0.181333988904953
0.44284287095069885
0.08590900152921677
0.589070737361908
0.08164767920970917
0.07498743385076523
0.09690011292695999
0.5966336131095886
0.1181476041674614
0.14669454097747803
0.017040859907865524
0.6663419604301453
0.022791367024183273
0.08803798258304596
0.020996566861867905
0.5484658479690552
0.02692703902721405
0.10628961771726608
0.05872318148612976
0.09485886245965958
0.05285193398594856
0.03779173642396927
0.08443035185337067
0.07407383620738983
0.05648892745375633
0.03984840586781502
0.03574984893202782
0.1402144879102707
0.06480962038040161
0.08497092872858047
0.026432448998093605
0.09204290807247162
0.03784355893731117
0.06504962593317032
0.049050357192754745
0.08250278234481812
0.051967378705739975
0.02338661625981331
0.03549482300877571
0.056083954870700836
0.0399051159620285
0.0259564109146595
0.025667935609817505
1.2003672122955322
0.06307174265384674
0.5677658915519714
0.039861347526311874
1.251119613647461
0.05343801528215408
0.8802741169929504
0.03488783910870552
0.08617115020751953
0.03840634599328041
0.04851655662059784
0.04707656428217888
0.31105518341064453
0.057337045669555664
0.14098507165908813
0.050357602536678314
0.04600681737065315
0.22119644284248352
0.13583649694919586
0.029507458209991455
0.06891617923974991
0.1124703511595726
0.16420194506645203
0.03499000892043114
0.03193526715040207
0.03596176952123642
0.07340960204601288
0.02575511671602726
0.04256882518529892
0.03838993236422539
0.1403161883354187
0.08496712148189545
0.5337122678756714
0.03411313146352768
0.4169405400753021
0.06332327425479889
0.2690664529800415
0.019283344969153404
0.18178556859493256
0.056508272886276245
1.1396660804748535
0.03788977861404419
0.6865946650505066
0.024740317836403847
0.9202325940132141
0.023427527397871017
0.3596479594707489
0.014391332864761353
0.04827887564897537
0.11968880146741867
0.08769886940717697
0.01744081638753414
0.03651503473520279
0.08794397115707397
0.07089842110872269
0.009045195765793324
0.15247084200382233
0.02070797048509121
0.38211700320243835
0.011187703348696232
0.22097352147102356
0.015317954123020172
0.3950376510620117
0.03595319017767906
0.04180381819605827
0.5083633065223694
0.27209529280662537
0.04228197783231735
0.050314486026763916
0.5698505640029907
0.32659420371055603
0.013465332798659801
0.14353758096694946
0.15200702846050262
0.18507793545722961
0.01665417104959488
0.15842357277870178
0.1817832887172699
0.2877553105354309
0.05726262554526329
0.09828809648752213
0.05812358856201172
0.0671299397945404
0.05508255586028099
0.09266793727874756
0.040990572422742844
0.059722281992435455
0.027432655915617943
0.13988231122493744
0.026277197524905205
0.11118459701538086
0.027604371309280396
0.11318792402744293
0.023389140143990517
0.11446662992238998
0.03961586579680443
0.6181502342224121
0.060550134629011154
0.6756789684295654
0.02579311840236187
0.5613300204277039
0.049027103930711746
0.5639843940734863
0.18686030805110931
0.09599819779396057
0.10095508396625519
0.038318172097206116
0.22199328243732452
0.044377535581588745
0.21365182101726532
0.0270502008497715
0.013379213400185108
0.09585512429475784
0.016310257837176323
0.12259950488805771
0.016156693920493126
0.11267679184675217
0.017416859045624733
0.1803247034549713
0.015818454325199127
0.03698069602251053
0.026570618152618408
0.08875511586666107
0.018142910674214363
0.03522191196680069
0.026498159393668175
0.06365024298429489
0.03534751757979393
0.6248364448547363
0.0437522791326046
1.268880844116211
0.057476937770843506
0.34565243124961853
0.057128239423036575
1.0615816116333008
0.3971436321735382
0.16251401603221893
0.4067622125148773
0.07365040481090546
0.6344214081764221
0.17452602088451385
0.3559262752532959
0.08440252393484116
0.10675044357776642
0.2228178232908249
0.1823521852493286
0.12399186939001083
0.06854768842458725
0.1484249383211136
0.17739886045455933
0.09489843249320984
0.08691079169511795
0.0965283140540123
0.05051196739077568
0.2697314918041229
0.0444343201816082
0.12903209030628204
0.027475789189338684
0.3557765483856201
0.011406800709664822
0.15897665917873383
0.029677322134375572
0.16363653540611267
0.009133740328252316
0.13899807631969452
0.017973775044083595
0.16656605899333954
0.01585777848958969
0.20695403218269348
0.029329447075724602
0.14151416718959808
0.014615071006119251
0.17990230023860931
0.0250259879976511
0.1058725044131279
0.031291354447603226
0.03647895157337189
0.8613600730895996
0.1431967318058014
0.024010878056287766
0.04284827038645744
0.5500533580780029
0.1693662405014038
0.01189188938587904
0.07168068736791611
0.11044895648956299
0.16940884292125702
0.011107001453638077
0.049857597798109055
0.06354304403066635
0.14663784205913544
0.031495966017246246
0.030753493309020996
0.2343035787343979
0.10151775926351547
0.0671815425157547
0.06859759986400604
0.3085744380950928
0.18356992304325104
0.009096040390431881
0.17985974252223969
0.0428132489323616
0.11787325143814087
0.01364703755825758
0.22573880851268768
0.052060581743717194
0.14431701600551605
0.0335305891931057
0.22600126266479492
0.012617937289178371
0.5751515626907349
0.05362487956881523
0.4083605408668518
0.018130386248230934
0.4584173858165741
0.2384909838438034
0.1027880311012268
0.12226970493793488
0.026758039370179176
0.26099926233291626
0.08916396647691727
0.13011540472507477
0.03388508781790733
0.24475960433483124
1.7437747716903687
0.1570235937833786
1.5178136825561523
0.1997830867767334
1.8432124853134155
0.19899916648864746
1.5459290742874146
0.18472377955913544
1.13764488697052
0.24518203735351562
0.859562873840332
0.2059994488954544
1.0301049947738647
0.2744987905025482
0.8068985342979431
0.01975005865097046
0.08401118963956833
0.01981968618929386
0.12455526739358902
0.02864978276193142
0.09979663044214249
0.024508077651262283
0.1347799003124237
0.01757366769015789
0.09747933596372604
0.019296767190098763
0.08455954492092133
0.01941707171499729
0.06243559718132019
0.020972227677702904
0.08939862996339798
0.16438983380794525
0.4040451943874359
0.26302480697631836
0.3217083513736725
0.1969776600599289
0.4015003740787506
0.3926667869091034
0.4913957715034485
0.08227380365133286
0.5764980912208557
0.09651704132556915
0.6827391982078552
0.1317501962184906
0.45399990677833557
0.18627993762493134
0.6926464438438416
0.055681534111499786
0.16260339319705963
0.05942819267511368
0.15470118820667267
0.0932544618844986
0.11099467426538467
0.0820726826786995
0.0953746885061264
0.037805985659360886
0.21526657044887543
0.046446941792964935
0.0901234969496727
0.04846376180648804
0.18307244777679443
0.05400789529085159
0.08569514006376266
0.020725879818201065
0.19649261236190796
0.03214395046234131
0.16532959043979645
0.02824827842414379
0.2219756692647934
0.030155766755342484
0.21397490799427032
0.02728492021560669
0.07900476455688477
0.015221458859741688
0.0938989445567131
0.030615923926234245
0.08854760974645615
0.016240620985627174
0.1262327879667282
0.06421414017677307
0.38684460520744324
0.5095543265342712
0.6617985367774963
0.07285411655902863
0.4149676263332367
0.5412221550941467
0.7077776193618774
0.2429734319448471
0.06572792679071426
0.4575170576572418
0.1328507661819458
0.2164778709411621
0.06641864031553268
0.3910073935985565
0.10480942577123642
0.02171330340206623
0.5015711784362793
0.21595363318920135
0.4589598774909973
0.0197020024061203
0.42957931756973267
0.12423870712518692
0.4194379448890686
0.030439749360084534
0.24133990705013275
0.0667453184723854
0.07556022703647614
0.02648262493312359
0.398463636636734
0.038035087287425995
0.07917411625385284
0.02069837599992752
0.07612012326717377
0.02037724107503891
0.04107329249382019
0.021448343992233276
0.07548686861991882
0.01925228349864483
0.04901574179530144
0.020252469927072525
0.058678220957517624
0.015320099890232086
0.06133677437901497
0.022972946986556053
0.07071860134601593
0.01633404567837715
0.060345686972141266
0.012786731123924255
0.13294830918312073
0.0167477335780859
0.17717798054218292
0.01899474300444126
0.12233088165521622
0.019716253504157066
0.3083358407020569
0.01798640377819538
0.03048933856189251
0.016656002029776573
0.0363127775490284
0.021950116381049156
0.03816476836800575
0.019428791478276253
0.04758605360984802
0.17100337147712708
1.247982382774353
0.7936199307441711
0.9032018780708313
0.1123361587524414
1.034514307975769
0.6686221957206726
0.7962732315063477
0.058195989578962326
1.1823310852050781
0.2922705113887787
1.0726269483566284
0.04077533632516861
0.9148619771003723
0.23261956870555878
0.7912249565124512
0.045658838003873825
0.32178330421447754
0.11497628688812256
0.10157529264688492
0.04666648432612419
0.3715779781341553
0.09248843044042587
0.15532337129116058
0.08590216934680939
0.1311989724636078
0.04519076272845268
0.03727273643016815
0.12564584612846375
0.1462451070547104
0.07923837006092072
0.06440593302249908
0.04158630594611168
0.14757101237773895
0.28869304060935974
0.06337851285934448
0.030156338587403297
0.1253308802843094
0.1535416692495346
0.0677972361445427
0.06540502607822418
0.09898129850625992
0.0647401213645935
0.11582696437835693
0.0648188591003418
0.10643386095762253
0.054736942052841187
0.08396317064762115
0.021986989304423332
0.03846273943781853
0.05726490542292595
0.10159900039434433
0.04391057789325714
0.03401389345526695
0.11890552192926407
0.10410533100366592
0.014774625189602375
0.07476542145013809
0.03702002391219139
0.07085046172142029
0.02533620409667492
0.07635711878538132
0.06895368546247482
0.09136634320020676
0.021132994443178177
0.05707291513681412
0.0276432316750288
0.045534636825323105
0.026193691417574883
0.05913926288485527
0.031056193634867668
0.05977034568786621
0.0130923455581069
0.04510991647839546
0.011964340694248676
0.0404185950756073
0.0141835305839777
0.058686550706624985
0.013261394575238228
0.053949933499097824
0.015573208220303059
0.16206951439380646
0.31423747539520264
0.4268706440925598
0.022694705054163933
0.1504555344581604
0.23687012493610382
0.4613175392150879
0.03667910769581795
0.07429534196853638
0.07907884567975998
0.0568261444568634
0.05343250557780266
0.10796254128217697
0.09343427419662476
0.06879503279924393
0.010529997758567333
1.4294673204421997
0.08934949338436127
1.101234793663025
0.013677542097866535
1.2903345823287964
0.10128805786371231
1.0286930799484253
0.010504037141799927
0.8374521136283875
0.022398291155695915
0.7895640730857849
0.010113559663295746
0.8085989356040955
0.024854067713022232
0.8578548431396484
0.036348193883895874
0.24350979924201965
0.48282161355018616
0.3683411180973053
0.039202313870191574
0.18926970660686493
0.43692341446876526
0.3662620186805725
0.05948733910918236
0.24065351486206055
0.18505547940731049
0.3586560785770416
0.0760309025645256
0.22492766380310059
0.22089551389217377
0.32535311579704285
0.04656253010034561
0.07258512079715729
0.665860652923584
0.31373122334480286
0.03109389916062355
0.09662541002035141
0.7771983742713928
0.7000440955162048
0.014408356510102749
0.35965439677238464
0.1700151413679123
0.16523809731006622
0.012258187867701054
0.1959589421749115
0.3407749831676483
0.1168634444475174
0.04293016716837883
0.10393333435058594
0.08035816252231598
0.0693439468741417
0.0643150731921196
0.17819999158382416
0.1569869965314865
0.1402958184480667
0.018243612721562386
0.039490167051553726
0.020132727921009064
0.14491550624370575
0.021393798291683197
0.058478571474552155
0.024742860347032547
0.24546177685260773
0.052391719073057175
0.0577891580760479
0.058158814907073975
0.11290957033634186
0.1070467159152031
0.05214650556445122
0.13744144141674042
0.15038497745990753
0.06245918944478035
0.06420513242483139
0.02219260111451149
0.0709519311785698
0.05221232771873474
0.0722617655992508
0.03545527160167694
0.07599996030330658
0.926459789276123
1.2328649759292603
1.1864204406738281
1.1424893140792847
0.8088292479515076
1.3402185440063477
1.1050848960876465
1.1440062522888184
1.0570476055145264
0.48606643080711365
1.1059496402740479
0.48273053765296936
1.0665819644927979
0.542605996131897
1.163133144378662
0.541761577129364
0.05932078883051872
0.18128052353858948
0.0657929927110672
0.10630548000335693
0.10222899168729782
0.2127060443162918
0.08050017803907394
0.12131712585687637
0.0820419192314148
0.11305766552686691
0.06509358435869217
0.06332238763570786
0.1134352833032608
0.2192506045103073
0.07567360997200012
0.10943355411291122
0.0791545882821083
0.37742775678634644
0.16483311355113983
0.2859915792942047
0.07315479218959808
0.36094021797180176
0.1799546480178833
0.32318851351737976
0.13414320349693298
0.3102685809135437
0.17732100188732147
0.24580922722816467
0.22556212544441223
0.2629052996635437
0.3803083896636963
0.41890570521354675
0.022836832329630852
0.09247013181447983
0.024549612775444984
0.05839604139328003
0.022844571620225906
0.08623422682285309
0.02531677484512329
0.06430468708276749
0.05687016248703003
0.19392526149749756
0.033705200999975204
0.19288823008537292
0.0502779483795166
0.20280717313289642
0.03206446394324303
0.21740825474262238
0.021377379074692726
0.2946224808692932
0.137357696890831
0.24510841071605682
0.01634441316127777
0.23796582221984863
0.21398471295833588
0.33990511298179626
0.01934504508972168
0.10389747470617294
0.07291876524686813
0.029134875163435936
0.011087284423410892
0.12611237168312073
0.07578670978546143
0.052868593484163284
0.01414018776267767
0.13859201967716217
0.145933136343956
0.12985776364803314
0.01602775789797306
0.13213993608951569
0.17051075398921967
0.1530466377735138
0.023610303178429604
0.0772060826420784
0.019595369696617126
0.01677478849887848
0.025944871827960014
0.053610123693943024
0.03058137558400631
0.02379349246621132
0.03212999179959297
0.0798506885766983
0.6254543662071228
0.40890175104141235
0.05252271890640259
0.07314510643482208
0.6446467041969299
0.4536657929420471
0.0563558004796505
0.05158861353993416
0.10656990855932236
0.07950275391340256
0.07516942173242569
0.12331470102071762
0.1869312971830368
0.18293383717536926
0.013751777820289135
0.029739007353782654
0.02786150574684143
0.02147395722568035
0.01699363999068737
0.030416226014494896
0.03307627514004707
0.03622495010495186
0.026818934828042984
0.06078271195292473
0.020695390179753304
0.023741289973258972
0.029835239052772522
0.06612571328878403
0.02634582296013832
0.034269191324710846
0.04131753370165825
0.2736448645591736
0.06706921756267548
0.23158060014247894
0.04151154309511185
0.2766461670398712
0.07454746216535568
0.28895458579063416
0.0587109699845314
0.05584370717406273
0.14970777928829193
0.021224981173872948
0.07130070775747299
0.06463229656219482
0.20914959907531738
0.03874455392360687
0.11456998437643051
0.3292129635810852
0.15636448562145233
0.23802891373634338
0.08234161883592606
0.49688348174095154
0.10548526048660278
0.3466503620147705
0.23379388451576233
0.16483744978904724
0.12378878891468048
0.08590647578239441
0.20310981571674347
0.12346561998128891
0.08094152063131332
0.09090112149715424
0.018192311748862267
0.10421514511108398
0.023334315046668053
0.04564720019698143
0.014978500083088875
0.09151189774274826
0.019824305549263954
0.05281258746981621
0.026211727410554886
0.03499839827418327
0.021616382524371147
0.029091551899909973
0.0233607217669487
0.02557734027504921
0.018171384930610657
0.022646665573120117
0.008718470111489296
0.1545482575893402
0.00783219002187252
0.07732992619276047
0.00836422760039568
0.15727978944778442
0.00738951051607728
0.09212731570005417
0.007140632253140211
0.2099386751651764
0.006096783559769392
0.13284580409526825
0.007757308427244425
0.2157742977142334
0.006614943500608206
0.15403859317302704
0.08049054443836212
0.07040967047214508
0.10820658504962921
0.04778629168868065
0.09044622629880905
0.09005814045667648
0.1424926519393921
0.05975828319787979
0.1426539421081543
0.16954614222049713
0.07711118459701538
0.12301023304462433
0.16160906851291656
0.1847766935825348
0.10210124403238297
0.21015849709510803
0.40511369705200195
1.5702351331710815
0.5282780528068542
0.8106275796890259
0.5120014548301697
1.3837271928787231
0.5792025327682495
0.6839648485183716
0.12649451196193695
0.619880199432373
0.13024045526981354
0.8745144009590149
0.42610785365104675
0.607333779335022
0.39897415041923523
0.9722709655761719
0.034091465175151825
0.6911129355430603
0.6744799017906189
0.307160347700119
0.024266311898827553
0.3108837604522705
0.6951891779899597
0.4669954478740692
0.059283554553985596
0.14715445041656494
0.09541099518537521
0.04202544316649437
0.06044373661279678
0.12425532191991806
0.07285145670175552
0.043727464973926544
0.2043226808309555
0.3992409408092499
0.6468877196311951
0.42627468705177307
0.42214319109916687
0.503072202205658
0.6878913044929504
0.397916316986084
0.17327731847763062
0.6048215627670288
0.38504090905189514
0.5834047198295593
0.2945316731929779
0.740795373916626
0.37103137373924255
0.7468611598014832
0.07430250942707062
0.8163287043571472
0.4310011565685272
0.3884750306606293
0.13670167326927185
0.9184402823448181
0.3357855975627899
0.6297139525413513
0.03234795853495598
0.776563823223114
0.04090132936835289
0.26965808868408203
0.03187503665685654
0.9367244839668274
0.03970376402139664
0.535240113735199
0.022401025518774986
0.03831303492188454
0.012664690613746643
0.025459030643105507
0.011211084201931953
0.023306092247366905
0.012268254533410072
0.023604998365044594
0.03602764010429382
0.0866708979010582
0.01126768346875906
0.016641240566968918
0.01274398248642683
0.07651159912347794
0.01094976719468832
0.01596936024725437
0.033739153295755386
0.10195129364728928
0.038228537887334824
0.0680636316537857
0.04075802490115166
0.08748631924390793
0.05065155774354935
0.07672862708568573
0.01955997943878174
0.09813547134399414
0.028158456087112427
0.042445868253707886
0.027019113302230835
0.09675577282905579
0.039115969091653824
0.05209096893668175
0.2097187042236328
0.33899837732315063
0.48461851477622986
0.31823644042015076
0.15220634639263153
0.2529447078704834
0.2618790566921234
0.2739391028881073
0.12535503506660461
0.24520519375801086
0.13110888004302979
0.05935422331094742
0.1343604326248169
0.12144757807254791
0.12187862396240234
0.036514099687337875
0.01989760622382164
0.20570848882198334
0.11496841907501221
0.22934067249298096
0.025114363059401512
0.07579197734594345
0.1281980276107788
0.1838306486606598
0.046391069889068604
0.033401843160390854
0.04790307208895683
0.015679696574807167
0.028503919020295143
0.049106694757938385
0.02662741020321846
0.01696953736245632
0.013477939181029797
0.12443522363901138
0.028589516878128052
0.0830659344792366
0.02249128371477127
0.15402932465076447
0.03279002383351326
0.10904234647750854
0.01220704149454832
0.30678796768188477
0.017668360844254494
0.14271923899650574
0.016875501722097397
0.619215726852417
0.021141380071640015
0.420849472284317
0.02982994355261326
0.17575643956661224
0.6503120064735413
0.6205697059631348
0.037088122218847275
0.1349954903125763
0.6433749198913574
0.5852144360542297
0.03176525607705116
0.18298302590847015
0.09629975259304047
0.023484129458665848
0.05332440882921219
0.11271073669195175
0.14551596343517303
0.03189265355467796
0.03960055485367775
0.040865208953619
0.5173854827880859
0.1748104989528656
0.02609132044017315
0.039653826504945755
0.6575891971588135
0.19757072627544403
0.0163712240755558
0.10384535789489746
0.10410267114639282
0.08491934835910797
0.017736217007040977
0.12498550862073898
0.1928798407316208
0.24430356919765472
0.07573819905519485
0.0960264652967453
0.4457393288612366
0.15860310196876526
0.06166362762451172
0.07613210380077362
0.32872653007507324
0.11287301033735275
0.1571640968322754
0.08690745383501053
0.09799880534410477
0.135189488530159
0.1425742357969284
0.08798421174287796
0.08209656178951263
0.12066815048456192
0.04247714951634407
1.0235811471939087
0.15764649212360382
0.3863477408885956
0.052905112504959106
1.065610408782959
0.15468965470790863
0.3767429292201996
0.10719425976276398
0.49808797240257263
0.1336832493543625
0.058259256184101105
0.13289858400821686
0.4707944989204407
0.12740883231163025
0.07528632879257202
0.03236221894621849
1.0615988969802856
0.026289958506822586
0.3932630121707916
0.0225815512239933
0.8008751273155212
0.028601471334695816
0.5512591004371643
0.07608157396316528
0.40127596259117126
0.0786096528172493
0.228655606508255
0.11027153581380844
0.21531124413013458
0.11081621795892715
0.276633083820343
0.04039118438959122
1.4830982685089111
0.08673182129859924
1.1384614706039429
0.08130372315645218
1.6218479871749878
0.08221005648374557
1.1028106212615967
0.10162361711263657
0.5421449542045593
0.15521854162216187
0.4036863446235657
0.19274334609508514
0.46100789308547974
0.23402515053749084
0.42373648285865784
0.07768910378217697
0.18995198607444763
0.05441302806138992
0.06546815484762192
0.07755356281995773
0.2709498107433319
0.04927714541554451
0.10098180919885635
0.06787287443876266
0.18224799633026123
0.03635723143815994
0.06838645040988922
0.09461977332830429
0.16977709531784058
0.060286592692136765
0.11601175367832184
0.04643099382519722
0.050847601145505905
0.36178430914878845
0.3270210325717926
0.050567787140607834
0.028692616149783134
0.47272950410842896
0.2774762809276581
0.02579202689230442
0.3934337794780731
0.09812483936548233
0.0984669029712677
0.02004987932741642
0.5065816044807434
0.10278377681970596
0.28005701303482056
0.016259150579571724
0.028301984071731567
0.136355921626091
0.04336858540773392
0.02294159308075905
0.04523521661758423
0.05496187135577202
0.048825763165950775
0.018401509150862694
0.03715657815337181
0.01650778017938137
0.05636483430862427
0.02270171418786049
0.05607779696583748
0.018835732713341713
0.07587695121765137
0.27032575011253357
0.20006875693798065
0.5325461030006409
0.09183286875486374
0.16600362956523895
0.12409938871860504
0.5142370462417603
0.07281176000833511
0.04649697244167328
0.30124709010124207
0.05425623804330826
0.26102060079574585
0.037283867597579956
0.2971285581588745
0.04219512641429901
0.40565499663352966
0.013152265921235085
0.10987561196088791
0.29308390617370605
0.15481272339820862
0.013477030210196972
0.08781109005212784
0.2723582684993744
0.16190937161445618
0.015231797471642494
0.01937658153474331
0.06201931834220886
0.04053617641329765
0.020117107778787613
0.027438033372163773
0.06308741867542267
0.059019722044467926
0.02692735195159912
0.3048269748687744
0.05280459672212601
0.11143367737531662
0.04152083396911621
0.3710419237613678
0.0789293572306633
0.15380948781967163
0.030694378539919853
0.7544376850128174
0.022970600053668022
1.0361835956573486
0.04529504105448723
0.5993427634239197
0.029974376782774925
1.0453827381134033
0.016161885112524033
0.15190507471561432
0.035722460597753525
0.054042138159275055
0.02118494361639023
0.12337223440408707
0.0382610522210598
0.055760979652404785
0.023870227858424187
0.059722043573856354
0.04120344668626785
0.032404229044914246
0.026654204353690147
0.05393706634640694
0.04005805402994156
0.03528433293104172
0.052042245864868164
1.2357624769210815
1.1416715383529663
0.5752329230308533
0.05321630463004112
0.6381113529205322
1.0531305074691772
0.43945789337158203
0.06335385888814926
0.13352489471435547
0.24635837972164154
0.32704004645347595
0.06914743036031723
0.13442741334438324
0.1871691346168518
0.20967359840869904
0.008615110069513321
0.025893747806549072
0.13237912952899933
0.05363653972744942
0.010148942470550537
0.0237741656601429
0.055237431079149246
0.04085506498813629
0.008997255936264992
0.058919407427310944
0.011425447650253773
0.03635126352310181
0.010544255375862122
0.05809006839990616
0.010978561826050282
0.03883245587348938
0.009599580429494381
0.09265576303005219
1.676841139793396
1.4544214010238647
0.014890347607433796
0.09137846529483795
1.714214563369751
1.5091091394424438
0.018839672207832336
0.14899496734142303
1.2135547399520874
1.3885232210159302
0.015310967341065407
0.1526249349117279
1.2091432809829712
1.3834083080291748
0.06122995540499687
0.1181560754776001
0.4088175892829895
0.3231203556060791
0.09019225090742111
0.12196483463048935
0.4573386609554291
0.29361891746520996
0.038676898926496506
0.13332663476467133
0.25368672609329224
0.14882783591747284
0.05927581340074539
0.11934372037649155
0.31330642104148865
0.2544587254524231
0.014500397257506847
0.1385325938463211
0.015514624305069447
0.06222609430551529
0.01308104395866394
0.13030247390270233
0.012758097611367702
0.06480034440755844
0.019679127261042595
0.07326243072748184
0.015539707615971565
0.05867583677172661
0.01852451264858246
0.061007190495729446
0.01438627578318119
0.04171871766448021
0.04553576186299324
0.24646539986133575
0.13869157433509827
0.15325812995433807
0.06400739401578903
0.15782786905765533
0.15703418850898743
0.128850057721138
0.08622961491346359
0.1404883712530136
0.04531501978635788
0.01870540902018547
0.09901978075504303
0.13984379172325134
0.04126935824751854
0.018132297322154045
0.03930936008691788
0.19724291563034058
0.08632432669401169
0.2893069386482239
0.041956234723329544
0.174225851893425
0.09848152846097946
0.2416880577802658
0.05213664844632149
0.10046911239624023
0.050400473177433014
0.15717293322086334
0.05529512092471123
0.13180431723594666
0.05687333270907402
0.16271984577178955
0.12712439894676208
0.3674143850803375
0.2558271884918213
0.4029861390590668
0.1437288522720337
0.3307197391986847
0.1713038682937622
0.31358009576797485
0.1987626850605011
0.3303292393684387
0.1129230484366417
0.09131192415952682
0.20788252353668213
0.2362116575241089
0.11752815544605255
0.08826904743909836
0.021835356950759888
0.1918710321187973
0.03528216481208801
0.09036997705698013
0.01640857569873333
0.1353926658630371
0.02695978246629238
0.06812544167041779
0.021471966058015823
0.1683165282011032
0.018018919974565506
0.09928176552057266
0.019049981608986855
0.11106934398412704
0.015932893380522728
0.06886708736419678
0.10966404527425766
1.5424619913101196
0.08160119503736496
1.0996711254119873
0.07238470762968063
1.4253391027450562
0.07174431532621384
1.0282644033432007
0.7880148887634277
0.42288342118263245
0.6276134848594666
0.06745236366987228
0.553456723690033
0.2138504832983017
0.45049920678138733
0.056868959218263626
0.12903545796871185
0.1569943130016327
0.8712749481201172
0.7823557257652283
0.27362382411956787
0.28483518958091736
0.8246385455131531
0.8556942343711853
0.3456380069255829
0.41140952706336975
0.25772279500961304
0.3205104470252991
0.4905759394168854
0.505953848361969
0.2370305359363556
0.31257206201553345
0.41425901651382446
1.5463560819625854
0.5798470377922058
1.3882662057876587
0.9451315999031067
1.5947030782699585
1.3107225894927979
1.5065706968307495
0.14360688626766205
1.5882765054702759
0.25849172472953796
1.699214220046997
0.17939893901348114
1.6579681634902954
0.30528098344802856
1.8115557432174683
0.060951024293899536
0.10165686905384064
0.05782580375671387
0.06832007318735123
0.047980595380067825
0.07809656113386154
0.05747675895690918
0.05929606780409813
0.06540393084287643
0.1371515542268753
0.04651777073740959
0.21653389930725098
0.055031668394804
0.13041380047798157
0.04072071984410286
0.17859874665737152
0.029327094554901123
0.08606784790754318
0.023966509848833084
0.051613807678222656
0.0453706756234169
0.1023440882563591
0.03201425075531006
0.061983585357666016
0.03620417043566704
0.04244157671928406
0.026403671130537987
0.031374286860227585
0.033123698085546494
0.057958878576755524
0.02729492262005806
0.049818847328424454
0.010600845329463482
0.4405108094215393
0.06443142890930176
0.2881324291229248
0.010912948288023472
0.3929675221443176
0.041624654084444046
0.30506667494773865
0.01031474582850933
0.3730747699737549
0.013614781200885773
0.2741246819496155
0.011204845272004604
0.4776204526424408
0.013844399712979794
0.34674304723739624
0.055547215044498444
0.4058513641357422
0.02824786864221096
0.3008631765842438
0.04367304965853691
0.49320337176322937
0.024006441235542297
0.45294520258903503
0.03587295487523079
0.24175314605236053
0.02375483326613903
0.27909398078918457
0.027744079008698463
0.29610133171081543
0.018721727654337883
0.27320533990859985
0.8118827939033508
0.495669424533844
1.4490820169448853
1.2870736122131348
0.5987624526023865
0.3663981258869171
1.4001554250717163
1.2154179811477661
1.1734579801559448
1.0863431692123413
1.1502212285995483
1.1719316244125366
0.9570816159248352
0.8579511642456055
1.0977811813354492
1.0205062627792358
0.07093022763729095
0.8422315716743469
0.19528333842754364
0.6306649446487427
0.06953419744968414
0.4306030869483948
0.20645323395729065
0.4915822148323059
0.1382075548171997
0.2814444303512573
0.07888529449701309
0.29588252305984497
0.20620301365852356
0.2675863206386566
0.08534429222345352
0.2983226776123047
0.029111206531524658
0.10467785596847534
0.027041364461183548
0.07818567007780075
0.046503640711307526
0.11941831558942795
0.043674614280462265
0.0914224162697792
0.01711965911090374
0.053571123629808426
0.016827061772346497
0.06525328755378723
0.028590906411409378
0.06461159139871597
0.029270390048623085
0.09043492376804352
0.018239762634038925
0.5292181372642517
0.059993814677000046
0.37451568245887756
0.024873564019799232
0.5847941040992737
0.05901823192834854
0.4790925681591034
0.014339742250740528
0.48535600304603577
0.018261531367897987
0.2677574157714844
0.01650378108024597
0.5823007822036743
0.021581485867500305
0.5025316476821899
0.0998685210943222
1.5044971704483032
0.11497684568166733
1.297603964805603
0.21010473370552063
1.4372321367263794
0.2520667016506195
1.324269413948059
0.11977612227201462
1.2297080755233765
0.16727246344089508
1.0168503522872925
0.12680679559707642
1.243219017982483
0.1741781085729599
1.0604166984558105
0.015701545402407646
0.4539659023284912
0.025366147980093956
0.11895658820867538
0.014665146358311176
0.4690117835998535
0.018438933417201042
0.12183766812086105
0.022469131276011467
0.08426995575428009
0.01836254633963108
0.03582051023840904
0.020277807489037514
0.07727628946304321
0.014718237332999706
0.03071693889796734
0.03976888209581375
1.1754041910171509
1.0396947860717773
1.3303070068359375
0.04714209958910942
1.0797147750854492
1.0108485221862793
1.2602609395980835
0.016699466854333878
1.0551217794418335
0.26671138405799866
1.213499665260315
0.019197242334485054
1.0330673456192017
0.24337990581989288
1.2645567655563354
0.01913888193666935
0.17982903122901917
0.20445604622364044
0.10916798561811447
0.024619439616799355
0.2347245067358017
0.31708699464797974
0.22427289187908173
0.021560585126280785
0.216863751411438
0.07920152693986893
0.07425392419099808
0.029234755784273148
0.17974698543548584
0.11036069691181183
0.06968718767166138
0.10867831856012344
0.2072543203830719
0.22871707379817963
0.19868583977222443
0.21907798945903778
0.27429819107055664
0.21298599243164062
0.23352232575416565
0.13110840320587158
0.15639503300189972
0.1263599991798401
0.1650562584400177
0.22320614755153656
0.18694069981575012
0.17866936326026917
0.26076415181159973
0.32323214411735535
0.22902539372444153
0.475704163312912
0.2007361501455307
0.25889840722084045
0.3199206292629242
0.3346991240978241
0.2154061645269394
0.051813431084156036
0.15029676258563995
0.047562867403030396
0.07736686617136002
0.049929987639188766
0.16436009109020233
0.05225953087210655
0.10285065323114395
0.0714525356888771
0.38650405406951904
0.1979307383298874
0.6649453639984131
0.055931877344846725
0.10158620029687881
0.13688655197620392
0.3344514071941376
0.1324114352464676
0.20008312165737152
0.12008197605609894
0.04611990228295326
0.1396872103214264
0.06801444292068481
0.09429336339235306
0.037716079503297806
0.04136410355567932
0.17220833897590637
0.03557771444320679
0.12840038537979126
0.037992119789123535
0.14006173610687256
0.036495331674814224
0.16460999846458435
0.023122036829590797
0.1594003140926361
0.02826627530157566
0.1523510366678238
0.026018327102065086
0.1772882491350174
0.03063288703560829
0.17713600397109985
0.035385724157094955
0.21865439414978027
0.05169987678527832
0.04422537609934807
0.03595002368092537
0.16587339341640472
0.055513497442007065
0.058483969420194626
0.028192192316055298
0.06719597429037094
0.018797416239976883
0.03142834082245827
0.034395311027765274
0.07377566397190094
0.024431375786662102
0.03591228276491165
0.0639626532793045
0.7003561854362488
0.3011600077152252
0.6107839941978455
0.07372498512268066
0.5677170157432556
0.3486475646495819
0.7377099990844727
0.1090979352593422
0.37210676074028015
0.0856693908572197
0.06406157463788986
0.1454155147075653
0.46414515376091003
0.21203242242336273
0.2674432098865509
0.03920477628707886
0.09045609086751938
0.04879636690020561
0.1760064661502838
0.031845878809690475
0.07572653144598007
0.0495731346309185
0.2733474671840668
0.040524981915950775
0.0786651074886322
0.07971342653036118
0.03373046964406967
0.028822073712944984
0.07162687927484512
0.08338289707899094
0.04124850779771805
0.015345540829002857
0.101286880671978
0.02202761173248291
0.0587654709815979
0.012091166339814663
0.04834470897912979
0.012499098666012287
0.03760133683681488
0.01692420244216919
0.2655787169933319
0.01066586747765541
0.03131845220923424
0.015256950631737709
0.05312272906303406
0.009255698882043362
0.023938525468111038
0.016500258818268776
0.04418686032295227
0.07156093418598175
0.09173287451267242
0.022569848224520683
0.08345364779233932
0.05488596484065056
0.14191479980945587
0.014376017265021801
0.2851581275463104
0.020579570904374123
0.2306860387325287
0.017849212512373924
0.4481883943080902
0.025377890095114708
0.30850279331207275
0.0228495504707098
0.045377835631370544
0.0774439126253128
0.09670846909284592
0.025515427812933922
0.04785170406103134
0.10123757272958755
0.08079848438501358
0.01687915064394474
0.037864044308662415
0.024288682267069817
0.10050477832555771
0.020468128845095634
0.04746849089860916
0.0260593444108963
0.1246405765414238
0.011662119068205357
0.2734706699848175
0.04510445147752762
0.14129911363124847
0.013739937916398048
0.271884948015213
0.06343337148427963
0.15490515530109406
0.014299139380455017
0.17329663038253784
0.015400903299450874
0.29669469594955444
0.01690058968961239
0.21982324123382568
0.01743929460644722
0.42899465560913086
0.20944273471832275
0.7338345646858215
0.37874674797058105
0.8898394703865051
0.16228878498077393
0.30268099904060364
0.5710493922233582
1.1488970518112183
0.5241782069206238
0.5702797770500183
0.5444774627685547
0.344634473323822
0.5342156291007996
0.420015811920166
0.5559609532356262
0.1992913782596588
0.01072503998875618
0.02881288342177868
0.027421340346336365
0.0377621166408062
0.013760680332779884
0.030494917184114456
0.020388567820191383
0.034307342022657394
0.012036954052746296
0.06880375742912292
0.013525000773370266
0.0980607122182846
0.015033627860248089
0.0919833704829216
0.014534122310578823
0.12217175215482712
0.48218998312950134
0.12574265897274017
0.9293859601020813
0.19626601040363312
0.5938383340835571
0.16761840879917145
1.0297472476959229
0.33579719066619873
0.41372328996658325
0.3440611958503723
0.19073349237442017
0.45193180441856384
0.4744204580783844
0.5670797228813171
0.31443968415260315
0.5777111053466797
0.11558523029088974
0.2513195872306824
0.7216881513595581
0.9401512145996094
0.18694160878658295
0.22765792906284332
0.7224814295768738
0.9330458641052246
0.19298042356967926
0.14584103226661682
0.7252069711685181
0.49356216192245483
0.19679340720176697
0.1463424563407898
0.7651061415672302
0.5603090524673462
0.008124253712594509
0.06280423700809479
0.011135219596326351
0.029681695625185966
0.008932887576520443
0.03578243777155876
0.011864406988024712
0.02800690568983555
0.016560109332203865
0.02704092301428318
0.01335743349045515
0.019931714981794357
0.01622125878930092
0.02535908855497837
0.012084987945854664
0.020425084978342056
0.011023041792213917
0.8271921277046204
0.013607099652290344
0.3601817786693573
0.016082987189292908
0.6611242294311523
0.016379747539758682
0.38026008009910583
0.016175199300050735
0.18951557576656342
0.020641827955842018
0.06188590079545975
0.021266240626573563
0.06651333719491959
0.024701038375496864
0.03892454877495766
0.009187920950353146
0.04552648589015007
0.010298450477421284
0.03832569345831871
0.012496442534029484
0.05121571570634842
0.013461641035974026
0.04661449417471886
0.011069212108850479
0.03445369005203247
0.010929879732429981
0.022163206711411476
0.012995603494346142
0.06070971116423607
0.012225561775267124
0.029143622145056725
0.37503570318222046
1.3218718767166138
0.5377510786056519
0.5062268376350403
0.6451234221458435
1.4188246726989746
0.5421913266181946
0.9008240103721619
0.47285324335098267
1.3620275259017944
0.3076055943965912
0.8547226190567017
0.8075734376907349
1.5563836097717285
0.6525307297706604
1.118287444114685
0.006806136574596167
0.14341995120048523
0.030147556215524673
0.08790770918130875
0.006248687859624624
0.14608116447925568
0.02919146418571472
0.09848391264677048
0.0074549391865730286
0.04525122046470642
0.008651274256408215
0.0682426393032074
0.008171341381967068
0.05713198706507683
0.009423291310667992
0.083380326628685
0.015304145403206348
0.16768008470535278
1.5096683502197266
0.9577094912528992
0.05033203959465027
0.12428712844848633
1.7747652530670166
1.4527957439422607
0.0378488264977932
0.22924959659576416
0.4180767238140106
0.5460047721862793
0.32595914602279663
0.2072409838438034
1.147227168083191
1.0023972988128662
0.1430492401123047
0.44931861758232117
0.07374284416437149
0.2525870203971863
0.15715353190898895
0.2490164339542389
0.09714261442422867
0.22591964900493622
0.09667734056711197
0.21300546824932098
0.0716327652335167
0.04741594195365906
0.09224443882703781
0.1990891695022583
0.08287294954061508
0.05651223286986351
0.03002195991575718
0.5919898152351379
0.10866327583789825
0.4728139042854309
0.0333416610956192
0.6871793866157532
0.08014001697301865
0.5459686517715454
0.07794158905744553
0.06610403954982758
0.07819824665784836
0.0365113727748394
0.13419082760810852
0.10792519897222519
0.12630990147590637
0.08516429364681244
0.06470521539449692
0.062086548656225204
0.38086917996406555
0.16069309413433075
0.12215899676084518
0.11329424381256104
0.5889902114868164
0.4079166352748871
0.11621332168579102
0.12481386959552765
0.07445775717496872
0.04267781972885132
0.24794454872608185
0.14806096255779266
0.13976092636585236
0.04424012452363968
0.05275803804397583
0.4054853618144989
0.08301393687725067
0.3329407572746277
0.0717211589217186
0.438307523727417
0.0872800350189209
0.5845941305160522
0.04892827942967415
0.27500253915786743
0.09297889471054077
0.15499341487884521
0.10535015910863876
0.29062309861183167
0.26427075266838074
0.20789186656475067
0.2550292909145355
0.6745498776435852
0.47839775681495667
0.48697957396507263
0.34201779961586
0.77250736951828
0.523373007774353
0.5695993304252625
0.06096729263663292
1.2010997533798218
0.07208917289972305
0.9567710161209106
0.11523359268903732
1.064127802848816
0.10131555050611496
0.7713438868522644
0.019939929246902466
0.05077461525797844
0.1065574586391449
0.10560454428195953
0.022068457677960396
0.054660212248563766
0.14378103613853455
0.13030673563480377
0.02545597404241562
0.061285097151994705
0.03442654013633728
0.06469777226448059
0.027881113812327385
0.0855235680937767
0.04132433235645294
0.09289038181304932
0.04716191813349724
0.3503358066082001
0.375144898891449
0.3986530005931854
0.06108995899558067
0.16941119730472565
0.6378116011619568
0.6236154437065125
0.04821031168103218
0.669101893901825
0.09010192006826401
0.7201135754585266
0.04396384581923485
0.2775307595729828
0.21494446694850922
0.5996243357658386
0.5548142194747925
0.2405332773923874
0.32081910967826843
0.20639868080615997
0.47671079635620117
0.2065347284078598
0.28507933020591736
0.35780882835388184
0.0823122188448906
0.1863214075565338
0.0722716674208641
0.11569507420063019
0.058633774518966675
0.26084834337234497
0.07284825295209885
0.22105352580547333
0.027571750804781914
0.12934690713882446
0.0846271887421608
0.15179181098937988
0.024468693882226944
0.12897375226020813
0.0687241479754448
0.16215384006500244
0.021844780072569847
0.4271979033946991
0.028183404356241226
0.25970956683158875
0.022830717265605927
0.4047631323337555
0.02718222141265869
0.3709089457988739
0.02291920781135559
0.31690743565559387
0.05777835473418236
0.07437140494585037
0.051190029829740524
0.24873219430446625
0.058808840811252594
0.0717770904302597
0.029005616903305054
0.6550589203834534
0.03054719604551792
0.5402598977088928
0.05316543206572533
0.5120307803153992
0.036622121930122375
0.45424434542655945
0.014033818617463112
0.9509437680244446
0.07265399396419525
0.6801170706748962
0.016722533851861954
0.9216628074645996
0.07368004322052002
0.5918792486190796
0.02127881348133087
0.5210517048835754
0.028542866930365562
0.5378478169441223
0.022250711917877197
0.49224597215652466
0.029876405373215675
0.4501664340496063
0.015403692610561848
0.28481754660606384
0.07311080396175385
0.37748488783836365
0.01785660721361637
0.40684983134269714
0.05445859581232071
0.5551658868789673
0.02240881137549877
0.09238149970769882
0.04613092541694641
0.04468628764152527
0.024244951084256172
0.1076512336730957
0.04478318616747856
0.06331050395965576
0.14389844238758087
0.47158166766166687
0.1773339956998825
0.3851275146007538
0.15378259122371674
0.42395472526550293
0.16648690402507782
0.3170854151248932
0.08906783908605576
0.2501663863658905
0.08893062174320221
0.1394367218017578
0.1031830832362175
0.16985300183296204
0.09937833249568939
0.19866739213466644
0.06425503641366959
1.1206159591674805
0.08933760225772858
0.5872440934181213
0.08251913636922836
1.1526603698730469
0.0772918239235878
0.7678005695343018
0.12661691009998322
0.2430119514465332
0.08793333917856216
0.06697666645050049
0.1524507701396942
0.40410861372947693
0.09928017109632492
0.08558224886655807
0.04088848829269409
0.051499366760253906
0.04259922727942467
0.029755478724837303
0.03238990902900696
0.05528343468904495
0.04095813259482384
0.0317755788564682
0.01899811439216137
0.0899156704545021
0.019515400752425194
0.05639456585049629
0.018356243148446083
0.07755284756422043
0.018191060051321983
0.06166205555200577
0.021386757493019104
0.13066834211349487
0.5777120590209961
1.102537989616394
0.14820198714733124
0.10910755395889282
1.4071282148361206
1.2792516946792603
0.1696399301290512
0.3712954819202423
0.37697315216064453
0.492789089679718
0.14697246253490448
0.39120814204216003
0.4259772300720215
0.7616342306137085
0.04473021626472473
0.5722073912620544
0.16926252841949463
0.24111223220825195
0.14719243347644806
0.33976778388023376
0.23482778668403625
0.23355405032634735
0.030402565374970436
0.16827566921710968
0.0967295914888382
0.15130117535591125
0.05121693015098572
0.11647748202085495
0.11011584103107452
0.09751682728528976
0.1808205246925354
0.21608105301856995
0.20452646911144257
0.13971677422523499
0.1654285043478012
0.243611142039299
0.18467192351818085
0.15535429120063782
0.1610163301229477
0.2388714849948883
0.1060912013053894
0.16456037759780884
0.15239737927913666
0.2561897039413452
0.09655310213565826
0.1857251673936844
0.023768320679664612
0.04748738557100296
0.03993089869618416
0.20166409015655518
0.04808852821588516
0.05360233783721924
0.059322308748960495
0.21279621124267578
0.023240119218826294
0.048046261072158813
0.04394827410578728
0.045671578496694565
0.039536964148283005
0.06466373056173325
0.06828615814447403
0.07150664180517197
0.012251258827745914
0.1530599147081375
0.02492499351501465
0.18680977821350098
0.015590514056384563
0.10402127355337143
0.025339746847748756
0.13777802884578705
0.014991650357842445
0.09906568378210068
0.020014869049191475
0.2630745470523834
0.01856427825987339
0.09622924029827118
0.019412288442254066
0.31124380230903625
0.03523214906454086
0.3153427541255951
0.05277087911963463
0.12588298320770264
0.035213083028793335
0.27862435579299927
0.046324800699949265
0.09779369831085205
0.06009865924715996
0.09085359424352646
0.058714646846055984
0.20631825923919678
0.049383796751499176
0.07601745426654816
0.0446135587990284
0.21266351640224457
1.014689564704895
0.6198775172233582
1.3362325429916382
0.8712269067764282
0.8186799883842468
0.5123191475868225
1.168664574623108
0.8964061737060547
1.0949152708053589
0.9488474726676941
0.9629477858543396
0.682289183139801
1.0914140939712524
0.8831287622451782
0.8932051658630371
0.3389986455440521
0.05078325420618057
0.9030097126960754
0.13133274018764496
0.32920822501182556
0.039022695273160934
0.531152069568634
0.08035656064748764
0.3901433050632477
0.03977664187550545
0.49570852518081665
0.11687226593494415
0.20610712468624115
0.02324300818145275
0.2894008457660675
0.05645221471786499
0.12685474753379822
0.019538940861821175
0.09463677555322647
0.09925439208745956
0.05706948786973953
0.023616161197423935
0.05601993203163147
0.07092464715242386
0.04479311779141426
0.01776379905641079
0.06360966712236404
0.01741741970181465
0.10469662398099899
0.017020059749484062
0.04218338057398796
0.014721214771270752
0.09892159700393677
0.05491521954536438
0.656130313873291
0.8283252716064453
0.4026728570461273
0.057460393756628036
0.657396674156189
0.8778679966926575
0.4384395182132721
0.04592129588127136
0.21906845271587372
0.11224545538425446
0.2638368606567383
0.03753313794732094
0.23739956319332123
0.12334451824426651
0.3904778063297272
0.17850755155086517
0.7320644855499268
0.09428857266902924
0.23957867920398712
0.1508454829454422
0.3877456486225128
0.09696629643440247
0.20462055504322052
0.1776985377073288
0.2036546915769577
0.056879039853811264
0.16637539863586426
0.2309664487838745
0.25193989276885986
0.06509856134653091
0.2296660989522934
0.04910694435238838
1.0207372903823853
0.5237821936607361
0.7855026721954346
0.06596912443637848
0.9567069411277771
1.1206468343734741
0.7526602745056152
0.06933677196502686
0.44259968400001526
0.15523412823677063
0.0594472698867321
0.11135075241327286
0.31668829917907715
0.19839666783809662
0.04718819260597229
0.008665892295539379
0.5256702303886414
0.05026467517018318
0.28394851088523865
0.012041497975587845
0.4551513195037842
0.03864236921072006
0.2527507543563843
0.010989847593009472
0.03379025682806969
0.01303402055054903
0.03647167608141899
0.013679267838597298
0.04848737269639969
0.015514171682298183
0.05147632583975792
0.10333569347858429
0.24496901035308838
1.0140379667282104
0.6799370646476746
0.1302882432937622
0.18487143516540527
1.075576901435852
0.6457841992378235
0.08124154806137085
0.1133045181632042
0.45233413577079773
0.705200731754303
0.09152033179998398
0.13723567128181458
0.4882957637310028
0.792686402797699
0.04333014041185379
0.15837912261486053
0.08528517931699753
0.09015452116727829
0.08005821704864502
0.19528241455554962
0.05378608778119087
0.1098826453089714
0.1887311488389969
0.09832664579153061
0.025977840647101402
0.03097800351679325
0.21109354496002197
0.10401058197021484
0.02817443013191223
0.03203865513205528
0.02654796838760376
0.5386831164360046
0.07511613517999649
0.20878373086452484
0.032367680221796036
0.29622796177864075
0.07796303182840347
0.15245357155799866
0.010125547647476196
0.6485198736190796
0.016335954889655113
0.18879728019237518
0.01100173406302929
0.8973854184150696
0.016427936032414436
0.31948310136795044
0.408386766910553
0.2686806917190552
0.9966444373130798
0.4495895802974701
0.5016776919364929
0.3853932023048401
0.758690357208252
0.3882914185523987
0.49358946084976196
0.25968167185783386
0.19718506932258606
0.28522253036499023
0.5473645925521851
0.246307373046875
0.18511955440044403
0.2533816397190094
0.14546643197536469
0.1491890698671341
0.1514611393213272
0.11882372200489044
0.15645988285541534
0.1674698442220688
0.13814394176006317
0.11938794702291489
0.2154068946838379
0.17357175052165985
0.18725597858428955
0.14318476617336273
0.23222117125988007
0.13216733932495117
0.15609847009181976
0.12360458821058273
0.054815687239170074
0.18157613277435303
0.05588645860552788
0.14501656591892242
0.07144079357385635
0.15857630968093872
0.065587118268013
0.15337835252285004
0.03794199973344803
0.050600815564394
0.03942716866731644
0.1377653330564499
0.03727022930979729
0.05367891117930412
0.04297788813710213
0.1683286726474762
0.03179198130965233
0.10735774040222168
0.07109744846820831
0.08214288204908371
0.04363888129591942
0.07604502886533737
0.08022364974021912
0.07823335379362106
0.03595639392733574
0.06975175440311432
0.01705496571958065
0.015456119552254677
0.056996967643499374
0.08200915157794952
0.021604543551802635
0.02080816589295864
0.03821204975247383
0.5641190409660339
0.1300700306892395
0.6808858513832092
0.07182271778583527
0.44980669021606445
0.07799719274044037
0.580814778804779
0.13111695647239685
0.20029769837856293
0.2027353048324585
0.3520638346672058
0.19970284402370453
0.31306207180023193
0.1748531311750412
0.41652971506118774
0.3076446056365967
0.3642067611217499
1.3214856386184692
1.3225270509719849
0.22383590042591095
0.2867380976676941
1.1915427446365356
1.3153480291366577
0.360500305891037
0.25786134600639343
0.7393073439598083
0.5712663531303406
0.18172578513622284
0.285330593585968
0.998130738735199
0.5805036425590515
0.07954587042331696
0.10708834230899811
0.19159837067127228
0.1666971743106842
0.07395092397928238
0.10321841388940811
0.18629710376262665
0.17974232137203217
0.04213425889611244
0.16751733422279358
0.11879563331604004
0.15675368905067444
0.04279329255223274
0.13663890957832336
0.10339079052209854
0.14343944191932678
0.13850824534893036
0.2651737332344055
0.04627270624041557
0.07645245641469955
0.15028706192970276
0.28871217370033264
0.043999310582876205
0.07240396738052368
0.5024563670158386
0.16200889647006989
0.04025999829173088
0.03903079777956009
0.5670801997184753
0.2059144526720047
0.04100516065955162
0.09282735735177994
0.8960701823234558
0.13920705020427704
0.5309749245643616
0.44197091460227966
1.151978611946106
0.32766732573509216
0.5008471012115479
0.4674170911312103
0.09219052642583847
0.7374027967453003
0.18587671220302582
0.03564803674817085
0.3224310576915741
1.1651867628097534
0.21075589954853058
0.16124622523784637
0.0364852175116539
0.6993886232376099
0.14728979766368866
0.36561623215675354
0.025807872414588928
0.5812957882881165
0.09336020797491074
0.3691410720348358
0.052317745983600616
0.16980116069316864
0.11384282261133194
0.10392972081899643
0.03757738694548607
0.0784865990281105
0.08823976665735245
0.07018252462148666
0.04779664799571037
0.27789613604545593
0.16934621334075928
0.21499596536159515
0.06110391765832901
0.3292410969734192
0.17149963974952698
0.360867977142334
0.06280616670846939
0.058010220527648926
0.1197407990694046
0.05131549388170242
0.07662413269281387
0.06896056979894638
0.18112070858478546
0.0891481563448906
0.036596883088350296
0.5405164361000061
0.04207465052604675
0.16514433920383453
0.0559270866215229
0.9006047248840332
0.05045035108923912
0.37617817521095276
0.07139735668897629
0.05755722522735596
0.04726729542016983
0.06224951893091202
0.10197874158620834
0.10386157035827637
0.06856746971607208
0.11409592628479004
0.024360282346606255
0.1423448920249939
1.309611201286316
1.2098147869110107
0.029287749901413918
0.16880209743976593
1.0261586904525757
1.0575151443481445
0.025466231629252434
0.23346760869026184
0.3894020915031433
0.12869589030742645
0.024214038625359535
0.39516720175743103
0.19988946616649628
0.18347761034965515
0.09904923290014267
0.19761434197425842
0.10321982949972153
0.17555351555347443
0.09704774618148804
0.18882106244564056
0.11072609573602676
0.17635279893875122
0.2234729826450348
0.35276681184768677
0.18567602336406708
0.21685878932476044
0.2205476015806198
0.2512151896953583
0.1692044585943222
0.22532954812049866
0.22151480615139008
0.8095365762710571
0.3229844272136688
0.7035288214683533
0.1302737295627594
0.8555535674095154
0.2356189787387848
0.7343794703483582
0.2975459396839142
0.4246046245098114
0.2820861041545868
0.14249113202095032
0.2921036183834076
0.5739994645118713
0.23560677468776703
0.15731783211231232
0.008962738327682018
0.136310875415802
0.0215364508330822
0.029735377058386803
0.010535882785916328
0.09417174756526947
0.027497777715325356
0.0321304053068161
0.006662039551883936
0.03471806272864342
0.006930755916982889
0.16483847796916962
0.007265211548656225
0.0593436062335968
0.007265461143106222
0.1985103338956833
0.036617059260606766
0.06107069179415703
0.046664945781230927
0.026427969336509705
0.01941479742527008
0.05726189538836479
0.07503446191549301
0.030174005776643753
0.08886636793613434
0.1503003090620041
0.06955885142087936
0.09170359373092651
0.04004466533660889
0.16107569634914398
0.03842896223068237
0.14240379631519318
0.15541242063045502
0.10325407981872559
0.3156398832798004
0.05387687310576439
0.10949056595563889
0.10805394500494003
0.17020322382450104
0.06837234646081924
0.4383833110332489
0.06872499734163284
0.17467151582241058
0.07814444601535797
0.4559597671031952
0.06773792952299118
0.14478258788585663
0.08033273369073868
0.020595038309693336
0.3661937713623047
0.06194107607007027
0.2901596426963806
0.02056649886071682
0.4067680835723877
0.05909312888979912
0.40605854988098145
0.024416422471404076
0.06053420901298523
0.02183535508811474
0.09665893763303757
0.022021746262907982
0.06484509259462357
0.020618122071027756
0.13719576597213745
0.014247814193367958
0.1518397182226181
0.06190690025687218
0.04827890917658806
0.012082780711352825
0.0764896422624588
0.029330646619200706
0.03927000239491463
0.01459571998566389
0.03939346224069595
0.01034584827721119
0.013078594580292702
0.013853629119694233
0.031089216470718384
0.01072339154779911
0.015539230778813362
0.06399594247341156
1.203248381614685
0.8772269487380981
0.9691413044929504
0.08159838616847992
1.2443927526474
0.9123134016990662
1.1141681671142578
0.05300572142004967
0.3570115268230438
0.09358807653188705
0.3859478533267975
0.054677050560712814
0.40260210633277893
0.1038944348692894
0.4434642791748047
0.059365879744291306
0.35879966616630554
0.02831895463168621
0.6944237351417542
0.0447462759912014
0.17368392646312714
0.03017324209213257
0.4413229525089264
0.09018126130104065
0.1768254190683365
0.3403444290161133
0.025060836225748062
0.0528094582259655
0.12234228104352951
0.24246898293495178
0.021655885502696037
0.1547001302242279
0.6808369755744934
0.1737472414970398
0.755432665348053
0.23092038929462433
0.5470133423805237
0.42292696237564087
0.7927654981613159
0.07143197953701019
0.6943532824516296
0.04819320887327194
0.29774394631385803
0.07473302632570267
0.703320324420929
0.07036943733692169
0.24411769211292267
0.020948870107531548
0.0378715842962265
0.8923711180686951
0.44962453842163086
0.020645389333367348
0.03863166645169258
0.9762789607048035
0.49204039573669434
0.02781945839524269
0.06030379608273506
0.11296730488538742
0.058673132210969925
0.03335186839103699
0.06072038412094116
0.20338742434978485
0.13807058334350586
0.09797080606222153
0.3204917013645172
0.12346811592578888
0.3056948781013489
0.09167947620153427
0.28710657358169556
0.08502256125211716
0.2528647482395172
0.06050712615251541
0.1343599557876587
0.037857312709093094
0.07108724117279053
0.052368588745594025
0.12129833549261093
0.048703353852033615
0.06080707535147667
0.02077079750597477
0.04706573113799095
0.05416164547204971
0.1927940994501114
0.026454497128725052
0.04059366509318352
0.061507176607847214
0.157285675406456
0.07238622009754181
0.08040440827608109
0.06118427589535713
0.023787422105669975
0.0773564949631691
0.06948941946029663
0.0554991140961647
0.034827739000320435
0.02112671174108982
0.045762624591588974
0.8889310956001282
0.4052203595638275
0.026379454880952835
0.038859572261571884
0.9008378982543945
0.44162923097610474
0.01977018266916275
0.06429362297058105
0.30382680892944336
0.5569321513175964
0.02535437047481537
0.07916053384542465
0.3150235116481781
0.5336821675300598
0.013475014828145504
0.2203274816274643
0.014758715406060219
0.16082842648029327
0.016109434887766838
0.6894806027412415
0.017378881573677063
0.6432961821556091
0.03795907273888588
0.13154511153697968
0.027600770816206932
0.06340289115905762
0.04335663095116615
0.5951792597770691
0.038972415030002594
0.3232150971889496
0.45385661721229553
0.5288710594177246
1.0148277282714844
0.9902912974357605
0.43353137373924255
0.4404972493648529
0.9737266898155212
1.028685450553894
0.6934694051742554
0.4154050350189209
0.7435261607170105
0.607887327671051
0.6255525350570679
0.4500581920146942
0.7050502896308899
0.5290627479553223
0.051349617540836334
0.6239048838615417
0.039907801896333694
0.49667802453041077
0.12187173217535019
0.5824440121650696
0.04850870743393898
0.5225489139556885
0.25756266713142395
0.5692114233970642
0.08841010183095932
0.46532973647117615
0.2847308814525604
0.6993460059165955
0.0902942568063736
0.3912588357925415
0.025409340858459473
0.9070300459861755
0.025111744180321693
0.6514273285865784
0.024488605558872223
0.9471912384033203
0.02687869779765606
0.744221031665802
0.07484884560108185
0.03416309878230095
0.04889075085520744
0.046050217002630234
0.19941814243793488
0.0345149002969265
0.11557183414697647
0.04310968518257141
0.07978473603725433
0.04239903762936592
0.37163183093070984
0.13626118004322052
0.10683387517929077
0.079039067029953
0.30960023403167725
0.17631660401821136
0.03807157278060913
0.08020950108766556
0.0656091719865799
0.1797981709241867
0.04277578368782997
0.15082958340644836
0.09867383539676666
0.27407681941986084
0.024355297908186913
0.028688251972198486
0.0288079921156168
0.041964005678892136
0.017948105931282043
0.04318513348698616
0.02495725452899933
0.05734941363334656
0.013870957307517529
0.0559697225689888
0.01806533709168434
0.03764675185084343
0.016074657440185547
0.09747886657714844
0.02374233677983284
0.05730678513646126
0.9259705543518066
0.7340636849403381
0.8669130206108093
0.4651665687561035
1.191718339920044
1.1242064237594604
0.7601146101951599
0.41682058572769165
1.1433851718902588
0.6200150847434998
0.8387307524681091
0.12765775620937347
1.2966349124908447
0.8059763312339783
0.7161793112754822
0.08956830948591232
0.05490297079086304
0.9779332280158997
0.04912221059203148
0.7055676579475403
0.07078062742948532
0.8354852795600891
0.06369516253471375
0.6921955943107605
0.06731179356575012
0.20092694461345673
0.05514586716890335
0.28226953744888306
0.06497792154550552
0.171264186501503
0.05699460580945015
0.3283519744873047
0.04806795343756676
0.24535775184631348
0.11042869091033936
0.18974974751472473
0.0461856834590435
0.17327740788459778
0.08848774433135986
0.15369729697704315
0.04203274846076965
0.16598373651504517
0.07306250184774399
0.1616087704896927
0.033751051872968674
0.17842704057693481
0.05163994058966637
0.2358836978673935
0.0829758420586586
0.8647093772888184
0.18679776787757874
0.4941290020942688
0.14275851845741272
0.747434139251709
0.11738993227481842
0.6868724226951599
0.10712218284606934
0.5063888430595398
0.034110940992832184
0.4461745321750641
0.29564401507377625
0.45089277625083923
0.02997545711696148
0.44078102707862854
0.03159510716795921
0.8257560729980469
0.11527061462402344
0.5108017325401306
0.035992804914712906
1.0334619283676147
0.09566278755664825
0.6718114018440247
0.04574811831116676
0.3480815589427948
0.03868753835558891
0.08882075548171997
0.06655716896057129
0.5323125123977661
0.041087012737989426
0.21498923003673553
0.021439630538225174
0.5083271861076355
0.01669294945895672
0.1376677304506302
0.022006375715136528
0.3095023036003113
0.01783376932144165
0.11858987808227539
0.016812101006507874
0.39422133564949036
0.01512805838137865
0.1282089203596115
0.015403533354401588
0.15513648092746735
0.016219768673181534
0.12108051776885986
0.03746682032942772
0.9048952460289001
0.02257070504128933
0.46223804354667664
0.04141296073794365
0.9580051302909851
0.03111911192536354
0.6324912905693054
0.097569040954113
0.25043976306915283
0.039137911051511765
0.023290926590561867
0.10141351073980331
0.21000002324581146
0.05118594318628311
0.03328597545623779
0.03805748373270035
0.09561463445425034
0.8923729062080383
0.2661857306957245
0.0401383601129055
0.07810691744089127
1.0464396476745605
0.38722309470176697
0.02089214138686657
0.05858788639307022
0.12617962062358856
0.05747534707188606
0.02228834480047226
0.05515488609671593
0.17268316447734833
0.07715272158384323
0.0977092906832695
0.40649351477622986
0.072825588285923
0.2125660926103592
0.09947266429662704
0.3117034137248993
0.05997399240732193
0.1742831915616989
0.07654046267271042
0.13150493800640106
0.054774876683950424
0.058112360537052155
0.07402681559324265
0.1600898951292038
0.05937853083014488
0.05590750649571419
0.03600955009460449
0.1671357899904251
0.08203680068254471
0.3359242081642151
0.04528235271573067
0.17161238193511963
0.071818046271801
0.2799631655216217
0.02494487538933754
0.403743714094162
0.08973408490419388
0.14804136753082275
0.03567430004477501
0.3150029480457306
0.1095694825053215
0.13460040092468262
0.028861312195658684
0.7697166800498962
0.07908040285110474
0.6213709115982056
0.03824261575937271
0.7359944581985474
0.07735645025968552
0.7106717824935913
0.05250725895166397
0.07293372601270676
0.05478983744978905
0.04090416803956032
0.05455193668603897
0.08225742727518082
0.07041547447443008
0.049652423709630966
0.02280743233859539
0.40015944838523865
0.022996988147497177
0.5288929343223572
0.02645011804997921
0.33818289637565613
0.015925627201795578
0.4249687194824219
0.01691085658967495
0.12226312607526779
0.015345029532909393
0.052361246198415756
0.023361090570688248
0.10068421810865402
0.020161159336566925
0.04728901386260986
0.0132374856621027
0.057171501219272614
1.1190698146820068
0.8605778813362122
0.0134987598285079
0.047221262007951736
1.2138869762420654
1.0081703662872314
0.01247459091246128
0.025470679625868797
1.0374130010604858
0.7468025088310242
0.01259611826390028
0.024448519572615623
1.0956528186798096
0.906890869140625
0.07051040232181549
0.6073608994483948
0.0974309965968132
0.5824753642082214
0.04371276870369911
0.309244841337204
0.11639031022787094
0.5298722386360168
0.03296121582388878
0.2444707453250885
0.40268293023109436
0.32601597905158997
0.07490566372871399
0.13208924233913422
0.11797169595956802
0.1222992092370987
0.05031849071383476
0.08878106623888016
0.10306639969348907
0.04992623254656792
0.048701126128435135
0.08298194408416748
0.10544072836637497
0.052915334701538086
0.034935880452394485
0.0365360789000988
0.03664044663310051
0.0547943189740181
0.038971949368715286
0.04225503280758858
0.03516141697764397
0.0635882019996643
0.013432365842163563
0.26325803995132446
0.10963933914899826
0.0706569254398346
0.015303760766983032
0.167671337723732
0.09050903469324112
0.05951927229762077
0.011663728393614292
0.2445899248123169
0.010663812048733234
0.4743567109107971
0.013677778653800488
0.20795610547065735
0.0116610461845994
0.4754432737827301
0.03487613424658775
0.404886931180954
0.04136423021554947
0.15802602469921112
0.04653465002775192
0.650366485118866
0.060177356004714966
0.24120867252349854
0.031471919268369675
0.2002994865179062
0.02896984852850437
0.0942680612206459
0.025275489315390587
0.6003540754318237
0.02625262178480625
0.2314002960920334
0.8974550366401672
0.3766535222530365
0.9986044764518738
0.35953977704048157
0.8377796411514282
0.32041430473327637
0.7022613883018494
0.19888685643672943
0.2753539979457855
0.568965494632721
0.20154838263988495
0.6128826141357422
0.37546154856681824
0.3978132903575897
0.3996538817882538
0.17588114738464355
0.012541373260319233
1.3400110006332397
0.04556536301970482
0.6797167658805847
0.010838291607797146
1.1544368267059326
0.06825386732816696
0.47370702028274536
0.026883209124207497
0.4250575602054596
0.01785593293607235
0.29786115884780884
0.020276106894016266
0.28554272651672363
0.01697593741118908
0.21682476997375488
0.013083859346807003
0.07750729471445084
0.09863359481096268
0.16021160781383514
0.019132504239678383
0.08171937614679337
0.13766932487487793
0.1613006889820099
0.018450643867254257
0.04605139419436455
0.02953559160232544
0.04053546488285065
0.023539254441857338
0.04542537033557892
0.03863340616226196
0.054522208869457245
0.020611824467778206
0.0445268452167511
0.06154834106564522
0.05113447830080986
0.025144068524241447
0.04879545792937279
0.05830492451786995
0.05761004611849785
0.045874010771512985
0.06753554940223694
0.05190109834074974
0.029017789289355278
0.07264877110719681
0.06953483074903488
0.06928145885467529
0.04033342003822327
0.9816484451293945
0.4158379137516022
1.6381992101669312
0.7753406763076782
0.7975764870643616
0.43201375007629395
1.4415911436080933
0.8574968576431274
0.6645479798316956
0.43448716402053833
0.3693494498729706
0.2610551714897156
0.6513687968254089
0.35815539956092834
0.47128888964653015
0.22699777781963348
0.012912886217236519
0.1023959293961525
0.023966755717992783
0.15436159074306488
0.07840382307767868
0.12729540467262268
0.08191037178039551
0.1735578179359436
0.012836582958698273
0.0706639215350151
0.017550889402627945
0.09548617899417877
0.03537159040570259
0.11386469751596451
0.038460131734609604
0.0915050059556961
1.496862769126892
1.282726526260376
1.1640983819961548
0.5672039985656738
1.4836033582687378
1.3650306463241577
1.152109980583191
0.5042824149131775
1.5369457006454468
1.0857919454574585
1.036157250404358
0.6618063449859619
1.5838074684143066
1.310878038406372
1.061722993850708
0.6577476859092712
0.3258592486381531
0.7616878747940063
0.17447973787784576
0.2811417579650879
0.3345573842525482
0.7847571969032288
0.364585280418396
0.5808640718460083
0.4066666066646576
0.6870768070220947
0.29974231123924255
0.21715717017650604
1.052038550376892
0.47790446877479553
0.5099508762359619
0.2727513313293457
0.013003050349652767
0.34578537940979004
0.017865927889943123
0.09557347744703293
0.014936836436390877
0.17723211646080017
0.01719292812049389
0.06867698580026627
0.011402626521885395
0.7084583640098572
0.014402625150978565
0.05795847997069359
0.012833348475396633
0.9874356389045715
0.012774194590747356
0.10609681904315948
0.11310730129480362
0.1861758977174759
0.13772694766521454
0.15351562201976776
0.03726385161280632
0.14025349915027618
0.11188293993473053
0.1323215216398239
0.04016945883631706
0.1598789542913437
0.0770416185259819
0.08350467681884766
0.020474595949053764
0.12600885331630707
0.05834908038377762
0.07544080168008804
0.06884961575269699
0.048217616975307465
0.05745629593729973
0.032888904213905334
0.017687443643808365
0.0332287959754467
0.034639593213796616
0.024666542187333107
0.017594696953892708
0.15491783618927002
0.022574065253138542
0.08807381242513657
0.01540315616875887
0.08119507879018784
0.01984899677336216
0.0770411416888237
0.09965916723012924
0.4694303572177887
0.9327611327171326
0.524618923664093
0.3714805543422699
0.3929597735404968
0.7295722365379333
0.4550938606262207
0.019142216071486473
0.27851057052612305
0.3339051902294159
0.6967691779136658
0.021503016352653503
0.6942105293273926
0.13977472484111786
0.8138048052787781
0.051115404814481735
0.9551675915718079
0.05638079717755318
0.7162351608276367
0.09004928171634674
0.9251406788825989
0.09753163903951645
0.6424760222434998
0.29543107748031616
0.08888531476259232
0.18447920680046082
0.03801283612847328
0.42900267243385315
0.15075869858264923
0.24935460090637207
0.07078089565038681
0.010964598506689072
0.6180806756019592
0.01918797567486763
0.1302596777677536
0.012381508015096188
0.582916796207428
0.0187994372099638
0.11383272707462311
0.021471284329891205
0.037478089332580566
0.013099816627800465
0.02149038575589657
0.02030259184539318
0.03725336119532585
0.013728891499340534
0.022019846364855766
0.03389580920338631
0.1876322478055954
0.0879618227481842
0.05878996476531029
0.13594107329845428
0.33816277980804443
0.2354142963886261
0.20865888893604279
0.06714767217636108
0.05558126047253609
0.07199922204017639
0.0906844362616539
0.15568916499614716
0.12097150087356567
0.16694912314414978
0.1640908271074295
0.11382319033145905
0.5856504440307617
0.5624402761459351
0.3220233917236328
0.0991835817694664
0.7026605010032654
0.43955421447753906
0.385151207447052
0.23624756932258606
0.23208735883235931
0.19158987700939178
0.17931731045246124
0.16518957912921906
0.15442796051502228
0.27162274718284607
0.20921674370765686
0.013562003150582314
1.338464617729187
0.2101936787366867
0.8898321390151978
0.014655711129307747
0.9681625366210938
0.2526819705963135
0.6382946372032166
0.014023062773048878
0.7014974355697632
0.013085514307022095
0.3715592622756958
0.01431172527372837
0.7130131125450134
0.013962574303150177
0.3719322383403778
0.09892766922712326
0.5268474221229553
0.16872917115688324
0.2345043271780014
0.14357873797416687
0.3262649476528168
0.2742506265640259
0.22027075290679932
0.021677382290363312
0.5016801357269287
0.04143917188048363
0.8820561766624451
0.0293200071901083
0.5739566087722778
0.05395733192563057
1.101340413093567
0.05515364930033684
0.05219343304634094
0.3146190345287323
0.16376982629299164
0.05285659059882164
0.033473383635282516
0.27091413736343384
0.15195529162883759
0.012804246507585049
0.9618278741836548
0.05152791738510132
0.4171491265296936
0.010521843098104
0.8057352304458618
0.0582074299454689
0.3565841317176819
0.07677173614501953
0.38512444496154785
0.2476409524679184
0.44279226660728455
0.14560656249523163
0.48741284012794495
0.24492032825946808
0.5275819897651672
0.0448116809129715
0.5259446501731873
0.06527965515851974
0.35005953907966614
0.1255783885717392
0.5220966935157776
0.16834646463394165
0.3729904890060425
0.02173651196062565
0.08104055374860764
0.05198407173156738
0.372388631105423
0.036528874188661575
0.0673261508345604
0.10093160718679428
0.5183125734329224
0.039945315569639206
0.07367873191833496
0.045475687831640244
0.06345640867948532
0.04721943661570549
0.07337981462478638
0.05597590282559395
0.07356417924165726
0.16971570253372192
0.2163073569536209
0.18718485534191132
0.19121143221855164
0.1572704017162323
0.22076749801635742
0.17205248773097992
0.20802859961986542
0.2083723098039627
0.27167803049087524
0.18414714932441711
0.21166518330574036
0.18101157248020172
0.2135113924741745
0.16455547511577606
0.18648454546928406
0.07026268541812897
0.2724780738353729
0.13968239724636078
0.13813555240631104
0.07510190457105637
0.2160710096359253
0.1668419986963272
0.15788297355175018
0.02835499681532383
0.05585082247853279
0.03758060559630394
0.05032544955611229
0.02790192700922489
0.08250468224287033
0.04266685992479324
0.08201109617948532
0.1716781109571457
1.2598769664764404
0.21390385925769806
0.7539981603622437
0.27807071805000305
1.2016009092330933
0.304021418094635
0.9442517161369324
0.12751364707946777
1.1583740711212158
0.3221077024936676
0.9423017501831055
0.1702277958393097
1.217136263847351
0.47666865587234497
1.038693904876709
0.023932410404086113
0.1110803633928299
1.4025335311889648
1.2252590656280518
0.01961512118577957
0.0697181299328804
1.449940800666809
1.2592047452926636
0.017876330763101578
0.13224773108959198
1.0968273878097534
1.0093058347702026
0.028430303558707237
0.1137084886431694
1.0873123407363892
1.0745964050292969
0.05333879217505455
0.054358869791030884
0.04788590595126152
0.0336492545902729
0.06149296835064888
0.08601029217243195
0.07128529995679855
0.056578706949949265
0.03872830793261528
0.050251901149749756
0.03373759612441063
0.04189513996243477
0.09118038415908813
0.07479285448789597
0.060512613505125046
0.07157740741968155