0.018309783190488815
0.011153563857078552
0.016011368483304977
0.0037831743247807026
0.035799168050289154
0.0370512418448925
0.008497883565723896
0.012585185468196869
0.004765598569065332
0.004479212686419487
0.06098224222660065
0.09918808937072754
0.04602665454149246
0.035173673182725906
0.004058377351611853
0.0037649055011570454
0.007525361143052578
0.004241943359375
0.04695241153240204
0.2283703088760376
0.006741618271917105
0.005110760219395161
0.005014299415051937
0.012549670413136482
0.41643431782722473
1.0349061489105225
0.007670710328966379
0.005090277176350355
0.009142642840743065
0.008730584755539894
0.008170375600457191
0.021479103714227676
0.00448641600087285
0.0058112540282309055
0.12484823912382126
0.10277964919805527
0.009778965264558792
0.018482882529497147
0.007029323372989893
0.0051156082190573215
0.011374376714229584
0.0071013448759913445
0.08887959271669388
0.03579439967870712
0.012616541236639023
0.0034641206730157137
0.013438274152576923
0.006406938657164574
0.09635432064533234
0.23522226512432098
0.003593222936615348
0.005586748011410236
0.028397828340530396
0.013385908678174019
0.23928554356098175
0.014602508395910263
0.007967418991029263
0.0036381364334374666
0.05250883102416992
0.012145928107202053
0.03399749845266342
0.03338409215211868
0.007902962155640125
0.002978986594825983
0.008404545485973358
0.011391790583729744
0.035796910524368286
0.010146420449018478
0.0734233558177948
0.0073108491487801075
0.006322367116808891
0.015370541252195835
0.00730159692466259
0.003776993602514267
0.01203929539769888
0.016225777566432953
0.008814330212771893
0.011291714385151863
0.0044623129069805145
0.0018500402802601457
0.005707516800612211
0.004623411688953638
0.004469649866223335
0.02727026492357254
0.005584378261119127
0.00226018950343132
0.005861460231244564
0.004507910925894976
0.5867290496826172
0.7651551961898804
0.005334337241947651
0.0027659025508910418
0.006842069327831268
0.046855151653289795
0.003862518584355712
0.0060059912502765656
0.09291764348745346
0.18039041757583618
0.0581953264772892
0.06749506294727325
0.008287357166409492
0.004057297948747873
0.004029859323054552
0.010129124857485294
0.008315051905810833
0.007959269918501377
0.005549941677600145
0.002526966156437993
0.006428283639252186
0.004628902301192284
0.007398318499326706
0.004580242093652487
0.4228314161300659
0.012841472402215004
0.011283700354397297
0.006440290715545416
0.2532919943332672
0.26453927159309387
0.042578332126140594
0.028228510171175003
0.02633896842598915
0.013534166850149632
0.01021417323499918
0.003076442750170827
0.007698252331465483
0.03565080463886261
0.006966704968363047
0.006514681037515402
0.005488281603902578
0.00229826127178967
0.0037539333570748568
0.005352610256522894
0.005001328885555267
0.007341645658016205
0.004782215226441622
0.003237309865653515
0.007964901626110077
0.009070279076695442
0.030558886006474495
0.008116684854030609
0.00825131218880415
0.005975616164505482
0.015483973547816277
0.1529945731163025
0.017101600766181946
0.0297066792845726
0.03587713837623596
0.06491942703723907
0.022372791543602943
0.035732559859752655
0.018766064196825027
0.014073893427848816
0.019047439098358154
0.023994095623493195
0.004760151728987694
0.002021114807575941
0.013760902918875217
0.0759163349866867
0.005535662639886141
0.002526966156437993
0.00523929949849844
0.05473891273140907
0.11647597700357437
0.026713227853178978
0.010209783911705017
0.011042583733797073
0.014876327477395535
0.0650576502084732
0.010333002544939518
0.0031508286483585835
0.005556771531701088
0.017648249864578247
0.01146211288869381
0.021707380190491676
0.0066261012107133865
0.0057526845484972
0.0263783298432827
0.08489841967821121
0.01405420433729887
0.00619764206930995
0.005489513278007507
0.002261060057207942
0.003574030240997672
0.006117305252701044
0.02090921252965927
0.13238075375556946
0.017263494431972504
0.01171973068267107
0.9750584363937378
1.0642752647399902
0.06735612452030182
0.06389758735895157
0.22477011382579803
0.500329315662384
0.009152283892035484
0.0023990843910723925
0.00430436572059989
0.0031466942746192217
0.05891284719109535
0.017489543184638023
0.0031839627772569656
0.0041145021095871925
0.00932701863348484
0.005476278718560934
0.023213248699903488
0.0033428934402763844
0.0038333553820848465
0.005605301354080439
0.01943683624267578
0.01445789635181427
0.013042982667684555
0.0027846847660839558
0.010155710391700268
0.009551738388836384
0.05791642516851425
0.1247246041893959
0.013389338739216328
0.003322855569422245
0.025155488401651382
0.050234898924827576
1.4006670713424683
1.1815109252929688
0.004587641451507807
0.0025833086110651493
0.006994524039328098
0.007538445293903351
0.004235897678881884
0.00603510020300746
0.0036975620314478874
0.0018470503855496645
0.005868555977940559
0.013775386847555637
0.08610455691814423
0.03970964625477791
0.01424016896635294
0.011151443235576153
0.023042766377329826
0.029216356575489044
0.059332869946956635
0.028034893795847893
1.0797160863876343
0.0487675704061985
0.006605269853025675
0.002566735493019223
0.012316755950450897
0.013782911002635956
0.010656421072781086
0.03036820888519287
0.007998793385922909
0.060748059302568436
0.00425513181835413
0.002021114807575941
0.004015143029391766
0.002165928715839982
0.004037658683955669
0.014166582375764847
0.0047568269073963165
0.009802039712667465
0.012040148489177227
0.012297961860895157
0.08311685919761658
0.019084183499217033
0.004640262108296156
0.003403531154617667
0.13625387847423553
0.3319048285484314
0.004993629641830921
0.0052890051156282425
0.021156907081604004
0.01771445944905281
0.0040718126110732555
0.003258908400312066
0.05375272408127785
0.15734414756298065
0.10445134341716766
0.11046350002288818
0.21935924887657166
1.016676425933838
0.004179937299340963
0.0030619564931839705
0.1364271342754364
0.05421198904514313
0.014203864149749279
0.016470465809106827
0.2988088130950928
0.15695206820964813
0.004687367472797632
0.006047309376299381
0.020077330991625786
0.012297961860895157
0.021589752286672592
0.007826023735105991
0.022597122937440872
0.00438061123713851
0.05075085535645485
0.019558345898985863
0.005565103609114885
0.005276932846754789
0.003544783918187022
0.01022028923034668
0.025162389501929283
0.025481516495347023
0.06831682473421097
0.08251764625310898
0.005928381811827421
0.00343353021889925
0.007620682008564472
0.0051244162023067474
0.0027241231873631477
0.010342671535909176
0.06923864781856537
0.021275535225868225
0.0033311403822153807
0.002134680049493909
0.007600258104503155
0.006403879262506962
0.019319433718919754
0.008991518057882786
0.007150469347834587
0.0045913769863545895
0.02239271067082882
0.06349236518144608
0.007464960683137178
0.002371944021433592
0.031175509095191956
0.01451136264950037
0.007790958043187857
0.0210464745759964
0.00680851936340332
0.005533902440220118
0.04889699071645737
0.03139467537403107
0.006364139728248119
0.018106378614902496
0.004336944315582514
0.0019976834300905466
0.017181219533085823
0.0067741707898676395
0.006987591739743948
0.005198495462536812
0.007215625606477261
0.002930354792624712
0.004392309579998255
0.006442325655370951
0.010466085746884346
0.011591126210987568
0.006146385334432125
0.0028668048325926065
0.00523728271946311
0.003286652034148574
0.006293036509305239
0.008187655359506607
0.05444176122546196
0.010988631285727024
0.0051642488688230515
0.02969488687813282
0.003953590523451567
0.0019413249101489782
0.011126460507512093
0.012721583247184753
0.9940455555915833
0.7448251843452454
0.011019808240234852
0.0036530494689941406
0.004142754711210728
0.004381480161100626
0.19611302018165588
0.07869088649749756
0.009755181148648262
0.024082491174340248
0.022258466109633446
0.049348317086696625
0.017588360235095024
0.02515636384487152
0.022944755852222443
0.012074294500052929
0.013437280431389809
0.013778811320662498
0.004549049306660891
0.02725788578391075
0.005732026882469654
0.005558275617659092
0.02541935443878174
0.05404108762741089
0.03350410982966423
0.028855595737695694
0.009903631173074245
0.003554265946149826
0.004605900030583143
0.0027058576233685017
0.0030194828286767006
0.005853904411196709
0.0046685305424034595
0.0036786815617233515
0.07666920870542526
0.01235147099941969
0.09088338911533356
0.023556288331747055
0.021259432658553123
0.03365923464298248
0.23104001581668854
0.6270912289619446
0.005183980334550142
0.005344216246157885
0.006171997170895338
0.010746986605226994
0.008870824240148067
0.0034460921306163073
0.29730743169784546
0.008961801417171955
0.03621072322130203
0.0034682624973356724
0.03630371019244194
0.010340696200728416
0.004903214052319527
0.008911192417144775
0.014363042078912258
0.006807805970311165
0.023283539339900017
0.0459115244448185
0.013840671628713608
0.02320726588368416
0.05539001524448395
0.01786249503493309
0.007104209624230862
0.007718839216977358
0.08074215054512024
0.028413796797394753
0.008719787001609802
0.003619025694206357
0.02134411595761776
0.02265431359410286
0.00847233273088932
0.06677968800067902
0.007286014501005411
0.002714446047320962
0.010711196810007095
0.04024025797843933
0.028574161231517792
0.350161612033844
0.007952902466058731
0.003258908400312066
0.004523533396422863
0.003179814200848341
0.018823597580194473
0.011014734394848347
0.7333037853240967
0.77596116065979
0.003966718912124634
0.006454073823988438
0.11108563840389252
0.07724057883024216
0.03183332458138466
0.06358011811971664
0.03006553277373314
0.04567756503820419
0.018825311213731766
0.017649605870246887
0.003366310615092516
0.006461729295551777
0.0069645545445382595
0.0051438165828585625
0.42506861686706543
0.27337923645973206
0.5266128182411194
0.013213101774454117
0.004736280534416437
0.020180322229862213
0.08058220893144608
0.19604386389255524
0.010816795751452446
0.015146729536354542
0.07476416975259781
0.01719507947564125
0.014405619353055954
0.0029602772556245327
0.11671678721904755
0.026824109256267548
0.013841641135513783
0.013079383410513401
0.003597020637243986
0.002607259200885892
0.7634693384170532
0.8699139356613159
0.0044821882620453835
0.0022428615484386683
0.010968930087983608
0.009888195432722569
0.02261892333626747
0.01919119991362095
0.051363639533519745
0.017189254984259605
0.006831604987382889
0.012059377506375313
0.01052110269665718
0.00341296149417758
0.0037295836955308914
0.003286652034148574
0.004674560856074095
0.008601652458310127
0.03488246724009514
0.014341133646667004
0.007888869382441044
0.0030093330424278975
0.006818261928856373
0.00878911279141903
0.0160822793841362
0.015121896751224995
0.09573373198509216
0.06794597208499908
0.0056055160239338875
0.0031043433118611574
0.00398459704592824
0.011468589305877686
0.003914646804332733
0.011777859181165695
0.00605395482853055
0.002522212453186512
0.00894940085709095
0.008866358548402786
0.3809516131877899
0.04963073134422302
0.006851798854768276
0.0033450552728027105
0.0027456418611109257
0.009910689666867256
0.052820540964603424
0.05067189037799835
0.017916521057486534
0.007996374741196632
0.010353188961744308
0.0037637236528098583
0.00705314427614212
0.031077416613698006
0.0036080286372452974
0.025193119421601295
0.006476104259490967
0.0037162001244723797
0.005212716292589903
0.006571234669536352
0.08205848932266235
0.017940456047654152
0.012121672742068768
0.0030603979248553514
0.00787377543747425
0.018569018691778183
0.04605509340763092
0.05831416696310043
0.003336224937811494
0.008391904644668102
0.004721632227301598
0.01423132885247469
0.03002297133207321
0.02079886756837368
0.003382790368050337
0.009493776597082615
0.010828188620507717
0.014540578238666058
0.012493009679019451
0.013707457110285759
0.003650249680504203
0.007832922041416168
0.09451194852590561
0.42887380719184875
0.009620195254683495
0.0063883233815431595
0.41822153329849243
0.08109819144010544
0.004079805687069893
0.0024715657345950603
0.19587264955043793
0.029175400733947754
0.0052881850861012936
0.005208955146372318
0.02980448119342327
0.01206095702946186
0.014555436559021473
0.002845830749720335
0.013842412270605564
0.019370390102267265
0.14003893733024597
0.03579460829496384
0.012774958275258541
0.0030355220660567284
0.0034431591629981995
0.0025879698805510998
0.32790279388427734
0.40342822670936584
0.038633957505226135
0.06692340224981308
0.0035994667559862137
0.008540687151253223
0.2260017842054367
0.09620246291160583
0.014993688091635704
0.08579546958208084
0.012475594878196716
0.06886698305606842
0.3112572133541107
0.10099927335977554
0.18257245421409607
0.013239346444606781
0.08979308605194092
0.020101983100175858
0.7600988149642944
0.21035391092300415
0.03598404675722122
0.032696016132831573
0.07210954278707504
0.08737709373235703
0.014540638774633408
0.07921633869409561
0.4174046814441681
0.206595778465271
0.011400223709642887
0.009611551649868488
0.025368813425302505
0.010407826863229275
0.004522016737610102
0.004428626503795385
0.011040174402296543
0.008991234935820103
0.011448753997683525
0.010051149874925613
0.003922630101442337
0.007897349074482918
0.05509013310074806
0.010674534365534782
0.0049047828651964664
0.0566997192800045
0.005524457897990942
0.011687499471008778
0.022912614047527313
0.03167617321014404
0.00443733436986804
0.010837689973413944
0.004256363492459059
0.007899599149823189
0.05091426521539688
0.021340729668736458
0.009797210805118084
0.0028019510209560394
0.009528460912406445
0.0044370233081281185
0.16765627264976501
0.23065631091594696
0.004113140981644392
0.009165101684629917
0.006422360893338919
0.0066333916038274765
0.003265631152316928
0.006580127403140068
0.009853226132690907
0.008607164956629276
0.0242087971419096
0.13703355193138123
0.02411891147494316
0.015948468819260597
0.005762830842286348
0.010249778628349304
0.00893021933734417
0.015240850858390331
0.013873578049242496
0.003421605098992586
0.012591276317834854
0.006373115349560976
0.0041160318069159985
0.012266473844647408
0.015613177791237831
0.01309363916516304
1.1976968050003052
1.540299415588379
0.007523654960095882
0.008866358548402786
0.0052457088604569435
0.005725114606320858
0.5090840458869934
0.37146511673927307
0.011700921691954136
0.009972496889531612
0.005343127995729446
0.00935639999806881
0.03764345124363899
0.018472842872142792
0.00362340803258121
0.0052890051156282425
0.004982084967195988
0.011786716990172863
0.006570131983608007
0.008119359612464905
0.8645613789558411
0.06241437420248985
0.008547315374016762
0.005451512057334185
0.008131741546094418
0.007157104089856148
0.011364446952939034
0.009381283074617386
0.005471202544867992
0.02654217556118965
0.010586993768811226
0.013889193534851074
0.006492013577371836
0.007493939716368914
0.008976869285106659
0.00410227058455348
0.009414414875209332
0.07967828959226608
0.004716325551271439
0.01519419439136982
0.5841149687767029
0.12528394162654877
0.013935822993516922
0.008125685155391693
0.0270365122705698
0.07816076278686523
0.003997064661234617
0.0039560385048389435
0.0031517380848526955
0.007078518159687519
0.02093985304236412
0.019348610192537308
0.0054394761100411415
0.005251838825643063
0.004541041329503059
0.00691505940631032
1.3228442668914795
1.2371163368225098
0.02753821387887001
0.018766647204756737
0.06790114939212799
0.17015689611434937
0.0053916024044156075
0.00606442941352725
0.005670667160302401
0.00840201135724783
0.006559415254741907
0.03173688054084778
0.2887216806411743
0.05998461693525314
0.053488560020923615
0.012201439589262009
0.02148360386490822
0.004830009303987026
0.05237888917326927
0.04374123364686966
0.005174511112272739
0.007702245377004147
0.009309418499469757
0.0064813848584890366
0.004949152935296297
0.009470528922975063
0.012957317754626274
0.024952292442321777
0.045286744832992554
0.01983676292002201
0.003913698252290487
0.009963961318135262
0.004799872636795044
0.004423239268362522
0.017188888043165207
0.14658969640731812
0.005113156046718359
0.00330403633415699
0.004803839605301619
0.07708624750375748
0.032377470284700394
0.09135324507951736
0.006906899623572826
0.004377821926027536
1.024207592010498
0.1235404759645462
0.006511107552796602
0.006051010452210903
0.007918483577668667
0.027727222070097923
0.010422931052744389
0.0038915607146918774
0.014439727179706097
0.008149676956236362
0.5750976800918579
0.10105108469724655
0.005306798033416271
0.003962138667702675
0.0102242948487401
0.02956509031355381
0.006051099393516779
0.0029551496263593435
0.005009915679693222
0.004091654438525438
0.007704798597842455
0.013395258225500584
0.0048781950026750565
0.010077203623950481
0.13781657814979553
0.37668749690055847
0.04651441425085068
0.025295954197645187
0.003732062177732587
0.006655745208263397
0.4469090700149536
0.08314374834299088
0.6058909893035889
0.9455860257148743
0.004113479051738977
0.009372810833156109
0.026212550699710846
0.02018674649298191
0.0030622086487710476
0.0025205272249877453
0.01628080941736698
0.006879640277475119
0.003936453722417355
0.0020146220922470093
0.021622207015752792
0.03962433338165283
0.007638154551386833
0.006661904044449329
0.004806963261216879
0.012465137988328934
0.0037002612370997667
0.002198742236942053
0.008328081108629704
0.0354536734521389
0.005016594659537077
0.0039618536829948425
0.012688989751040936
0.009454079903662205
0.004328339360654354
0.002005284186452627
0.0066839843057096004
0.008858407847583294
0.00993388518691063
0.05619710683822632
0.008019374683499336
0.0032424384262412786
0.015567854046821594
0.015964968129992485
0.005168116185814142
0.008319085463881493
0.012369474396109581
0.014312093146145344
0.00692914891988039
0.008458562195301056
0.1740509420633316
0.024430617690086365
0.006356736645102501
0.005845444742590189
0.03721277788281441
0.018219150602817535
0.007553288247436285
0.030938029289245605
0.0306648388504982
0.036140333861112595
0.02377386763691902
0.019290512427687645
0.00799716729670763
0.006004047114402056
0.3348482847213745
0.18576419353485107
0.021074436604976654
0.008911959826946259
0.03949636220932007
0.1201220154762268
0.007750188000500202
0.009317437186837196
0.10896831750869751
0.3148583173751831
1.0874258279800415
0.9793771505355835
0.005382169969379902
0.007569398730993271
0.028590381145477295
0.006481770891696215
0.0036160298623144627
0.0022221002727746964
0.020319316536188126
0.013072729110717773
0.0038453058805316687
0.004779484122991562
1.1479594707489014
1.0683292150497437
0.002948035718873143
0.010342671535909176
0.03259812295436859
0.01832284778356552
0.006750938948243856
0.00747466366738081
0.17701482772827148
0.07285909354686737
0.03749377653002739
0.07180103659629822
1.307209849357605
0.12573568522930145
0.20912760496139526
1.1565102338790894
0.006456814240664244
0.01970595493912697
0.02605397440493107
0.031818412244319916
0.027000950649380684
0.06111624836921692
0.040415335446596146
0.048849016427993774
0.004913709592074156
0.008438821882009506
0.040807198733091354
0.1026722863316536
0.004507121164351702
0.009148269891738892
0.01694495975971222
0.0879872515797615
0.02812422811985016
0.01736392453312874
0.012329448014497757
0.006546222139149904
0.2190639078617096
0.13507479429244995
0.011913462541997433
0.006739142816513777
0.0035278573632240295
0.004854882601648569
0.005245408974587917
0.00990967731922865
0.005599692463874817
0.003113892860710621
0.03534022718667984
0.0206482894718647
0.08268821984529495
0.018764380365610123
0.019841518253087997
0.01673307456076145
1.0459665060043335
0.9783940315246582
0.01277676410973072
0.02289988100528717
0.040112677961587906
0.022069331258535385
0.003996293991804123
0.0035115042701363564
0.004771406762301922
0.008533583022654057
0.04316680133342743
0.04251936450600624
0.03441175818443298
0.1424892544746399
0.0036117821000516415
0.08166386932134628
0.26456254720687866
0.15216727554798126
0.006495526991784573
0.011434237472712994
0.030819939449429512
0.06733333319425583
0.006470559164881706
0.009229658171534538
0.005370226223021746
0.030938029289245605
0.19186635315418243
0.30785781145095825
0.31135281920433044
1.0843101739883423
0.0035103834234178066
0.007092751562595367
0.03193820267915726
0.11750512570142746
0.005915609188377857
0.014659678563475609
0.02155807986855507
0.016902029514312744
0.005180981010198593
0.0039548310451209545
0.00555752357468009
0.02368275448679924
0.0064628650434315205
0.0612373873591423
0.05774250254034996
0.024208303540945053
0.010219867341220379
0.01172410137951374
0.42182761430740356
0.20161719620227814
0.004345174413174391
0.011285890825092793
0.010167185217142105
0.0045730844140052795
0.005523046012967825
0.002881604479625821
0.0030819473322480917
0.005255192518234253
0.003714577294886112
0.0026718261651694775
0.08550649881362915
0.052906863391399384
0.18871831893920898
0.203029066324234
0.016315177083015442
0.016470465809106827
0.8005548119544983
0.7552247643470764
0.06084806099534035
0.01575501635670662
0.04294644296169281
0.04081309959292412
0.014036564156413078
0.0414021871984005
0.9890958666801453
0.9590929746627808
0.037673309445381165
0.039586909115314484
0.008335799910128117
0.021422958001494408
0.006165369879454374
0.013055037707090378
0.12834331393241882
0.0696997120976448
0.005131004843860865
0.015116593800485134
0.012304820120334625
0.012231860309839249
0.4359096586704254
0.10581017285585403
0.006918656174093485
0.003521434497088194
0.005858817137777805
0.011420599184930325
0.01381772942841053
0.00698137516155839
0.07680618017911911
0.02392604574561119
0.7941474914550781
0.8800878524780273
0.013280218467116356
0.03068912774324417
0.003258257173001766
0.012664435431361198
0.015200959518551826
0.010960963554680347
0.006289221346378326
0.039624519646167755
0.030776742845773697
0.02660270407795906
0.006946653127670288
0.007863933220505714
0.05437334626913071
0.2372765690088272
0.005304416175931692
0.0036406998988240957
0.047590989619493484
0.055851079523563385
0.0036308683920651674
0.0028460444882512093
0.24509413540363312
0.7674183249473572
0.017202749848365784
0.004110845271497965
0.004678713157773018
0.0065363128669559956
0.03656630218029022
0.026558883488178253
0.01099817082285881
0.0073133353143930435
0.005071949679404497
0.004996345844119787
0.013427004218101501
0.020253673195838928
0.005242594517767429
0.007886006496846676
0.00476189935579896
0.016255447641015053
0.08504533022642136
0.009722515940666199
0.03572871536016464
0.40410810708999634
0.012530055828392506
0.033547740429639816
0.012055464088916779
0.031225375831127167
0.08333395421504974
0.04019954800605774
0.026170527562499046
0.004917316138744354
0.01289766188710928
0.013206124305725098
0.009308692067861557
0.004625968635082245
0.00639568455517292
0.005848933942615986
0.15710002183914185
0.19187617301940918
0.017705855891108513
0.026944879442453384
0.007008015178143978
0.0057213581167161465
0.06118477135896683
0.025818854570388794
0.010595914907753468
0.0066053965128958225
0.003421738976612687
0.004706827457994223
0.11766219139099121
0.029134009033441544
0.009856123477220535
0.03167617321014404
0.015979791060090065
0.03241637721657753
0.008699491620063782
0.004911413416266441
0.09078709036111832
0.011366967111825943
0.004843223374336958
0.005144830793142319
0.021269310265779495
0.013667816296219826
0.015201065689325333
0.01021823100745678
0.03844119608402252
0.019501492381095886
0.006244366522878408
0.0031084686052054167
0.2161484807729721
0.3125942349433899
0.0477805957198143
0.1026722863316536
0.024142920970916748
0.018161168321967125
0.00537132890895009
0.005165300332009792
0.021134203299880028
0.03901847079396248
0.03927808254957199
0.06411178410053253
0.0171440951526165
0.11169281601905823
0.007402726449072361
0.0060181873850524426
0.0059938011690974236
0.010019124485552311
0.003487103618681431
0.004535977263003588
0.008049839176237583
0.016441799700260162
0.01267900038510561
0.010444735176861286
0.006786302197724581
0.016782119870185852
0.006936563644558191
0.010257557034492493
0.06348951160907745
0.9334873557090759
0.017054418101906776
0.0029318607412278652
0.003829165128991008
0.0031569914426654577
0.00538488756865263
0.005052733700722456
0.017415041103959084
0.013292180374264717
0.0033385958522558212
0.003092394908890128
0.08117064833641052
0.047218117862939835
0.018274443224072456
0.016950324177742004
0.3378613293170929
0.06474247574806213
0.21188071370124817
0.08705216646194458
0.04794646427035332
0.07681139558553696
0.0036288548726588488
0.0037218460347503424
0.003603614866733551
0.005760879255831242
0.007477022707462311
0.0156607236713171
0.4235193729400635
0.037394776940345764
0.01264177169650793
0.00587132852524519
0.33517318964004517
0.35931944847106934
0.028346974402666092
0.016577137634158134
0.027834037318825722
0.016971053555607796
0.2936669886112213
0.4879882037639618
0.006347760558128357
0.006524638272821903
0.08026984333992004
0.013425534591078758
0.03345617651939392
0.021135594695806503
0.02189522609114647
0.02769116312265396
0.007866214029490948
0.026895515620708466
0.9956110119819641
0.1319674849510193
0.018047939985990524
0.016012178733944893
0.01383162196725607
0.008484462276101112
0.01738467440009117
0.02289988100528717
0.03206147253513336
0.00638665771111846
0.0107649564743042
0.006753169931471348
0.015635335817933083
0.021085388958454132
0.0033631802070885897
0.005589126143604517
0.0030210609547793865
0.006489775609225035
0.048458706587553024
0.029929280281066895
0.3262394964694977
0.09631693363189697
0.02616298198699951
0.015227245166897774
0.34224826097488403
0.016789883375167847
0.036087892949581146
0.04083916172385216
0.03129775449633598
0.08467506617307663
0.0173451267182827
0.006671961396932602
0.011561858467757702
0.05344351753592491
0.005598635412752628
0.0029414149466902018
0.1030479446053505
0.02722705900669098
0.0176691897213459
0.01999330148100853
0.005372464191168547
0.007560678757727146
0.06312552094459534
0.02157774195075035
0.033386267721652985
0.04277436435222626
0.0067024570889770985
0.004573453683406115
1.0180606842041016
0.10122238099575043
0.009692703373730183
0.01846501976251602
0.013782907277345657
0.00972682237625122
0.12700094282627106
0.02408149465918541
0.009652451612055302
0.006128927692770958
0.5131936073303223
0.03370700031518936
0.021726569160819054
0.003983872011303902
0.21293488144874573
0.20175592601299286
0.023617686703801155
0.009167488664388657
0.011882476508617401
0.00897990632802248
1.3541486263275146
0.39683663845062256
0.00462443009018898
0.0033301240764558315
0.08418130874633789
0.21274663507938385
0.011350536718964577
0.006406938657164574
0.003837240394204855
0.021512093022465706
0.009366560727357864
0.005475891754031181
0.18276000022888184
0.14713434875011444
0.07296773791313171
0.056422509253025055
0.10614348202943802
0.12381573021411896
0.007427044678479433
0.010077203623950481
0.006575641222298145
0.006111833732575178
0.009288974106311798
0.009968947619199753
0.21086500585079193
0.12008874118328094
0.01818467676639557
0.00964632723480463
0.796178936958313
0.49903687834739685
0.015826469287276268
0.022328807041049004
0.47167330980300903
0.013462536036968231
0.007105321157723665
0.009307751432061195
0.036318209022283554
0.10511991381645203
0.03344425559043884
0.01047386322170496
0.010720744729042053
0.016068216413259506
0.007996412925422192
0.006057605613023043
0.2885880172252655
0.05205269157886505
0.004484196193516254
0.0039003402926027775
0.1374892145395279
0.013044459745287895
0.01612992212176323
0.024693913757801056
0.03183184936642647
0.03355778381228447
0.026780465617775917
0.026984628289937973
0.09348203986883163
0.004819333087652922
0.030078163370490074
0.022268814966082573
0.009165042079985142
0.040152594447135925
0.0049916901625692844
0.0035661032889038324
0.012620053254067898
0.016025912016630173
0.02958573028445244
0.022315725684165955
0.1000969409942627
0.02237376943230629
0.03225069120526314
0.05197910964488983
0.002428022911772132
0.0014443504624068737
0.017227310687303543
0.004945318680256605
0.006816105451434851
0.00903748907148838
0.01613873988389969
0.009069258347153664
0.005821326281875372
0.008913596160709858
0.15998592972755432
0.7084073424339294
0.03366345912218094
0.0053305430337786674
0.015462053008377552
0.013992033898830414
0.017711777240037918
0.03413117676973343
0.3596372604370117
0.022959567606449127
0.011966055259108543
0.00889426376670599
0.062195416539907455
0.0970197394490242
0.029839688912034035
0.034350741654634476
0.28129467368125916
0.2340812236070633
0.012133532203733921
0.007596337236464024
0.18980048596858978
0.0450296625494957
0.004770651459693909
0.007723153103142977
0.013179125264286995
0.041142165660858154
0.004680831916630268
0.006427315063774586
0.0059030791744589806
0.0044440035708248615
0.350939005613327
0.3776412308216095
0.3043712377548218
0.019415883347392082
0.023799460381269455
0.027137886732816696
0.007739792577922344
0.014603041112422943
0.01817663572728634
0.09186439216136932
0.0033070161007344723
0.006314998958259821
0.007000405807048082
0.17383824288845062
0.059272442013025284
0.022635871544480324
0.006635648664087057
0.005230087321251631
0.05312959849834442
0.06603594869375229
1.7848905324935913
0.6088155508041382
0.02171727642416954
0.025387641042470932
0.004376506432890892
0.003868391737341881
0.08719497919082642
0.2364049255847931
0.004374109208583832
0.006655603647232056
0.054557282477617264
0.14222365617752075
0.005030176602303982
0.004721273202449083
0.008671622723340988
0.008532844483852386
0.013481859117746353
0.010159529745578766
0.005481761880218983
0.008308679796755314
0.006095773074775934
0.006419771816581488
0.06890951842069626
0.07798728346824646
0.07077966630458832
0.17505767941474915
0.0028740782290697098
0.003331342712044716
0.12311342358589172
0.014552226290106773
0.005639487877488136
0.006206356454640627
0.4802718162536621
0.12176689505577087
0.037587687373161316
0.1046222671866417
0.046739596873521805
0.01674020290374756
0.04390525817871094
0.02656373381614685
0.0035673887468874454
0.011175575666129589
0.03957118093967438
0.028221871703863144
0.020717332139611244
0.06682132929563522
0.004174861125648022
0.003992774058133364
0.011927199549973011
0.01475970447063446
0.006121699698269367
0.0024621535558253527
0.023615757003426552
0.01000125240534544
0.02108875848352909
0.019135665148496628
0.002647972898557782
0.005186039954423904
0.0030547291971743107
0.009634964168071747
0.013253284618258476
0.028034893795847893
0.5231049060821533
0.5402862429618835
0.015325953252613544
0.014386572875082493
0.008325297385454178
0.013444554060697556
0.019612343981862068
0.11640335619449615
0.025789007544517517
0.02873203530907631
0.011916537769138813
0.016470465809106827
0.0030743498355150223
0.01250223908573389
0.003541175974532962
0.003092394908890128
0.022504085674881935
0.017909837886691093
0.0438496358692646
0.720402181148529
0.006230704486370087
0.005958463530987501
0.01661183498799801
0.01609082892537117
0.01654442772269249
0.01267256960272789
0.0064413477666676044
0.007584591396152973
0.003967898897826672
0.009532486088573933
0.0036438622046262026
0.010101604275405407
0.09921644628047943
0.0836489126086235
0.005793939344584942
0.011417968198657036
0.9477000832557678
0.7839241623878479
0.009038095362484455
0.007918436080217361
0.4501607120037079
0.015519984066486359
0.013556932099163532
0.016347767785191536
0.09343443810939789
0.5620280504226685
0.0027935176622122526
0.004300587810575962
0.05789110064506531
0.039568230509757996
0.008759747259318829
0.005724258255213499
0.02451314404606819
0.0430523082613945
0.009535549208521843
0.021422958001494408
0.0060174898244440556
0.0065841698087751865
0.003162371227517724
0.004201059695333242
0.0233115516602993
0.00562339136376977
0.04336511343717575
0.019998308271169662
0.0055233873426914215
0.0056745745241642
0.011354302056133747
0.004459746647626162
0.12304025143384933
0.04768746346235275
0.03169211000204086
0.015956344082951546
0.5897284150123596
0.20690612494945526
0.0052918801084160805
0.005748739931732416
0.0789334699511528
0.033686563372612
0.010916301049292088
0.008564365096390247
0.008276764303445816
0.01648722216486931
0.0047854273580014706
0.004215508699417114
0.36090272665023804
0.02527116984128952
0.008204403333365917
0.0036530494689941406
0.04536120966076851
0.06449069827795029
0.031118225306272507
0.014530887827277184
0.07355654984712601
0.018209822475910187
0.00951266661286354
0.028034893795847893
0.013537364080548286
0.013767202384769917
0.003840801538899541
0.011533094570040703
0.004201725125312805
0.013270953670144081
0.004482506774365902
0.004070491995662451
0.12778164446353912
0.016178984194993973
0.010492761619389057
0.007199454121291637
0.038144469261169434
0.009054030291736126
0.09939391911029816
0.014117121696472168
0.04773770272731781
0.06096242368221283
0.004577994346618652
0.0028212806209921837
0.006157039199024439
0.01160451304167509
0.007880914025008678
0.013043886050581932
0.007521555759012699
0.018960697576403618
0.05318450555205345
0.035252705216407776
0.17684143781661987
0.12067078053951263
0.0031514782458543777
0.008866589516401291
0.02291020378470421
0.0424913689494133
0.007970706559717655
0.008718203753232956
0.024627195671200752
0.008365857414901257
0.0069206478074193
0.005095488857477903
0.2000458836555481
0.8206287026405334
0.00629898626357317
0.00857969094067812
0.012320756912231445
0.10028211027383804
0.009736098349094391
0.03684062510728836
0.0032705131452530622
0.012375504709780216
1.7979835271835327
0.9758350253105164
0.05691952630877495
0.0471632182598114
0.006676098797470331
0.005070806480944157
0.005097757093608379
0.0054555414244532585
0.051059335470199585
0.09211135655641556
0.033523134887218475
0.048342593014240265
0.08601535111665726
0.0070747570134699345
0.01471449714154005
0.015819013118743896
0.0063396054320037365
0.027733109891414642
0.004836403764784336
0.02239028550684452
0.0057111699134111404
0.027880646288394928
0.008614101447165012
0.006925271824002266
0.0076573495753109455
0.006332603748887777
0.023450881242752075
0.009432070888578892
0.003437142353504896
0.0026779407635331154
0.0038958650548011065
0.009902838617563248
0.15083032846450806
0.24743205308914185
0.004737298469990492
0.010643349960446358
0.013027084991335869
0.006349159404635429
0.05346423387527466
0.043244149535894394
0.014703433960676193
0.06093728914856911
0.11797525733709335
0.0846935287117958
0.010011129081249237
0.0037637236528098583
0.004484279081225395
0.010832199826836586
0.14187470078468323
0.03748121112585068
0.004477216862142086
0.005052733700722456
0.030189115554094315
0.028741132467985153
0.010575702413916588
0.01277103740721941
0.002749840496107936
0.007082793861627579
0.01987096108496189
0.015483487397432327
0.6578348278999329
0.41014525294303894
0.019892815500497818
0.026293199509382248
0.01833236962556839
0.007470986805856228
0.04319765791296959
0.02296627312898636
0.012885798700153828
0.01883484236896038
0.010870730504393578
0.009525170549750328
0.01973857171833515
0.055335771292448044
0.7659205198287964
0.08475850522518158
0.006606812588870525
0.011696955189108849
0.10650801658630371
0.15626324713230133
0.008983983658254147
0.03434564173221588
0.1909664273262024
0.7884606122970581
0.00454649468883872
0.005311940796673298
0.02857079729437828
0.015323838219046593
0.004929877817630768
0.008999476209282875
0.0033552502281963825
0.012578979134559631
0.007300331257283688
0.0156607236713171
0.1182883009314537
0.31474998593330383
0.0065900590270757675
0.007696011569350958
0.04902949929237366
0.037630945444107056
0.0053789857774972916
0.004333039745688438
0.059573475271463394
0.03390565142035484
1.7824276685714722
0.3579690754413605
0.01529623568058014
0.017246533185243607
0.16736260056495667
0.018808260560035706
0.01974172703921795
0.009048319421708584
0.00995679758489132
0.018569018691778183
0.0029366938397288322
0.005957934074103832
0.026113012805581093
0.04042338579893112
0.014600741676986217
0.010311199352145195
0.004979817196726799
0.012621314264833927
0.022388560697436333
0.053585268557071686
0.7004478573799133
0.05642630159854889
0.012226512655615807
0.0030147158540785313
0.0058760554529726505
0.004654511343687773
0.27036356925964355
0.030041586607694626
0.2451213002204895
0.23739707469940186
0.05917222797870636
0.0468272939324379
0.026665546000003815
0.010534421540796757
0.005135202314704657
0.008836682885885239
0.021466175094246864
0.02396927960216999
0.0021375087089836597
0.009551344439387321
0.03557262197136879
0.014368383213877678
0.007922787219285965
0.011516371741890907
0.064450204372406
0.017953533679246902
0.019453711807727814
0.02279915101826191
0.0026262507308274508
0.00811438076198101
0.0077962251380085945
0.002504926873371005
0.21075688302516937
0.18184292316436768
0.008359494619071484
0.012675121426582336
0.09476935118436813
0.010294490493834019
0.015305016189813614
0.011425205506384373
0.0041424985975027084
0.0031683349516242743
0.003778466023504734
0.008023037575185299
0.007801029831171036
0.03770466148853302
0.23238198459148407
0.019645802676677704
0.02218811586499214
0.01673307456076145
0.038977086544036865
0.22964002192020416
0.006236658897250891
0.014536891132593155
0.03064975142478943
0.01011313870549202
0.0036258804611861706
0.003704837989062071
0.0935562327504158
0.042204197496175766
0.01167651079595089
0.012627772055566311
0.04761280491948128
0.10857824981212616
0.006183641031384468
0.0034186069387942553
0.00863115955144167
0.010662347078323364
0.002616862067952752
0.004706827457994223
0.006702041253447533
0.0057213581167161465
0.017809618264436722
0.00951971672475338
0.0033297063782811165
0.004305250942707062
0.005605313461273909
0.002845830749720335
0.006383651867508888
0.004580242093652487
0.5016208291053772
0.6537308692932129
0.07571545243263245
0.012784171849489212
0.8344196677207947
0.9867088794708252
0.00537031888961792
0.006005912087857723
0.06237358972430229
0.10348135977983475
0.0031567211262881756
0.01644292287528515
0.008377869613468647
0.00623990036547184
0.004242723807692528
0.00884168315678835
0.016750402748584747
0.022281339392066002
0.015517390333116055
0.024122919887304306
0.009128818288445473
0.03950822353363037
0.004729970823973417
0.01343492604792118
0.04935571923851967
0.009252027608454227
0.011583334766328335
0.01240910217165947
0.008188264444470406
0.005451512057334185
0.08290503919124603
0.015864821150898933
0.0028569186106324196
0.005055218003690243
0.006144086364656687
0.07707139104604721
0.004217039328068495
0.00553005188703537
0.009417302906513214
0.004139997065067291
0.06142961233854294
0.015898842364549637
0.0046022566966712475
0.0027217434253543615
0.14961625635623932
0.1798204630613327
0.059780512005090714
0.09147398173809052
0.12119697779417038
0.026931632310152054
0.007237347308546305
0.00936418678611517
0.17252999544143677
0.4201032817363739
0.025559064000844955
0.0038183126598596573
0.23622864484786987
0.30652979016304016
0.003966248128563166
0.0037973152939230204
0.011277961544692516
0.012049919925630093
0.008878636173903942
0.007801587227731943
0.0032330562826246023
0.0037742231506854296
0.10017269104719162
0.014943704009056091
0.04758317023515701
0.04512898996472359
0.005371376872062683
0.006066385190933943
1.0093789100646973
0.6707217693328857
0.006077852100133896
0.004407153930515051
0.1520979106426239
0.08299911022186279
0.017219137400388718
0.014201115816831589
0.013699772767722607
0.01704033464193344
1.5389126539230347
1.049987554550171
0.02927747368812561
0.02919851988554001
0.011902189813554287
0.021411756053566933
0.06278901547193527
0.05010124668478966
0.012144249863922596
0.006685299798846245
0.0064789061434566975
0.005315510556101799
0.004064931999891996
0.007641075644642115
0.003514124546200037
0.038259729743003845
0.0049073295667767525
0.010083464905619621
0.00862712599337101
0.05521966516971588
0.008037762716412544
0.007274688687175512
0.009360061958432198
0.010202954523265362
0.11467216163873672
0.13951437175273895
0.014599534682929516
0.006194091401994228
0.021484890952706337
0.06417132169008255
0.008170194923877716
0.007215807214379311
0.00882578082382679
0.008231688290834427
0.005400604568421841
0.007486441638320684
0.018158897757530212
0.028265327215194702
0.20648661255836487
0.023578746244311333
0.01476161926984787
0.017151543870568275
0.06482846289873123
0.020013097673654556
0.004569651558995247
0.00332181085832417
0.02007157728075981
0.2096432000398636
0.008040297776460648
0.008457008749246597
0.007632850669324398
0.0026718261651694775
0.023680323734879494
0.03068912774324417
0.005536327138543129
0.009254288859665394
0.01194397546350956
0.006565738469362259
1.7218716144561768
1.3606438636779785
0.06850730627775192
0.02511901780962944
0.0031910252291709185
0.00361497956328094
0.3207099139690399
0.7334297895431519
0.0040029375813901424
0.009971635416150093
0.003936219494789839
0.0031683349516242743
0.03713185340166092
0.019814161583781242
0.014220837503671646
0.01474678609520197
0.007690579630434513
0.004518154077231884
0.045239731669425964
0.08783271163702011
0.06221266835927963
0.016154952347278595
0.005461555439978838
0.012502697296440601
0.008724992163479328
0.009098062291741371
0.023410456255078316
0.01272025890648365
0.003779512830078602
0.003969639539718628
0.10656217485666275
0.00606442941352725
0.011451573111116886
0.11932045966386795
0.08727413415908813
0.06984628736972809
0.02177847921848297
0.09602013230323792
0.005086190532892942
0.01276913471519947
0.0075470819137990475
0.01066673919558525
0.08547389507293701
0.007078950293362141
0.038541581481695175
0.010512047447264194
0.005766130052506924
0.007581996265798807
0.004363945685327053
0.0031683349516242743
0.0055479626171290874
0.0045913769863545895
0.025670576840639114
0.08358997851610184
0.004025951959192753
0.01493576169013977
0.0402374304831028
0.021031416952610016
0.050176817923784256
0.03877773880958557
0.0036450049374252558
0.005489537492394447
0.004853418562561274
0.027100829407572746
0.005951118655502796
0.044538598507642746
0.0062253293581306934
0.005556929856538773
0.021166959777474403
0.020098939538002014
0.022463029250502586
0.017037998884916306
0.4097059369087219
0.05224522203207016
0.07056289166212082
0.05349243804812431
0.023181896656751633
0.008363242261111736
0.007446585688740015
0.008493661880493164
0.05240393802523613
0.02090991660952568
0.01623188890516758
0.018766647204756737
0.0045039113610982895
0.0053445338271558285
0.016159355640411377
0.011816157959401608
0.0023786984384059906
0.0014766252133995295
0.007431971840560436
0.00829064566642046
0.05091246962547302
0.06912710517644882
0.005080016795545816
0.004917316138744354
0.14879129827022552
0.15951256453990936
0.03624047338962555
0.048849016427993774
0.01231301762163639
0.01982039585709572
0.0158989280462265
0.016669800505042076
0.0042426614090800285
0.008615108206868172
0.006454444490373135
0.00965655967593193
0.0077821919694542885
0.009607270359992981
0.055650364607572556
0.0462767630815506
0.10504840314388275
0.3826759457588196
0.009571983478963375
0.006661904044449329
0.35978788137435913
0.2515799403190613
0.006189221050590277
0.002429188461974263
0.01017528586089611
0.008866475895047188
0.01635175384581089
0.022597013041377068
0.008344980888068676
0.004186320584267378
0.041048940271139145
0.02120475098490715
0.006865934934467077
0.00461392430588603
0.3397892117500305
0.01619362086057663
0.054602913558483124
0.04011348634958267
0.08559522032737732
0.025553297251462936
0.59807288646698
0.2994399964809418
0.25332993268966675
0.19332613050937653
0.0052881063893437386
0.005075255874544382
0.0697161927819252
0.0190948024392128
0.04050157219171524
0.043197546154260635
0.012182245030999184
0.012000612914562225
0.010208023712038994
0.05842665582895279
0.006835348438471556
0.006218820810317993
0.008512993343174458
0.00638352707028389
0.00695908535271883
0.008383778855204582
0.4461798071861267
0.1261267066001892
0.0068759010173380375
0.005483207758516073
0.15941202640533447
0.18115432560443878
0.004110018722712994
0.013693483546376228
0.009759284555912018
0.007400129921734333
0.004947391804307699
0.005166463553905487
0.014384418725967407
0.016515815630555153
0.004307094030082226
0.00553005188703537
0.02261807583272457
0.23344489932060242
0.08700210601091385
0.04739180952310562
0.009059574455022812
0.013837956823408604
0.006970854941755533
0.0066333916038274765
0.04721556976437569
0.02416219562292099
0.008399155922234058
0.006376626901328564
0.005296402610838413
0.002815188141539693
0.12195901572704315
0.18031024932861328
0.0131182000041008
0.018325595185160637
0.18359456956386566
0.07616735994815826
0.005642153322696686
0.004539843183010817
0.045370765030384064
0.04717188701033592
0.0026070913299918175
0.018230948597192764
0.005816036835312843
0.004926576279103756
0.019029812887310982
0.026697030290961266
0.026338016614317894
0.035924650728702545
0.0295605156570673
0.024528611451387405
0.028602223843336105
0.04253256320953369
0.005827269051223993
0.014195158146321774
0.0053954157046973705
0.013045846484601498
0.0038512381725013256
0.0053740194998681545
0.8792645335197449
0.1663338541984558
0.014134807512164116
0.019186288118362427
0.007337876595556736
0.005920205265283585
0.1704062670469284
0.06529348343610764
0.004603336099535227
0.004373021889477968
0.9190655946731567
0.14413009583950043
0.006553491577506065
0.006684895139187574
0.007828999310731888
0.00606442941352725
0.0046363165602087975
0.007943695411086082
0.011938182637095451
0.0066333916038274765
0.026517044752836227
0.03004412353038788
0.013344444334506989
0.012375920079648495
0.009085708297789097
0.012027019634842873
0.010454215109348297
0.02429301291704178
0.009180300869047642
0.006540038622915745
0.03825629502534866
0.2201899290084839
0.18608862161636353
0.08615895360708237
0.07724229991436005
0.1026722863316536
0.005333838053047657
0.03988080099225044
0.06979604065418243
0.03440539911389351
0.4386757016181946
0.09082033485174179
0.006217058282345533
0.004343709442764521
0.0358835831284523
0.036880213767290115
1.2775137424468994
0.925256609916687
0.008611896075308323
0.00942138209939003
0.003899940988048911
0.009994179010391235
0.0671105608344078
0.5726101398468018
0.13253746926784515
0.10017555207014084
0.058188050985336304
0.034886814653873444
0.05878063663840294
0.04614188149571419
0.07799515128135681
0.06117146089673042
0.010043371468782425
0.05530460178852081
0.1535932570695877
0.8113697171211243
0.009809731505811214
0.14724573493003845
1.129253625869751
0.14911839365959167
0.005833818111568689
0.00751461461186409
0.0803636908531189
0.07919593900442123
0.005220374092459679
0.029533712193369865
0.2766598165035248
0.9730357527732849
0.0064496975392103195
0.005504854489117861
0.36815011501312256
0.5348069667816162
0.005316262133419514
0.002360719721764326
0.007061643060296774
0.020255211740732193
0.04034648835659027
0.016330266371369362
0.005295963957905769
0.00833831261843443
0.044258031994104385
0.034912724047899246
0.009947401471436024
0.016457168385386467
0.004153345245867968
0.007533907890319824
0.0075326766818761826
0.006747581530362368
0.0027417619712650776
0.008066541515290737
0.02855689823627472
0.033547740429639816
0.4461377263069153
0.0072615062817931175
0.008603028953075409
0.011449938639998436
0.009392243809998035
0.011175640858709812
0.15882989764213562
0.34308144450187683
0.01957588642835617
0.01471923477947712
1.715868353843689
1.4348423480987549
0.303900808095932
0.32339560985565186
0.11642516404390335
0.023731928318738937
0.005598909221589565
0.004800210706889629
0.012678827159106731
0.02384689636528492
0.04278925433754921
0.027769651263952255
0.4396806061267853
0.8836591839790344
0.011391269974410534
0.009494127705693245
0.0037913545966148376
0.006076081655919552
0.014197373762726784
0.0069887335412204266
0.02591787837445736
0.019386906176805496
0.0038190723862499
0.01025538519024849
0.006285773124545813
0.005920205265283585
0.008803276345133781
0.016957761719822884
0.027210956439375877
0.06654973328113556
0.00502818264067173
0.00936821848154068
0.003970461897552013
0.00995115377008915
0.00973342265933752
0.047516871243715286
0.006938759703189135
0.026905450969934464
0.7769296169281006
0.17117054760456085
0.006104796193540096
0.025572681799530983
0.006856664549559355
0.008564502000808716
0.004393505398184061
0.010823814198374748
0.042100097984075546
0.05130181461572647
0.007040463853627443
0.004730856046080589
0.18201684951782227
0.19833657145500183
0.014842528849840164
0.024066898971796036
0.014522086828947067
0.016225777566432953
0.36232995986938477
0.11084425449371338
0.012212956324219704
0.008798793889582157
0.03168702498078346
0.009586455300450325
0.02477021887898445
0.007594683673232794
0.13001543283462524
0.055314164608716965
0.07455255836248398
0.28205227851867676
0.006805721670389175
0.009338129311800003
0.012413798831403255
0.020883146673440933
0.006394657772034407
0.004917316138744354
0.004342242144048214
0.009526719339191914
0.022838888689875603
0.01609082892537117
0.03000766783952713
0.020671196281909943
0.006826965603977442
0.008723961189389229
0.26454460620880127
0.17951659858226776
0.015385117381811142
0.0470736064016819
0.013623710721731186
0.015587071888148785
0.028547367081046104
0.0061357030645012856
0.0073941959999501705
0.005451512057334185
0.06620218604803085
0.06434352695941925
0.003921288065612316
0.005377350840717554
0.044941775500774384
0.009649991989135742
0.004310044459998608
0.005686566233634949
0.0861281007528305
0.29335278272628784
0.00854974053800106
0.006911373697221279
0.021883534267544746
0.02790890820324421
0.005385320633649826
0.007136775646358728
0.02223956398665905
0.014365327544510365
0.052061304450035095
0.08489841967821121
0.008333173580467701
0.005281227175146341
0.025839118286967278
0.055973686277866364
0.018161248415708542
0.021760866045951843
0.00790870189666748
0.18542538583278656
0.006164180114865303
0.010698682628571987
0.004328000824898481
0.004305250942707062
0.008743439801037312
0.011354520916938782
0.0048827421851456165
0.00833831261843443
0.0044666314497590065
0.005758700892329216
0.017065031453967094
0.019145548343658447
0.005278619937598705
0.025572681799530983
0.4551871120929718
0.5182362198829651
0.012715764343738556
0.0058562858030200005
0.06169332191348076
0.014086083509027958
0.04876226931810379
0.0628814697265625
0.006417831871658564
0.006701123900711536
0.007785212714225054
0.05842665582895279
0.0217672660946846
0.028034893795847893
0.08592328429222107
0.12369074672460556
0.09733577817678452
0.12600025534629822
0.030914902687072754
0.03552955761551857
0.014195865951478481
0.01609082892537117
0.010788039304316044
0.010921748355031013
0.007262111641466618
0.005909554660320282
0.4878666400909424
0.2153700590133667
0.01898016408085823
0.033547740429639816
0.005574024748057127
0.005776234436780214
0.011350435204803944
0.006565738469362259
0.006511957384645939
0.008753180503845215
0.05391353368759155
0.013285107910633087
0.03464144468307495
0.08752953261137009
0.007132222410291433
0.005920205265283585
0.21942782402038574
0.12482194602489471
0.07916727662086487
0.016013525426387787
0.006310929544270039
0.006342556793242693
0.07163697481155396
0.12549909949302673
0.02484547533094883
0.01451136264950037
0.0032869260758161545
0.0026991935446858406
0.014209241606295109
0.012027696706354618
0.12192578613758087
0.037616830319166183
0.5695942044258118
0.9251643419265747
0.016608815640211105
0.038972992449998856
0.003981947898864746
0.004830101039260626
0.1362924873828888
0.05643974989652634
0.003299327567219734
0.004114313516765833
0.006450394634157419
0.012747612781822681
0.005424593575298786
0.0123314019292593
0.07648807764053345
0.015587948262691498
0.01935739628970623
0.026509210467338562
0.011869699694216251
0.009098737500607967
0.2808109223842621
0.07798556983470917
0.00920538417994976
0.0391838401556015
0.027724800631403923
0.025275100022554398
0.07944491505622864
0.020137935876846313
0.17508524656295776
0.12960214912891388
0.060479383915662766
0.02406046725809574
0.002916392870247364
0.0014959834516048431
0.04202445223927498
0.01443712692707777
0.08115415275096893
0.05544503405690193
0.017497962340712547
0.17258009314537048
0.08788381516933441
0.03236299008131027
0.006723987404257059
0.014591693878173828
0.005031440407037735
0.005437701474875212
0.04583636298775673
0.020133227109909058
0.004814471583813429
0.004325357265770435
0.01477175671607256
0.014226040802896023
0.12821513414382935
0.04932144284248352
0.0574861504137516
0.023716114461421967
0.0064802588894963264
0.015772737562656403
0.008329588919878006
0.012692728079855442
0.007718680426478386
0.019774217158555984
0.011353952810168266
0.1529945731163025
0.005285370629280806
0.008268119767308235
0.257127970457077
0.7773242592811584
0.01616295427083969
0.004907475784420967
0.04057091847062111
0.04609561711549759
0.00752392178401351
0.00837212149053812
0.0039270720444619656
0.005845444742590189
0.04034390300512314
0.036366552114486694
0.03416898474097252
0.5217046737670898
0.018999235704541206
0.025815047323703766
0.012707835994660854
0.007889239117503166
0.009368994273245335
0.007866473868489265
0.023132627829909325
0.013278739526867867
0.03576284646987915
0.013605421409010887
0.22262829542160034
0.023413706570863724
0.035736892372369766
0.0538344569504261
0.004194788634777069
0.006220677867531776
1.244762659072876
0.08634538948535919
0.007733574602752924
0.0041770050302147865
0.08671324700117111
0.06058343127369881
0.6308398246765137
0.19316044449806213
0.005551815964281559
0.006204503588378429
0.02235936000943184
0.015497595071792603
0.0052309539169073105
0.004608566872775555
1.2135367393493652
1.312341570854187
0.004302815534174442
0.00857969094067812
0.06699872761964798
0.19098646938800812
0.33099430799484253
0.2198767066001892
0.004559891764074564
0.06227605789899826
0.005158447660505772
0.0025739979464560747
0.005054590292274952
0.006832261569797993
0.0178545992821455
0.007594683673232794
0.09127867966890335
0.012614110484719276
0.2378258854150772
0.015135643072426319
0.005447744857519865
0.004106896463781595
0.006066617555916309
0.012882733717560768
0.00609566317871213
0.030334414914250374
0.0018205421511083841
0.008036253973841667
0.02486218325793743
0.019348610192537308
0.0135076604783535
0.029238242655992508
0.006506594829261303
0.004974485374987125
0.014139280654489994
0.017151543870568275
0.055248454213142395
0.016055230051279068
0.018272530287504196
0.02289988100528717
0.10714802891016006
0.17095917463302612
0.02417745254933834
0.08426371961832047
0.004302239511162043
0.006910149939358234
0.009100398980081081
0.008996262215077877
0.007446723990142345
0.0034591113217175007
0.45236098766326904
0.01632281392812729
0.008347109891474247
0.0059066759422421455
0.18071044981479645
0.14020444452762604
0.006081901025027037
0.005334195680916309
0.021398033946752548
0.01066629309207201
0.005744614638388157
0.002134680049493909
0.0031125396490097046
0.017895324155688286
0.03995801508426666
0.04792546108365059
0.2289751172065735
1.3079700469970703
0.003963110037147999
0.005845444742590189
0.013030122965574265
0.006051010452210903
0.003924082964658737
0.00979193951934576
0.004908883012831211
0.005263200029730797
0.023673439398407936
0.006398126482963562
0.0037441698368638754
0.008207747712731361
0.012872874736785889
0.010788136161863804
0.15033957362174988
0.006771543063223362
0.032860688865184784
0.03361574932932854
0.006000784691423178
0.006992661394178867
0.017143908888101578
0.032595567405223846
0.004340703599154949
0.0090597253292799
0.015629533678293228
0.017778536304831505
0.003186317626386881
0.0037218257784843445
0.17117679119110107
0.02339077740907669
0.0054114810191094875
0.08030256628990173
0.006221633404493332
0.010311199352145195
0.00590596254914999
0.008174393326044083
0.02301553636789322
0.01143825612962246
0.005434411112219095
0.013591260649263859
0.010296815074980259
0.011295950040221214
0.006751647684723139
0.008881310001015663
0.059255994856357574
0.03311953693628311
0.016051582992076874
0.005208955146372318
0.09804563969373703
0.011178606189787388
0.009190700016915798
0.019303185865283012
0.10018019378185272
0.03787718713283539
0.34364065527915955
0.17736124992370605
0.0048665557987987995
0.010077203623950481
0.4380095899105072
1.143653392791748
0.0357428714632988
0.08977027982473373
0.009598735719919205
0.016358494758605957
0.003443235531449318
0.002853924874216318
0.03168795630335808
0.13120076060295105
0.057001061737537384
0.05458724871277809
0.01699819602072239
0.015028712339699268
0.006459046620875597
0.0261745136231184
0.004270392935723066
0.005725114606320858
0.011380968615412712
0.01888740062713623
0.015921231359243393
0.007594683673232794
0.005280844867229462
0.0032144561409950256
0.057293202728033066
0.02901550382375717
0.005440840497612953
0.00635802885517478
0.00482260761782527
0.05139170587062836
0.03130854293704033
0.005726819392293692
0.02564576081931591
0.022423233836889267
0.010603323578834534
0.007702245377004147
0.006557057145982981
0.009374357759952545
0.006307963747531176
0.006951684132218361
0.15867799520492554
0.031442172825336456
0.0038141219411045313
0.004373021889477968
0.0057976325042545795
0.01685839705169201
0.026240728795528412
0.1771361231803894
0.005493799690157175
0.004623411688953638
0.06474469602108002
0.011612857691943645
0.013355526141822338
0.011378088034689426
0.029616232961416245
0.011903557926416397
0.6437000632286072
0.15123975276947021
0.4574684202671051
0.030854584649205208
0.32882216572761536
0.01637405902147293
0.009925450198352337
0.00936418678611517
0.008623366244137287
0.009292619302868843
0.01403901632875204
0.008417678996920586
0.04375333711504936
0.06654973328113556
0.002543122274801135
0.009037048555910587
0.0029226255137473345
0.0063063302077353
0.0033077322877943516
0.005166463553905487
0.08012734353542328
0.4627912640571594
0.006143629085272551
0.015007992275059223
0.014521392062306404
0.018769139423966408
0.013509212993085384
0.009109421633183956
0.004183798097074032
0.007659918628633022
0.005082251969724894
0.007147850003093481
0.004669564310461283
0.011065414175391197
0.01122852973639965
0.016714558005332947
0.019313307479023933
0.015636848285794258
0.005546600557863712
0.00275783590041101
0.15089654922485352
0.027520272880792618
0.0224552471190691
0.17236673831939697
0.010994606651365757
0.006051010452210903
0.00414180476218462
0.007121810223907232
0.022293804213404655
0.02215595915913582
0.011784453876316547
0.06087358668446541
0.2127213478088379
0.12309463322162628
0.0131586454808712
0.011417968198657036
0.0026028668507933617
0.00888631958514452
0.004977941047400236
0.004964729771018028
0.8692198991775513
0.07651112973690033
0.07564634829759598
0.06568600237369537
0.005044266115874052
0.018326397985219955
0.007063031196594238
0.006404372397810221
0.026703933253884315
0.01168321818113327
0.011091690510511398
0.009208117611706257
0.01975196786224842
0.01727196015417576
0.03980012238025665
0.02039061300456524
0.3791393041610718
0.7420855164527893
0.004399443045258522
0.0049736155197024345
0.4451082646846771
1.0184251070022583
0.004332582466304302
0.005757256411015987
0.25926443934440613
0.15207114815711975
0.005061476957052946
0.004585688933730125
0.01933554746210575
0.0134334871545434
0.04027395695447922
0.013791518285870552
0.006862218026071787
0.007087106816470623
0.005486660171300173
0.0055657969787716866
0.004559594672173262
0.010420733131468296
0.2749347686767578
0.14951707422733307
0.4158349335193634
0.14917729794979095
0.01876622624695301
0.008253682404756546
0.0041443645022809505
0.0024882350116968155
0.005115453619509935
0.011852851137518883
0.017923392355442047
0.031486280262470245
0.0963977575302124
0.010052857920527458
0.015798119828104973
0.007562030106782913
0.0042261346243321896
0.0049391016364097595
0.023725658655166626
0.3545251786708832
0.003044480225071311
0.009717441163957119
0.0052109044045209885
0.0344771109521389
0.009560951963067055
0.027020001783967018
0.893568754196167
1.2013722658157349
0.005889324937015772
0.002728033345192671
0.17386887967586517
0.18864870071411133
0.013376590795814991
0.09608843922615051
0.011734075844287872
0.03317836672067642
0.0039031459018588066
0.004961287137120962
0.04244097322225571
0.23390695452690125
0.02248087152838707
0.048849016427993774
0.006586836185306311
0.00878911279141903
0.07486957311630249
0.014934809878468513
0.006310988217592239
0.0053947498090565205
0.006403579842299223
0.01632944494485855
0.011815491132438183
0.005570597015321255
0.005598127376288176
0.007203209679573774
0.019539592787623405
0.020268181338906288
0.020347587764263153
0.05855496600270271
0.0053303660824894905
0.00742497481405735
0.004631493240594864
0.005267524626106024
0.009247494861483574
0.014931040816009045
0.014589615166187286
0.01774122565984726
0.0068694595247507095
0.00725085474550724
0.19871604442596436
0.01664109155535698
0.02175181359052658
0.050498116761446
0.004885493777692318
0.009993890300393105
0.38014116883277893
1.357130527496338
0.004213775508105755
0.004760725423693657
0.03502563014626503
0.015352685004472733
0.014616324566304684
0.005930525716394186
0.2936941683292389
0.06493281573057175
0.07372072339057922
0.023987960070371628
0.05660052224993706
0.07454513013362885
0.02420204132795334
0.013051008805632591
0.014321325346827507
0.008543024770915508
0.0045480807311832905
0.01128778699785471
0.007158917374908924
0.004334140568971634
0.002887047827243805
0.009928358718752861
0.0034851711243391037
0.004961287137120962
0.01599927991628647
0.014474444091320038
0.0495520755648613
0.02662237547338009
0.006356383673846722
0.0030603979248553514
0.06025993078947067
0.01971009373664856
0.007535707205533981
0.010788136161863804
0.19541268050670624
0.04806192219257355
0.013895664364099503
0.02429301291704178
0.019998984411358833
0.03280598670244217
0.00740968668833375
0.005642027128487825
0.33057111501693726
0.1050431877374649
0.017665669322013855
0.01049130316823721
0.028763169422745705
0.07033281773328781
0.003301120363175869
0.006664361339062452
0.004376644734293222
0.006752739194780588
0.005975367967039347
0.020020190626382828
0.015152745880186558
0.023616135120391846
0.13270854949951172
0.10698362439870834
0.012303324416279793
0.11142774671316147
0.022891834378242493
0.027359653264284134
0.33493316173553467
0.06202555447816849
0.003981528803706169
0.0022226611617952585
0.006501387804746628
0.007760344538837671
0.012940151616930962
0.050658680498600006
0.006769603118300438
0.042415328323841095
0.016729818657040596
0.10146777331829071
0.03278755396604538
0.024133872240781784
0.016703275963664055
0.007558092474937439
0.017937293276190758
0.023117581382393837
0.006836332846432924
0.028117183595895767
0.007589785847812891
0.007532050833106041
0.0069597093388438225
0.009486865252256393
0.003510956186801195
0.003610170679166913
0.009729251265525818
0.005732366349548101
0.038586005568504333
0.03885155916213989
0.04602380469441414
0.02301526442170143
0.01514514908194542
0.007673812564462423
0.003292845329269767
0.009737729094922543
0.0025753641966730356
0.01395451184362173
0.49264758825302124
0.08099371939897537
0.0035546477884054184
0.006843954790383577
0.006667151581496
0.004506420344114304
0.01994142308831215
0.01410823967307806
0.06477019935846329
0.18241174519062042
0.003825495019555092
0.004639435093849897
0.02188917063176632
0.02974294312298298
0.009605939500033855
0.014386572875082493
0.10229868441820145
0.14255596697330475
0.005953398533165455
0.005399302579462528
0.0030376308131963015
0.008441578596830368
0.006879879627376795
0.0037649055011570454
0.39544761180877686
1.043426752090454
0.005878888536244631
0.007743129041045904
0.04330570623278618
0.02941235527396202
0.015606378205120564
0.007040244061499834
0.6980551481246948
0.8092713952064514
0.00576245691627264
0.0032522811088711023
0.03926313295960426
0.017644478008151054
0.00404455978423357
0.014743847772479057
0.011477026157081127
0.010662040673196316
0.006743073463439941
0.0031084686052054167
0.013237490318715572
0.024824559688568115
0.09145437180995941
0.2138489931821823
0.005406536161899567
0.0033362358808517456
0.003295695409178734
0.0024836743250489235
0.5069971084594727
0.08554372191429138
0.005237066652625799
0.009554489515721798
0.2927324175834656
0.13247743248939514
0.056137047708034515
0.014168208464980125
0.009191763587296009
0.010719943791627884
0.003795793978497386
0.007817631587386131
0.054437682032585144
0.01698065735399723
0.006088593974709511
0.0036664227955043316
0.038822587579488754
0.027909718453884125
0.14452935755252838
0.03065003827214241
0.004672361072152853
0.015468627214431763
0.003773453878238797
0.006718543823808432
0.08734366297721863
0.053061917424201965
0.007841985672712326
0.009318406693637371
0.04694872722029686
0.04564113914966583
0.027540862560272217
0.011126814410090446
0.029972970485687256
0.05151095986366272
0.005230778828263283
0.009139029309153557
0.016049906611442566
0.008901049382984638
0.018508998677134514
0.028972869738936424
0.0034836456179618835
0.01125010009855032
0.014523501507937908
0.02396927960216999
0.006459420546889305
0.01010405458509922
0.0037597655318677425
0.0037670619785785675
0.006465461105108261
0.008150522597134113
0.0035525609273463488
0.0021806363947689533
0.05327976867556572
0.022405071184039116
0.015935475006699562
0.011597706936299801
0.28064724802970886
1.263097882270813
0.02976246550679207
0.013234557583928108
0.006510744336992502
0.006220100913196802
0.09461965411901474
0.15897005796432495
0.0183662548661232
0.01609082892537117
0.030946411192417145
0.048692308366298676
0.026913726702332497
0.0206732340157032
0.015385557897388935
0.021965570747852325
0.0335690937936306
0.018623817712068558
0.009230991825461388
0.06641139090061188
0.01239768136292696
0.006736842915415764
0.045531630516052246
0.08847501128911972
0.010410323739051819
0.006177342031151056
0.011216241866350174
0.012860571034252644
0.01328209787607193
0.010704555548727512
0.0031229194719344378
0.009188991971313953
0.140138640999794
0.2308744490146637
0.0037840360309928656
0.004317878279834986
0.023938259109854698
0.014090107753872871
0.004883428104221821
0.005052733700722456
0.013207193464040756
0.012007182464003563
0.03710800036787987
0.006264438387006521
0.010382356122136116
0.010788136161863804
0.11593189090490341
0.02463514916598797
0.008917680010199547
0.006076698191463947
0.002123873447999358
0.009737566113471985
0.40452054142951965
0.39636245369911194
0.07428085803985596
0.1118091344833374
0.2869320809841156
0.523054838180542
0.10186147689819336
0.009953711181879044
0.0056465547531843185
0.005589469335973263
0.03677525371313095
0.03923569247126579
0.003782619023695588
0.002956861862912774
0.010220993310213089
0.008020413108170033
0.0039114682003855705
0.014010497368872166
0.2672571837902069
0.6480288505554199
0.012155791744589806
0.004334140568971634
0.8613585233688354
0.2073107659816742
0.006320645567029715
0.012320213951170444
0.010812811553478241
0.009674904868006706
0.028491130098700523
0.008569791913032532
0.00817730464041233
0.005990235600620508
0.003423290327191353
0.0027055346872657537
0.0075962054543197155
0.008733331225812435
0.7157440185546875
0.1561378538608551
0.004389557987451553
0.008045847527682781
0.6043474078178406
0.92970210313797
0.025213349610567093
0.004654206335544586
0.01338889915496111
0.01417961809784174
0.08209170401096344
0.05346331372857094
0.008252400904893875
0.006057605613023043
0.0033516569528728724
0.009470196440815926
0.015236204490065575
0.003868391737341881
0.005929017439484596
0.015679538249969482
0.008347873575985432
0.0102682551369071
0.20103855431079865
0.20275968313217163
0.008515352383255959
0.009301028214395046
0.015524614602327347
0.024833811447024345
0.003182212123647332
0.009372810833156109
0.004437325522303581
0.0068207415752112865
0.002892960561439395
0.002745639532804489
0.0422777459025383
0.03300706297159195
0.03168465197086334
0.10242760181427002
0.011181236244738102
0.011140583083033562
0.0035496209748089314
0.007043322082608938
0.0040551708079874516
0.04083378240466118
0.005535632837563753
0.004964729771018028
0.11494012176990509
0.06504963338375092
0.015072294510900974
0.02161267027258873
0.005938156507909298
0.014806353487074375
0.0032455017790198326
0.0024326120037585497
0.0028795695398002863
0.013783689588308334
0.030074669048190117
0.021024908870458603
0.06507891416549683
0.08942349255084991
0.047589126974344254
0.01575501635670662
0.04267178848385811
0.07540035247802734
0.0028939968906342983
0.0029833135195076466
0.16147328913211823
0.03598745912313461
0.005764351692050695
0.004133494570851326
0.01975426822900772
0.016973087564110756
0.0038684920873492956
0.006540902890264988
0.007576101925224066
0.014041434973478317
0.010911422781646252
0.020672647282481194
0.004792849067598581
0.004684261046350002
0.009999120607972145
0.017272107303142548
0.016650700941681862
0.006403145380318165
0.023617785423994064
0.018459293991327286
0.015749787911772728
0.051091909408569336
0.004135411232709885
0.02440946362912655
0.06264149397611618
0.8990767002105713
0.1444387435913086
0.24611806869506836
0.4387980103492737
0.08315595984458923
0.004999016411602497
0.09625304490327835
0.8399216532707214
0.03827003389596939
0.005549308843910694
0.006342556793242693
0.08310820162296295
0.23869378864765167
0.027073148638010025
0.03565080463886261
0.011154301464557648
0.011452930979430676
0.011865132488310337
0.00843632873147726
0.2612350285053253
0.10392354428768158
0.005010286811739206
0.006655603647232056
0.01931515522301197
0.00606442941352725
0.09489650279283524
0.03671715781092644
0.04134567826986313
0.029058966785669327
0.051662378013134
0.05716162547469139
1.2435745000839233
0.06892330944538116
0.03313254192471504
0.021318605169653893
0.31981161236763
1.218300461769104
0.0041510965675115585
0.004961287137120962
0.006695892661809921
0.004480201285332441
0.046426303684711456
0.12529928982257843
0.006236720364540815
0.00687249843031168
0.07072491198778152
0.06570499390363693
0.03507865220308304
0.18322394788265228
0.016223996877670288
0.015363836660981178
0.07374680787324905
0.013787931762635708
0.010707050561904907
0.0157686285674572
0.0046503012999892235
0.004078285302966833
0.006597174797207117
0.012241996824741364
0.0030438683461397886
0.009516873396933079
0.015854595229029655
0.01999330148100853
0.004737599287182093
0.003868391737341881
0.11595446616411209
0.05961522087454796
0.007355331443250179
0.006057605613023043
0.05928823724389076
0.021891094744205475
0.0053407736122608185
0.0069854361936450005
0.086871437728405
0.02406395599246025
0.003369564888998866
0.0015862169675529003
0.011570670641958714
0.0028482070192694664
0.0398591049015522
0.008866475895047188
0.0035331009421497583
0.015004186891019344
0.004261866211891174
0.005650368519127369
0.010798301547765732
0.020899241790175438
0.01480068825185299
0.04088450223207474
0.060755230486392975
0.02187070995569229
0.02407771907746792
0.01903517171740532
0.003432740457355976
0.006911872420459986
0.007332463748753071
0.005376601591706276
0.005167227238416672
0.0076727550476789474
0.003206388559192419
0.007842970080673695
0.025229867547750473
0.028274912387132645
0.0934879332780838
0.32566797733306885
0.013170869089663029
0.009697803296148777
0.013008808717131615
0.007285890635102987
0.03805911913514137
0.012634778395295143
0.007306358776986599
0.006684895139187574
0.0055376379750669
0.007791175507009029
0.008237520232796669
0.010060946457087994
0.018606191501021385
0.05808238685131073
0.5918620228767395
0.1294553130865097
0.004320095758885145
0.009782242588698864
0.033267177641391754
0.027668431401252747
0.004471005406230688
0.0045913769863545895
0.0038442909717559814
0.008922253735363483
0.04000437632203102
0.0358782596886158
0.005880631972104311
0.006633975077420473
0.0059984284453094006
0.0291178859770298
0.016194360330700874
0.019046315923333168
0.020229941233992577
0.03711892291903496
0.10365582257509232
0.21855734288692474
0.004356037359684706
0.006901650223881006
0.004238609224557877
0.005724963266402483
0.062137894332408905
1.0052751302719116
0.008169140666723251
0.009404849261045456
0.2685548961162567
0.16985319554805756
0.004750861786305904
0.004684995859861374
0.06508097052574158
0.03608565032482147
0.007555929012596607
0.014356564730405807
0.014823001809418201
0.008275694213807583
0.002798334462568164
0.008682125248014927
0.012309759855270386
0.08004744350910187
0.4851897656917572
0.1036418229341507
0.011711644008755684
0.02415107935667038
0.003779950086027384
0.004695842508226633
0.008401266299188137
0.015434324741363525
0.00409399438649416
0.002978986594825983
0.011717164888978004
0.018636571243405342
0.006683970335870981
0.008723961189389229
0.0075549534521996975
0.030938029289245605
0.10013875365257263
0.030250733718276024
0.011570067144930363
0.03520878404378891
0.022329017519950867
0.05732559785246849
0.0049107796512544155
0.0043768188916146755
0.12266477197408676
0.039675697684288025
0.012233508750796318
0.01666809618473053
0.0039038718678057194
0.010869355872273445
0.0037115723825991154
0.009782361797988415
0.0024364336859434843
0.0123314019292593
0.010111923329532146
0.01951141469180584
0.004260438494384289
0.002964205341413617
0.016497395932674408
0.008465191349387169
0.004434386733919382
0.004154045134782791
0.046767789870500565
0.037622321397066116
0.007025363855063915
0.011581866070628166
0.011009096167981625
0.007702245377004147
0.005795003846287727
0.013350971974432468
0.01291485782712698
0.03673363849520683
0.006751174107193947
0.006863132584840059
0.007107352372258902
0.011015729047358036
0.027165867388248444
0.18506082892417908
0.005636310204863548
0.008885262534022331
0.004850370809435844
0.0037973583675920963
0.005480247549712658
0.0027476921677589417
0.04028252512216568
0.07445497810840607
0.03760858625173569
0.00961223617196083
0.07586868107318878
0.09776387363672256
0.003163668094202876
0.004976984579116106
1.0739185810089111
1.127604603767395
0.1043996512889862
0.06741029024124146
0.010797027498483658
0.006651568226516247
0.0048932586796581745
0.006258115172386169
0.005330024752765894
0.012480152770876884
0.012132735922932625
0.007185718510299921
0.4501737654209137
0.044642768800258636
0.9101119637489319
0.13250724971294403
0.04733088240027428
0.03072034940123558
0.016365639865398407
0.028160234913229942
0.006047558039426804
0.007782765198498964
0.10053365677595139
0.01712862029671669
0.020641876384615898
0.012439550831913948
0.0058591049164533615
0.009198089130222797
0.022029276937246323
0.007946143858134747
0.1500900387763977
0.017585234716534615
0.004137153271585703
0.011206574738025665
0.038925040513277054
0.019895952194929123
0.01710304617881775
0.014877719804644585
0.0037632258608937263
0.0026614386588335037
0.16049394011497498
0.017671851441264153
0.0071330745704472065
0.007199454121291637
0.009985352866351604
0.00461392430588603
0.007170525379478931
0.019744321703910828
0.005924669094383717
0.0112156942486763
0.010036079213023186
0.20643366873264313
0.004931882955133915
0.01104455441236496
0.41001105308532715
0.7495665550231934
0.005338242277503014
0.005305224098265171
0.4713188707828522
0.6905515193939209
0.016879381611943245
0.014974239282310009
0.9320656657218933
0.08304934203624725
0.009354870766401291
0.0076353587210178375
0.14555032551288605
0.7203632593154907
0.006038185674697161
0.01632401905953884
0.026974597945809364
0.010637432336807251
0.009003150276839733
0.011484168469905853
0.004181550350040197
0.005314909853041172
0.07446219772100449
0.021164238452911377
0.007173273712396622
0.005724258255213499
0.013267738744616508
0.01205267570912838
0.004680620040744543
0.0020937121007591486
0.009051308035850525
0.00968720018863678
0.23502439260482788
0.01672787219285965
0.005962889641523361
0.04517735540866852
0.9185255765914917
0.05620076134800911
0.035264112055301666
0.029197391122579575
0.00492100277915597
0.0038404350634664297
0.018679989501833916
0.007550464011728764
0.024453336372971535
0.021200718358159065
0.123788982629776
0.06159559637308121
0.007785578723996878
0.009231757372617722
0.006193189881742001
0.013131330721080303
0.0033770056907087564
0.00275783590041101
0.07479272037744522
0.010484058409929276
0.004409084562212229
0.005921193864196539
0.012760860845446587
0.00957950297743082
0.12518586218357086
0.03781741112470627
0.009527659974992275
0.03353869915008545
0.027693912386894226
0.06087077409029007
0.006810161285102367
0.008160505443811417
0.12750792503356934
0.17178262770175934
0.0054623750038445
0.006401145830750465
0.37674248218536377
0.014070983976125717
0.005945962388068438
0.003840675810351968
0.1485266089439392
0.007007120177149773
0.008653725497424603
0.09941952675580978
0.024642463773489
0.009652550332248211
0.0037796401884406805
0.004423239268362522
0.08137652277946472
0.19503192603588104
0.03685542196035385
0.06755656749010086
0.01157446764409542
0.03736823424696922
0.2077808529138565
0.5909819602966309
0.05110763758420944
0.042985256761312485
0.040046870708465576
0.04473157972097397
0.005818426143378019
0.006880041211843491
0.37939661741256714
0.10641688108444214
0.00615525571629405
0.008866358548402786
0.014867069199681282
0.0287209153175354
0.030675292015075684
0.07391432672739029
0.07699546962976456
0.19804570078849792
0.0069288406521081924
0.007217748090624809
0.3900177478790283
0.0539507232606411
0.12811505794525146
0.0372256338596344
0.0033282507210969925
0.007979130372405052
0.04003286734223366
0.09490502625703812
0.006557093933224678
0.007804553955793381
0.03941207006573677
0.014370049349963665
0.05438826605677605
0.022158455103635788
0.003628896549344063
0.009459475055336952
0.004920286126434803
0.00268148654140532
0.3285142779350281
0.20553670823574066
0.029132677242159843
0.018667977303266525
0.021163685247302055
0.03261208534240723
0.019579332321882248
0.02239156886935234
0.01409587636590004
0.00747474143281579
0.015048139728605747
0.014012881554663181
0.006016977597028017
0.01795421913266182
0.01894419826567173
0.007893551141023636
0.010718056932091713
0.03280896693468094
0.007650664076209068
0.006342556793242693
0.006714151706546545
0.03163081035017967
0.013771397061645985
0.019887752830982208
0.006577887572348118
0.014309179969131947
0.177169531583786
0.09369351714849472
0.013576153665781021
0.03395901620388031
0.34539902210235596
0.024912776425480843
0.008495976217091084
0.007910252548754215
0.03599507361650467
0.007049239706248045
0.0216682031750679
0.03280896693468094
0.03632155805826187
0.02870301902294159
0.0031848771031945944
0.0038123426493257284
0.011029362678527832
0.013727037236094475
0.004748595878481865
0.006991134025156498
0.033886998891830444
0.010860729962587357
0.004336488898843527
0.0044984370470047
0.006992475129663944
0.037616852670907974
0.003128175623714924
0.00864607747644186
0.021433167159557343
0.02340596728026867
0.017368774861097336
0.011373352259397507
0.00453458447009325
0.004220315255224705
0.025126535445451736
0.019878778606653214
0.03392459824681282
0.024630367755889893
0.32304975390434265
0.1924969106912613
1.3107261657714844
0.2141284942626953
1.2698229551315308
0.7686560153961182
0.021888788789510727
0.021859390661120415
0.008513012900948524
0.0063107805326581
0.05868376046419144
0.030648397281765938
0.009937530383467674
0.0071952370926737785
0.019109249114990234
0.015316435135900974
0.004797700792551041
0.02254023589193821
0.012159611098468304
0.014087063260376453
0.0027776015922427177
0.00982214231044054
0.5255539417266846
0.3916667699813843
0.034763794392347336
0.12740322947502136
1.1350443363189697
0.9316998720169067
0.002723119454458356
0.005271566566079855
0.004994506482034922
0.011001115664839745
0.007958102971315384
0.007866473868489265
0.0024716926272958517
0.008006674237549305
0.008852330967783928
0.0098366504535079
0.016254335641860962
0.019624417647719383
0.00692987535148859
0.006843423470854759
0.0030448180623352528
0.005474741104990244
0.014751960523426533
0.011986334808170795
0.059506405144929886
0.05917070060968399
0.005292828660458326
0.01417961809784174
0.028641056269407272
0.010119223967194557
0.02566516399383545
0.03504839912056923
0.2980068027973175
0.2725110948085785
0.016866078600287437
0.02085404098033905
0.00575000187382102
0.013553140684962273
0.005436131730675697
0.008337498642504215
0.4460717439651489
0.36142483353614807
0.17416276037693024
0.023694682866334915
0.04570070654153824
0.009818471036851406
0.008780565112829208
0.015304334461688995
0.49109745025634766
0.05123913288116455
0.008647579699754715
0.012343823909759521
0.009593931958079338
0.00509617431089282
0.005649737548083067
0.008772417902946472
0.025879554450511932
0.013065756298601627
0.0038194444496184587
0.006225185003131628
0.006052850745618343
0.004704766906797886
0.002967559965327382
0.012792810797691345
0.013600127771496773
0.07921633869409561
0.020927775651216507
0.46027109026908875
0.7086917161941528
0.06777068227529526
0.010489564388990402
0.016946982592344284
0.006292503327131271
0.0046819173730909824
0.037598688155412674
0.022883741185069084
0.002777212066575885
0.0033707325346767902
0.013849608600139618
0.01907440274953842
0.021855149418115616
0.028274912387132645
0.011087118647992611
0.016448961570858955
0.009996198117733002
0.020365046337246895
0.005599902011454105
0.022879235446453094
0.004119267221540213
0.003996631596237421
0.12020182609558105
0.01657857745885849
0.010914075188338757
0.014478129334747791
0.4336356222629547
0.12687818706035614
0.02155613899230957
0.026370562613010406
0.2739768624305725
0.4879835844039917
0.006919850595295429
0.016454828903079033
0.012212519533932209
0.008002582006156445
0.593163251876831
0.3383268117904663
0.016977403312921524
0.014241847209632397
0.038728680461645126
0.03171452134847641
0.004614307079464197
0.015304334461688995
0.0034000820014625788
0.009041468612849712
0.051039863377809525
0.03356792405247688
0.013105829246342182
0.012669935822486877
0.01563519984483719
0.007594683673232794
0.3684319853782654
0.02435765415430069
0.008953352458775043
0.0071952370926737785
0.1569054275751114
0.19204829633235931
0.007114299573004246
0.010314209386706352
0.014708157628774643
0.014307970181107521
0.012881533242762089
0.012473158538341522
0.15130409598350525
0.14633981883525848
0.023179076611995697
0.00836685299873352
0.01584877073764801
0.015126453712582588
0.003414730541408062
0.002881604479625821
0.02383027970790863
0.01984085887670517
0.9224691987037659
0.4119252562522888
0.02400469034910202
0.011222477070987225
0.1004670113325119
0.10009283572435379
0.010268211364746094
0.014419451355934143
0.0533687025308609
0.054214052855968475
0.04304017871618271
0.030831722542643547
0.010041099041700363
0.012704199180006981
0.08794977515935898
0.6151567101478577
0.006610115524381399
0.00779588520526886
1.0486446619033813
0.2583356499671936
0.058319464325904846
0.043386444449424744
0.006888547912240028
0.0038356794975697994
1.3872829675674438
1.3874112367630005
0.07437878102064133
0.03229213505983353
0.006652417592704296
0.021636657416820526
0.013275707140564919
0.01604890637099743
0.031208010390400887
0.012746087275445461