0.017096728086471558
0.509773850440979
0.10775581747293472
0.27969446778297424
0.03800506144762039
0.5020862817764282
0.007056989707052708
0.13416695594787598
0.0619024783372879
0.10759077966213226
0.7110115885734558
0.33077558875083923
0.006083047948777676
0.010440838523209095
0.004915968514978886
0.05765555426478386
0.026512710377573967
0.14259390532970428
0.24923796951770782
0.02626487985253334
0.0408187061548233
0.04659687727689743
0.009831217117607594
0.11598125100135803
0.0291134025901556
0.6917123794555664
0.005365594755858183
0.07852278649806976
0.4472160339355469
0.25715410709381104
0.03411702439188957
0.13444650173187256
0.009204281494021416
0.0242230836302042
0.06836017221212387
0.14452199637889862
0.1238354966044426
0.04097413644194603
0.011499189771711826
0.28909894824028015
0.2322254180908203
0.05182847008109093
0.008136357180774212
0.28123489022254944
0.03754531219601631
0.042895082384347916
0.17624537646770477
0.25466975569725037
0.009662805125117302
0.030407395213842392
0.06271299719810486
0.08983501046895981
0.015977272763848305
0.02867620624601841
0.02315613068640232
0.7464174032211304
0.11019846796989441
0.15609125792980194
0.5868221521377563
0.8574195504188538
0.02688867785036564
0.05840848758816719
0.0461440347135067
0.35902076959609985
0.07116714119911194
0.28535765409469604
0.24142469465732574
0.12682686746120453
0.009198674000799656
0.13853833079338074
0.5870018601417542
0.6110144257545471
0.010006186552345753
0.13134397566318512
0.016186119988560677
0.04028515890240669
0.010264694690704346
0.04033868387341499
0.015183051116764545
0.06755170971155167
0.013519049622118473
0.19202110171318054
0.024270474910736084
0.08816731721162796
0.06538575142621994
0.20755773782730103
0.5167573094367981
1.0180253982543945
0.04907551035284996
0.08887635916471481
0.06622529774904251
0.07002384215593338
0.027310777455568314
0.1816280633211136
0.02720041014254093
0.3687725365161896
0.01187880989164114
0.01698286086320877
0.014368636533617973
0.03433595597743988
0.009942364878952503
0.09470941871404648
0.1764376312494278
0.05819489061832428
0.0056508914567530155
0.08968914300203323
0.011739795096218586
0.09321776777505875
1.476210355758667
0.6534334421157837
0.019221926108002663
0.08974239975214005
0.054453667253255844
0.07687999308109283
0.01320438552647829
0.16417866945266724
0.148064985871315
0.33693012595176697
0.15558576583862305
0.25560250878334045
0.06952688843011856
0.45787373185157776
0.25662317872047424
0.29615646600723267
0.03929624706506729
0.014492202550172806
0.008395859971642494
0.4671131372451782
0.04254859313368797
0.4568052291870117
1.0227259397506714
0.6972249746322632
0.09193891286849976
0.09059122949838638
0.5994382500648499
0.21062259376049042
0.08827488869428635
0.1855151504278183
0.02782384492456913
0.20040327310562134
0.02384290099143982
0.04011356830596924
0.00769947562366724
0.21484433114528656
0.011027514934539795
0.2846188247203827
0.03432135656476021
0.06718656420707703
0.5906271934509277
0.08346245437860489
0.07707373052835464
0.05784039571881294
0.014442546293139458
0.11238858848810196
0.016490628942847252
0.46511512994766235
1.1951862573623657
0.9142983555793762
0.007118852809071541
0.028681613504886627
0.012946121394634247
0.29304778575897217
0.03198617696762085
0.2254490852355957
0.006864294875413179
0.06608772277832031
1.6062183380126953
0.516746461391449
0.012733721174299717
0.07675627619028091
0.010217673145234585
0.033673882484436035
0.2413036823272705
0.10168545693159103
0.016725467517971992
0.05475325509905815
0.2787218689918518
0.6029250621795654
0.011739963665604591
0.23889298737049103
0.05338387191295624
0.3513574004173279
0.013655406422913074
0.3447248637676239
0.06111963093280792
0.5578206777572632
0.007635104935616255
0.11833804100751877
1.0058014392852783
0.6648380756378174
0.055360693484544754
0.41114404797554016
0.026135215535759926
0.09610743075609207
0.006749875843524933
0.4883643686771393
0.31767305731773376
0.08326761424541473
0.01290613878518343
0.3442533016204834
0.7536905407905579
0.3518662750720978
0.012371821328997612
0.5187554359436035
0.6441166996955872
0.4057057499885559
0.007919198833405972
0.27408862113952637
0.00964352022856474
0.306058794260025
0.029997769743204117
0.26402974128723145
0.0767204537987709
0.2831408679485321
0.011829733848571777
0.2780968248844147
0.010122730396687984
0.4443605840206146
0.029147787019610405
0.08999724686145782
0.04159622639417648
0.11128091812133789
0.005928476341068745
0.3647460341453552
0.023944325745105743
0.5164194107055664
0.9148972034454346
0.19020533561706543
0.1901686042547226
0.36809974908828735
0.0036242844071239233
0.021991847082972527
0.01797458529472351
0.8096446394920349
0.31767264008522034
0.11203638464212418
0.03546365723013878
0.03668854013085365
1.0503357648849487
0.04194669798016548
0.01871591806411743
0.3749362528324127
0.005954300984740257
0.06507120281457901
0.007594144903123379
0.02717902697622776
0.19300198554992676
0.1353103667497635
0.16087312996387482
0.36555519700050354
0.045953139662742615
0.051474351435899734
0.019077355042099953
0.029168996959924698
0.00835074670612812
0.3149702548980713
0.06216873228549957
0.4210377037525177
0.017275983467698097
0.13381050527095795
1.453305959701538
0.9264429211616516
0.03872312977910042
0.08798640966415405
0.011967090889811516
0.020808780565857887
0.12894338369369507
0.18900538980960846
0.008118773810565472
0.4308921694755554
0.030676940456032753
0.09393535554409027
0.0791846513748169
0.08955477178096771
0.048643872141838074
0.6126020550727844
0.030923498794436455
0.0547393336892128
0.25252765417099
0.18195584416389465
0.007790135219693184
0.44215261936187744
0.007731751538813114
0.06067008525133133
0.4471169710159302
0.20553945004940033
0.12575575709342957
0.40884557366371155
0.010136165656149387
0.24016650021076202
1.3117865324020386
0.7071861624717712
0.012489286251366138
0.11937116086483002
0.0694100633263588
0.09812477976083755
0.6792164444923401
0.456191748380661
0.009051189757883549
0.11000751703977585
0.05740325525403023
0.0618184395134449
0.005473555065691471
0.09267911314964294
0.05816113203763962
0.042249713093042374
0.04826009273529053
0.10539170354604721
0.026468688622117043
0.12201084196567535
0.7044232487678528
0.5695595741271973
0.02799469232559204
1.035763144493103
0.050790827721357346
0.6228273510932922
0.027603592723608017
0.10458140075206757
1.2245320081710815
0.8947993516921997
0.009279195219278336
0.08088092505931854
0.8162038326263428
0.19368092715740204
0.01102941669523716
0.03498281538486481
0.0072218552231788635
0.0575413852930069
0.015726324170827866
0.039677489548921585
0.004498286638408899
0.08188234269618988
0.029477741569280624
0.3689342737197876
0.033992063254117966
0.14269544184207916
0.008117470890283585
0.0352046824991703
0.15647251904010773
0.13071519136428833
0.007692011538892984
0.35143402218818665
0.008475661277770996
0.0605848953127861
0.015949014574289322
0.03098679892718792
0.01886439137160778
0.0606188103556633
0.007780974265187979
0.3999132215976715
0.7786544561386108
0.05604502186179161
0.04503415897488594
0.08388326317071915
0.03113682009279728
0.25252389907836914
0.776515781879425
0.6052911281585693
0.06735358387231827
0.18059657514095306
0.007317664101719856
0.18264709413051605
0.023122595623135567
0.05133386701345444
0.21894694864749908
0.03988837078213692
0.010753588750958443
0.16933663189411163
0.013098667375743389
0.28496161103248596
0.010076216422021389
0.2331959754228592
0.007878904230892658
0.16197794675827026
0.028709471225738525
0.932790994644165
0.04619334638118744
0.05364905670285225
0.0072951847687363625
0.12469720840454102
0.02462860941886902
0.2232545167207718
0.07505784928798676
0.060044899582862854
0.9673942923545837
0.4350576400756836
0.014204636216163635
0.08512433618307114
0.007291639689356089
0.060327496379613876
0.015295146033167839
0.04922131821513176
0.14709073305130005
0.3720117509365082
0.0078093125484883785
0.30740368366241455
0.01677698828279972
0.048425041139125824
0.02193446084856987
0.4484158754348755
0.07298688590526581
0.14916886389255524
0.19220371544361115
0.2676890790462494
0.009363546967506409
0.0631728544831276
0.09010271728038788
0.07482724636793137
0.041675787419080734
0.17399531602859497
0.041589438915252686
0.03646422177553177
0.08286242187023163
0.5420714616775513
0.040255624800920486
0.11443066596984863
0.08696821331977844
0.03841559216380119
0.006934779696166515
0.11122136563062668
0.012643886730074883
0.0327722504734993
0.011430274695158005
0.02618909813463688
0.018776867538690567
0.10408684611320496
0.005827299319207668
0.4530399739742279
0.007758640684187412
0.04876554012298584
0.017077164724469185
0.10870606452226639
0.008480456657707691
0.5263915657997131
0.45013079047203064
0.24893835186958313
0.41285932064056396
1.6750470399856567
0.7814168334007263
0.20313313603401184
0.5977535843849182
0.2426273375749588
0.16104961931705475
0.6433718800544739
0.03477899357676506
0.017375042662024498
0.01084574218839407
0.2109798640012741
0.010326108895242214
0.3344992697238922
0.7502580285072327
0.18235968053340912
0.05310115963220596
0.883858859539032
0.3815512955188751
0.36241599917411804
0.005172833800315857
0.03521393984556198
0.009251004084944725
0.1932952105998993
0.09693592041730881
0.5053682923316956
0.02402670495212078
0.11084157228469849
0.013681408949196339
0.2381773293018341
0.0331314392387867
0.12492457032203674
0.015973636880517006
0.0928843691945076
0.005905332509428263
0.32642191648483276
0.22433821856975555
1.0888805389404297
0.029684441164135933
0.4738503694534302
0.0056404066272079945
0.21936869621276855
0.025687802582979202
0.13375040888786316
0.06799948215484619
0.06662266701459885
0.014314262196421623
0.5338976383209229
0.006033717188984156
0.097617968916893
0.028805263340473175
0.15846410393714905
0.02618335373699665
0.06184297055006027
0.08326255530118942
0.0696822851896286
0.2358977496623993
0.8252792954444885
0.0375889390707016
0.06787651032209396
0.0345345102250576
0.1642845720052719
0.03133787959814072
0.06927389651536942
0.40092796087265015
0.32160863280296326
0.006735148839652538
0.1887698918581009
0.16278894245624542
0.2693251073360443
0.19055521488189697
0.28842243552207947
0.06956343352794647
0.4320768117904663
0.007969488389790058
0.10437589138746262
0.011707207188010216
0.0742877870798111
0.06428582966327667
0.25478166341781616
0.4954465925693512
0.06458073109388351
0.02114839293062687
0.524596095085144
0.8938353657722473
0.5183333158493042
0.25991860032081604
0.18188773095607758
0.2371438592672348
0.2963639199733734
0.6498435735702515
0.930584728717804
0.006821709685027599
0.2822052240371704
0.04396197944879532
0.2630288004875183
0.005678403656929731
0.048923738300800323
0.010815574787557125
0.20466165244579315
0.023258915171027184
0.052715592086315155
0.1346902847290039
0.15489967167377472
0.025949005037546158
0.06256977468729019
0.16427382826805115
0.28586483001708984
1.0619124174118042
0.4240562617778778
0.036953847855329514
0.03144149109721184
0.07314462959766388
0.22317619621753693
0.5508490800857544
0.916657030582428
0.8721684217453003
0.42079824209213257
0.1881072074174881
0.3159984350204468
0.020954979583621025
0.39417725801467896
1.3232356309890747
0.2197210192680359
0.004149470012634993
0.27277037501335144
0.020277202129364014
0.14605678617954254
0.2640189528465271
0.34370723366737366
0.008075178600847721
0.05992913246154785
0.0057602194137871265
0.008768361993134022
0.19275017082691193
0.5120986104011536
0.06274345517158508
0.10004237294197083
0.6073191165924072
0.46161556243896484
0.05844755470752716
0.15841680765151978
0.7818263173103333
0.6247593760490417
0.18754133582115173
0.09615673124790192
0.09679824858903885
0.07517357915639877
0.007899273186922073
0.2116064876317978
0.02072092518210411
0.020822938531637192
0.15781669318675995
0.7606814503669739
0.19287264347076416
0.3359384834766388
0.006390983704477549
0.1113409772515297
1.1933903694152832
0.5851413607597351
0.13132984936237335
0.31050410866737366
0.07258930802345276
0.18381495773792267
0.010685120709240437
0.08938900381326675
0.010558176785707474
0.28613394498825073
0.014931653626263142
0.02482168935239315
0.038245946168899536
0.3683987557888031
0.1725115031003952
0.15908321738243103
0.0625462681055069
0.05337316542863846
1.1682944297790527
0.7043735980987549
0.04993850737810135
0.051863159984350204
0.5338380932807922
0.11468625068664551
0.13919124007225037
0.6438320279121399
0.7684186100959778
0.1191496029496193
0.007339383941143751
0.029668917879462242
0.015463488176465034
0.3086651563644409
0.05603482946753502
0.06106648966670036
0.018232310190796852
0.3560279607772827
0.005150390788912773
0.21589572727680206
0.01903674006462097
0.08555556833744049
0.01840871199965477
0.24091577529907227
0.10911138355731964
0.11804237961769104
0.007777832448482513
0.3912476599216461
0.010954078286886215
0.5454167127609253
0.010431651026010513
0.3138918876647949
0.44370582699775696
0.39516109228134155
0.01969599537551403
0.05154280737042427
0.010945762507617474
0.26399558782577515
0.4375537037849426
0.17956461012363434
0.0071726576425135136
0.12699782848358154
0.06501590460538864
0.08221880346536636
1.1227357387542725
1.153098702430725
0.010881341993808746
0.2670474946498871
0.01404696423560381
0.15756523609161377
0.023073596879839897
0.5348709225654602
0.020360205322504044
0.15871037542819977
0.04940114542841911
0.1724468618631363
0.023908717557787895
0.041186362504959106
0.00912542175501585
0.0497007854282856
0.9867525100708008
0.4942798614501953
0.013473478145897388
0.2502514123916626
0.02909562923014164
0.33473479747772217
0.005842593032866716
0.2215162217617035
0.5883703231811523
0.27763286232948303
0.03339593484997749
0.2412528246641159
0.20479486882686615
0.3988052308559418
0.3077143132686615
0.27596017718315125
0.01674608886241913
0.012786207720637321
0.02466428652405739
0.0889744907617569
0.20188964903354645
0.5019298791885376
0.005370075348764658
0.072538360953331
0.04400743916630745
0.1774045079946518
0.034131091088056564
0.330281525850296
0.4503840506076813
0.07452001422643661
0.03291948512196541
0.06802690774202347
0.025391122326254845
0.26436683535575867
0.011452353559434414
0.22937236726284027
0.029595421627163887
0.06598707288503647
0.006577009800821543
0.2853046953678131
0.4043470025062561
0.4331483244895935
0.10515882819890976
0.18814800679683685
0.0995757207274437
0.20356352627277374
0.2132994830608368
0.2259167581796646
0.09930986166000366
0.29319146275520325
0.11820367723703384
0.10381221771240234
0.035725489258766174
0.07427497208118439
0.0076077464036643505
0.06187497451901436
0.31994763016700745
0.5148191452026367
0.03582147881388664
0.04884955659508705
0.04096724092960358
0.10597696900367737
0.014195919036865234
0.1840522140264511
0.06840888410806656
0.4454283118247986
0.012408620677888393
0.29251497983932495
0.007594679947942495
0.060649361461400986
0.02407965622842312
0.034434009343385696
0.0190426092594862
0.9584221839904785
0.023663293570280075
0.038949593901634216
0.017722589895129204
0.10187964886426926
0.014419148676097393
0.039837755262851715
0.005716565530747175
0.03771621361374855
0.007481219246983528
0.07389060407876968
0.007634367328137159
0.18689994513988495
0.0104367109015584
0.14605553448200226
0.08562437444925308
0.04368177428841591
0.19207938015460968
0.5980226993560791
0.07563968747854233
0.0716356560587883
0.4872432351112366
0.3856660723686218
0.004563468974083662
0.025667166337370872
0.009672652930021286
0.361796498298645
0.06916451454162598
0.08661730587482452
0.016003185883164406
0.3629833161830902
0.035742197185754776
0.039656929671764374
0.04308668151497841
0.09828182309865952
0.21925611793994904
0.9329610466957092
0.022884944453835487
0.17027215659618378
0.01891668699681759
0.02251605875790119
0.006686244625598192
0.3052040934562683
0.006668386049568653
0.23591628670692444
0.08124559372663498
1.0983437299728394
0.04993269965052605
0.2542017996311188
0.15623639523983002
0.2642557919025421
0.009448160417377949
0.17860710620880127
0.008255884051322937
0.3166328966617584
0.00841615442186594
0.21335555613040924
0.147039994597435
0.2108955979347229
0.9728190302848816
0.3923797011375427
0.011919674463570118
0.04467247799038887
0.2665201425552368
0.10174448043107986
0.01197026576846838
0.2296411544084549
0.0776464119553566
0.04527239874005318
0.0605546236038208
0.0687556192278862
0.024420330300927162
0.0604090616106987
0.010961668565869331
0.14047914743423462
0.039996154606342316
0.24786046147346497
0.0364161841571331
0.11468231678009033
0.03454214334487915
0.7994087934494019
0.020918866619467735
0.046403925865888596
0.014815613627433777
0.06866493076086044
0.008163461461663246
0.19109313189983368
0.07788142561912537
0.3592715859413147
0.0389859713613987
0.05672654137015343
0.04502149298787117
0.145647794008255
0.006283346097916365
0.06850246340036392
1.36008882522583
0.04449364170432091
0.36471423506736755
0.4210527837276459
0.6056789755821228
1.433943748474121
0.6270137429237366
0.10667606443166733
0.12195312976837158
0.12508763372898102
0.3186303675174713
0.09554718434810638
0.030593212693929672
0.06783420592546463
0.008840800262987614
0.18679602444171906
1.0631892681121826
1.3073810338974
0.014719389379024506
0.08406578004360199
0.31969133019447327
0.33776918053627014
0.04133116453886032
0.08401737362146378
0.007263030391186476
0.08069035410881042
0.09811810404062271
0.11721543222665787
0.0725603923201561
0.15675023198127747
0.03610742464661598
0.0978638306260109
0.03812306001782417
0.4178315997123718
0.018241293728351593
0.06251609325408936
0.012562212534248829
0.39028462767601013
0.012345719151198864
0.03218340501189232
0.09652341157197952
0.4772449731826782
0.05742526799440384
0.28641122579574585
0.083274707198143
0.6832558512687683
0.011448528617620468
0.009865459986031055
0.0121597396209836
0.08854726701974869
0.02479339763522148
0.08182743191719055
0.016446828842163086
0.027387861162424088
0.03465254232287407
0.16003252565860748
0.24081213772296906
0.07132670283317566
0.04240422323346138
0.13134163618087769
0.21721747517585754
0.1917690932750702
0.025801416486501694
0.11681893467903137
0.021965976804494858
0.04168229550123215
0.007181555964052677
0.19956663250923157
0.08656501024961472
0.02721434459090233
0.03381667286157608
0.15969981253147125
0.0342530682682991
0.12698857486248016
0.4381433129310608
0.20016640424728394
0.028204282745718956
0.18297143280506134
0.009600428864359856
0.5151270031929016
0.08039981126785278
0.24773335456848145
0.01360267959535122
0.055514443665742874
0.023716548457741737
0.1383596509695053
0.13568522036075592
1.2191619873046875
0.029011942446231842
0.059685759246349335
1.4724177122116089
1.1772137880325317
0.00541902519762516
0.22894234955310822
0.048212744295597076
0.51399827003479
1.0565781593322754
0.6308334469795227
0.00830723438411951
0.0237942673265934
0.19433139264583588
0.055730778723955154
0.06978192925453186
0.10567212104797363
0.03430391103029251
0.4218524694442749
0.019364381209015846
0.1279749721288681
0.01656276546418667
0.02949177660048008
0.7016041874885559
0.6054695844650269
0.10133770108222961
0.5789655447006226
0.027403438463807106
0.3403070867061615
0.00836261361837387
0.3596932888031006
0.31527119874954224
0.23421913385391235
0.035385213792324066
0.0619504451751709
0.18785908818244934
0.05467495694756508
0.026955140754580498
0.5221592783927917
0.013190635479986668
0.040027473121881485
0.008058641105890274
0.0709167942404747
0.716424286365509
0.3113064765930176
0.01360691525042057
0.12904320657253265
0.02933378890156746
0.05482865124940872
0.05271732434630394
0.25312480330467224
0.01224250253289938
0.436877578496933
0.22650940716266632
0.27082160115242004
0.00643004709854722
0.023396112024784088
0.430428683757782
0.3772973418235779
0.041137032210826874
0.03948590159416199
0.03052159585058689
0.05404729023575783
0.019346246495842934
0.034653060138225555
0.018254479393363
0.4777607023715973
0.01293604914098978
0.307081401348114
0.013383319601416588
0.30107855796813965
0.030679136514663696
0.05350011587142944
0.5409073233604431
0.5295622944831848
0.2574012577533722
1.329315185546875
0.012156913988292217
0.030219610780477524
0.007332006935030222
0.07723066955804825
0.0190921388566494
0.10836739838123322
0.04920240864157677
0.08146024495363235
0.385074645280838
0.3015143573284149
0.1265779584646225
0.12162952870130539
0.005978848785161972
0.31485387682914734
0.3155323266983032
0.1276971399784088
0.013344169594347477
0.11095210909843445
0.05225325748324394
0.3842719495296478
0.06398829817771912
0.18877488374710083
0.008214381523430347
0.05233268812298775
0.6933935284614563
0.5451933741569519
1.129478931427002
0.518555760383606
1.6378157138824463
0.6566426753997803
0.009021821431815624
0.29008129239082336
0.03275470808148384
0.06577608734369278
0.015268485061824322
0.12952254712581635
0.004773631226271391
0.11425220966339111
0.07577695697546005
0.2672743797302246
0.01775052212178707
0.03711953014135361
0.008051360957324505
0.22190575301647186
0.020156273618340492
0.07117293030023575
1.289353370666504
0.9698020219802856
0.03440995141863823
0.19413748383522034
0.011193647049367428
0.04286862164735794
0.005152714904397726
0.42223262786865234
0.15579916536808014
0.4133882522583008
0.15936532616615295
0.06577779352664948
0.07265248149633408
0.10092413425445557
0.5560256242752075
0.06133609265089035
0.07550577819347382
0.19405078887939453
0.04624761641025543
0.11036024242639542
0.011642332188785076
0.29102545976638794
0.43881991505622864
0.126443549990654
0.21403194963932037
0.2113157957792282
0.41933220624923706
0.17829188704490662
0.023564666509628296
0.17737767100334167
0.029554691165685654
0.09591908007860184
0.00937442947179079
0.12669184803962708
0.005617887247353792
0.10397503525018692
0.290258526802063
0.3200590908527374
0.02838042750954628
0.028684327378869057
0.10293200612068176
0.06875348091125488
0.00802193209528923
0.04783881455659866
0.013760020025074482
0.060020286589860916
0.1911996752023697
0.12773919105529785
0.04041104391217232
0.14554019272327423
0.0060324580408632755
0.14211773872375488
0.12290424853563309
0.24351173639297485
0.013254287652671337
0.338506281375885
0.0721186175942421
0.39383557438850403
0.02401387132704258
0.19530993700027466
0.0088161276653409
0.11452893167734146
0.009041444398462772
0.0666518360376358
0.009654771536588669
0.2144930064678192
0.021884692832827568
0.15118752419948578
0.2857150137424469
0.2509419023990631
0.035501282662153244
0.39875689148902893
0.8311541080474854
0.11018051207065582
0.008179412223398685
0.334014892578125
0.10074198246002197
0.040720175951719284
0.00902246031910181
0.048570502549409866
0.008792474865913391
0.024704083800315857
0.034190405160188675
1.1932376623153687
0.017406711354851723
0.1650889813899994
0.018498599529266357
0.0495418980717659
1.2490648031234741
0.7848947644233704
0.019638095051050186
0.26155516505241394
0.007273770868778229
0.438664048910141
0.1217496246099472
0.14797072112560272
0.08038558065891266
0.15714801847934723
0.07317905873060226
0.07966337352991104
0.5789792537689209
0.2618618905544281
0.011768658645451069
0.03340807184576988
0.5237030982971191
0.2398342341184616
0.11621798574924469
0.04852910712361336
0.005343397613614798
0.09443860501050949
0.04175712540745735
0.2153165340423584
0.006159856449812651
0.012531131505966187
0.012710381299257278
0.20062220096588135
0.05280075967311859
0.14725761115550995
1.461334466934204
1.1143614053726196
0.00684937322512269
0.10297725349664688
0.010123816318809986
0.31120792031288147
0.98597651720047
0.9752941131591797
0.04946877434849739
0.28777503967285156
0.017371583729982376
0.09221672266721725
0.5023171901702881
0.08546200394630432
0.020066358149051666
0.2046905755996704
0.009622587822377682
0.16824568808078766
0.2635830342769623
0.06244708225131035
0.008559373207390308
0.08234193921089172
0.16209205985069275
0.1520538330078125
0.0035123617853969336
0.03899271786212921
0.04482033848762512
0.11644738167524338
0.007734106853604317
0.10880304127931595
0.00699181342497468
0.14072944223880768
0.03184185549616814
0.062775157392025
0.01013096235692501
0.32886064052581787
0.7677648663520813
0.5899839997291565
0.09923309087753296
0.12170427292585373
0.010764522477984428
0.13817723095417023
0.627753496170044
0.38025280833244324
0.040658168494701385
0.13856670260429382
0.04277186468243599
0.47258806228637695
0.01164394523948431
0.26280122995376587
0.008466938510537148
0.45868465304374695
0.35385632514953613
0.2757326066493988
0.010079468600451946
0.03640199452638626
0.0400223582983017
0.7216736078262329
0.015290730632841587
0.2606121301651001
1.6397629976272583
0.7091212868690491
0.05756814032793045
0.18275417387485504
0.04060712829232216
0.9425280094146729
0.009178957901895046
0.08904077112674713
1.0669958591461182
0.818220317363739
0.038302838802337646
0.27834048867225647
1.1752468347549438
0.6458654403686523
0.0434182807803154
0.5394158363342285
0.2828926146030426
0.1466960459947586
0.05195922031998634
0.035642266273498535
0.2760244309902191
0.1957196742296219
0.00999989453703165
0.16112981736660004
0.4798847734928131
0.2353266328573227
0.036540437489748
0.03589944168925285
0.022419359534978867
0.043771445751190186
0.6826384663581848
0.3052801787853241
0.015842605382204056
0.04772992804646492
0.9330576658248901
0.2908845841884613
0.16982264816761017
0.41061052680015564
0.19964653253555298
0.24269957840442657
0.09476334601640701
0.3242138922214508
0.01578560471534729
0.43077805638313293
1.376346468925476
0.294705867767334
0.013111593201756477
0.204541876912117
0.006460604723542929
0.35003772377967834
0.016400456428527832
0.030400067567825317
0.00904017686843872
0.06147824600338936
0.012885846197605133
0.026662224903702736
0.01884605921804905
0.17797645926475525
0.8592376112937927
0.22774818539619446
0.03483079373836517
0.17982222139835358
0.011190500110387802
0.22215411067008972
0.027410821989178658
0.1372288465499878
0.02765059284865856
0.6677194237709045
0.06312845647335052
0.21153126657009125
0.08444120734930038
1.5624922513961792
0.012989250011742115
0.14535513520240784
0.05559598654508591
0.17345137894153595
0.5310265421867371
0.2976408302783966
0.16295678913593292
0.2749580144882202
0.011063790880143642
0.04599125683307648
0.16668590903282166
0.05961446836590767
0.12205067276954651
0.513160765171051
0.006764219608157873
0.06981132179498672
0.11093106120824814
0.0592326857149601
0.05710376426577568
0.04154197499155998
0.1440163552761078
0.07848802953958511
0.011051319539546967
0.3675980567932129
0.24047152698040009
0.15515825152397156
0.007434739265590906
0.19339749217033386
0.0268839243799448
0.030557844787836075
0.07582757622003555
0.09944746643304825
0.5274254083633423
0.10424212366342545
0.05128568038344383
0.16904515027999878
0.06600483506917953
0.11558859795331955
0.004207793157547712
0.0777839943766594
0.012539050541818142
0.046933405101299286
0.019881900399923325
0.36747798323631287
0.0376184843480587
0.0891328677535057
0.06533735990524292
0.4138346314430237
0.01823675073683262
0.1821872442960739
0.10897611826658249
0.2721754312515259
0.04274347424507141
0.24185851216316223
0.01726737804710865
0.11935649067163467
0.12335851788520813
0.6819643378257751
0.007817945443093777
0.20025978982448578
0.03550223633646965
0.14607194066047668
0.007086487952619791
0.07899980992078781
0.8994768857955933
0.27048105001449585
0.026846319437026978
0.08404044061899185
0.26934510469436646
0.4321029782295227
0.019374534487724304
0.09015267342329025
0.6279841065406799
0.5402138829231262
0.06090231612324715
0.16336889564990997
0.4468519985675812
0.38215070962905884
0.06596384197473526
0.0479050911962986
0.00646175816655159
0.4435059726238251
0.030992398038506508
0.2859416604042053
0.03145236521959305
0.526928722858429
0.0360337570309639
0.16866222023963928
0.016780564561486244
0.19478677213191986
0.022778652608394623
0.11133664101362228
0.03995148837566376
0.47654077410697937
0.17078092694282532
0.2686206102371216
0.012910692021250725
0.19759267568588257
0.009874226525425911
0.2636285424232483
0.19145387411117554
0.5246201753616333
0.011557227931916714
0.1066967248916626
0.034503430128097534
0.07792927324771881
0.0075272428803145885
0.1696837991476059
0.05878199264407158
0.7672047019004822
0.013013401068747044
0.349592387676239
0.12013749033212662
0.5847261548042297
0.024676930159330368
0.04204630106687546
0.007213311269879341
0.07915246486663818
0.24193069338798523
0.43189537525177
0.04315844550728798
0.3742275536060333
0.014827034436166286
0.08452888578176498
0.03197832778096199
0.05809488520026207
0.1066439300775528
0.15927402675151825
0.009285476990044117
0.16058388352394104
0.12198822945356369
0.2234484702348709
0.026714209467172623
0.0796845406293869
0.01345211174339056
0.22688035666942596
0.034087494015693665
0.1974915862083435
0.004581949207931757
0.1379227191209793
0.016593629494309425
0.04786757007241249
0.10526209324598312
0.07466825097799301
0.00530221639201045
0.049685630947351456
0.011735607869923115
0.05700872465968132
0.04986337944865227
0.4290592074394226
0.05659294128417969
0.14099667966365814
0.022206014022231102
0.20069941878318787
0.00850654300302267
0.16849374771118164
0.014502884820103645
0.4449778199195862
0.7640755772590637
0.6529873609542847
0.005619168281555176
0.4882868230342865
0.007421807385981083
0.2697035074234009
0.03549446538090706
0.18959848582744598
0.5683040022850037
0.3770248293876648
0.025311240926384926
0.1366673856973648
0.07063775509595871
0.13800270855426788
0.01967417448759079
0.02841402404010296
0.014515808783471584
0.01762394979596138
0.10312489420175552
0.03999437764286995
0.047117359936237335
0.44306784868240356
0.005643264390528202
0.012045991607010365
0.09260895103216171
0.08127150684595108
0.1613398939371109
0.22652789950370789
0.012236545793712139
0.03529827669262886
0.11574125289916992
0.05215469002723694
0.005852540954947472
0.02506478689610958
0.014317161403596401
0.25094762444496155
0.07978985458612442
0.09454754739999771
0.024595865979790688
0.07839993387460709
0.7751681208610535
0.2134331911802292
0.032356344163417816
0.3158527910709381
0.023639976978302002
0.18144775927066803
0.005426501855254173
0.0470796637237072
0.03089333325624466
0.31142184138298035
0.010561468079686165
0.026029765605926514
0.341857373714447
0.05039932206273079
1.5101239681243896
1.3537672758102417
0.0414978452026844
0.0960758849978447
0.12658779323101044
0.05856471136212349
0.010879362002015114
0.4988458454608917
0.733949601650238
0.21687234938144684
0.008525035344064236
0.27818331122398376
0.23320576548576355
0.10598240047693253
0.27795901894569397
0.13022352755069733
0.04421048238873482
0.060077864676713943
0.00677140150219202
0.18395572900772095
1.3087917566299438
0.8569481372833252
0.04642742499709129
0.1539580076932907
0.008992503397166729
0.32014885544776917
0.017929095774888992
0.05260472372174263
0.008144312538206577
0.031550534069538116
0.021559592336416245
0.18350431323051453
0.27212730050086975
0.33198752999305725
0.008911775425076485
0.33234110474586487
0.02885969914495945
0.14914384484291077
0.008696241304278374
0.3517703115940094
0.24428217113018036
0.42931172251701355
0.0090907271951437
0.017765089869499207
0.057005107402801514
0.46355023980140686
0.010593202896416187
0.12580759823322296
0.17815987765789032
0.4873221218585968
0.008165605366230011
0.12310551106929779
0.009925398975610733
0.10867273807525635
0.03671607747673988
0.07151573151350021
0.024035125970840454
0.0714668482542038
1.2675881385803223
0.43055209517478943
0.015779679641127586
0.4074849784374237
0.00713918125256896
0.27030062675476074
0.018319766968488693
0.0863441452383995
0.14930301904678345
0.20214280486106873
0.019296733662486076
0.37099015712738037
0.02437576651573181
0.050153158605098724
0.08750227093696594
0.24570389091968536
0.007344613317400217
0.27468037605285645
0.007467783987522125
0.03155764564871788
0.16324548423290253
0.05302657559514046
0.017783138900995255
0.2711372375488281
0.06723781675100327
0.15932075679302216
0.010830286890268326
0.39458051323890686
0.011783063411712646
0.4376845061779022
0.016890550032258034
0.05984963849186897
0.04615142196416855
0.2545068860054016
0.019870223477482796
0.032195381820201874
0.00592007115483284
0.019624939188361168
0.04645314812660217
0.26797524094581604
0.06684861332178116
0.35534054040908813
0.1405836045742035
0.15414316952228546
0.011532357893884182
0.19955135881900787
0.180216982960701
0.3688026964664459
0.021088246256113052
0.5994638800621033
1.1147114038467407
0.156871035695076
0.005478777922689915
0.07231777906417847
0.33170849084854126
0.22463703155517578
0.034467969089746475
0.18497061729431152
0.01257882546633482
0.14580364525318146
0.0073447260074317455
0.2627169191837311
0.05885269120335579
0.0965101420879364
0.006666733883321285
0.10373183339834213
0.011279930360615253
0.05131346732378006
0.5677192807197571
0.3872140944004059
0.07560031861066818
0.05584798380732536
0.02931087650358677
0.1750592589378357
0.1371639221906662
0.027033116668462753
0.01018412783741951
0.11754575371742249
0.032928772270679474
0.5569292306900024
0.3444821834564209
0.03309280797839165
0.01766260340809822
0.5203209519386292
0.015012669377028942
0.062022995203733444
0.026370935142040253
0.01815563067793846
0.08638228476047516
0.2787201702594757
0.00837509986013174
0.023733384907245636
0.34484973549842834
0.3171027898788452
0.025321990251541138
0.10411331057548523
0.01914062909781933
0.11823543161153793
1.053247094154358
0.04387034848332405
0.41887208819389343
0.4286777377128601
0.999352753162384
0.22619594633579254
0.01660001091659069
0.0861290693283081
0.05776950344443321
0.09779109060764313
0.021019013598561287
0.13688428699970245
0.05394420772790909
0.06638483703136444
0.018042484298348427
0.2434115707874298
0.011134941130876541
0.08689749985933304
0.8842267990112305
0.25634339451789856
0.011098004877567291
0.05236034467816353
0.01773601397871971
0.01968989335000515
0.01118201669305563
0.04317643865942955
0.1505485326051712
0.17815031111240387
0.059174127876758575
0.24804078042507172
0.01812274567782879
0.0144535256549716
0.017584605142474174
0.03144577890634537
0.011787587776780128
0.037280160933732986
0.027802878990769386
0.3892151415348053
0.008922958746552467
0.20391620695590973
0.23872797191143036
0.20806458592414856
0.07414007186889648
0.08809163421392441
0.07593786716461182
0.33476367592811584
0.6235349774360657
0.19221822917461395
0.005981101654469967
0.04582083225250244
0.47724586725234985
0.03177410364151001
0.05307681858539581
0.13037198781967163
0.006505315192043781
0.156474307179451
0.059137631207704544
0.21936547756195068
0.4904823303222656
0.2852805256843567
0.0163798239082098
0.21843115985393524
0.015520666725933552
0.027538767084479332
0.22296831011772156
0.13020597398281097
0.0065763723105192184
0.051244575530290604
0.01533434260636568
0.20306208729743958
0.009234899654984474
0.0531550757586956
0.7347437143325806
0.5467281341552734
0.7900086641311646
0.19026339054107666
0.6267296671867371
0.9219250082969666
0.07734780758619308
0.7693039774894714
0.010262805037200451
0.13554434478282928
0.005439234431833029
0.030300453305244446
0.012060663662850857
0.10218970477581024
0.02066068910062313
0.18053500354290009
0.01490861363708973
0.020250720903277397
0.13061301410198212
0.1252700537443161
0.017003389075398445
0.46401745080947876
0.09131073951721191
0.08471141010522842
0.07279995828866959
0.14636552333831787
0.0930413007736206
0.08735901117324829
0.01751633919775486
0.04008476808667183
0.024774691089987755
0.08175674825906754
0.02966270223259926
0.05590815842151642
0.025006113573908806
0.21068063378334045
0.05100300908088684
0.07995129376649857
0.009470275603234768
0.048969097435474396
0.09005220234394073
0.3036159873008728
1.2187093496322632
0.9583180546760559
0.08702398091554642
0.38915207982063293
0.5864818096160889
0.19731223583221436
0.005156980361789465
0.03937710076570511
0.005282917991280556
0.07624635100364685
0.008587378077208996
0.2014985978603363
0.032967325299978256
0.04799509048461914
0.11069449037313461
0.08993306010961533
0.015466577373445034
0.3572944700717926
0.017193635925650597
0.13775286078453064
0.005561176221817732
0.14389578998088837
0.022197244688868523
0.13090607523918152
0.5416868329048157
0.7090778946876526
0.026784662157297134
0.023233499377965927
0.01895246095955372
0.24848617613315582
0.017044560983777046
0.18000519275665283
0.005093936808407307
0.06919451057910919
0.3759936988353729
0.41646066308021545
0.006664093118160963
0.10408172756433487
0.09397798031568527
0.2612040638923645
0.021139634773135185
0.24314573407173157
0.05282805114984512
0.03476047143340111
0.10981397330760956
0.06715263426303864
0.05763489753007889
0.8288726806640625
0.008291753008961678
0.06373099237680435
0.02599148638546467
0.13534851372241974
0.021080169826745987
0.1701124906539917
0.32050853967666626
0.12841956317424774
0.045843400061130524
0.22159312665462494
0.009502934291958809
0.022560613229870796
0.051475755870342255
0.08393684029579163
0.04475376382470131
0.09745291620492935
0.011903570964932442
0.1290678232908249
0.032160885632038116
0.1521584540605545
0.007671002764254808
0.1270896941423416
0.20617012679576874
0.22479650378227234
0.3374492824077606
0.13294227421283722
0.03892476111650467
0.3148232400417328
0.016715385019779205
0.7401893138885498
0.013693518005311489
0.04252380505204201
0.010088671930134296
0.07982196658849716
0.02679274044930935
0.07554393261671066
0.014193904586136341
0.4572528302669525
0.007461360655725002
0.08882156014442444
0.21345028281211853
0.36714598536491394
0.020248081535100937
0.4452420771121979
0.01584777981042862
0.2799816131591797
0.07304392755031586
0.05542153865098953
0.3108064830303192
0.27173087000846863
0.031086986884474754
0.24241705238819122
0.006370927207171917
0.04532201960682869
0.023166954517364502
0.03807925060391426
0.17891551554203033
0.14012590050697327
1.3099231719970703
0.4255259931087494
0.014280279166996479
0.1949111819267273
0.00799193698912859
0.12712709605693817
0.0055703939869999886
0.042506467550992966
0.5611061453819275
0.420951783657074
0.006549454294145107
0.25189265608787537
0.02417612634599209
0.0419091135263443
0.022736985236406326
0.10214665532112122
0.3429378867149353
0.12247177213430405
0.25382572412490845
0.5234307646751404
0.04628489166498184
0.04692685976624489
0.25710999965667725
0.21147511899471283
0.03228441998362541
0.016332007944583893
0.027653584256768227
0.11510086059570312
0.047583870589733124
0.08417747169733047
0.019468238577246666
0.06870633363723755
0.38704025745391846
0.4612262547016144
0.08887433260679245
0.23407113552093506
0.015536323189735413
0.0986071527004242
0.006275410298258066
0.022871000692248344
0.036641836166381836
0.05288030207157135
0.02774750627577305
0.11421338468790054
0.012536394409835339
0.05989345535635948
0.03230825439095497
0.07300231605768204
0.01936589926481247
0.03635259345173836
0.0658704936504364
0.09236709028482437
0.05974807217717171
0.03913536295294762
0.13866975903511047
0.4453011751174927
0.06194116175174713
0.14714711904525757
0.03132830932736397
0.05174830183386803
0.4267909526824951
0.17025132477283478
0.006960537750273943
0.049395058304071426
0.014924963004887104
0.019109878689050674
0.023428456857800484
0.04909345135092735
0.14268839359283447
0.49663862586021423
0.024985188618302345
0.07228127866983414
0.0195025447756052
0.05029197409749031
0.007259529549628496
0.04047770798206329
0.051106296479701996
0.08573291450738907
0.04641638696193695
0.016759736463427544
0.005336453206837177
0.0613207183778286
0.008500237949192524
0.019560160115361214
0.012392641045153141
0.03627290949225426
0.0172660443931818
0.3356422185897827
0.2343561202287674
0.5870347619056702
0.00760785723105073
0.023236962035298347
0.08640089631080627
0.04940046742558479
0.010991619899868965
0.042922478169202805
0.006210227031260729
0.10063273459672928
0.005411082878708839
0.0943836197257042
0.2353014498949051
0.10973568260669708
0.03360050171613693
0.8619320392608643
0.44235116243362427
0.3161041736602783
0.00797711219638586
0.04622125253081322
0.44742557406425476
0.9552515149116516
0.056150276213884354
0.9961972832679749
0.1595507562160492
0.21173682808876038
0.020852837711572647
0.049348365515470505
0.07288087159395218
0.029958030208945274
0.021581798791885376
0.16916050016880035
0.12004474550485611
0.05877992883324623
0.011850264854729176
0.04295908287167549
0.05900716781616211
0.24894677102565765
0.011128815822303295
0.18763993680477142
0.01610865816473961
0.3287452757358551
0.13139444589614868
0.07117565721273422
1.1178703308105469
0.6238272190093994
0.005662007723003626
0.011612203903496265
0.2600814402103424
0.18347230553627014
0.008473568595945835
0.35158389806747437
0.008365250192582607
0.06107763573527336
0.013074916787445545
0.23724913597106934
0.03464530035853386
0.17616309225559235
0.010458339005708694
0.21592974662780762
0.04331716150045395
0.060923535376787186
0.006782140117138624
0.22024030983448029
0.03369428589940071
0.21514859795570374
0.02447141334414482
0.045270323753356934
0.18264518678188324
0.3231092393398285
0.008465801365673542
0.06453779339790344
0.12539741396903992
0.07861704379320145
0.20986957848072052
0.2278694361448288
0.012564902193844318
0.08227726072072983
0.024088529869914055
0.24468687176704407
0.005933339241892099
0.06813986599445343
0.3839309513568878
0.0494484007358551
0.04595489799976349
0.09275117516517639
0.3066796660423279
0.11870728433132172
0.049744464457035065
0.1511370986700058
0.054976630955934525
0.026479627937078476
0.15297317504882812
0.5637547969818115
0.04593079164624214
0.1057140976190567
0.007572397589683533
0.19629381597042084
0.11133532971143723
0.46805402636528015
0.013471733778715134
0.1344250589609146
0.029119767248630524
0.4301518499851227
0.421790212392807
0.09527594596147537
0.011315369978547096
0.20395982265472412
0.771095335483551
0.1035626158118248
0.4351687431335449
0.18878105282783508
0.01061752438545227
0.07858917117118835
0.20411764085292816
0.2955545485019684
0.05215798318386078
0.11626606434583664
0.029026474803686142
0.16741736233234406
0.4468444883823395
0.43114933371543884
0.023225460201501846
0.04146293178200722
0.007945096120238304
0.1819911003112793
0.03385823220014572
0.21965254843235016
0.07080838084220886
0.06832598149776459
0.006992171984165907
0.34518110752105713
0.010022942908108234
0.17698200047016144
0.038201287388801575
0.0615973062813282
0.01265991386026144
0.06062423437833786
0.012104690074920654
0.0376039557158947
0.04771219566464424
0.04876602441072464
0.012579848058521748
0.04059968888759613
0.12075088918209076
1.29875910282135
0.0142775047570467
0.061283309012651443
0.012371692806482315
0.022219916805624962
0.037632375955581665
0.11860830336809158
0.0179530568420887
0.4548669457435608
0.01121331937611103
0.03314732760190964
0.5068888664245605
0.325432687997818
0.2398546040058136
0.18412649631500244
0.01905212178826332
0.02614131011068821
0.358283668756485
0.8413902521133423
0.4607265293598175
0.4107040762901306
0.009948312304913998
0.14968223869800568
0.009441925212740898
0.2469625174999237
0.6442255973815918
0.09473513066768646
0.0359109602868557
0.06976083666086197
0.00959976390004158
0.2134353071451187
0.02880379930138588
0.06488063931465149
0.07435338199138641
0.19489695131778717
0.019445670768618584
0.045968372374773026
0.014698045328259468
0.056855909526348114
0.00540416082367301
0.03785105049610138
0.017448971047997475
0.06220908835530281
0.1394183188676834
0.6497259736061096
0.014322330243885517
0.0634072944521904
0.014989623799920082
0.24786269664764404
0.15812355279922485
0.21454040706157684
0.025202341377735138
0.4665100872516632
0.02826259285211563
0.08389929682016373
0.018949860706925392
0.06904925405979156
0.034365344792604446
0.3460054099559784
0.015518499538302422
0.28795456886291504
0.011642375029623508
0.06920675188302994
0.008319048210978508
0.08318089693784714
0.23861615359783173
0.08203528076410294
0.039438650012016296
0.024475345388054848
0.007543968502432108
0.44690439105033875
0.013770799152553082
0.030886398628354073
0.0867343321442604
0.3089814782142639
0.06659841537475586
0.40449073910713196
0.010658826678991318
0.08590090274810791
0.011664152145385742
0.3614160120487213
0.36434856057167053
0.045139066874980927
0.01585196517407894
0.2144930064678192
0.027175692841410637
0.29278117418289185
0.007417953573167324
0.029741579666733742
0.4196462333202362
0.379604309797287
0.23756133019924164
0.2983023226261139
0.04800303280353546
0.14472007751464844
0.00826539471745491
0.014858967624604702
0.027303269132971764
0.0600251704454422
0.018561234697699547
0.4443494975566864
0.019839204847812653
0.05184328183531761
0.021164393052458763
0.29683762788772583
0.5916579961776733
0.10002068430185318
0.07136060297489166
0.2370978146791458
0.1697932630777359
0.07584884762763977
0.04937633499503136
0.09739470481872559
0.015359527431428432
0.08086950331926346
0.00792960450053215
0.0726129487156868
0.03156901150941849
0.058465514332056046
0.04106193035840988
0.08030430227518082
0.037616174668073654
0.0766739621758461
0.0207426268607378
0.19888727366924286
0.0922163724899292
0.34105244278907776
0.00394558347761631
0.022021779790520668
0.16865979135036469
0.13309447467327118
0.018985547125339508
0.06997524201869965
0.016558809205889702
0.04058874398469925
0.5440008640289307
0.154756098985672
0.008491880260407925
0.02132272720336914
0.03564894199371338
0.1381055861711502
0.022556321695446968
0.021860480308532715
0.01995573379099369
0.023222781717777252
0.023439541459083557
0.06496503204107285
0.11131888628005981
0.042681984603405
0.01430264301598072
0.03641439229249954
0.052250221371650696
0.04892858490347862
0.039215829223394394
0.07728444039821625
0.012522689998149872
0.09411347657442093
0.9393189549446106
0.13345758616924286
0.017290575429797173
0.032121095806360245
0.010608673095703125
0.29943811893463135
0.025057990103960037
0.12000538408756256
0.005445081740617752
0.1128927692770958
0.013492965139448643
0.406207412481308
0.024899348616600037
0.03336934372782707
0.0065327235497534275
0.1758027821779251
0.007454700767993927
0.1621197611093521
0.17797520756721497
0.22557470202445984
0.011532564647495747
0.05308375507593155
0.35628363490104675
0.25411027669906616
0.010631300508975983
0.15449419617652893
0.01607237197458744
0.07085376232862473
0.03709873929619789
0.1429033875465393
0.6203068494796753
0.08525987714529037
0.025009792298078537
0.1790100783109665
0.021163491532206535
0.05540480092167854
0.013900545425713062
0.03708391264081001
0.005838470533490181
0.11079665273427963
0.009390491992235184
0.06301259249448776
0.010955080389976501
0.09974799305200577
0.754659116268158
0.32913243770599365
1.221548080444336
0.4064595103263855
0.1613980382680893
0.03729631379246712
0.008190790191292763
0.33456286787986755
0.01707647368311882
0.04944524168968201
0.008179047144949436
0.16393597424030304
0.49167177081108093
0.12552732229232788
0.013458183966577053
0.042061615735292435
0.008952912874519825
0.03441641852259636
0.8224520087242126
0.6141313314437866
0.1252843141555786
0.15406908094882965
0.03592401742935181
0.0377822145819664
0.029858814552426338
0.04258846119046211
0.10124246776103973
0.10859687626361847
0.03167008236050606
0.035975132137537
0.011930367909371853
0.07464943081140518
0.009637187235057354
0.04004945605993271
0.10749832540750504
1.016512155532837
0.025028236210346222
0.031327441334724426
0.02033192850649357
0.15703274309635162
0.007382028736174107
0.24178297817707062
0.009593195281922817
0.3655732274055481
1.2324957847595215
0.4007343351840973
0.0826328843832016
0.17531909048557281
0.01914645917713642
0.04335397109389305
0.5325326919555664
0.3877711594104767
0.013623005710542202
0.0993552878499031
0.00868145003914833
0.11355863511562347
0.03628288209438324
0.3912307918071747
0.012534365989267826
0.04290514066815376
0.7844215631484985
0.4940415620803833
0.01925991289317608
0.08390366286039352
0.03390216827392578
0.11702845990657806
0.01817881129682064
0.1693478673696518
0.039901893585920334
0.07769312709569931
0.4953126907348633
0.08442322164773941
0.8781269192695618
0.2545850872993469
0.009690258651971817
0.41993144154548645
0.16334135830402374
0.26260632276535034
0.3489476442337036
0.4938071072101593
0.008667870424687862
0.0636320412158966
0.016523245722055435
0.29097679257392883
0.005879809148609638
0.03611138090491295
0.06842612475156784
0.07587385922670364
0.04771238937973976
0.5162171721458435
0.012344037182629108
0.08958715945482254
0.3526451289653778
0.3744264543056488
0.010887952521443367
0.1617489904165268
0.018144827336072922
0.054584674537181854
0.009904487989842892
0.0184237789362669
0.011860310100018978
0.43012291193008423
0.053783025592565536
0.8939159512519836
0.007345710415393114
0.2846105098724365
0.0162215419113636
0.2176339477300644
1.385911464691162
0.6046335101127625
0.14919830858707428
0.14843794703483582
0.012101133354008198
0.2091030329465866
0.31632229685783386
0.29320475459098816
0.024740668013691902
0.14934226870536804
0.19071798026561737
0.21963286399841309
0.08041337877511978
0.22138164937496185
0.03409094363451004
0.060723092406988144
0.18274453282356262
0.0679895207285881
1.1455837488174438
0.41968393325805664
0.04155328497290611
0.7923815846443176
0.0739060491323471
0.05259627848863602
0.06053541228175163
0.1290978640317917
0.04882033169269562
0.47915390133857727
0.005178626161068678
0.3259488046169281
0.00513574481010437
0.14744748175144196
0.184191033244133
0.19193588197231293
0.6772199869155884
0.11165899783372879
0.44809696078300476
0.5272975564002991
0.015360468067228794
0.039824798703193665
0.13078780472278595
0.3835725784301758
0.04536481201648712
0.1134442463517189
0.00803598016500473
0.052440036088228226
0.05219881981611252
0.72126305103302
0.03208153694868088
0.08856160193681717
0.005197656806558371
0.03840615972876549
0.007137427572160959
0.014076823368668556
0.007618920411914587
0.4601789116859436
0.014977352693676949
0.03494545817375183
0.07394489645957947
0.027921317145228386
0.03349148482084274
0.08437502384185791
0.008764210157096386
0.026425104588270187
0.013268101960420609
0.46367543935775757
0.003903268603608012
0.04780201241374016
0.04246636852622032
0.6128343343734741
0.007860996760427952
0.18960826098918915
0.03368449583649635
0.451761394739151
0.013924737460911274
0.06272818148136139
0.3530874252319336
0.2634398639202118
0.29613596200942993
0.1773194819688797
1.010312795639038
0.06573164463043213
0.7127169370651245
0.7849213480949402
0.21843157708644867
0.04102810099720955
1.001155972480774
0.9287441372871399
0.014657772146165371
0.05714366212487221
0.008276944048702717
0.037728071212768555
0.006377153564244509
0.09505156427621841
0.024264385923743248
0.055580511689186096
0.5906818509101868
0.6318570971488953
0.8017407655715942
0.2601531744003296
0.009146680124104023
0.06753318756818771
0.2324850857257843
0.322951078414917
0.012842582538723946
0.21024496853351593
0.005813709460198879
0.2728903591632843
0.04524989798665047
0.441948264837265
0.013204114511609077
0.328273206949234
0.00814252533018589
0.07874695211648941
0.007412696722894907
0.03683078661561012
0.022104650735855103
0.09740462154150009
0.058698397129774094
0.20998314023017883
0.012721684761345387
0.0641278401017189
0.008226740173995495
0.1135929748415947
0.7757328748703003
0.33208468556404114
0.0712939128279686
0.03194790333509445
0.02191230095922947
0.1879952847957611
0.006265275180339813
0.05140209570527077
0.010051396675407887
0.2224646657705307
0.008333658799529076
0.04397326707839966
0.012712342664599419
0.2329208105802536
0.0350690521299839
0.11085571348667145
0.11788121610879898
0.31158849596977234
0.005827671382576227
0.014201384969055653
0.01489056833088398
0.2082129716873169
0.017248356714844704
0.02509239688515663
0.01805064082145691
0.12447133660316467
0.5281369686126709
0.1337159425020218
0.006944628432393074
0.5141471028327942
0.014377815648913383
0.08185765147209167
0.01295274868607521
0.46792951226234436
0.09810514003038406
0.20221029222011566
0.02407635748386383
0.1835166960954666
0.011573893949389458
0.4643104374408722
0.036655306816101074
0.24291865527629852
0.036610472947359085
0.09243718534708023
0.020445924252271652
0.029812553897500038
0.014430311508476734
0.21246154606342316
0.040451779961586
0.02519281581044197
0.008674262091517448
0.3727455735206604
0.40672174096107483
0.21845993399620056
0.42397341132164
0.49345722794532776
0.06804335117340088
0.09845440089702606
0.010628080926835537
0.06771891564130783
0.022226030007004738
0.38689741492271423
0.005478870589286089
0.3401389718055725
0.050397999584674835
0.11437143385410309
0.09898755699396133
0.09932735562324524
0.005545606836676598
0.08538386970758438
0.2671959698200226
0.7574756741523743
0.009578299708664417
0.19757111370563507
0.032255709171295166
0.08394711464643478
0.44702664017677307
0.2542656362056732
0.02511308528482914
0.1601666510105133
0.01830538921058178
0.10929353535175323
0.01630396954715252
0.22076046466827393
0.023197587579488754
0.030689571052789688
0.08803518861532211
0.4223814308643341
0.029553234577178955
1.0044190883636475
0.024451609700918198
0.036803025752305984
0.009295456111431122
0.1071377620100975
0.051115572452545166
0.20565564930438995
0.007312972564250231
0.08500596880912781
0.05003312975168228
0.1228325143456459
0.051765237003564835
0.14446860551834106
1.689208745956421
0.5358392000198364
0.05639663711190224
0.17549395561218262
0.03863194212317467
0.1255871206521988
0.010379946790635586
0.2758896052837372
0.07475588470697403
0.2712329626083374
0.01603967882692814
0.28514763712882996
0.015061531215906143
0.03371802717447281
0.009226007387042046
0.05191653221845627
0.010580559261143208
0.40028220415115356
0.8649217486381531
0.2698099911212921
0.014524844475090504
0.08217780292034149
0.07480201125144958
0.4675876796245575
0.017354469746351242
0.023351872339844704
0.009301234968006611
0.4217279851436615
0.04036637768149376
0.30103379487991333
0.18192817270755768
0.15305599570274353
0.3323308527469635
0.40859514474868774
0.08379429578781128
0.9072090983390808
0.02072843909263611
0.041260555386543274
0.02718105912208557
0.2639966309070587
0.010839852504432201
0.05262794718146324
1.4140716791152954
0.9685509204864502
0.005309714935719967
0.04291290044784546
0.196783646941185
0.016930464655160904
0.02167760767042637
0.23723989725112915
0.013546111062169075
0.033881571143865585
0.019855013117194176
0.0567043162882328
0.19570210576057434
0.2924571633338928
0.0082718376070261
0.023908380419015884
0.03790702670812607
0.11378974467515945
0.03976656123995781
0.20660720765590668
0.06512521207332611
0.18193526566028595
1.037841796875
0.1223377138376236
0.02565985918045044
0.1681635081768036
0.08142758905887604
0.186601459980011
0.023206433281302452
0.024317367002367973
0.499049574136734
0.11168273538351059
0.02076890878379345
0.04427998512983322
0.006164156831800938
0.022802257910370827
0.8241003155708313
0.744023323059082
0.004301962908357382
0.39898332953453064
0.22814331948757172
0.3715866208076477
0.30682241916656494
0.14599142968654633
0.011216606013476849
0.2108357846736908
0.016099300235509872
0.0334048718214035
0.009930740110576153
0.48791250586509705
0.017700346186757088
0.39703235030174255
0.3857262134552002
0.5195547938346863
0.09589514136314392
0.17160803079605103
0.5606459379196167
0.4850650727748871
1.1210626363754272
0.14229033887386322
0.03552668169140816
0.08679775148630142
0.13183148205280304
0.20910964906215668
0.01940111070871353
0.2705270051956177
0.009193111211061478
0.11020833998918533
0.005548690911382437
0.01683228276669979
0.01402263157069683
0.49813568592071533
0.08468346297740936
0.0339709110558033
0.028897587209939957
0.07437149435281754
0.012248825281858444
0.2675933539867401
0.027698177844285965
0.10299374163150787
0.0772620439529419
0.4519664943218231
0.009927112609148026
0.04394020885229111
0.02345176227390766
0.336893230676651
0.027152162045240402
0.38713517785072327
0.04268999025225639
0.04489162564277649
0.006674136500805616
0.381307989358902
0.010063362307846546
0.1649322360754013
0.31944411993026733
0.29436632990837097
0.5004398822784424
0.5315309166908264
0.012055382132530212
0.32558000087738037
0.00898673851042986
0.1688390076160431
0.013307526707649231
0.02449672482907772
0.009899628348648548
0.05377354845404625
0.014555896632373333
0.041890136897563934
0.010946829803287983
0.3052172064781189
0.02834770455956459
0.3828970789909363
0.06634454429149628
0.0722220316529274
0.050255388021469116
0.07797689735889435
0.007990133948624134
0.157274529337883
0.034864358603954315
0.11922600865364075
0.03233923390507698
0.4763503074645996
0.03126148879528046
0.34963077306747437
0.006656979210674763
0.04736660420894623
0.007515221834182739
0.016301507130265236
0.014859272167086601
0.07851176708936691
1.1471320390701294
0.6273194551467896
0.009311367757618427
0.07054232060909271
0.014212576672434807
0.31621670722961426
0.015595600008964539
0.15993545949459076
0.015277347527444363
0.03506135195493698
0.14805327355861664
0.0796893984079361
0.07479275017976761
0.3332461714744568
0.008092274889349937
0.08750779926776886
0.00630183145403862
0.32695940136909485
0.02603764273226261
0.3763512670993805
0.018539482727646828
0.26778072118759155
0.02376089058816433
0.03362385928630829
0.015584724023938179
0.032796550542116165
0.05336746945977211
0.07012058794498444
0.031050963327288628
0.6796404719352722
0.09922490268945694
0.12034482508897781
0.008611819706857204
0.2420341968536377
0.05690786615014076
0.09751413762569427
0.005504270549863577
0.25580909848213196
0.13894836604595184
0.11402773857116699
0.0329124815762043
0.31387558579444885
0.05269433930516243
0.12003208696842194
0.014233049936592579
0.06229399889707565
0.3343011438846588
0.3305377960205078
0.029018700122833252
0.18910983204841614
0.05775149539113045
0.024339668452739716
0.045401230454444885
0.31146764755249023
0.06259292364120483
0.0826786532998085
0.1302156150341034
0.051105696707963943
0.22245195508003235
0.12697111070156097
0.06534222513437271
0.0274189580231905
0.009671804495155811
0.03231529891490936
0.16157332062721252
0.29864412546157837
0.4715941250324249
0.3466493487358093
0.027325540781021118
0.42393597960472107
0.02652502991259098
0.27076277136802673
0.7350008487701416
1.0285167694091797
0.009761280380189419
0.12088049948215485
0.007187195122241974
0.043898340314626694
0.12046749144792557
0.07746019959449768
0.017244892194867134
0.1037077009677887
0.011698238551616669
0.23181584477424622
0.010995419695973396
0.014625797979533672
0.007790868636220694
0.005947218742221594
0.06793893128633499
0.06139211729168892
0.015763141214847565
0.039707113057374954
0.1116582527756691
0.09326280653476715
0.030399177223443985
0.06780602037906647
0.01134973019361496
0.5298914313316345
0.06479110568761826
0.07648923993110657
0.017925333231687546
0.17255046963691711
0.009227876551449299
0.19377654790878296
0.015209659934043884
0.16051273047924042
0.05307929590344429
0.7931739091873169
0.03240349888801575
0.01896979846060276
0.016337990760803223
0.03951718285679817
0.009614763781428337
0.08469758927822113
0.0559726357460022
0.06824085116386414
0.006223408039659262
0.065713070333004
0.024869829416275024
0.16650192439556122
0.05716855078935623
0.2426367849111557
0.012796162627637386
0.2051382213830948
0.02739783376455307
0.04520004987716675
0.014797406271100044
0.05902722105383873
0.047599513083696365
0.2169828861951828
0.36636459827423096
0.29045289754867554
0.037836141884326935
0.0762808620929718
0.052797477692365646
0.41853681206703186
0.03766221925616264
0.04216943308711052
0.0077172755263745785
0.37818023562431335
0.0739099457859993
0.09586742520332336
0.16585394740104675
0.03566136956214905
0.05127374455332756
1.2200227975845337
0.26023194193840027
0.0621785931289196
0.13566426932811737
0.27388373017311096
0.014689374715089798
0.3639947772026062
0.055768124759197235
0.17363490164279938
0.004933349322527647
0.2572832703590393
0.016102856025099754
0.14837752282619476
0.010365991853177547
0.0648549273610115
0.03354732319712639
0.11963576823472977
0.016195448115468025
0.019172558560967445
0.022479109466075897
0.0505506731569767
0.02230256237089634
0.22618941962718964
0.008056310936808586
0.13834835588932037
0.03671377897262573
0.06510425359010696
0.009448510594666004
0.16284115612506866
0.004391689784824848
0.03991175442934036
0.008103527128696442
0.0833887830376625
0.029480235651135445
0.17877399921417236
0.020598331466317177
0.033837027847766876
0.02594631351530552
0.25857222080230713
0.9494649171829224
0.9910469055175781
0.07545976340770721
0.35694053769111633
0.06432433426380157
0.3420505225658417
0.005614966619759798
0.3404236435890198
0.012663187459111214
0.11217733472585678
0.00837648008018732
0.23279520869255066
0.009621694684028625
0.03915907442569733
0.34308236837387085
0.10045135021209717
0.008717210963368416
0.15715138614177704
0.2654357850551605
0.1330917626619339
0.04261405020952225
0.07178758084774017
0.01609640195965767
0.028750307857990265
0.023608935996890068
0.14808639883995056
0.2096308022737503
0.2229483425617218
0.05257844179868698
0.45544329285621643
0.15094661712646484
0.38773027062416077
0.012394694611430168
0.3588235676288605
0.028324782848358154
0.13125085830688477
0.7252998948097229
0.3583475649356842
0.13196925818920135
0.700389564037323
1.0669821500778198
0.5506938099861145
0.01933850161731243
0.24710750579833984
0.010119331069290638
0.10382416099309921
0.014455440454185009
0.13834676146507263
1.1450163125991821
0.10444130003452301
0.12550809979438782
0.25183072686195374
0.20229274034500122
0.12478845566511154
0.013660247437655926
0.18968908488750458
0.16880229115486145
0.31626179814338684
0.8956816792488098
0.24713781476020813
0.24113181233406067
0.4436822831630707
0.0492541678249836
0.06425423175096512
0.042648471891880035
0.7135267853736877
0.9942877888679504
0.38651522994041443
0.017238501459360123
0.2231798768043518
0.010848636738955975
0.11710075289011002
0.0044046188704669476
0.22039303183555603
0.03888815641403198
0.5492094159126282
0.007011248264461756
0.044407520443201065
0.0051322984509170055
0.012389401905238628
0.008766737766563892
0.10843411087989807
0.44662216305732727
0.7360998392105103
0.029042774811387062
0.037214018404483795
0.5317168235778809
0.2351709008216858
0.0174564216285944
0.015418857336044312
0.018992360681295395
0.2412167638540268
0.0436239130795002
0.20430684089660645
0.4026293456554413
0.25661247968673706
0.42172351479530334
0.32078418135643005
0.009579074569046497
0.05127890780568123
0.46192270517349243
0.2972133457660675
0.02343270182609558
0.06463059037923813
0.05001294985413551
0.048771996051073074
0.06208127737045288
0.1620817333459854
0.012694166973233223
0.2889126241207123
0.3896660804748535
0.2864570915699005
0.2400485724210739
0.07248415052890778
0.024751001968979836
0.4952087998390198
0.011968820355832577
0.02141941897571087
0.029576076194643974
0.1989031583070755
0.520491898059845
0.05920187011361122
0.012893804349005222
0.14819951355457306
0.06088301166892052
0.1411663442850113
0.4973782002925873
0.24127133190631866
0.053845204412937164
0.08433141559362411
0.0064968145452439785
0.30866575241088867
0.010196128860116005
0.3800056278705597
0.022537006065249443
0.12584629654884338
0.008729994297027588
0.0695931687951088
0.01611635461449623
0.40791478753089905
0.020444555208086967
0.037940267473459244
0.03989121690392494
0.25617384910583496
0.10255064070224762
0.35959747433662415
0.00668760621920228
0.02779829129576683
0.025285478681325912
0.09799585491418839
0.013951531611382961
0.4031495153903961
0.030502676963806152
0.28500816226005554
0.04490732401609421
0.48754990100860596
0.009129594080150127
0.07072440534830093
0.028813103213906288
0.17053532600402832
0.00670147268101573
0.5844045877456665
0.024087386205792427
0.1286049783229828
0.014936265535652637
0.030570367351174355
0.2986117899417877
0.0659053847193718
0.04882483929395676
0.09309878945350647
0.012200238183140755
0.08285671472549438
0.012631881050765514
0.3949902057647705
0.013018709607422352
0.3065977692604065
0.011226763017475605
0.3692690432071686
0.013364030979573727
0.11925516277551651
0.7177762389183044
0.5988954901695251
0.04460783302783966
0.08536718785762787
0.022884458303451538
0.07341039180755615
0.04259413853287697
0.8881421089172363
0.5306116938591003
0.13706882297992706
0.011754721403121948
0.025427162647247314
0.02596173994243145
0.5619232654571533
0.0862136259675026
0.8207724690437317
0.026008320972323418
0.12320816516876221
0.011324480175971985
0.3845904469490051
0.046386439353227615
0.08930958807468414
0.013915987685322762
0.18555352091789246
0.4141009747982025
0.6503449082374573
0.47455888986587524
0.2041846364736557
0.1731499433517456
0.06848105043172836
0.023745117709040642
0.1927884817123413
0.049994636327028275
0.11962822079658508
1.5084329843521118
0.03927672281861305
0.033290863037109375
0.11664986610412598
1.0761057138442993
0.04047151282429695
0.46402421593666077
0.26715201139450073
0.019698023796081543
0.24447353184223175
0.006370891816914082
0.03509492799639702
0.35036221146583557
0.3885771334171295
0.00408337265253067
0.07667332142591476
0.006086051929742098
0.04904329776763916
0.029982183128595352
0.08378846198320389
0.007190408185124397
0.048677630722522736
0.19157977402210236
0.2678307592868805
0.0447879321873188
0.3506017029285431
0.19493265450000763
0.14236614108085632
0.2881113886833191
0.14893953502178192
0.6279750466346741
0.25814613699913025
0.005794996861368418
0.03181114420294762
0.3792319893836975
0.16922035813331604
0.00486436253413558
0.21141467988491058
0.24227111041545868
0.14029648900032043
0.0055357287637889385
0.176433727145195
0.004879897926002741
0.39652225375175476
0.026110243052244186
0.2105533927679062
0.03910140320658684
0.5315894484519958
0.16133327782154083
0.035485465079545975
0.015352817252278328
0.34762895107269287
0.03008795529603958
0.045361727476119995
0.027884874492883682
0.19539687037467957
0.007069701794534922
0.06781129539012909
0.4675664007663727
0.15060584247112274
0.02411646954715252
0.19686105847358704
0.06062554568052292
0.02845633774995804
0.009855545125901699
0.03379806876182556
0.06545846909284592
0.21437761187553406
0.054553523659706116
0.2569003403186798
0.0653093084692955
0.061800818890333176
0.6104326248168945
0.3604026734828949
0.030437571927905083
0.18038685619831085
0.5602493286132812
0.1078777089715004
0.6140363812446594
0.3779450058937073
0.660492479801178
0.368804007768631
0.02834033966064453
0.23033618927001953
0.019112396985292435
0.19368182122707367
0.010754582472145557
0.31991180777549744
0.008899840526282787
0.21531079709529877
0.007449095603078604
0.05067367106676102
0.014641791582107544
0.11156298220157623
0.007730594836175442
0.19738173484802246
0.01021822914481163
0.02051577717065811
0.051405295729637146
0.15118786692619324
0.030335118994116783
0.03995896875858307
0.009111733175814152
0.39832445979118347
0.007918821647763252
0.16605092585086823
0.028132954612374306
0.3083028495311737
0.06031269580125809
0.2796839475631714
0.11478768289089203
0.13711857795715332
0.28400030732154846
0.08169162273406982
0.0053495257161557674
0.2936875522136688
0.009954655542969704
0.07322559505701065
0.12467136979103088
0.18766635656356812
0.8172716498374939
0.26254940032958984
0.10192521661520004
0.39520880579948425
0.008497826755046844
0.3901766836643219
0.04208100587129593
0.21246905624866486
0.09690425544977188
0.11758187413215637
0.39884519577026367
0.45358508825302124
0.009470085613429546
0.017961228266358376
0.008052334189414978
0.21971559524536133
0.02641965262591839
0.9232949018478394
0.00931849330663681
0.4228827655315399
0.22227849066257477
0.4066169559955597
0.006808515638113022
0.41138315200805664
0.018376944586634636
0.1442340761423111
0.11355452984571457
0.20249390602111816
0.10060941427946091
0.31882771849632263
0.21838338673114777
0.14370495080947876
1.0960363149642944
0.2633034586906433
0.06555267423391342
1.554226040840149
0.03393488749861717
0.0759839192032814
1.0531212091445923
1.231980800628662
0.02193072810769081
0.20126155018806458
0.025714131072163582
0.20569126307964325
0.03662770614027977
0.5800092816352844
0.28057488799095154
0.3076413869857788
0.004638348706066608
0.06385385245084763
0.012072534300386906
0.026095794513821602
0.015481395646929741
0.05547178536653519
0.028253627941012383
0.03408335521817207
0.04615617170929909
0.06390658766031265
0.0803627073764801
0.07632124423980713
0.008242027834057808
0.2735167145729065
0.00893092155456543
0.028033142909407616
0.005013473331928253
0.36666610836982727
0.008831259794533253
0.05642494931817055
0.02757677622139454
0.01755634881556034
0.006348950322717428
0.44207635521888733
0.012393628247082233
0.2861866056919098
0.0547192208468914
0.15719185769557953
0.5785852074623108
0.74454665184021
0.036838095635175705
0.2167576253414154
0.15150295197963715
0.11136388778686523
0.017726290971040726
0.11593835800886154
0.017637498676776886
0.34608715772628784
0.054600391536951065
0.04593067243695259
0.013802398927509785
0.6300416588783264
0.007185762282460928
0.46527227759361267
0.007306362967938185
0.01711237244307995
0.21721652150154114
0.22746314108371735
0.008780536241829395
0.2572995126247406
0.3719682991504669
0.20780542492866516
0.20564770698547363
0.2690376043319702
0.25678110122680664
0.15947507321834564
0.0059341308660805225
0.06466708332300186
0.1672181785106659
0.18925414979457855
0.23801138997077942
0.12120634317398071
0.011316169984638691
0.3510707914829254
0.0946870744228363
0.11273513734340668
0.010147159919142723
0.12112206965684891
0.5289213061332703
0.28030532598495483
0.2766870856285095
0.059984657913446426
0.015302072279155254
0.02049443870782852
0.30925336480140686
0.48975202441215515
0.028633708134293556
0.5322163105010986
0.25739625096321106
0.16229426860809326
0.009912917390465736
0.4533940553665161
0.013282658532261848
0.34591543674468994
0.024641582742333412
0.0503503754734993
0.010654754005372524
0.2207985520362854
0.008740712888538837
0.39131537079811096
0.05063920468091965
0.06098337844014168
0.04562016576528549
0.2333342283964157
0.025887340307235718
0.1805967092514038
0.019310006871819496
0.0469219833612442
0.7533607482910156
0.2809363007545471
0.03297717869281769
0.33721548318862915
0.013352934271097183
0.11083820462226868
0.40344953536987305
0.025589384138584137
1.1869436502456665
0.7311644554138184
0.011309941299259663
0.18577416241168976
0.009876055642962456
0.00764426589012146
0.007290237583220005
0.304743230342865
0.0082617849111557
0.051178257912397385
0.005462832748889923
0.17269958555698395
0.23150978982448578
0.5821198225021362
0.4741370379924774
0.5213251709938049
0.018024582415819168
0.2618443965911865
0.01854654774069786
0.0977550745010376
0.009770739823579788
0.06926959753036499
0.026254350319504738
0.10158216953277588
0.009531493298709393
0.0350118950009346
0.013050438836216927
0.2127280831336975
0.01880721189081669
0.17797641456127167
0.010142979212105274
1.1222178936004639
0.29986536502838135
0.3298467695713043
0.2968399226665497
0.31555894017219543
0.09266366809606552
0.10266315937042236
0.007366570178419352
0.045402202755212784
1.0484213829040527
0.6179881691932678
0.01801229827105999
0.11794286221265793
0.010808524675667286
0.24398986995220184
0.25347888469696045
0.2210400402545929
0.04177579656243324
0.04889288172125816
0.619135320186615
0.430940717458725
0.04835916683077812
0.12070490419864655
1.3129316568374634
0.6989107131958008
0.009643948636949062
0.2608843147754669
0.40893056988716125
0.1261720359325409
0.006691137328743935
0.03295239806175232
0.15325887501239777
0.7091637253761292
0.025714406743645668
0.08451913297176361
0.00916635524481535
0.2098322957754135
0.391169935464859
0.10834553837776184
0.02087394706904888
0.1012187972664833
0.010922295041382313
0.4565739035606384
0.031416404992341995
0.04119350388646126
0.0067878239788115025
0.4039922058582306
0.24850134551525116
0.3039790987968445
0.7022151947021484
0.4113100469112396
0.05076446011662483
0.05567893013358116
0.16722771525382996
0.11297500133514404
0.14859788119792938
0.1775614321231842
0.33331432938575745
0.19552765786647797
1.3056488037109375
0.5321910977363586
0.04188215360045433
0.21071073412895203
0.006469490937888622
0.09990786761045456
0.7228386998176575
0.34916847944259644
1.247259497642517
0.2087477147579193
1.0722442865371704
0.1314856857061386
0.09233612567186356
0.22559121251106262
0.0103372847661376
0.04455578327178955
0.025743747130036354
0.1919628232717514
0.1728953719139099
0.1483232080936432
0.04365764930844307
0.0561717227101326
0.009853938594460487
0.2960956394672394
0.005482612643390894
0.2016291320323944
0.10844100266695023
0.6066772937774658
0.039209432899951935
0.05539049208164215
0.19731958210468292
0.1569727212190628
0.027034785598516464
0.021955814212560654
0.009410974569618702
0.12564873695373535
1.5505837202072144
1.162338137626648
0.022852132096886635
0.11917217820882797
0.007026586215943098
0.059477925300598145
0.05285996198654175
0.40104636549949646
0.009490951895713806
0.02229870669543743
0.15567658841609955
0.15850339829921722
0.02875247411429882
0.06857898086309433
0.015392390079796314
0.08076128363609314
0.006024594884365797
0.2340795248746872
0.0988837257027626
0.050174225121736526
0.660952091217041
0.29046720266342163
0.04287319257855415
0.04029281064867973
0.023473389446735382
0.3946072459220886
0.0657055675983429
0.47955599427223206
0.043559107929468155
0.07442493736743927
0.005031354259699583
0.05460524559020996
0.012748590670526028
0.055368561297655106
0.028507603332400322
0.07715892046689987
0.04223433881998062
0.03035585768520832
0.4044516682624817
0.13243624567985535
0.004567062947899103
0.04473356530070305
0.025458909571170807
0.32857900857925415
0.00889004860073328
0.10310953855514526
0.03598939627408981
0.35186630487442017
0.006741513032466173
0.19229938089847565
0.06280728429555893
0.12792056798934937
0.03781505301594734
0.1024259403347969
0.23458170890808105
0.04203512519598007
0.008265914395451546
0.2459094226360321
0.03788326680660248
0.2951103746891022
0.05986636132001877
0.32504960894584656
0.18990136682987213
0.83918696641922
0.007738480344414711
0.04444248974323273
0.007423376198858023
0.11233437061309814
0.014417601749300957
0.2678835690021515
0.012879152782261372
0.504618227481842
0.03210572153329849
0.03510358929634094
0.024810681119561195
0.3898966610431671
0.009057791903614998
0.19249756634235382
0.007922112941741943
0.2633282244205475
0.0760783925652504
0.06860344111919403
0.008089227601885796
0.011892386712133884
0.009150063619017601
0.02386598102748394
0.00970493908971548
0.32635530829429626
0.012931542471051216
0.03773745149374008
0.043715015053749084
0.10094527155160904
0.013678754679858685
0.11444050818681717
0.01953384093940258
0.09567631781101227
0.005681408103555441
0.2522069811820984
0.0545644573867321
0.04085112363100052
0.015254148282110691
0.26706409454345703
0.02192741446197033
0.02538762241601944
0.007084343582391739
0.34626641869544983
0.02352348528802395
0.25030919909477234
0.005342417862266302
0.40522700548171997
0.08771296590566635
0.0695875883102417
0.007625161670148373
0.10698703676462173
0.4905565679073334
0.3504069745540619
0.06625203788280487
0.05640159919857979
0.07027851790189743
0.28829827904701233
0.019161518663167953
0.04457571357488632
0.008383836597204208
0.02769196219742298
0.0194086991250515
0.21744008362293243
0.05796028673648834
0.09618497639894485
1.036704659461975
0.19776521623134613
0.038953449577093124
0.24982060492038727
0.006353754084557295
0.31414151191711426
0.15456634759902954
0.35654130578041077
0.006885383278131485
0.09423915296792984
0.0744711384177208
0.15726228058338165
0.03189026191830635
0.10785569250583649
0.0052609252743422985
0.061017896980047226
0.027877748012542725
0.09382463991641998
0.0056932405568659306
0.07779482752084732
0.4067259728908539
0.881139874458313
0.010049032047390938
0.33197638392448425
0.02130354754626751
0.3947608172893524
0.10844488441944122
1.1190166473388672
0.007979114539921284
0.21097059547901154
0.021988749504089355
0.035453129559755325
0.004973675590008497
0.0184030719101429
0.26372507214546204
0.04861443489789963
0.01573338732123375
0.31391528248786926
0.02759994938969612
0.07522641867399216
0.036284830421209335
0.04636750742793083
0.1892116814851761
0.02557969093322754
0.009520950727164745
0.24839715659618378
0.010103742592036724
0.1025615930557251
0.17807185649871826
0.09496930986642838
0.04899493232369423
0.07600484788417816
0.11277854442596436
0.08138079941272736
0.008145470172166824
0.6301738023757935
0.0425085686147213
0.1399533450603485
0.5666627287864685
0.39248496294021606
0.38182318210601807
0.09852585941553116
0.022878088057041168
0.17935316264629364
0.5426068305969238
0.16429968178272247
0.8834010362625122
0.8150669932365417
0.018971914425492287
0.37573161721229553
0.04182489961385727
0.04899003356695175
0.12510693073272705
0.08193362504243851
0.1296207457780838
0.13028737902641296
0.14461660385131836
0.10405773669481277
0.016728021204471588
0.0620977021753788
0.009932179935276508
0.13413766026496887
0.12253066152334213
0.1471177190542221
0.15035517513751984
0.24295258522033691
0.0034248766023665667
0.06872599571943283
0.10626856237649918
0.22899453341960907
1.169514775276184
0.6423885822296143
0.053306154906749725
0.08589477092027664
0.08399444073438644
0.0427391491830349
0.3230189383029938
0.1259058564901352
0.09855787456035614
0.21137401461601257
0.014185488224029541
0.393386572599411
0.010250601917505264
0.3155151903629303
0.008326002396643162
0.030667683109641075
0.19499528408050537
0.0954422727227211
0.014447957277297974
0.11571497470140457
0.011547147296369076
0.05338872969150543
0.009832569397985935
0.3514937460422516
0.035786788910627365
0.16166473925113678
0.026001393795013428
0.028266677632927895
0.5892857313156128
0.08729352056980133
0.008101251907646656
0.026809673756361008
0.015381076373159885
0.28509894013404846
0.6072148084640503
0.0351710319519043
0.02750665321946144
0.06852816790342331
0.36675652861595154
1.2412899732589722
0.0056305225007236
0.37816163897514343
0.020751947537064552
0.5163924098014832
0.014845200814306736
0.04169750213623047
0.056491732597351074
0.46007704734802246
0.17387846112251282
0.14188261330127716
0.34989848732948303
0.49057579040527344
0.31216585636138916
0.041608527302742004
0.30533432960510254
0.054599128663539886
0.05311198532581329
0.26169177889823914
0.0079354764893651
0.05302046984434128
0.026057416573166847
0.07142332941293716
0.13812652230262756
0.2357991337776184
0.08138903230428696
0.14383812248706818
0.016837557777762413
0.15955306589603424
0.04772146791219711
0.39737436175346375
0.01120708230882883
0.28893357515335083
0.04480096325278282
0.10821490734815598
0.39988765120506287
0.39910688996315
0.006465280894190073
0.2094430923461914
0.3582899272441864
0.20020122826099396
0.07543539255857468
0.11019996553659439
0.0412394180893898
0.1574242115020752
0.029834071174263954
0.19359225034713745
0.4240013659000397
0.32337215542793274
0.010568867437541485
0.054385073482990265
0.05720321461558342
0.5543444752693176
0.008935067802667618
0.19622008502483368
0.01876840367913246
0.058772582560777664
0.19035430252552032
0.09426401555538177
0.010193261317908764
0.10264962166547775
0.11486335843801498
0.27915775775909424
0.056760601699352264
0.29637768864631653
0.12595584988594055
0.3129104673862457
0.21196681261062622
0.11389030516147614
0.4300268590450287
0.5260786414146423
0.40720346570014954
0.07513810694217682
0.015551391988992691
0.039291687309741974
0.02312714233994484
0.33909162878990173
0.6250797510147095
0.22029463946819305
0.025621527805924416
0.32803085446357727
0.00728092435747385
0.09658043086528778
0.0961599051952362
0.13851453363895416
0.012010565958917141
0.1887858361005783
0.024530773982405663
0.6456535458564758
0.008960576727986336
0.02660888433456421
0.06778275221586227
0.40778613090515137
0.005479684565216303
0.03269955888390541
0.005899750627577305
0.05874058976769447
1.3049452304840088
0.2409360110759735
0.046587634831666946
0.14213867485523224
0.583743691444397
0.3661263883113861
0.44480907917022705
0.3637678921222687
0.23026373982429504
0.7396839261054993
0.03897513449192047
0.05694769695401192
0.006009113509207964
0.2639394700527191
0.012379977852106094
0.3085479140281677
0.050149355083703995
0.11271665245294571
0.10142385959625244
0.15305274724960327