0.855429470539093
0.996937096118927
0.25937211513519287
2.3126962184906006
0.001998546300455928
0.007365360856056213
0.04868277162313461
0.20386332273483276
0.012094111181795597
0.6715149283409119
0.06283976137638092
0.38039910793304443
0.1560966521501541
1.29438054561615
0.07246558368206024
1.5932785272598267
0.4858294725418091
0.8641904592514038
0.06027693301439285
1.9337002038955688
0.16328518092632294
0.07748614996671677
0.05962924286723137
0.13239078223705292
0.3971920609474182
0.7333506941795349
0.08010256290435791
0.4016905426979065
0.3994547426700592
0.4060431122779846
0.05533001944422722
0.12958621978759766
0.011559521779417992
1.1844967603683472
0.006481824442744255
0.9412779211997986
0.04469313099980354
1.8085229396820068
0.0016205109423026443
0.11018393188714981
0.06490951031446457
0.7054852843284607
0.053741708397865295
0.955491304397583
0.01176473218947649
0.9108306765556335
0.0024079326540231705
0.031160293146967888
0.025872820988297462
0.6413857340812683
0.7323752045631409
1.8708068132400513
0.009703000076115131
0.038072243332862854
0.11783543229103088
1.1571687459945679
0.0020822957158088684
0.27600371837615967
0.002481690840795636
0.14759622514247894
0.0053834617137908936
0.046679720282554626
0.1765419989824295
0.6079864501953125
0.006285261362791061
0.12432117015123367
0.5032355785369873
0.5306847095489502
0.038512278348207474
0.42686229944229126
0.002665142761543393
0.07196441292762756
0.06530366092920303
0.13066400587558746
0.0012184003135189414
0.10713940113782883
0.5568821430206299
0.47784408926963806
0.02598072960972786
0.14565764367580414
0.0086544593796134
0.03326926752924919
0.013592282310128212
0.08650078624486923
0.05898263677954674
0.10034000128507614
0.0049120597541332245
0.09829431027173996
0.23712217807769775
0.34716758131980896
0.003366345539689064
0.1224144771695137
0.015995800495147705
0.03052171692252159
0.0019377857679501176
0.044091545045375824
0.0033475630916655064
0.010615616105496883
0.0016901860944926739
0.06933917850255966
0.2206236720085144
0.7053215503692627
0.01661795750260353
1.412334680557251
0.018037432804703712
0.073973149061203
0.003304938552901149
0.02869097702205181
0.002511146944016218
0.36961719393730164
0.0007242452702485025
0.19681182503700256
0.03041193261742592
0.39814475178718567
0.03362858667969704
0.09711778163909912
0.00552011001855135
0.03588411957025528
0.12972265481948853
0.36704695224761963
0.0064080944284796715
0.6038568615913391
0.08063118904829025
0.097139373421669
0.09933111071586609
0.24081017076969147
0.054036591202020645
0.10136809945106506
0.005451429169625044
1.301719307899475
0.15243372321128845
0.5469913482666016
0.013395638205111027
0.6335023641586304
0.17882472276687622
1.2758070230484009
0.1728648543357849
0.293324738740921
0.057606954127550125
0.25469809770584106
0.001998737920075655
0.17545238137245178
0.09234800934791565
0.3546799421310425
0.1006413921713829
0.3732246458530426
0.08120622485876083
0.7779917120933533
0.008198506198823452
0.07495807856321335
0.0031686921138316393
0.19436828792095184
0.11779870837926865
0.8164271712303162
0.004633896052837372
0.07622316479682922
0.06880208849906921
1.0109856128692627
0.008557765744626522
0.019365530461072922
0.5944921374320984
0.4878527820110321
0.0048121921718120575
0.24091747403144836
0.03343378007411957
0.3014759123325348
0.3813866674900055
0.23268450796604156
0.0018599446630105376
0.2902761995792389
0.10492636263370514
0.7248018980026245
0.012623166665434837
1.2231069803237915
0.0014859845396131277
0.07003737986087799
0.21275366842746735
0.48622941970825195
0.6128342151641846
0.7888524532318115
0.011269059963524342
0.013883317820727825
0.010039574466645718
0.0549025796353817
0.05519363284111023
0.0399710014462471
0.02972886711359024
0.12692400813102722
1.251227617263794
1.1567827463150024
0.001590381725691259
0.4340636730194092
0.805358350276947
0.7488602995872498
0.06602917611598969
0.15769124031066895
0.11899898946285248
0.7076265215873718
0.015239274129271507
0.32348233461380005
0.18449343740940094
0.27258309721946716
0.01995891146361828
0.3858661949634552
0.01001784484833479
0.03913429006934166
0.0007240509148687124
0.2537429928779602
0.00476875202730298
0.0908036008477211
0.002236287109553814
0.16415508091449738
0.01004210114479065
1.3317211866378784
0.02835208922624588
0.20026330649852753
0.002156130038201809
0.3523423969745636
0.002803844166919589
0.5104328393936157
0.0033585084602236748
0.04343792051076889
0.012947517447173595
0.02732883393764496
0.05332816764712334
1.3905290365219116
0.006189034786075354
0.13982120156288147
0.004771782085299492
1.1232961416244507
0.0027023456059396267
0.14919039607048035
0.007208948954939842
0.1236756220459938
0.003264550818130374
1.3516908884048462
0.22736221551895142
1.6299264430999756
0.06334599107503891
0.0793171152472496
0.02602616883814335
0.8616644144058228
0.07241814583539963
0.3947494924068451
0.2354445904493332
0.7533441781997681
0.24758407473564148
1.5743412971496582
0.045846983790397644
1.1938823461532593
0.0078095924109220505
0.6091756224632263
0.013510170392692089
1.2222408056259155
0.43009889125823975
2.148488998413086
0.005712336860597134
0.04627666622400284
0.07367496192455292
0.35816439986228943
0.3529226779937744
0.5543275475502014
0.0007906677783466876
0.14375391602516174
0.010473962873220444
0.04187042638659477
0.10819981247186661
0.6417741179466248
0.2140398919582367
0.3029446005821228
0.07026661932468414
0.17583155632019043
0.0023625425528734922
0.15805736184120178
0.13961076736450195
1.1268037557601929
0.001696827937848866
0.0889311209321022
0.005336637608706951
0.13944938778877258
0.028273914009332657
0.023456698283553123
0.000875533209182322
0.037468235939741135
0.005499089602380991
0.05735638737678528
0.0054181781597435474
0.0860246792435646
0.14724582433700562
0.9573251605033875
0.843981921672821
1.0559145212173462
0.2208850383758545
1.1679778099060059
0.30130141973495483
0.3300272524356842
0.009354385547339916
1.7940125465393066
0.028096353635191917
0.10211227089166641
0.006180728320032358
1.5432337522506714
0.04824540764093399
0.1595008671283722
0.011456306092441082
0.030811291188001633
0.04019763693213463
0.22164838016033173
0.006079728249460459
0.9783920049667358
0.04359904304146767
0.13338352739810944
0.058695826679468155
0.8017420172691345
0.029962196946144104
0.16756564378738403
0.007641959004104137
0.6980360746383667
0.0011938438983634114
0.09399543702602386
0.018953092396259308
0.7582613229751587
0.027889404445886612
0.5300547480583191
0.005892647895962
0.05140632018446922
0.012834501452744007
0.19160707294940948
0.9296018481254578
2.599292755126953
0.32897573709487915
0.3893207609653473
0.002241367008537054
0.17887860536575317
0.005730244796723127
0.5650544166564941
0.023653851822018623
1.07698655128479
0.11732355505228043
0.3877449929714203
0.15954458713531494
0.40991300344467163
0.48572221398353577
0.511601448059082
0.1319764107465744
0.11210190504789352
0.0025662488769739866
0.035952795296907425
0.02618936263024807
1.7263585329055786
0.03155198693275452
0.12296590954065323
0.19214032590389252
1.3581149578094482
0.11482800543308258
0.9610079526901245
0.0009190033306367695
0.11699467897415161
0.0030088473577052355
0.4176800549030304
0.0009538776357658207
0.12695416808128357
0.018141893669962883
0.43992748856544495
0.0017073930939659476
0.10802029073238373
0.18505042791366577
1.0405044555664062
0.009909112937748432
1.2238597869873047
0.05513159558176994
0.37646421790122986
0.06470703333616257
0.3662959337234497
0.09104230254888535
0.14247998595237732
0.8697033524513245
1.8235362768173218
0.40780460834503174
0.5484177470207214
0.008861958980560303
1.4091389179229736
0.03827883303165436
0.0329439751803875
0.20976795256137848
1.1694211959838867
0.015449688769876957
0.4077705144882202
0.03321443870663643
0.3975342810153961
0.01937713846564293
0.46132025122642517
0.0015878515550866723
0.43915241956710815
0.06107403337955475
0.838382363319397
0.006537443492561579
0.1075771152973175
0.006759064272046089
0.8277122974395752
0.02012489177286625
0.25508177280426025
0.0034350366331636906
0.05045406147837639
0.001556925242766738
0.35163989663124084
0.007648646365851164
0.046298857778310776
0.004995978903025389
0.31633126735687256
0.029441261664032936
0.06254579871892929
0.026524774730205536
0.17225223779678345
0.0051863896660506725
0.9453041553497314
0.004188783001154661
0.21926915645599365
0.0901046171784401
0.8876430988311768
0.001838194439187646
0.16327603161334991
0.006931652314960957
0.11492845416069031
0.0018005933379754424
0.04134352505207062
0.0020788449328392744
0.07752545922994614
0.0042241401970386505
1.1952636241912842
0.06510813534259796
0.17332357168197632
0.12396146357059479
0.286798357963562
0.10202614963054657
0.3102526366710663
0.015669450163841248
0.4038202166557312
0.015980800613760948
0.14664962887763977
0.0014317140448838472
0.08377434313297272
0.0039144218899309635
0.47505050897598267
0.0033241750206798315
0.01816634088754654
0.1333315223455429
0.1544150561094284
0.08799342066049576
1.365234613418579
0.1871374249458313
0.3129666745662689
0.001442163484171033
0.030361581593751907
0.1865253448486328
0.21007297933101654
0.4588817358016968
0.11319656670093536
0.00623086653649807
0.1167573630809784
0.7060793042182922
1.983680009841919
0.16091206669807434
0.5660600662231445
0.07609836757183075
1.486201524734497
0.05556601658463478
0.15713773667812347
0.02630774863064289
0.32440710067749023
0.3512049913406372
0.9512248635292053
0.030101200565695763
0.8129504323005676
0.13658110797405243
0.10187695175409317
0.011566505767405033
0.17472568154335022
0.16015534102916718
0.17407464981079102
0.0013805136550217867
0.09746197611093521
0.09948977828025818
0.7966755032539368
0.23055055737495422
1.2735470533370972
0.013643243350088596
0.38463035225868225
0.011796568520367146
0.10590323060750961
0.12305473536252975
0.38363295793533325
0.09558412432670593
0.6787124872207642
0.4909072816371918
0.14268207550048828
0.2979622781276703
0.43882158398628235
0.01938345842063427
0.40630635619163513
0.04136740043759346
0.5283994078636169
0.014751577749848366
0.04810567572712898
1.050683617591858
0.9910662770271301
0.03195250406861305
0.08856415748596191
0.1466023176908493
0.7407442927360535
0.03282928466796875
0.46422964334487915
0.03042224608361721
0.08216885477304459
0.32804957032203674
1.039725422859192
0.004947734996676445
0.2563709616661072
0.015710188075900078
2.026986837387085
0.05092368647456169
0.09642163664102554
0.001397678512148559
0.10978347063064575
0.05833442881703377
0.2069140076637268
0.18981215357780457
0.3045826852321625
0.5444470643997192
0.5448682308197021
0.017976149916648865
1.5216691493988037
0.002431550994515419
0.23250269889831543
0.23605012893676758
0.6289441585540771
0.2435338795185089
0.364577978849411
0.05120036378502846
0.5743095278739929
0.03018784150481224
0.27791085839271545
0.39477047324180603
0.058122675865888596
0.002545282244682312
0.418063759803772
0.0026911566965281963
0.2226499766111374
0.16053345799446106
0.27446743845939636
0.2840585708618164
0.7341110706329346
0.1931702345609665
2.305694103240967
0.0028362474404275417
0.09214254468679428
0.004368914756923914
0.016598457470536232
0.054527971893548965
1.3039878606796265
0.0013880794867873192
0.044110409915447235
0.13449779152870178
0.21972884237766266
0.010723747313022614
0.2475626915693283
0.0429488867521286
1.6847261190414429
0.006585688795894384
0.5964157581329346
0.006074246019124985
0.21830463409423828
0.042954206466674805
0.05812010169029236
0.04140602424740791
1.1765618324279785
0.0052397954277694225
0.1393883228302002
0.575523853302002
1.7163312435150146
0.4904920160770416
2.1899361610412598
0.0025037131272256374
0.12848863005638123
0.06628616899251938
0.18444226682186127
0.0010987622663378716
0.4100898504257202
0.008319161832332611
1.3357762098312378
0.02105131931602955
0.08009973168373108
0.014961395412683487
0.05624430626630783
0.09354085475206375
0.5690014362335205
0.12055807560682297
0.10844486206769943
0.07195574045181274
0.6188296675682068
0.02889859303832054
0.8543479442596436
0.16303974390029907
0.7737414836883545
0.014914055354893208
0.01360333152115345
0.3329979479312897
0.9793818593025208
0.194944366812706
0.1156167984008789
0.8796675205230713
1.241536021232605
0.026497161015868187
1.8381267786026
0.008635547012090683
0.02840292453765869
0.0017170970095321536
0.027569863945245743
0.7017727494239807
1.53635573387146
0.0012291999300941825
0.10316471755504608
0.008228686638176441
0.18576915562152863
0.4837436079978943
0.9699698686599731
0.055214058607816696
0.5101380348205566
0.6319564580917358
0.677918553352356
0.041038140654563904
0.21314802765846252
0.05102209374308586
1.226851463317871
0.0064004878513514996
0.24167674779891968
0.008464014157652855
1.286502718925476
0.1638261079788208
0.6165041923522949
0.04721786454319954
0.4358418583869934
0.02671482227742672
0.4915957450866699
0.19526468217372894
1.6040723323822021
0.004119264427572489
0.06465806812047958
0.002778679132461548
0.03319232538342476
0.06548313051462173
0.17021366953849792
0.007238444872200489
0.052964746952056885
0.04119864106178284
0.03708622604608536
0.0011786333052441478
0.16010992228984833
0.0023274163249880075
0.041305605322122574
0.007471664808690548
0.053712207823991776
0.021726226434111595
0.0929836854338646
0.011926022358238697
0.033428966999053955
0.08978471904993057
1.6394321918487549
0.054076969623565674
0.5390892028808594
0.004605057183653116
0.13998101651668549
0.09581180661916733
0.8851333260536194
0.013947295024991035
0.029131684452295303
0.024393681436777115
0.24471169710159302
0.012346300296485424
0.23785704374313354
0.06800153851509094
1.2574734687805176
0.003265921724960208
0.17727355659008026
0.07354522496461868
0.15008549392223358
0.043377164751291275
1.4603545665740967
0.006064250133931637
0.2423662543296814
0.03996502235531807
0.11724967509508133
0.10748734325170517
0.37060049176216125
0.002881515072658658
0.04040292650461197
0.0017276847502216697
0.053074151277542114
0.07230077683925629
0.0740562230348587
0.01957503892481327
0.09375613182783127
0.0024228026159107685
0.06769802421331406
0.009064508602023125
0.16930575668811798
0.24398067593574524
0.24764326214790344
0.6092737317085266
0.25364431738853455
0.012829353101551533
1.2545772790908813
0.07952039688825607
0.40163522958755493
0.005325297825038433
1.3148587942123413
0.1514267474412918
0.9045840501785278
0.005984988994896412
0.032848060131073
0.010130098089575768
0.01745382882654667
0.01896262727677822
0.7690568566322327
0.15239176154136658
1.436171293258667
0.003787197405472398
0.18636257946491241
0.002844801638275385
0.37552011013031006
0.001286898972466588
0.04283352196216583
0.008420194499194622
1.3197780847549438
0.007763952482491732
0.2291317880153656
0.020054468885064125
0.30906936526298523
0.0020067894365638494
0.08720742166042328
0.09829644858837128
0.2785205543041229
0.09226586669683456
1.2327930927276611
0.8577984571456909
0.9510396122932434
0.009310062043368816
0.2246653288602829
0.0019512918079271913
0.03592488914728165
0.0016104395035654306
0.022878089919686317
0.002345253247767687
0.26090487837791443
0.005839237943291664
0.05363459512591362
0.005020583979785442
1.1933231353759766
0.001831707893870771
0.06486723572015762
0.09118852019309998
0.32674440741539
0.010861999355256557
0.07507146894931793
0.012945606373250484
0.10852804034948349
0.0029980603139847517
0.34950581192970276
0.0036509667988866568
0.042717382311820984
0.005125103052705526
0.5265911817550659
0.22386997938156128
2.445904493331909
0.0385621078312397
1.9603450298309326
0.17162568867206573
1.2589964866638184
0.011052241548895836
0.1183108314871788
0.11155879497528076
0.9548295140266418
0.016881480813026428
0.467058926820755
0.4590962827205658
0.42699000239372253
0.2933337688446045
2.160749673843384
0.09446088969707489
0.7024809122085571
0.027867067605257034
1.4947856664657593
0.10842090100049973
0.13571017980575562
0.1674289107322693
1.9727380275726318
0.0027244805824011564
0.08782022446393967
0.14015351235866547
0.7776980996131897
0.14340727031230927
0.35801777243614197
0.1625262349843979
0.23509466648101807
0.01386850606650114
2.073596239089966
0.08417139202356339
1.6675084829330444
0.005807457957416773
0.09880062937736511
0.039098940789699554
0.15983983874320984
0.03671729564666748
0.10002502799034119
0.0067692226730287075
0.18604162335395813
0.2904900014400482
2.0016417503356934
0.3711469769477844
0.05927566438913345
0.5769615173339844
2.2825987339019775
0.004540459718555212
0.2076573669910431
0.3697741627693176
1.292251706123352
0.0054700239561498165
0.12512584030628204
0.004118144977837801
0.1975424885749817
0.10582486540079117
0.19171172380447388
0.7062580585479736
1.689873456954956
0.3040858805179596
0.7176874279975891
0.8384706974029541
0.9119265079498291
0.01412869617342949
0.18651488423347473
0.05116072669625282
1.0071278810501099
0.04792659357190132
1.0082672834396362
0.013657016679644585
0.05710558220744133
0.6112207770347595
0.42960143089294434
0.0071500372141599655
0.10333072394132614
0.4380123019218445
1.5725713968276978
0.5419148802757263
2.072549343109131
0.051792096346616745
0.12847119569778442
0.0038090290036052465
0.024168498814105988
0.023399243131279945
0.9758240580558777
0.004463363438844681
0.19154182076454163
0.018049947917461395
0.6007052659988403
0.18013499677181244
0.34669312834739685
0.23470571637153625
0.09242065995931625
0.499627947807312
2.042153835296631
0.1713024079799652
0.3112088739871979
0.3626832664012909
1.144538164138794
0.0018919811118394136
0.03815997391939163
0.024559801444411278
0.29873889684677124
0.08641139417886734
0.9432661533355713
0.002961417194455862
0.11219321191310883
0.0015295186312869191
0.24131695926189423
0.09192203730344772
0.04993625730276108
0.02336236648261547
0.12219945341348648
0.03957344591617584
0.9758976101875305
0.06693974882364273
0.6291186809539795
0.05921031907200813
0.13991139829158783
0.008688969537615776
0.44918686151504517
0.09913315623998642
1.1647237539291382
0.3070528209209442
0.9589630961418152
0.4806149899959564
0.21693859994411469
0.012478341348469257
0.03434787318110466
0.018409395590424538
0.10464639961719513
0.0015493695391342044
0.33059296011924744
0.09429652988910675
2.028644561767578
0.03844349831342697
0.2932983338832855
0.7595347762107849
0.9475793838500977
0.17655788362026215
1.3811627626419067
0.03655874729156494
1.1226922273635864
0.2622724175453186
0.7948362827301025
0.0781145691871643
0.06881865859031677
0.11317969858646393
0.20786793529987335
0.9028919339179993
1.0501172542572021
0.18392710387706757
0.11569564044475555
0.08648794144392014
1.0844106674194336
0.06264326721429825
0.3109421730041504
0.005493007134646177
0.05961966514587402
0.03666641563177109
1.4734523296356201
0.055286847054958344
0.10918859392404556
0.001221565529704094
0.021935591474175453
0.022981084883213043
0.11551649868488312
0.17190735042095184
1.06337571144104
0.1320302039384842
0.9878878593444824
0.036454856395721436
0.16778464615345
0.05345333740115166
0.5137787461280823
0.002209023106843233
0.34329530596733093
0.06449596583843231
0.466391921043396
0.3505571484565735
0.5359100699424744
0.011350034736096859
0.5051649808883667
0.007118403911590576
0.04422926902770996
0.015969011932611465
0.10912827402353287
0.0005129308556206524
0.16697587072849274
0.018704229965806007
1.931911826133728
0.04397811368107796
0.10644081979990005
0.057083144783973694
0.08315801620483398
0.015298239886760712
0.5740396976470947
0.0018029094208031893
0.16313223540782928
0.007346801925450563
0.09299038350582123
0.004520490299910307
0.06513187289237976
0.001459818915463984
1.08161199092865
0.022625865414738655
0.5036539435386658
0.004613651428371668
0.06243721768260002
0.026086194440722466
0.12428930401802063
0.0876578837633133
0.5153520107269287
0.016709864139556885
0.343250572681427
0.3013312518596649
0.25026386976242065
0.03619798272848129
0.2729322016239166
0.0050490316934883595
0.023300927132368088
0.1800430417060852
0.5860603451728821
0.04145168140530586
0.0786621943116188
0.051029931753873825
0.527737021446228
0.3557467758655548
0.2953006625175476
0.01685490272939205
0.07283112406730652
0.001973529579117894
0.07097642123699188
0.0008286276715807617
0.02161031775176525
0.2191178798675537
0.722680389881134
0.10007445514202118
0.4368293285369873
0.0021039904095232487
0.12586325407028198
0.001076560583896935
0.09026855230331421
0.27116572856903076
0.8467211127281189
0.029458845034241676
0.1081751361489296
0.19859349727630615
0.24137914180755615
0.2770923972129822
1.8269081115722656
0.01959596388041973
0.11956776678562164
0.006253058090806007
0.09172742068767548
0.02790621481835842
1.3631073236465454
0.5051442384719849
0.6538737416267395
0.15257728099822998
1.7740147113800049
0.07117454707622528
0.2246190756559372
0.33443960547447205
0.23383143544197083
0.0030367537401616573
0.2360076755285263
0.07615631818771362
0.07508395612239838
0.025489088147878647
0.38490861654281616
0.0023450134322047234
0.5231871008872986
0.004302399232983589
0.16629832983016968
0.011248122900724411
1.541562557220459
0.0020524633582681417
0.14339275658130646
0.12210968881845474
1.0491458177566528
0.0007736869738437235
0.033448826521635056
0.07695925235748291
1.0195538997650146
0.08644808083772659
1.6940237283706665
0.5483188033103943
1.1656757593154907
0.05496542155742645
0.16282963752746582
0.10427585244178772
0.5778557658195496
0.02961241453886032
1.7312829494476318
0.011893692426383495
0.3328148126602173
0.2551118731498718
0.43487074971199036
0.006693097297102213
0.20911473035812378
0.004316610749810934
0.39301201701164246
0.032351817935705185
0.11699632555246353
0.015181300230324268
0.032812606543302536
0.1192818135023117
0.1847582906484604
0.057019323110580444
1.6292494535446167
0.010769085958600044
0.10996667295694351
0.0064111375249922276
0.2683216631412506
0.011031134985387325
0.05261465907096863
0.3039477467536926
1.178196668624878
0.2290041297674179
0.14597217738628387
0.09679000079631805
0.5238028764724731
0.01084871869534254
0.2595694065093994
0.011130871251225471
0.15565404295921326
0.010648910887539387
0.02933936007320881
0.08337312191724777
0.24692325294017792
0.035146404057741165
0.5012814402580261
0.006263253279030323
0.178472101688385
0.028398187831044197
0.715640664100647
0.04204810783267021
1.877230167388916
0.001774364965967834
0.021644536405801773
0.6584097146987915
0.5303918719291687
0.1076585203409195
0.48464328050613403
0.6342744827270508
2.252195358276367
0.03128550574183464
1.2159751653671265
0.021983321756124496
0.09042277932167053
0.027262039482593536
0.06326262652873993
0.11869534850120544
0.2381380945444107
0.061148352921009064
0.30023983120918274
0.023128708824515343
1.20383620262146
0.0010297327535226941
0.09791938215494156
0.01397631037980318
0.3350234925746918
0.006634218152612448
0.6234827637672424
0.8360844850540161
0.6851069927215576
0.47345906496047974
0.5151690244674683
0.18069465458393097
0.17661848664283752
0.13333983719348907
0.6122226119041443
0.7876512408256531
0.39698469638824463
0.002756275935098529
0.6718007922172546
0.0011854410404339433
0.028254922479391098
0.012584584765136242
0.46319273114204407
0.0012266000267118216
0.08103562891483307
0.10409171879291534
0.4479237198829651
0.6686556339263916
0.6646543741226196
0.027156539261341095
0.9263100624084473
0.0009800432017073035
0.019585102796554565
0.566520631313324
0.27253609895706177
0.004062249790877104
0.03222909942269325
0.0015158954774960876
0.1440839320421219
0.0016155341872945428
0.1557971090078354
0.020713474601507187
0.11802753061056137
0.003926687408238649
0.06783050298690796
0.048838477581739426
0.15831628441810608
0.028143301606178284
1.171265959739685
0.012004565447568893
0.01664535328745842
0.27319756150245667
0.32617583870887756
0.511408269405365
2.0372865200042725
0.0019710625056177378
0.21723498404026031
0.008626911789178848
0.3491198718547821
0.00228950846940279
0.07551636546850204
0.0034959763288497925
0.5515932440757751
0.17055615782737732
0.17144612967967987
0.22778157889842987
1.5414596796035767
0.001752799958921969
0.13220928609371185
1.2742867469787598
0.9937695264816284
0.4969401955604553
0.19006246328353882
0.015895331278443336
0.14984332025051117
0.0038508123252540827
0.15388524532318115
0.001033090753480792
0.11872782558202744
0.007476694881916046
0.057391490787267685
0.07707320153713226
0.9030616879463196
0.15471941232681274
0.9499440789222717
0.0015423314180225134
0.02551923878490925
0.18064743280410767
1.5157443284988403
0.012528326362371445
0.9091781377792358
0.00475656520575285
1.3299200534820557
0.0035893581807613373
0.17357784509658813
0.003786668414250016
0.989463210105896
0.008586490526795387
0.17294593155384064
0.009954702109098434
1.514676809310913
0.005536763463169336
0.313923716545105
0.002733835019171238
0.1612575650215149
0.013119792565703392
0.4677967131137848
0.27045437693595886
0.20530526340007782
0.006812802515923977
0.4332994818687439
0.010155228897929192
0.70017009973526
0.023721687495708466
0.3679514527320862
0.24411515891551971
0.3237134516239166
0.1990811675786972
0.10715558379888535
0.013349832966923714
0.034810423851013184
0.011292808689177036
0.6771371960639954
0.0026486876886337996
0.03694247826933861
0.004977488424628973
0.16930173337459564
0.07082299888134003
0.0810486450791359
0.0011087114689871669
0.24225811660289764
0.3084395229816437
0.1353837251663208
0.6067509651184082
2.4000439643859863
0.005730210337787867
0.028481140732765198
0.005756695754826069
0.11794581264257431
0.003269538749009371
0.014405498281121254
0.001822504447773099
0.007904879748821259
0.008137064054608345
0.2856353223323822
0.03441409766674042
0.8766556978225708
0.003045083023607731
0.16161949932575226
0.004922634921967983
0.029055576771497726
0.0213459525257349
0.09302880614995956
0.01995142735540867
0.06008857116103172
0.08248621970415115
0.0907076895236969
0.02630896307528019
0.6791219711303711
0.008828496560454369
0.283689945936203
0.015366765670478344
0.11252487450838089
0.01031743735074997
0.06074510142207146
0.15601174533367157
0.5632514953613281
0.27847960591316223
1.3559880256652832
0.5910853743553162
1.5855190753936768
0.3697039484977722
0.8232206702232361
0.22295208275318146
0.6423899531364441
0.04305381327867508
0.4084400534629822
0.37018072605133057
0.6479489207267761
0.018122529610991478
0.027084406465291977
0.012286212295293808
0.3398464024066925
0.028925631195306778
0.08661714941263199
0.0018040521536022425
0.1315423846244812
0.09479054808616638
0.36067724227905273
0.07720436155796051
0.4825301468372345
0.009450513869524002
0.02279474213719368
0.31438106298446655
0.23437270522117615
1.2695209980010986
2.4192020893096924
0.052962105721235275
0.10267411917448044
0.0037431269884109497
0.038944825530052185
0.012271927669644356
0.24347853660583496
0.165540874004364
0.21862487494945526
0.08932993561029434
0.4070524275302887
0.012699443846940994
0.02861024998128414
0.40243130922317505
2.0703985691070557
0.008845877833664417
0.08007007837295532
0.00284276669844985
0.8132468461990356
0.001413601916283369
0.7341241836547852
0.006516703870147467
0.022994978353381157
0.010807824321091175
0.2706209421157837
0.02698546275496483
0.5624886751174927
0.02302207425236702
0.12387531995773315
0.0029816613532602787
0.3430955708026886
0.03212936967611313
0.09923446923494339
0.017292777076363564
0.14636504650115967
0.0722825825214386
0.28284162282943726
0.03864015266299248
0.4077680706977844
0.5539743304252625
0.498611718416214
0.11473064869642258
0.19968831539154053
0.11104805767536163
0.12107072025537491
0.006255758460611105
0.07154525816440582
0.039777111262083054
0.07662632316350937
0.01653234288096428
0.254182904958725
0.0015436558751389384
0.009228182956576347
0.08502757549285889
0.1348104327917099
0.016573863103985786
0.03165043890476227
0.001706410781480372
0.1896088570356369
0.02894013002514839
0.27396470308303833
0.04395465552806854
0.9024693965911865
0.015091451816260815
0.134481281042099
0.0017445096746087074
0.13480645418167114
0.004013854544609785
0.03081941045820713
0.04908139631152153
0.061991024762392044
0.0031360068824142218
0.3045467734336853
0.11502987891435623
0.3176647424697876
0.02519058622419834
0.06750846654176712
0.0055002025328576565
0.14402687549591064
0.04056411609053612
0.849762499332428
0.0029993688222020864
0.21011237800121307
0.10277481377124786
1.3223322629928589
0.0030939304269850254
0.008789065293967724
0.10685666650533676
1.424319863319397
0.017987210303544998
0.41825947165489197
0.06244514137506485
0.10279243439435959
0.6678708791732788
1.9995633363723755
0.0009054428664967418
0.13457489013671875
0.13452497124671936
0.12708017230033875
0.06940742582082748
0.05958353355526924
0.7293173670768738
1.430118203163147
0.01672825589776039
0.14464710652828217
0.011265840381383896
1.2202732563018799
0.0006850740173831582
0.25642794370651245
0.008455897681415081
0.39434608817100525
0.15367862582206726
0.30867496132850647
0.1126866564154625
0.4241419732570648
0.003954287152737379
0.056201785802841187
0.03879297152161598
0.45051056146621704
0.012002709321677685
0.07579129189252853
0.06004718691110611
2.012559413909912
0.006051588337868452
0.13444261252880096
0.27396783232688904
0.2837064862251282
0.003102644579485059
0.8876828551292419
0.0030166476499289274
0.2006131261587143
0.025640549138188362
0.7913942933082581
0.007141455542296171
0.010179730132222176
0.020874332636594772
0.05220955237746239
0.5336322784423828
0.2967621088027954
0.017639698460698128
0.07489821314811707
0.03010879084467888
0.8831069469451904
0.1408977508544922
0.8978638648986816
0.0031151981092989445
0.25285428762435913
0.031212514266371727
0.5551654100418091
0.0023227990604937077
0.05868925154209137
0.27752479910850525
1.7998321056365967
0.151312455534935
1.2236201763153076
0.0067258491180837154
0.13565942645072937
0.006721828132867813
0.06474989652633667
0.012001142837107182
0.12691707909107208
0.008194433525204659
0.05266403406858444
0.1504867672920227
0.3647667169570923
0.1482393443584442
0.8682171702384949
0.003906914032995701
0.24846529960632324
0.34912675619125366
0.2954939007759094
0.14955422282218933
0.47653988003730774
0.5031479597091675
0.6957190036773682
0.01628967374563217
0.25112295150756836
0.9104393720626831
1.0002343654632568
0.043017491698265076
0.33880504965782166
0.017789199948310852
0.2640683352947235
0.21017658710479736
0.3991033434867859
0.0017725329380482435
0.17280079424381256
0.10490217059850693
0.0670035108923912
0.09634342044591904
0.02863505482673645
0.2523324191570282
0.23744960129261017
0.008980367332696915
0.1833173632621765
0.2814135253429413
0.31831231713294983
0.0011049672029912472
0.04975084215402603
0.0019351915689185262
0.7967703938484192
0.004894827492535114
0.9890987277030945
0.07291179150342941
0.16337350010871887
0.12250643223524094
0.44344037771224976
0.19281823933124542
0.9443262815475464
0.029503503814339638
1.543623447418213
0.021042365580797195
0.1074017882347107
0.10823860764503479
0.8352177739143372
0.004883187357336283
0.06525128334760666
0.0690196081995964
1.1146252155303955
0.07277774810791016
0.12741237878799438
0.4173046946525574
0.5873292088508606
0.016877591609954834
0.08255651593208313
0.03737562894821167
0.04124509170651436
0.0016398329753428698
0.0810808390378952
0.008094199933111668
0.06661436706781387
0.01902879774570465
0.12045823037624359
0.0010731349466368556
0.030895037576556206
0.9781122803688049
0.8480811715126038
0.014317095279693604
0.024187231436371803
0.07796107977628708
0.41748836636543274
0.0040027424693107605
0.3121461272239685
0.017472269013524055
0.017941996455192566
0.06085200980305672
0.26903635263442993
0.03638594597578049
0.34748438000679016
0.03984054550528526
0.05798760801553726
0.008566955104470253
0.34252822399139404
0.09006185829639435
0.17977343499660492
0.013467547483742237
0.0366395078599453
0.07702226936817169
1.943726897239685
0.0565800741314888
0.4426325559616089
0.024524230509996414
0.3540412187576294
0.3329930901527405
1.871638536453247
0.661733090877533
0.6222926378250122
0.010854261927306652
0.07975666970014572
0.004846018273383379
0.06973296403884888
0.01108786091208458
0.3023514151573181
0.04551748186349869
1.70078444480896
0.007326273713260889
0.42409294843673706
0.2956192195415497
0.3448490798473358
0.03356490284204483
0.3358786702156067
0.25509142875671387
0.9736284017562866
0.0018477410776540637
0.1267341822385788
0.05316947028040886
0.1670413464307785
0.0029590222984552383
0.08859611302614212
0.0030756122432649136
0.06115460395812988
0.003751840442419052
0.06594344228506088
0.003690915647894144
0.06566377729177475
0.005155643448233604
0.5021392107009888
0.08142413198947906
0.793340802192688
0.11063233017921448
0.8349155783653259
0.48241129517555237
1.7872880697250366
0.0018246326362714171
0.04589568451046944
0.007750766351819038
0.07842329889535904
0.00555475102737546
0.18498383462429047
1.0430035591125488
0.7958192825317383
0.020446691662073135
0.07779543846845627
0.2547439932823181
0.3064689040184021
0.04587870463728905
0.1662394255399704
0.05404350161552429
0.3853805363178253
0.021840104833245277
1.1603714227676392
0.0024657987523823977
0.41645547747612
0.0006734271300956607
0.0838935598731041
0.010880770161747932
0.15990956127643585
0.0022729840129613876
0.06026504188776016
0.48540443181991577
0.5882814526557922
0.00548352999612689
0.06888017803430557
0.0022595657501369715
0.06646113842725754
0.0022851326502859592
0.0509103387594223
0.025447074323892593
0.682292103767395
0.020561769604682922
0.2935768663883209
0.8128170967102051
0.7329536080360413
0.01642407476902008
0.6698781251907349
0.011087085120379925
0.20483247935771942
0.005931268446147442
0.05014145374298096
0.0012738641817122698
0.3512607514858246
0.15474852919578552
0.9514725804328918
0.0218029972165823
0.029825884848833084
0.01863773725926876
0.04142100363969803
1.1177978515625
0.9432867765426636
1.1110414266586304
0.9110903739929199
0.021705182269215584
0.7645722031593323
0.006000648718327284
0.566867470741272
0.32514306902885437
0.4177316725254059
0.16137750446796417
0.06764817237854004
0.1197555810213089
0.12745939195156097
0.0032174072694033384
0.1967269778251648
0.15179364383220673
0.7410117983818054
0.009846188127994537
0.17300763726234436
0.255329966545105
0.14866775274276733
0.0030402434058487415
0.43874824047088623
0.10428434610366821
0.16485556960105896
0.005908545572310686
0.04162034019827843
0.0931575819849968
0.5663867592811584
0.15450802445411682
0.23434366285800934
0.013856516219675541
0.07320427149534225
0.002998647978529334
0.02313697524368763
0.019292501732707024
0.2164120227098465
0.061118993908166885
0.2566276490688324
0.019932186231017113
0.030305979773402214
0.6180440187454224
0.8285025358200073
0.015471920371055603
0.2181103676557541
0.18619729578495026
0.19605927169322968
0.009419217705726624
0.2784118354320526
0.0060248542577028275
0.2387828826904297
0.1548943668603897
0.1532677561044693
0.004938839469105005
0.06482197344303131
0.040355607867240906
1.1877484321594238
0.0034823089372366667
0.09200670570135117
0.4079669415950775
1.2310320138931274
0.0325305238366127
0.16186976432800293
0.8901407718658447
0.9987262487411499
0.2762851417064667
1.7658015489578247
0.026961153373122215
0.13967183232307434
0.08884618431329727
1.8842500448226929
0.27884432673454285
1.3397870063781738
0.16410471498966217
0.22209779918193817
0.2791275084018707
0.2344994843006134
0.0030668703839182854
0.2402307391166687
0.016602903604507446
0.07549971342086792
0.0022660731337964535
0.845331609249115
0.004085065331310034
0.04537354037165642
0.16223667562007904
0.6433544158935547
0.062123946845531464
0.21813884377479553
0.324687123298645
1.2002458572387695
0.06364388763904572
0.30248546600341797
0.16027970612049103
0.20278701186180115
0.03388015925884247
0.32556813955307007
0.29050910472869873
1.9146062135696411
0.008496886119246483
0.15489403903484344
0.021097244694828987
0.1333896815776825
0.0051624043844640255
0.11380761861801147
0.32274049520492554
0.18143591284751892
0.005384215619415045
0.07887060940265656
0.11168497800827026
2.5516443252563477
0.14319947361946106
0.23984454572200775
0.0834425836801529
0.32164013385772705
0.001770652481354773
0.06563630700111389
0.09142415225505829
2.1932191848754883
0.6621249914169312
0.7663251757621765
0.5746601223945618
0.9879987835884094
0.022515950724482536
0.11875925213098526
0.04345550760626793
1.2078957557678223
0.10911645740270615
0.09948626905679703
0.07974261045455933
0.6492971777915955
0.006839405279606581
0.09862241894006729
0.0014292721170932055
0.012860883958637714
0.15905940532684326
0.31140345335006714
0.20629943907260895
0.10274120420217514
0.0011990941129624844
0.022455455735325813
0.004201605450361967
0.013874252326786518
0.05705201253294945
0.1793321818113327
0.0928899347782135
0.08945562690496445
0.08692590147256851
1.496598482131958
0.07748595625162125
0.7208334803581238
0.00760679692029953
0.032879456877708435
0.09272097796201706
0.18100501596927643
0.3419869542121887
1.2171008586883545
0.00414813868701458
0.04666575416922569
0.00511796772480011
0.2634824216365814
0.0019374883268028498
0.17191961407661438
0.00590682914480567
0.14666211605072021
0.003735125530511141
0.1410994529724121
0.0026075432542711496
0.45250236988067627
0.08139648288488388
0.07580146938562393
0.008202369324862957
0.018326260149478912
0.07937224209308624
0.9503357410430908
0.1591990441083908
0.1707458347082138
0.0063347723335027695
0.25768470764160156
0.0023859962821006775
0.018675433471798897
0.027505341917276382
0.44124844670295715
0.016517583280801773
0.025745486840605736
0.7107371687889099
0.7906398177146912
0.10119635611772537
0.3376483619213104
0.03630201891064644
0.5267107486724854
0.01350235566496849
0.23686210811138153
0.0744110569357872
0.48455125093460083
0.008738360367715359
0.07617966830730438
0.008415154181420803
0.18611784279346466
0.013373625464737415
0.055363427847623825
0.022214246913790703
0.31509125232696533
0.005043625365942717
0.027245773002505302
0.9887574315071106
0.22185571491718292
0.026949817314743996
0.7165477275848389
0.17023307085037231
0.3294539451599121
0.16593964397907257
0.5012302398681641
0.5668259859085083
0.4927412271499634
0.044965710490942
0.07206609100103378
0.0037827317137271166
0.023228390142321587
0.007153809070587158
0.6640449166297913
0.18844681978225708
0.922754168510437
0.16228747367858887
1.0219261646270752
0.0013096074108034372
0.029059337452054024
0.01328830886632204
0.13695862889289856
0.00582088390365243
0.441434770822525
0.0169194545596838
0.10469786077737808
0.3999592661857605
0.5554133653640747
0.13155527412891388
0.20824098587036133
0.09765765070915222
0.06462042033672333
0.05385984852910042
0.2652510404586792
0.24209809303283691
0.36499863862991333
0.002278340281918645
0.09319591522216797
0.0050319186411798
0.15385814011096954
0.004058130085468292
0.04777786508202553
0.03479377180337906
1.5225037336349487
0.0035898617934435606
0.0688885971903801
0.032326724380254745
0.7709468007087708
0.0150575190782547
0.10542112588882446
0.0057943775318562984
0.24980084598064423
0.007384173572063446
0.01782223954796791
0.06843247264623642
0.09396056085824966
0.0587996207177639
0.26296719908714294
0.024791782721877098
1.3612133264541626
0.12881731986999512
0.055130720138549805
0.09620173275470734
1.773608684539795
0.09570563584566116
0.2979812026023865
0.029036959633231163
0.2149142622947693
0.012189784087240696
0.06762712448835373
0.004258057568222284
0.2816402316093445
0.0047115758061409
0.0727439597249031
0.041629742830991745
1.438306212425232
0.004983419552445412
0.2885565161705017
0.0031069067772477865
0.04278872534632683
0.03226305544376373
0.42795586585998535
0.014461899176239967
0.45026078820228577
0.1285305917263031
0.26852700114250183
0.010342934168875217
0.03840561583638191
0.0014846001286059618
0.04601284861564636
0.41244035959243774
1.6522704362869263
0.00972665473818779
0.2765944004058838
0.0023882747627794743
0.07783903926610947
0.005082831718027592
0.2159813940525055
0.13474217057228088
1.4869152307510376
0.02662416733801365
0.4522842764854431
0.0744297057390213
0.7212435603141785
1.2193305492401123
0.762397050857544
0.1726713627576828
1.734088659286499
0.6930540800094604
0.8589739203453064
0.8501421213150024
0.8776918649673462
0.03168758377432823
0.2494230568408966
0.0577252171933651
0.30510392785072327
0.26814037561416626
0.34783270955085754
0.04205916449427605
0.2769384980201721
0.036169975996017456
0.21674375236034393
0.0022322977893054485
0.36689695715904236
0.07473035901784897
0.9018858671188354
0.0026937967631965876
0.04563493654131889
0.018035363405942917
0.35300326347351074
0.033066149801015854
0.1754203587770462
0.24110634624958038
0.2621760666370392
0.006087271496653557
0.07672412693500519
0.039009880274534225
1.2064709663391113
0.0038539087399840355
0.03145306929945946
0.1254122108221054
2.3133485317230225
0.09570500254631042
0.3130757510662079
0.005473517347127199
0.3251480758190155
0.21326546370983124
0.6915692687034607
0.007969887927174568
0.039185650646686554
0.1756206452846527
1.2718251943588257
0.024062462151050568
0.1466391384601593
0.0033195021096616983
0.13196614384651184
0.02510695531964302
0.035951342433691025
0.41323038935661316
0.29544714093208313
0.003602071665227413
0.09303953498601913
0.028779344633221626
0.061789076775312424
0.5812138915061951
0.6671367287635803
0.002889015944674611
0.21127139031887054
0.11945436894893646
0.2520776093006134
0.01924980990588665
0.27425798773765564
0.10880210995674133
0.4479338228702545
0.17115913331508636
0.2170669138431549
0.0013604306150227785
0.1074020117521286
0.005124029703438282
0.4187704622745514
0.16930590569972992
0.5395185351371765
0.0030005848966538906
0.010885707102715969
0.0058313715271651745
0.7074258923530579
0.15652842819690704
0.6541082859039307
0.18270565569400787
1.0213360786437988
0.20396164059638977
1.1597388982772827
0.046584077179431915
0.20788879692554474
0.16615936160087585
1.3391755819320679
0.008115049451589584
0.059299178421497345
0.08603888005018234
0.28555500507354736
0.723564863204956
0.8736526966094971
0.26383474469184875
0.453534871339798
0.007232092320919037
0.1438646763563156
0.026784827932715416
0.055526625365018845
0.5660874843597412
0.5124632120132446
0.5258225798606873
0.7382493615150452
0.0014054764760658145
0.13233736157417297
0.0417579747736454
0.16054598987102509
0.008886612020432949
0.05517697334289551
0.09526051580905914
0.9287839531898499
0.06990417838096619
0.2280624657869339
0.1056394949555397
0.589107096195221
1.1318325996398926
2.3923230171203613
0.013451133854687214
0.0807110071182251
0.014495653100311756
0.019484179094433784
0.09310740977525711
0.0840967670083046
0.006963420193642378
0.03850894048810005
0.06773898005485535
0.2319456785917282
0.0009979185415431857
0.04299970716238022
0.007012948859483004
0.5510620474815369
0.8433535695075989
0.6518159508705139
0.004967513028532267
0.0870659127831459
0.004436715040355921
0.3351238965988159
0.13976852595806122
0.10139479488134384
0.008001070469617844
0.3160882592201233
0.015634147450327873
0.13373664021492004
0.13028831779956818
0.18928031623363495
0.033792395144701004
0.44827064871788025
0.0014158502453938127
0.0310568418353796
0.12254030257463455
0.6765969395637512
0.07630018889904022
0.35262712836265564
0.007762859109789133
0.5869215726852417
0.042151547968387604
0.34607210755348206
0.7299792766571045
0.3825806677341461
0.024958303198218346
0.6581923961639404
0.007109388243407011
0.03559986874461174
0.007354054134339094
0.10259047895669937
0.010763096623122692
0.7920001149177551
0.0726797878742218
0.6018304228782654
0.025472722947597504
0.9715359210968018
0.010914175771176815
0.04354981705546379
0.15928930044174194
0.6659016609191895
0.0021092421375215054
0.30118393898010254
0.005935261491686106
0.6386878490447998
0.0915645882487297
0.18617603182792664
0.7147578597068787
0.6934651732444763
0.0441080778837204
0.05188051983714104
0.0431893914937973
1.7597341537475586
0.2378111183643341
0.30539512634277344
0.03243222460150719
0.23206830024719238
0.8857656121253967
1.5235878229141235
0.015965085476636887
0.022209156304597855
0.24779003858566284
0.553141713142395
0.030109543353319168
0.07542126625776291
0.008274024352431297
0.16760294139385223
0.025308264419436455
0.04388349503278732
0.005226090084761381
0.13887564837932587
0.011665541678667068
0.07470722496509552
0.05777253583073616
0.11742884665727615
0.18349407613277435
1.8072295188903809
0.9490838050842285
1.2100051641464233
1.1794097423553467
1.0563398599624634
0.004543700255453587
0.5031229853630066
0.11599992215633392
0.20748814940452576
0.03389166295528412
0.08795290440320969
0.007411196827888489
0.19914256036281586
0.01253998652100563
0.08060950040817261
0.04477838799357414
0.09310275316238403
0.00866911094635725
0.08314967900514603
0.18272002041339874
0.5697649121284485
0.032558076083660126
0.18091604113578796
0.006327569019049406
0.02835376001894474
0.00109472859185189
0.010716001503169537
0.5322462916374207
0.4390437602996826
0.1503589153289795
0.2413332164287567
0.6613814830780029
2.0295591354370117
0.07494469732046127
0.09392596781253815
0.002533860504627228
0.17029735445976257
0.001828707056120038
0.013000035658478737
0.007867835462093353
0.05391943082213402
0.011721919290721416
0.1472657322883606
0.04609469324350357
1.9821674823760986
0.001256251591257751
0.05329229310154915
0.08485519886016846
0.17566430568695068
0.01995568722486496
0.01654750667512417
0.013957016170024872
0.04241741821169853
0.057124920189380646
0.07809587568044662
0.10886272042989731
0.2070446014404297
0.0065892525017261505
0.02868378534913063
0.02044820226728916
0.09762116521596909
0.053631048649549484
0.09433753043413162
0.00132977485191077
0.15912407636642456
0.004736313596367836
0.12734465301036835
0.19288323819637299
1.2406227588653564
0.0931846871972084
0.12497305870056152
0.0015406504971906543
0.03209114819765091
0.0030422054696828127
0.05649999901652336
0.03300527110695839
0.2504159212112427
0.12340136617422104
1.2008200883865356
0.04417591914534569
2.0901296138763428
0.015994301065802574
0.13735230267047882
0.009068917483091354
0.03835153207182884
0.9429327845573425
1.9150376319885254
0.019414380192756653
0.023264477029442787
0.9507870674133301
0.06085773929953575
0.1477382630109787
0.1634489744901657
0.016243675723671913
0.24030528962612152
0.0020663291215896606
0.06017281860113144
0.08652178198099136
1.220939040184021
0.06160799786448479
0.19876264035701752
0.02051394060254097
0.04402869567275047
0.05373498797416687
0.8622833490371704
1.275323510169983
1.4012705087661743
0.021097911521792412
0.3673095405101776
0.23639440536499023
0.15979044139385223
0.0010674293152987957
0.03093619830906391
0.025468379259109497
0.044227663427591324
0.0022467956878244877
0.1485680788755417
0.006212859880179167
0.6013672947883606
0.014867988415062428
0.5859745740890503
0.10207851231098175
0.30340614914894104
0.0050577037036418915
0.14925725758075714
0.023369237780570984
0.18796581029891968
0.07364699244499207
0.04149873927235603
0.21540476381778717
0.9981977343559265
0.12084416300058365
0.5020143389701843
0.23277781903743744
0.5020255446434021
0.004663580562919378
0.22879883646965027
0.32386523485183716
0.32121604681015015
0.13092395663261414
0.551615834236145
0.0019703831057995558
0.06699065864086151
0.016267908737063408
1.2527129650115967
0.009861627593636513
0.34634697437286377
0.26304373145103455
1.7754764556884766
0.03584805130958557
0.12600339949131012
0.1086001917719841
0.12788556516170502
0.3413994014263153
0.4044954478740692
0.10997390747070312
0.5815647840499878
0.07840187847614288
0.09262626618146896
0.015405424870550632
0.08810071647167206
0.0013209347380325198
0.018370529636740685
0.07533340901136398
0.09770811349153519
1.3007458448410034
1.1982554197311401
1.5184450149536133
1.2206878662109375
0.05370138958096504
1.553941011428833
0.48940104246139526
0.7948775887489319
0.0120997941121459
0.07467689365148544
0.003386215539649129
0.024828679859638214
1.0213773250579834
0.8217090964317322
0.00608798349276185
0.05631640926003456
0.0070099919103085995
0.06428834050893784
0.0025341918226331472
0.010372404009103775
0.0010171917965635657
0.3372359573841095
0.006804053671658039
0.020290857180953026
0.029818544164299965
0.11457276344299316
0.02278466336429119
0.44291481375694275
0.010192028246819973
1.2730519771575928
0.008018406108021736
0.1650141477584839
0.15427809953689575
0.3594057261943817
0.14007848501205444
0.18118545413017273
0.002222446259111166
0.10497405380010605
0.0025860117748379707
0.20897260308265686
0.004419568460434675
0.035813819617033005
0.16701899468898773
1.9225835800170898
0.06415839493274689
0.15379419922828674
1.330195665359497
1.0929081439971924
0.964090883731842
1.028778314590454
0.45970261096954346
0.4989130198955536
0.7684434056282043
0.7603168487548828
0.0658087283372879
0.14021049439907074
0.06430428475141525
0.07901512831449509
0.05208076909184456
0.2512848675251007
0.5305092334747314
0.9191751480102539
0.007966462522745132
0.01616683416068554
0.4448260962963104
0.34674423933029175
0.5929310917854309
0.8257221579551697
0.1051512137055397
0.04164303466677666
0.006590434815734625
0.3363891541957855
0.08556105196475983
0.23479342460632324
0.31757983565330505
1.3030433654785156
0.0907985046505928
2.3548312187194824
0.4503262937068939
1.378516435623169
0.0053698341362178326
0.013628748245537281
0.08797035366296768
1.0886082649230957
0.01537856925278902
0.17058363556861877
0.6649230122566223
0.5283593535423279
0.1451478898525238
0.34041401743888855
0.05567557364702225
0.3589622974395752
0.7460190653800964
0.7642795443534851
0.0856424942612648
0.6435880661010742
0.012338819913566113
0.1430317610502243
0.0049304659478366375
0.01832425966858864
0.00278332456946373
0.10595307499170303
0.16258174180984497
0.28212490677833557
0.0013724786695092916
0.061949070543050766
0.002475826535373926
0.00973039586097002
0.0020966697484254837
0.07550789415836334
0.0029300032183527946
0.34601765871047974
0.3722585141658783
0.05696460232138634
0.9422841668128967
2.3651998043060303
0.005381906870752573
0.03837047889828682
0.013635505922138691
1.2118818759918213
0.04708772525191307
0.10748285800218582
0.2632933259010315
0.3103236258029938
0.12578509747982025
0.10616548359394073
0.002159315161406994
0.2425951063632965
0.002650504233315587
0.007211531046777964
0.01870734989643097
1.5679469108581543
0.09322640299797058
1.0977511405944824
0.6502036452293396
0.8396282196044922
0.010561364702880383
0.17657652497291565
0.023700449615716934
0.5747298002243042
0.05055653676390648
0.3277908265590668
0.007719146553426981
0.02363278530538082
0.0020775473676621914
0.049441974610090256
0.6076352596282959
0.4773591160774231
0.005611318163573742
0.65301114320755
0.04079649969935417
0.3363181948661804
0.0691363736987114
0.20898376405239105
0.2304626703262329
1.1718425750732422
0.10699289292097092
0.13155944645404816
0.020933175459504128
0.3113766014575958
0.46737030148506165
0.53008633852005
0.002149278298020363
0.9566962718963623
0.0036891743075102568
0.010296270251274109
0.004255580250173807
1.2937116622924805
0.02980346977710724
1.4116045236587524
0.025199925526976585
0.04154212027788162
0.006564514711499214
0.06763582676649094
0.4154600203037262
1.2066129446029663
0.0033038577530533075
0.0358416847884655
0.00582862226292491
0.04683493822813034
0.4116661548614502
0.22922368347644806
0.06496526300907135
1.031050205230713
0.1771245002746582
1.00334894657135
0.15679900348186493
0.21883971989154816
0.002328284550458193
0.39395052194595337
0.004732055123895407
0.08749013394117355
0.09309526532888412
0.235275536775589
0.006992108654230833
0.4854016900062561
0.002333541866391897
0.20719671249389648
0.12281326949596405
2.2496085166931152
0.3075205385684967
1.2508914470672607
0.1831076443195343
0.11351501941680908
0.0023022876121103764
0.1949744075536728
0.174789696931839
0.43045949935913086
0.0028915968723595142
0.1048269271850586
0.49782583117485046
0.3812950551509857
0.03636674955487251
0.2000371813774109
0.024891652166843414
0.06607642024755478
0.002974269213154912
0.4623512625694275
0.10559515655040741
0.4328441619873047
0.09643398225307465
0.9561847448348999
0.0737152025103569
0.04585782811045647
0.2249423712491989
0.1625196635723114
0.0016585905104875565
0.04923390597105026
0.9998313188552856
0.7174617052078247
1.0643324851989746
0.45351338386535645
0.7341324687004089
0.2828335464000702
0.007566794753074646
0.15911872684955597
0.015005919151008129
0.05550435185432434
0.005404258146882057
0.21069198846817017
0.13148586452007294
0.17587125301361084
0.19339525699615479
0.5011284351348877
0.010163070634007454
0.26377934217453003
0.008159860037267208
0.5343880653381348
0.005837423726916313
0.26341089606285095
0.009432976134121418
0.144270658493042
0.4796156883239746
0.3870247006416321
0.024104250594973564
0.1535501927137375
0.03892363980412483
0.17360372841358185
0.10746300220489502
0.5362423062324524
0.1399645209312439
0.7396666407585144
0.0032942802645266056
0.15646789968013763
0.012032532133162022
0.0375434085726738
0.0194217748939991
0.21575574576854706
0.017963241785764694
0.08342090994119644
0.0026518376544117928
0.18854984641075134
0.007244555279612541
0.025766853243112564
0.0016102045774459839
0.03901803493499756
0.7177129983901978
0.5725172758102417
0.49616870284080505
1.370212197303772
0.005018086638301611
0.35415512323379517
0.0024488081689924
0.16483372449874878
0.06180214881896973
0.30714651942253113
0.009857363067567348
0.02445550076663494
0.0023408650886267424
0.019347049295902252
0.026371361687779427
0.7727967500686646
0.006640113890171051
0.10310454666614532
0.22230081260204315
0.19138824939727783
0.07013271749019623
1.9323065280914307
0.001339704031124711
0.13913145661354065
0.3501972556114197
0.5673017501831055
0.053234413266181946
0.24959498643875122
0.015382597222924232
1.0003048181533813
0.01010718010365963
0.02208794839680195
0.05893358215689659
0.3525027930736542
0.003410720732063055
0.49153488874435425
0.0044985562562942505
0.07692757993936539
0.04222385212779045
1.9031519889831543
0.042045097798109055
0.19785867631435394
0.3521661162376404
0.7685564160346985
0.002136406023055315
0.29696837067604065
0.0033407823648303747
0.025847945362329483
0.6961225271224976
1.380068302154541
0.004181843250989914
0.042705636471509933
0.20844204723834991
0.45841947197914124
0.06333393603563309
0.06260449439287186
0.008401068858802319
0.359852135181427
0.008211147040128708
0.030398160219192505
0.0074896011501550674
0.16298523545265198
0.0032721683382987976
0.06308827549219131
0.004609152674674988
0.6560136079788208
0.011542725376784801
0.5063886642456055
0.00712541863322258
0.24251128733158112
0.09222929179668427
0.22639451920986176
0.002717063995078206
0.45559874176979065
0.044851236045360565
0.6115716695785522
0.01506279967725277
0.09406010806560516
0.07546645402908325
0.24716679751873016
0.3866809904575348
0.5801530480384827
0.00503136171028018
0.015461615286767483
0.007960543036460876
0.11084184795618057
0.11696360260248184
0.16104809939861298
0.18268059194087982
0.3947044014930725
0.02430681139230728
0.024144640192389488
0.03752249479293823
0.04110819101333618
0.02506181411445141
0.33076146245002747
0.0019691770430654287
0.10305477678775787
0.003967656288295984
0.026375100016593933
0.0028434235136955976
0.06549323350191116
0.0029680810403078794
0.038629885762929916
0.0914526954293251
0.07954179495573044
0.1515820473432541
0.13299934566020966
0.08320365101099014
0.3372073173522949
0.007794189732521772
0.04903196543455124
0.020296361297369003
0.08137369155883789
0.11160719394683838
0.2469552904367447
0.007207621354609728
0.2312585413455963
0.04098041355609894
0.30070918798446655
0.014964809641242027
0.05889512225985527
0.20728673040866852
1.5280448198318481
0.0027487780898809433
0.019875120371580124
0.007524698972702026
0.2713630497455597
0.07685277611017227
0.8131958842277527
0.02296447567641735
0.05006043240427971
0.10315284132957458
0.5642319321632385
0.003907820675522089
0.0690608099102974
0.12753155827522278
2.175734043121338
0.09498164802789688
0.28927451372146606
0.007822356186807156
0.5333875417709351
0.07031264901161194
0.7583233714103699
0.07510492950677872
0.34683603048324585
0.09513195604085922
0.1293250173330307
0.08588492125272751
0.5880868434906006
0.016524484381079674
0.029634369537234306
0.010639174841344357
0.05535085126757622
0.009132087230682373
0.17780399322509766
0.00280368747189641
0.10893288254737854
0.0021234003361314535
0.11196400225162506
0.16459806263446808
0.880455732345581
0.0013435924192890525
0.24182716012001038
0.010557333007454872
0.034144289791584015
0.019189735874533653
0.22674529254436493
0.8836426138877869
0.6676959991455078
0.3732539415359497
0.29856517910957336
0.0029438964556902647
0.01480032503604889
0.11876160651445389
0.2899951934814453
0.10847421735525131
0.15967687964439392
0.10325834900140762
0.10423282533884048
0.002096952637657523
0.0761212483048439
0.16529400646686554
0.3277444541454315
0.17356446385383606
0.5164231061935425
0.006950744427740574
0.09781190007925034
0.055594656616449356
0.13833236694335938
0.3080258071422577
0.2958144545555115
0.00506237568333745
0.005267829168587923
0.0929601788520813
0.2699216604232788
0.00301947258412838
0.04650922492146492
0.008282939903438091
0.21282581984996796
0.002603488974273205
0.2851746678352356
0.006469023413956165
0.0942518562078476
0.429584264755249
0.7122975587844849
0.004092921502888203
0.02357669733464718
0.02557368017733097
0.06476794928312302
0.33773738145828247
0.300048291683197
0.006702539976686239
0.06878617405891418
0.009066286496818066
0.14925383031368256
0.011531094089150429
1.1834980249404907
0.16983745992183685
0.19330739974975586
0.005983101204037666
0.38376346230506897
0.0011187390191480517
0.12220239639282227
0.006769126746803522
0.012024217285215855
0.0014676268910989165
0.3162447512149811
0.0014268123777583241
0.10775686055421829
0.0023823429364711046
0.1237000972032547
0.006876631174236536
0.03543415665626526
0.016613071784377098
0.01750393584370613
0.07594982534646988
0.7674147486686707
0.010257950983941555
0.08258285373449326
0.129316046833992
0.15728206932544708
0.026107892394065857
0.01408377569168806
0.0019021681509912014
0.16979318857192993
0.020420920103788376
0.21482022106647491
0.0009471756056882441
0.1592877209186554
0.3937518298625946
1.4429916143417358
0.44146785140037537
0.2628529965877533
0.11610765755176544
0.5806491374969482
0.18439166247844696
0.27685174345970154
0.003783841384574771
0.22921061515808105
0.004120354540646076
0.011959414929151535
0.06211458146572113
0.23435084521770477
0.31700611114501953
1.554843544960022
0.030166301876306534
0.07853987067937851
0.5669082999229431
0.6630843281745911
0.41203340888023376
1.6759629249572754
0.027758682146668434
0.04864392429590225
1.171891212463379
0.8010076880455017
0.18725363910198212
0.38271281123161316
0.0010816552676260471
0.003150907577946782
0.038363296538591385
0.5388762354850769
0.007645644713193178
0.4726594090461731
0.9156607389450073
0.7556769251823425
0.3030272126197815
0.7364447712898254
1.2914395332336426
0.7158743143081665
0.16049465537071228
0.22249794006347656
0.03884696960449219
0.11261079460382462
0.058635808527469635
0.8564135432243347
0.04164242371916771
0.03036767616868019
0.29314711689949036
0.5439799427986145
0.03790977969765663
0.22325579822063446
0.3616439402103424
1.2596211433410645
0.06768538057804108
0.1283431053161621
0.002354118973016739
0.009747273288667202
0.008625284768640995
0.0262774471193552
0.2105303257703781
0.2307799607515335
0.015266713686287403
0.7661410570144653
0.0018216843018308282
0.16821052134037018
0.0037280465476214886
1.066738486289978
0.05936010926961899
0.07749815285205841
0.014240236021578312
0.08666759729385376
0.06019483506679535
0.30457526445388794
0.0016473287250846624
0.026699969545006752
0.23910464346408844
0.10291143506765366
0.2785583734512329
0.07685913890600204
0.016483908519148827
0.055379725992679596
0.024108856916427612
0.041020043194293976
0.01289073470979929
0.10652831941843033
0.5789604187011719
1.6347159147262573
0.7558496594429016
0.7378032803535461
0.004605387337505817
0.0205045398324728
0.011126664467155933
0.23273083567619324
0.02786475233733654
0.154237300157547
0.022119374945759773
0.027481693774461746
0.052899908274412155
0.21951930224895477
0.5727455019950867
0.3020218312740326
0.11772169917821884
0.3977794349193573
0.02155119925737381
0.12209209054708481
0.021851902827620506
0.1729198545217514
0.04355747625231743
0.21196049451828003
0.05895990505814552
0.8702113628387451
0.0067683192901313305
0.10027468204498291
0.004111824091523886
0.02331135980784893
0.042643953114748
1.2497248649597168
0.4819381833076477
0.5432053208351135
0.19382420182228088
0.15152625739574432
0.031235750764608383
0.4495985209941864
0.10859217494726181
0.10049789398908615
0.6395523548126221
0.7737259864807129
0.38742247223854065
0.30608105659484863
0.1344996988773346
0.19746239483356476
0.9557279348373413
0.8787923455238342
0.08459188789129257
0.2760436534881592
0.04009092226624489
0.05515764653682709
0.0021399911493062973
0.021309982985258102
0.008753364905714989
0.03838685154914856
0.010525239631533623
0.01622317172586918
0.002165340119972825
0.028517654165625572
0.0767226442694664
0.10362295061349869
0.00847505684942007
0.22303315997123718
0.0030252926517277956
0.029292121529579163
0.049931276589632034
0.02551693096756935
0.04641011357307434
0.46129441261291504
0.3431580066680908
0.32377514243125916
0.00412633316591382
0.04202168062329292
0.4056307077407837
0.18792685866355896
0.2638487219810486
1.1929407119750977
0.4785451889038086
1.2150089740753174
0.19530050456523895
0.7082944512367249
0.009540419094264507
0.09785164892673492
0.8690720200538635
2.4381022453308105
0.5377691388130188
0.32082071900367737
0.003511321498081088
0.0075544449500739574
0.021402137354016304
0.2415035516023636
0.004640043713152409
0.044293113052845
0.012589599937200546
0.6167306900024414
0.5037631392478943
0.9127941131591797
0.04270894452929497
0.2895050048828125
0.22426466643810272
0.3738100528717041
0.002110593020915985
0.054179176688194275
0.01290184911340475
0.4415006637573242
0.002830083481967449
0.263726145029068
0.0019552591256797314
0.08381374925374985
0.0034543166402727365
0.565517783164978
0.005806954577565193
0.3429519236087799
0.0046370807103812695
0.05150095000863075
0.2677711248397827
0.2943541705608368
0.060052912682294846
0.09041421860456467
0.000988879008218646
0.16124263405799866
0.6005785465240479
0.5671769380569458
0.05180754140019417
0.09887664765119553
0.014062427915632725
0.32002344727516174
0.03506027162075043
0.14838264882564545
0.04744356870651245
0.22559435665607452
0.04100304841995239
0.09885392338037491
0.04733654856681824
0.19969581067562103
0.0036057133693248034
0.023820796981453896
0.07241060584783554
0.3571118116378784
0.010815964080393314
1.275341272354126
0.00574168236926198
0.024845197796821594
0.3697737455368042
1.3501427173614502
0.0032828787807375193
0.49464887380599976
0.08759526163339615
0.4847681522369385
0.0034537496976554394
0.20949091017246246
0.3613191545009613
2.306995391845703
0.0044872150756418705
0.01323577482253313
0.0063027688302099705
0.04361242055892944
0.0010320789879187942
0.10967761278152466
0.0013209173921495676
0.04232792928814888
0.0022527887485921383
0.03007691539824009
0.005036883521825075
0.0391811840236187
0.015588690526783466
0.3111337721347809
0.45628079771995544
1.8135855197906494
0.28827720880508423
0.4907284677028656
0.35020625591278076
0.4681476950645447
0.05692515894770622
0.5008895993232727
0.2384093552827835
0.42034557461738586
0.0999479815363884
0.0733272060751915
0.022607693448662758
0.6777175664901733
0.004442368168383837
0.5249173045158386
0.735381007194519
0.402376264333725
0.5541860461235046
2.057817220687866
0.027160173282027245
0.10319500416517258
0.005056012887507677
0.011312033981084824
0.18793049454689026
0.6652414202690125
0.011460651643574238
0.04309014230966568
0.13492393493652344
0.12339287251234055
0.1165655255317688
0.7787091135978699
0.0736895352602005
0.15143398940563202
0.0023813412990421057
0.02576800063252449
0.0015721162781119347
0.27679866552352905
0.014721972867846489
0.4899400770664215
0.17286713421344757
1.2668402194976807
0.30137237906455994
0.4591424763202667
0.0017379296477884054
0.29621168971061707
0.01714576594531536
0.038557231426239014
0.08287078887224197
0.08945991843938828
0.006364273838698864
0.4083002507686615
0.00965556688606739
0.06048952415585518
0.004869723692536354
1.1136548519134521
0.37169572710990906
0.2656722366809845
0.5216526389122009
0.654836893081665
0.0024870235938578844
0.13646766543388367
0.012312771752476692
0.08604511618614197
0.058483339846134186
0.10920224338769913
0.12474124878644943
0.13734136521816254
0.25030285120010376
2.2627692222595215
0.06042134016752243
0.14305424690246582
0.5702725648880005
0.7823707461357117
0.0061660525389015675
0.8363526463508606
0.981476902961731
1.0148729085922241
0.009122799150645733
0.1419522613286972
0.046462882310152054
1.5369288921356201
0.6777880787849426
0.8325961232185364
1.160060167312622
1.1502904891967773
0.005195717327296734
0.07907363027334213
0.3546769618988037
0.5713652968406677
0.023013757541775703
0.05596518889069557
0.2134997397661209
0.5401285290718079
0.11378182470798492
1.5899096727371216
0.030161390081048012
0.7643252015113831
0.003472809446975589
0.18791605532169342
0.04067259654402733
0.24120275676250458
0.02783254161477089
0.16996122896671295
0.003009780542925
0.3713780343532562
0.01969829574227333
0.06281387805938721
0.031117545440793037
0.22277076542377472
0.0024932739324867725
0.011710865423083305
1.2543067932128906
1.4043673276901245
0.0049384720623493195
0.03104357048869133
0.010749874636530876
0.011266016401350498
0.004951002541929483
0.053664445877075195
0.010589934885501862
0.03876661881804466
0.006770952604711056
0.03770526871085167
0.043136727064847946
0.04632310941815376
0.010984276421368122
0.021340452134609222
0.008060568012297153
0.016588417813181877
0.13906294107437134
0.06705817580223083
0.0014637850690633059
0.36020880937576294
0.03811638057231903
1.3515641689300537
0.0022960728965699673
0.014124788343906403
0.040420494973659515
0.10297274589538574
0.007798504084348679
0.94791179895401
1.0690302848815918
0.5515839457511902
0.5179598927497864
0.24279916286468506
0.012226703576743603
0.03579993173480034
0.2794272005558014
0.020887119695544243
0.12956354022026062
0.057895977050065994
0.016313083469867706
0.11249685287475586
0.4855385422706604
0.6533594131469727
1.0246384143829346
0.764100968837738
0.00693245604634285
0.18075720965862274
0.025456257164478302
0.23554497957229614
0.007503142114728689
0.21681718528270721
0.0164475217461586
0.6629418730735779
0.005303163081407547
0.027653975412249565
0.017305370420217514
0.28326597809791565
0.18204212188720703
0.1096600890159607
0.2525399923324585
1.7348647117614746
0.06880196183919907
0.12835222482681274
0.01396495196968317
1.3558564186096191
0.8061954379081726
0.40137696266174316
1.2967995405197144
1.5310298204421997
0.04336877912282944
1.6504698991775513
0.012778819538652897
0.28612035512924194
0.0042131817899644375
0.03710685297846794
0.5757953524589539
0.6173533201217651
0.7283900380134583
0.4900866746902466
0.008304963819682598
0.07922083139419556
0.007826424203813076
0.29504868388175964
0.1544632464647293
0.14725326001644135
0.3491562008857727
0.27150389552116394
0.005987331736832857
0.07959576696157455
0.005156268365681171
0.06443672627210617
0.03895388916134834
0.3087257444858551
0.008202768862247467
0.02709944359958172
0.21676622331142426
0.13541248440742493
0.18184275925159454
0.13878341019153595
0.00446272362023592
0.027900725603103638
0.019006669521331787
0.5600213408470154
0.0010308725759387016
0.05960158631205559
0.004855664446949959
0.044460687786340714
0.0012374217621982098
0.10197029262781143
0.0829453095793724
1.355433702468872
0.010510127991437912
0.18723757565021515
0.5002574920654297
0.5922011733055115
0.0019722336437553167
0.1387796700000763
0.043455787003040314
0.05195481702685356
0.04713207483291626
0.2546566128730774
0.01005910150706768
0.12025020271539688
0.028117716312408447
0.09749092906713486
0.5591305494308472
0.5247774720191956
0.1934451311826706
0.38785287737846375
0.004759618081152439
0.037572186440229416
0.07057034224271774
0.08059493452310562
0.014788682572543621
0.05194338411092758
0.007064112927764654
0.15501081943511963
0.009240656159818172
0.19772884249687195
1.2168817520141602
1.235521674156189
0.010081954300403595
0.028747469186782837
0.17787180840969086
0.07435871660709381
0.005435937084257603
0.04429866373538971
0.026054326444864273
0.04151265695691109
0.0673118457198143
0.5547761917114258
0.044080622494220734
0.4188094735145569
0.004492911510169506
0.06549187749624252
0.00781836174428463
0.46554476022720337
0.0664619579911232
0.11954377591609955
0.003963252995163202
0.013516722247004509
0.004080511163920164
0.05041888356208801
0.08887983858585358
0.6922149062156677
0.014745500870049
0.025217384099960327
0.13239167630672455
0.7261155247688293
0.03440101072192192
0.20691075921058655
0.34236276149749756
0.3280549943447113
0.005081716924905777
0.16613692045211792
0.05913986265659332
0.41785675287246704
0.0017955191433429718
0.0143207972869277
0.001807182445190847
0.05621533840894699
0.0012266584672033787
0.012897960841655731
0.005185274872928858
0.02000744268298149
0.025709375739097595
0.08701599389314651
0.09675600379705429
0.09699615836143494
0.003096017986536026
0.4938918352127075
0.08036898076534271
0.3120988607406616
0.052841637283563614
0.9070983529090881
0.014036762528121471
0.15143831074237823
0.009029802866280079
0.42509353160858154
0.0021456603426486254
0.004629273433238268
0.017331531271338463
0.09733498841524124
0.16518497467041016
0.5311068892478943
0.00991250853985548
0.027899347245693207
0.05329599231481552
0.37806427478790283
0.03922518715262413
0.035217899829149246
0.8202329874038696
1.6804624795913696
0.06604748964309692
0.15107010304927826
0.007252397481352091
0.09614304453134537
0.10610339790582657
0.4462801218032837
0.1677735149860382
0.14453759789466858
0.04112614318728447
1.9617891311645508
0.006830021273344755
0.19887295365333557
0.0014250007225200534
0.016492608934640884
0.020737869665026665
0.4402060806751251
0.0019209054298698902
0.20223680138587952
0.017629556357860565
1.8414089679718018
0.0015788236632943153
0.26240864396095276
0.011627020314335823
0.3072025775909424
0.022211439907550812
0.1655340939760208
0.0058459751307964325
0.10292258113622665
0.31691378355026245
1.2325959205627441
0.03283850476145744
0.054941996932029724
0.22037199139595032
0.5622637271881104
0.07599016278982162
2.2999870777130127
0.11464440077543259
0.10255517065525055
0.005013319663703442
0.20481230318546295
0.6158286333084106
0.6746187210083008
1.3473018407821655
0.7942709922790527
0.00905620213598013
0.038619525730609894
0.04018459469079971
0.13175736367702484
0.1745162159204483
1.062135100364685
0.6476001739501953
0.10789983719587326
1.3203773498535156
1.4634596109390259
0.16076107323169708
0.20488694310188293
0.9316056370735168
1.2467803955078125
0.05713890865445137
0.18795329332351685
0.0012715639313682914
0.07573526352643967
0.0020863038953393698
0.06535784155130386
0.20696619153022766
0.11974870413541794
0.003976133652031422
0.0800551027059555
0.013635875657200813
0.6062370538711548
0.010393636301159859
0.04003562405705452
0.0018659221241250634
0.020158682018518448
0.007962727919220924
0.24390657246112823
0.023534879088401794
0.16534829139709473
0.7640417218208313
0.7914355397224426
0.07329826802015305
1.5069949626922607
0.008262245915830135
0.20849303901195526
0.7408130764961243
0.9735516309738159
0.2713267207145691
0.4414624273777008
0.004686411935836077
0.08050964772701263
0.007177385035902262
0.4342692196369171
0.1835266351699829
0.40563201904296875
0.01005841325968504
0.8209677338600159
0.026742398738861084
0.08337956666946411
0.1692626029253006
1.2867461442947388
0.2443103939294815
1.7858926057815552
0.21310995519161224
0.8188027143478394
0.03545166924595833
2.2753424644470215
0.0034411766100674868
0.030707044526934624
0.009020998142659664
0.10315946489572525
0.01457285787910223
0.11678437143564224
0.9978760480880737
1.0809352397918701
0.0006984787760302424
0.13001468777656555
0.07306072115898132
0.25503262877464294
0.0006212303997017443
0.005242390092462301
0.04476326331496239
1.1250951290130615
0.0034527129027992487
0.44888633489608765
0.04215759411454201
0.09296891838312149
0.1293048858642578
0.25767675042152405
0.5833322405815125
0.3896219730377197
0.004288265947252512
0.03940368816256523
0.01785404421389103
0.17620912194252014
0.003692378057166934
0.009404134936630726
0.07637453079223633
0.3452691435813904
0.1090666875243187
0.3326713740825653
0.10854482650756836
0.21638663113117218
0.03192942216992378
0.7590134739875793
0.4467396140098572
0.4554213881492615
0.04936029389500618
0.04472557455301285
0.02220958098769188
0.262355774641037
0.018636781722307205
1.382045865058899
0.27439409494400024
0.265049010515213
0.17530712485313416
0.8360836505889893
0.08650444447994232
0.7976254820823669
1.1395412683486938
1.4338384866714478
0.05861873924732208
0.1906813532114029
0.6900251507759094
0.6121320128440857
0.049742333590984344
0.3419457972049713
0.00338531332090497
0.008541906252503395
0.5992802381515503
0.6938828229904175
0.012079525738954544
0.6044116020202637
0.1248973086476326
1.7566276788711548
0.03885786980390549
1.4927242994308472
0.0066580986604094505
0.02779495157301426
0.022872982546687126
0.09578320384025574
0.013428191654384136
0.04762665927410126
0.015398445539176464
0.027032606303691864
0.009139110334217548
0.07746592909097672
0.17046724259853363
0.3270590305328369
0.006301429122686386
0.04473153501749039
0.021489879116415977
0.016375519335269928
0.009731385856866837
0.09506094455718994
0.017199425026774406
0.13313506543636322
0.07800813019275665
0.14996913075447083
0.37113040685653687
1.669780969619751
0.0044141956605017185
0.06605462729930878
0.0038587721064686775
0.0467379093170166
0.004700571298599243
0.25721555948257446
0.03161316365003586
0.6477282643318176
0.018792467191815376
0.47796255350112915
0.1167917475104332
1.9165630340576172
0.006500392220914364
0.7386696338653564
0.09100180119276047
0.1944107711315155
0.0051856739446520805
0.011385633610188961
0.009295114316046238
0.04890919849276543
0.009788024239242077
0.21438081562519073
0.005056753754615784
0.10490985959768295
0.004377506207674742
1.0877246856689453
0.6062206625938416
0.36016255617141724
0.5109847187995911
0.5141870975494385
0.004262013826519251
0.0679478719830513
0.003612988628447056
0.1443566530942917
0.09513914585113525
0.3394920229911804
1.195212483406067
1.2041490077972412
0.011329742148518562
0.04998426511883736
0.005350991152226925
0.017445877194404602
0.0030145589262247086
0.29546627402305603
0.008123074658215046
0.053236283361911774
0.016739416867494583
0.9497062563896179
0.02562682144343853
0.11683215945959091
0.19450496137142181
0.30735477805137634
0.3178410530090332
0.27460402250289917
0.03535080701112747
0.1010122001171112
0.06031891703605652
1.0299394130706787
0.0028435445856302977
0.02318641170859337
0.6515609622001648
0.5676101446151733
0.0381455272436142
1.975651502609253
0.06441006064414978
0.4060057997703552
0.06385116279125214
0.08570507913827896
0.0025304860901087523
0.3654811382293701
0.009307006374001503
0.25633883476257324
0.001548303640447557
0.05730150267481804
0.005129158031195402
0.04555930942296982
0.001715094200335443
0.017244378104805946
0.018987534567713737
0.2518954873085022
0.37156474590301514
0.385034441947937
0.15001128613948822
0.4495965540409088
0.004748666658997536
0.22596420347690582
0.0033236725721508265
0.6704663038253784
0.09948351979255676
0.12483929842710495
0.1192181333899498
0.23252549767494202
0.006442432291805744
0.07471194863319397
0.006218737456947565
0.02917660027742386
0.0009239587816409767
0.034120019525289536
0.5701629519462585
0.24651534855365753
0.02210485003888607
0.08581835776567459
0.04135265573859215
0.5754450559616089
0.0016674391226843
0.005920210853219032
0.48946699500083923
0.48183178901672363
0.3145526349544525
1.019792079925537
0.022896522656083107
0.08352182060480118
0.0033804115373641253
0.09733819961547852
0.0032958954107016325
0.028228243812918663
0.008236459456384182
0.2692706882953644
1.3193552494049072
1.2261481285095215
0.14242911338806152
0.055709678679704666
0.020898370072245598
1.6800178289413452
0.0360059030354023
0.5190975666046143
0.5522950291633606
2.3950698375701904
0.8977068662643433
1.003822922706604
0.006769672967493534
0.05145952105522156
0.0031365614850074053
0.0202618595212698
0.010895397514104843
0.24695737659931183
0.10915469378232956
0.17191438376903534
0.3661356568336487
0.6835222244262695
0.07478073984384537
0.8819220662117004
0.0058791241608560085
0.06680288910865784
0.13329283893108368
0.20249436795711517
0.001080117654055357
0.16848263144493103
0.11926441639661789
0.13113944232463837
0.001434599980711937
0.30526334047317505
0.037965524941682816
2.1681437492370605
0.017864849418401718
0.030321355909109116
0.03757287561893463
0.15577438473701477
0.014403912238776684
0.2510848641395569
0.01073520164936781
0.172575443983078
0.16361406445503235
0.8728282451629639
0.12606818974018097
0.029744386672973633
0.012893362902104855
0.07457416504621506
0.1094236895442009
0.07404933124780655
0.7204928398132324
0.9919566512107849
0.01118147186934948
0.04971880465745926
0.004909996874630451
0.03133877366781235
0.005200571846216917
0.015518504194915295
0.011530567891895771
0.4943429231643677
0.23806633055210114
0.30795660614967346
0.002044674474745989
0.02785859815776348
0.03433407098054886
0.08373240381479263
0.010310820303857327
0.03904857859015465
0.1389138251543045
0.34799689054489136
0.0837644711136818
0.09043215960264206
0.0015724076656624675
0.442120760679245
1.0287177562713623
1.2589045763015747
0.6074156761169434
0.42701372504234314
0.009830075316131115
0.16165097057819366
0.013241449370980263
0.031127989292144775
0.00845778826624155
0.02947503887116909
0.03011031448841095
0.1146819144487381
0.006694818381220102
0.017238575965166092
0.00329875061288476
0.0138604287058115
0.01891058124601841
0.07731961458921432
0.21267485618591309
0.22525493800640106
0.005592709872871637
0.10986935347318649
0.006432367023080587
0.2511591911315918
0.14761555194854736
0.2941156327724457
0.18280407786369324
0.34732478857040405
0.04904451593756676
0.4976636469364166
0.024025343358516693
0.058141060173511505
0.5303475260734558
0.36723610758781433
0.12635746598243713
1.6204637289047241
0.10939954966306686
0.2458634227514267
0.01856343261897564
0.11302675306797028
0.0015887743793427944
0.01356440968811512
0.6639069318771362
0.4906102120876312
0.02209736965596676
1.1121121644973755
0.005860257428139448
0.015743283554911613
0.00710888858884573
0.09132084995508194
0.000753269821871072
0.10210329294204712
0.028484797105193138
0.08061929047107697
0.04064223915338516
0.059456609189510345
0.016395289450883865
0.048009052872657776
0.035163577646017075
0.14157219231128693
0.07501383870840073
0.4895690381526947
0.06871244311332703
1.1045424938201904
1.198752760887146
2.1117875576019287
0.5348993539810181
2.1338441371917725
0.26444822549819946
2.0358376502990723
0.02645796351134777
0.13476626574993134
0.542203426361084
0.4289196729660034
0.4707094728946686
0.5134469270706177
0.08660547435283661
0.18080858886241913
0.023412644863128662
0.2936447560787201
0.005506844725459814
0.044076841324567795
0.015526803210377693
0.06775465607643127
0.022936545312404633
0.24959969520568848
0.0151407141238451
0.4028012156486511
0.07801440358161926
0.3730798661708832
0.02933293581008911
0.12531651556491852
0.030301963910460472
0.1153850331902504
0.07462437450885773
0.7639698386192322
0.0270374808460474
0.3892907500267029
0.00471085961908102
0.03411697596311569
0.4384972155094147
0.07912486046552658
0.03952128067612648
0.15360967814922333
0.001908789505250752
0.10739316046237946
0.0012404893059283495
0.07310078293085098
0.0045317537151277065
0.030034629628062248
0.05990235134959221
0.5578275918960571
0.06608176231384277
0.3881421387195587
0.13782647252082825
0.5733116865158081
0.14685511589050293
1.1008840799331665
0.0199754536151886
1.7635997533798218
0.25798508524894714
0.1844373345375061