0.10639923810958862
0.16095218062400818
0.16093949973583221
0.16753751039505005
0.1721879094839096
0.10960008949041367
1.7659653425216675
0.15444229543209076
0.3045194745063782
0.2981880009174347
0.029877711087465286
0.13743890821933746
0.010561489500105381
0.025579184293746948
0.006636278238147497
1.9886983633041382
0.06223934143781662
0.042944569140672684
0.00816129520535469
1.8730889558792114
0.0015376538503915071
0.01626824028789997
0.0013120649382472038
0.025875110179185867
0.0037058659363538027
0.025795860216021538
1.8400243520736694
0.014692571945488453
0.0028244871646165848
0.02462291531264782
1.6202032566070557
0.009525114670395851
0.10381432622671127
0.13728366792201996
0.15890173614025116
0.16352121531963348
0.000983077916316688
0.029498934745788574
0.0009709654259495437
0.003128457348793745
0.09184529632329941
0.1727546751499176
0.002530462574213743
0.0031756218522787094
0.01567554660141468
0.01927957870066166
0.5888715386390686
0.048501379787921906
1.0190273523330688
0.6707330346107483
0.19233474135398865
0.21566545963287354
0.0036256504245102406
0.03214545175433159
0.0032061170786619186
0.011232730001211166
0.003142046742141247
0.03354653716087341
0.0014499833341687918
0.004416292533278465
0.003057759255170822
0.0454140305519104
0.007803230080753565
1.9056788682937622
0.015402130782604218
0.13650481402873993
0.006160059943795204
0.19366638362407684
0.0015205733943730593
0.008270816877484322
0.0011259253369644284
0.009190364740788937
0.007330595050007105
0.016838321462273598
0.03791647404432297
0.0532614067196846
0.020739752799272537
0.04449905827641487
1.8734413385391235
0.008062131702899933
0.0069168731570243835
0.03574461117386818
1.2222336530685425
0.007386572193354368
0.01025767158716917
0.04006415978074074
0.0008234844426624477
0.0024389091413468122
0.1895582526922226
0.28061652183532715
0.05030835419893265
0.11418479681015015
0.004925984889268875
0.02371932379901409
0.006788917817175388
0.031695831567049026
0.014992509968578815
0.14274108409881592
0.14176629483699799
1.9219013452529907
0.09134127199649811
0.13070818781852722
0.3720320165157318
0.27890172600746155
0.002865704707801342
0.027423128485679626
0.0009519635932520032
0.0010377148864790797
0.0038604391738772392
0.008740290999412537
0.0017422864912077785
0.00466320151463151
0.0046587614342570305
0.02117413654923439
0.001553814858198166
0.016892194747924805
0.029352281242609024
0.407098650932312
1.374961256980896
0.08511315286159515
0.011541995219886303
0.05859534069895744
0.006656329147517681
0.006520927883684635
0.003601179225370288
0.04094971716403961
0.0014461221871897578
0.04750985652208328
0.012225726619362831
0.11916527897119522
0.0026806574314832687
0.34112119674682617
0.02124277502298355
0.007392851635813713
0.003911206964403391
0.005696723237633705
0.013806602917611599
0.0385461188852787
0.0032904092222452164
0.02781265787780285
0.02795392833650112
0.040607381612062454
0.004168295301496983
0.006451117340475321
0.02525985613465309
0.019810274243354797
0.011516891419887543
0.011938877403736115
0.001069648191332817
0.034507136791944504
0.0009830263443291187
0.009321224875748158
0.012569299899041653
0.1831934005022049
0.7002707123756409
2.414503335952759
0.005404316820204258
0.20470957458019257
0.00411042058840394
0.03314734622836113
0.037086326628923416
0.12176913022994995
0.010114512406289577
0.01625191979110241
0.01329345628619194
0.09144400805234909
0.006194431334733963
0.035746414214372635
0.01573844999074936
0.08826693147420883
0.0005807029083371162
0.0011317901080474257
0.0029623403679579496
0.08746898919343948
0.3432689905166626
2.297652244567871
0.15632829070091248
0.07468334585428238
1.640159249305725
0.05878421291708946
0.0020694793201982975
0.023587247356772423
0.529238760471344
2.0740292072296143
0.02068738453090191
0.03973875194787979
0.0105235381051898
0.08111994713544846
0.002492992440238595
0.004174248781055212
0.0013673844514414668
0.002496688859537244
0.01726299151778221
0.025407930836081505
0.37652093172073364
1.7796318531036377
0.253379225730896
0.3034210503101349
0.039743583649396896
0.04350263997912407
0.008547315374016762
0.08580915629863739
0.00777438422665
0.006219846662133932
0.07817167788743973
0.10007806122303009
0.010990952141582966
1.818480134010315
0.05267831310629845
0.024826932698488235
0.005340223666280508
0.05236734449863434
0.0061608366668224335
0.04825255647301674
0.3745110034942627
2.0250625610351562
0.0013289868365973234
0.0033533803652971983
0.0040407548658549786
1.9383875131607056
0.0023386531975120306
0.008654146455228329
0.0007279161363840103
0.012425199151039124
0.45431748032569885
0.45067930221557617
0.17531447112560272
0.073821060359478
0.3345276713371277
0.21864326298236847
0.012995592318475246
0.03003765642642975
0.22607779502868652
0.22537432610988617
0.06817525625228882
1.9391744136810303
0.1783987283706665
0.11063124984502792
0.07001697272062302
0.05236142873764038
0.022438116371631622
0.02771162800490856
0.0018110084347426891
0.0074762748554348946
0.07388713210821152
0.05237388238310814
0.02320803701877594
1.8945800065994263
0.07296013832092285
0.49087095260620117
1.1025062799453735
2.183314085006714
0.828761100769043
0.46143388748168945
0.25258752703666687
0.29670459032058716
0.041454147547483444
0.05217725783586502
0.001733032171614468
0.003906446509063244
0.001667002565227449
0.0048527223989367485
1.7371124029159546
0.011033092625439167
0.010020111687481403
0.0176830030977726
0.011170027777552605
0.015952888876199722
0.02675226330757141
0.008831208571791649
0.1749531477689743
2.021599769592285
0.08219297230243683
0.11812261492013931
0.1745462566614151
0.18057221174240112
0.01792662777006626
0.0550515241920948
0.001339856768026948
0.023658467456698418
0.0025441155303269625
0.03617236390709877
0.0012239692732691765
0.006434569600969553
0.2994995713233948
0.08017012476921082
0.045342039316892624
0.07007863372564316
0.3616248369216919
0.3517424762248993
0.025268733501434326
2.01995587348938
0.022324049845337868
0.26870113611221313
0.010655871592462063
0.07291609048843384
0.001579868490807712
0.06804925203323364
0.0009347263840027153
0.001697252388112247
0.0036342260427773
0.03282209113240242
0.0010200068354606628
0.0028766633477061987
0.003962566144764423
0.15830360352993011
0.0013522813096642494
0.005349800921976566
0.040305446833372116
0.0944771096110344
0.09690362215042114
0.3466816246509552
1.6192926168441772
0.06065938621759415
0.020593786612153053
0.006458058953285217
0.004460213705897331
0.013779924251139164
0.029787052422761917
0.04604208841919899
0.0526508167386055
0.0649980679154396
0.0045353714376688
0.022713860496878624
0.004917028360068798
1.8526619672775269
0.038137037307024
0.056169673800468445
0.005505724810063839
0.038766589015722275
0.010912057012319565
0.08755404502153397
0.005293505731970072
2.1685519218444824
0.03362814337015152
0.21381652355194092
0.01343064196407795
0.02603393793106079
0.036912571638822556
0.0851479098200798
0.004106548149138689
0.01883723959326744
0.0030379437375813723
0.031849343329668045
0.22863875329494476
1.9150793552398682
0.02907947637140751
0.02510380558669567
0.12937335669994354
0.020415859296917915
0.014339770190417767
0.02233269065618515
0.00432294188067317
0.030878683552145958
0.14209604263305664
0.1703610122203827
0.01227287482470274
0.028474954888224602
0.022109463810920715
0.10798267275094986
0.005759632680565119
0.01807936653494835
0.001783854910172522
0.11285578459501266
0.00200547743588686
0.008279412984848022
0.853458821773529
1.0001782178878784
0.1962869018316269
0.17969004809856415
0.007508625276386738
0.013760389760136604
0.8670539259910583
0.005699948873370886
0.002282073488458991
0.11596424132585526
0.015107532031834126
1.7931690216064453
1.0170061588287354
0.8795540928840637
0.5278396010398865
0.3569147288799286
0.004245066083967686
0.08138353377580643
0.0035573188215494156
0.0057357847690582275
0.021986864507198334
0.07983364909887314
0.002775829052552581
0.032575950026512146
0.004024865571409464
0.006901679094880819
0.2759125530719757
0.031982630491256714
0.002372412709519267
0.15276701748371124
0.0021869742777198553
0.006365260574966669
0.005474134813994169
0.05178418755531311
0.0032764505594968796
0.011087935417890549
0.005215577315539122
0.022161556407809258
0.003749354276806116
1.896279215812683
0.0017158577684313059
0.019044723361730576
0.001100805471651256
0.013470420613884926
0.9371378421783447
1.0197031497955322
0.3722299337387085
0.620518684387207
0.00939887948334217
0.011243297718465328
0.0012720965314656496
0.0063419342041015625
0.0063460166566073895
0.2273900806903839
0.0010756803676486015
0.0013082843506708741
0.007153819780796766
0.016038114205002785
0.07913653552532196
0.1505008190870285
0.11090467125177383
0.23111999034881592
0.007600569631904364
0.45947226881980896
0.00234905700199306
0.012241638265550137
0.07271389663219452
0.10425790399312973
0.0006438137497752905
0.0013494694139808416
0.3793144226074219
0.638542115688324
0.02666282095015049
1.9839897155761719
0.0015606030356138945
0.01106608659029007
0.0024711035657674074
1.4467474222183228
0.003092039842158556
0.02434333600103855
0.00137910561170429
0.010517223738133907
0.3513907194137573
0.36765387654304504
0.09923621267080307
0.09455227106809616
0.07789810746908188
0.12750449776649475
0.05962970107793808
0.03453095257282257
0.03176845982670784
0.06352576613426208
0.02098373882472515
0.07020189613103867
0.06701838225126266
0.04392509162425995
0.009572863578796387
0.012154563330113888
0.0051191323436796665
0.01852588728070259
0.003356844186782837
0.02428257465362549
0.007227214053273201
0.007350383326411247
1.231255054473877
0.6688193082809448
0.07107963413000107
0.13362674415111542
0.004369268659502268
0.06330787390470505
0.004164289683103561
0.019482923671603203
0.009046879597008228
0.00896195787936449
0.001683842041529715
0.006004028487950563
0.0027682047802954912
0.008228261955082417
0.31482353806495667
2.168329954147339
0.056588564068078995
0.10631200671195984
0.7299498915672302
0.06070650741457939
0.0036131474189460278
0.025492049753665924
1.5112804174423218
0.020055685192346573
0.007125259842723608
0.10202222317457199
0.0025349692441523075
0.004360222723335028
0.03570074588060379
0.3510324954986572
0.028127605095505714
0.04718662053346634
0.08007702976465225
0.10339339077472687
0.4715336263179779
2.0100600719451904
0.2175198495388031
0.2789497375488281
0.38246628642082214
0.28325772285461426
0.006181778851896524
0.0801611989736557
0.0027535813860595226
0.009847564622759819
0.0448322556912899
0.07125665992498398
0.008942912332713604
0.035873301327228546
0.0024850552435964346
0.03372585028409958
0.0006562775815837085
0.0043669710867106915
0.003266186686232686
0.12199856340885162
0.001546229817904532
0.0012928441865369678
0.01242920570075512
0.01098200585693121
0.0034639709629118443
0.0129326106980443
0.0038796269800513983
0.04143340513110161
0.0022849615197628736
1.288346529006958
0.0411914587020874
0.10252148658037186
0.0016364805633202195
0.02384430170059204
0.0006446923362091184
0.0013674338115379214
0.04429477080702782
0.11282508820295334
0.006403959821909666
0.02270486392080784
0.001861675875261426
0.03845544159412384
0.4251350462436676
2.054978847503662
0.005909204017370939
0.018114406615495682
0.4449693262577057
1.8588106632232666
0.1145859956741333
0.06373033672571182
0.033151254057884216
0.04448705539107323
0.10554110258817673
0.1832854449748993
0.3812015950679779
2.028843879699707
0.002746879355981946
0.051376331597566605
0.002460500691086054
0.004177653696388006
0.010072330944240093
0.04618896171450615
0.004807543475180864
0.013363934122025967
0.16252316534519196
0.49424925446510315
0.1699817031621933
0.2347274124622345
0.021722009405493736
0.045888591557741165
0.004969977308064699
0.007857091724872589
0.011589010246098042
0.026295537129044533
0.011789510026574135
0.009487117640674114
0.011152585037052631
0.11271478235721588
0.016835758462548256
0.12380730360746384
0.3962092995643616
0.6928121447563171
0.06460662931203842
1.919503092765808
0.012480394914746284
0.18550658226013184
0.0034086115192621946
0.007725508417934179
0.12498144060373306
0.10090899467468262
0.4925078749656677
2.2998874187469482
0.07964532822370529
0.12831398844718933
0.010349738411605358
0.023829324170947075
0.0016112959710881114
0.025043869391083717
0.002148665953427553
1.9734395742416382
0.004470923449844122
0.02231488935649395
0.0008234918932430446
0.003378917695954442
0.0022422559559345245
0.11979512125253677
0.00289364461787045
1.7320514917373657
0.2365511804819107
0.43699440360069275
0.09744048863649368
0.33186835050582886
0.04699196666479111
0.14999890327453613
1.440935492515564
0.04961169883608818
0.003204143140465021
0.34041628241539
0.0021556306164711714
2.0739972591400146
0.016368716955184937
0.0533861443400383
0.03523402288556099
0.1630607396364212
0.008382294327020645
2.4350595474243164
0.23435015976428986
0.5315805673599243
0.014334652572870255
0.012101908214390278
0.001978912390768528
0.15790265798568726
0.001969128381460905
0.10614378750324249
0.0009651537984609604
0.0012328302254900336
0.5650457143783569
1.2300385236740112
0.9829756617546082
0.0771353542804718
0.0025972432922571898
0.009070027619600296
0.0013670431217178702
0.00675119087100029
0.015070701949298382
0.03173719719052315
0.024436792358756065
0.014676245860755444
0.0015213604783639312
0.005447315983474255
0.001870700973086059
0.005999814253300428
0.04731963202357292
0.04455064237117767
0.9275490045547485
0.0263028796762228
0.046154316514730453
0.7361635565757751
0.0040615517646074295
1.9134684801101685
0.00661873072385788
0.026088152080774307
0.0026043092366307974
0.007319153286516666
0.03724558278918266
0.25113925337791443
0.00268987356685102
0.0034164574462920427
0.04952108487486839
0.02446570061147213
0.017064739018678665
0.01653662882745266
0.006067184265702963
0.14949265122413635
0.002453460358083248
0.009434262290596962
0.0017206779448315501
0.03381667658686638
0.0015487201744690537
0.007733962964266539
0.010027281008660793
0.0383714996278286
0.01445365697145462
0.012236103415489197
0.001968700671568513
0.01596697047352791
0.0009752886253409088
0.0019551722798496485
0.003135093254968524
0.008144431747496128
0.022909807041287422
0.05843782052397728
0.004723486490547657
0.007620677351951599
0.2505035698413849
0.23148219287395477
0.45875951647758484
1.9970389604568481
0.005929999053478241
0.02803124487400055
0.0024555388372391462
0.007180762942880392
0.0858737975358963
0.05654270201921463
0.02729133330285549
0.04434369131922722
1.7873165607452393
0.03570593520998955
0.007789315190166235
0.03673821687698364
0.002988964319229126
0.009139259345829487
0.0034376911353319883
0.23685018718242645
0.00118180678691715
0.004683865234255791
0.009351599961519241
0.3043501079082489
0.01734897680580616
0.16665974259376526
0.3423362970352173
0.18144570291042328
0.011180109344422817
0.029483219608664513
0.003771788440644741
0.15083640813827515
0.0019949916750192642
0.013247084803879261
0.022541992366313934
0.6777113676071167
0.0029938986990600824
0.21696549654006958
0.15890374779701233
0.32898595929145813
0.0016565141268074512
0.024288062006235123
0.006045773159712553
0.28392496705055237
0.00347468676045537
0.003875975264236331
0.4036301076412201
0.5282424092292786
0.39583131670951843
0.39115944504737854
0.03702292591333389
0.06182820349931717
0.025099022313952446
1.4302858114242554
0.013857163488864899
0.35048094391822815
0.0009239907376468182
0.001471037045121193
0.002075847005471587
0.02069244347512722
0.002766628051176667
0.009700010530650616
0.06220776215195656
0.11764975637197495
1.1117748022079468
2.5219833850860596
0.001846842234954238
0.004239188507199287
0.0017456159694120288
0.0024051330983638763
0.017380766570568085
0.07047875970602036
0.013421833515167236
0.02551392652094364
0.002528173616155982
0.006585591938346624
0.000841085915453732
0.005552980583161116
0.09607657045125961
0.13309839367866516
1.7929975986480713
0.06245555356144905
0.0011656706919893622
0.014979234896600246
0.0014369534328579903
0.010523604229092598
0.009352486580610275
0.030582139268517494
0.03616631403565407
0.04339202493429184
0.18396346271038055
0.24199163913726807
0.10642766952514648
0.06658213585615158
0.02907397225499153
0.4643494486808777
0.00459816912189126
0.010037931613624096
0.4666457772254944
2.3805038928985596
0.05956021696329117
0.10054629296064377
0.006827801000326872
0.008800460025668144
0.3193536698818207
0.45062145590782166
0.5353075265884399
0.5179604291915894
0.07528584450483322
0.037291329354047775
0.004104615654796362
0.029439765959978104
0.027131181210279465
0.08811485767364502
0.01981571689248085
0.11253209412097931
0.0024057463742792606
0.03098597191274166
0.0012055858969688416
0.001910230959765613
0.002015553181990981
0.004936921875923872
0.0011769081465899944
0.0036357524804770947
0.043015871196985245
0.04370051249861717
0.006833185907453299
0.01974712312221527
0.004492844920605421
0.15587371587753296
0.001732940087094903
0.0025179251097142696
0.14773665368556976
0.09037554264068604
0.48189693689346313
1.9202139377593994
0.29629966616630554
0.19235607981681824
0.7256902456283569
0.5817497372627258
0.11648914217948914
0.08909107744693756
1.3850990533828735
0.21002629399299622
0.29966580867767334
0.23026321828365326
0.30911698937416077
0.17860162258148193
1.2781060934066772
1.3265892267227173
0.7864599227905273
1.1346981525421143
0.029823658987879753
0.036310967057943344
1.4408148527145386
0.026888269931077957
0.274520605802536
0.41287925839424133
0.49656423926353455
1.8237437009811401
0.005927100777626038
0.021548081189393997
0.0008660830790176988
0.011710320599377155
0.00703900121152401
0.0887516662478447
0.0022224041167646646
0.26374268531799316
0.012975655496120453
0.054439421743154526
0.00289762276224792
0.2080611288547516
0.7345368266105652
0.6534009575843811
0.09707803279161453
0.10718487948179245
0.36036208271980286
0.5969439744949341
0.3867488503456116
0.5700669288635254
0.04016272723674774
0.2496432363986969
0.22190949320793152
1.952799916267395
0.007235565222799778
0.059468455612659454
0.013673936016857624
0.06787838041782379
0.07461376488208771
0.22340324521064758
0.04931904748082161
0.08082621544599533
0.01681717485189438
0.08984838426113129
0.33844637870788574
0.055155590176582336
0.02976537123322487
0.09210879355669022
0.028179574757814407
0.012329896911978722
0.014148980379104614
0.03566795215010643
0.003632680047303438
0.01891091838479042
0.016833430156111717
0.11615326255559921
0.0007186586153693497
0.040971774607896805
0.020240729674696922
0.22551587224006653
0.008843769319355488
0.02373727783560753
0.010478445328772068
0.289675772190094
0.21607285737991333
2.3670363426208496
0.003093264065682888
0.011361401528120041
1.042839765548706
0.014985489659011364
0.0045347572304308414
0.2350555807352066
1.559031367301941
0.024082934483885765
0.005364921875298023
0.09268555790185928
0.003374792169779539
0.008041943423449993
0.29547831416130066
0.5078064799308777
1.4016064405441284
0.17015738785266876
0.012462071143090725
0.030014703050255775
0.004392628557980061
0.008584674447774887
0.014373483136296272
0.006493072956800461
0.024142546579241753
0.05842965841293335
0.008800217881798744
0.06657818704843521
0.011407538317143917
0.09874916076660156
0.006551295518875122
0.025010285899043083
0.006022169720381498
0.08090433478355408
0.8696831464767456
0.010922105982899666
0.003973806742578745
0.010235433466732502
0.002496646484360099
0.00755650270730257
0.011994759552180767
0.07364761829376221
0.0017341155325993896
0.0038801662158221006
0.056414421647787094
0.11094047129154205
0.000830081116873771
0.00351171987131238
0.0040797577239573
0.004666673485189676
0.000978185678832233
0.009312584064900875
0.045249082148075104
0.013977103866636753
1.738521695137024
0.1561669558286667
0.002217096509411931
0.015472284518182278
0.42873522639274597
1.6721341609954834
1.2270601987838745
1.2166639566421509
1.055282711982727
1.0331250429153442
0.022161534056067467
0.016748705878853798
0.006556560285389423
0.009879644960165024
0.009032493457198143
0.029058212414383888
0.0021131467074155807
0.005051834974437952
0.016397524625062943
0.02191575989127159
0.007456405553966761
0.042425211519002914
0.005712273996323347
0.25183752179145813
0.022126004099845886
2.0675113201141357
0.009769880212843418
0.06539563834667206
1.3565008640289307
0.10167089849710464
0.0028787546325474977
0.035992518067359924
0.001291582710109651
0.0027799818199127913
0.0554361455142498
0.050137024372816086
1.2578020095825195
0.03871618211269379
0.017911827191710472
0.02741134539246559
0.12533867359161377
0.06945695728063583
0.0011746390955522656
0.006142184138298035
0.733824610710144
1.7000072002410889
0.012734169140458107
0.1736515909433365
0.011225397698581219
0.022223616018891335
0.003705662442371249
1.716178297996521
0.04403430223464966
0.013001294806599617
0.00292827351950109
0.023484686389565468
0.005259443074464798
0.024850282818078995
0.0012379024410620332
0.0020652757957577705
0.0026024249382317066
0.008933136239647865
0.7552794814109802
2.529690742492676
0.8096949458122253
0.8730835914611816
1.466759204864502
0.20208068192005157
0.007574623916298151
0.015446959063410759
0.0018114388221874833
0.0061164977960288525
0.003659229027107358
0.022905759513378143
0.004182678181678057
0.03013700246810913
0.043466806411743164
0.02768721990287304
0.006462148856371641
1.7372806072235107
0.0014569252962246537
0.03814779222011566
0.0010935449972748756
0.0015622293576598167
0.014017904177308083
0.3024766445159912
2.217785120010376
0.21902455389499664
0.011645202524960041
0.11741864681243896
0.004743101075291634
0.0072006783448159695
0.058451924473047256
0.09519849717617035
0.10496343672275543
0.5815802216529846
0.0008098777616396546
0.025175780057907104
0.02129974216222763
0.06348782032728195
0.011515981517732143
0.01901237480342388
0.05406422168016434
0.031160149723291397
0.009985937736928463
0.14655588567256927
0.7840752601623535
0.9477385878562927
0.8796159029006958
1.9006710052490234
0.36377912759780884
0.36049360036849976
0.19419829547405243
0.10901697725057602
0.01530308835208416
0.0981483906507492
0.00563883688300848
0.011236274614930153
0.23431897163391113
0.1576174646615982
0.9167003035545349
0.026812979951500893
0.03347840905189514
0.08092591911554337
0.0070678130723536015
0.01405667420476675
0.005127335898578167
0.12250687927007675
0.016603775322437286
0.020187918096780777
0.004374880809336901
0.007738818880170584
0.005826063919812441
0.024167539551854134
1.035422682762146
2.7276017665863037
0.0048890262842178345
0.2512669265270233
0.0038843632210046053
0.010267443023622036
0.06572640687227249
0.03538418561220169
0.04225529357790947
0.02909778617322445
0.018199685961008072
0.05036650970578194
0.03853829577565193
0.034362293779850006
0.028456812724471092
0.08089229464530945
0.966061532497406
0.032641686499118805
0.025116203352808952
0.030793016776442528
0.012076406739652157
0.0743173360824585
0.8454924821853638
0.8124081492424011
0.057903267443180084
0.03228285536170006
0.0006975221331231296
0.07191815972328186
1.2165871858596802
0.004395799245685339
0.0010986645938828588
0.026157401502132416
0.001320298295468092
0.01903267577290535
0.0050917682237923145
0.06124178692698479
0.0020241409074515104
0.0034118343610316515
0.5177693963050842
0.19716913998126984
0.0014839075738564134
0.002431505126878619
0.00534055894240737
0.010182897560298443
0.0017371010035276413
0.0028889519162476063
0.014734013006091118
0.004411813337355852
0.009905439801514149
0.046091556549072266
0.42652201652526855
2.415560007095337
0.02647402323782444
0.06119702011346817
0.001005614292807877
0.002117833821102977
0.07275178283452988
0.12283821403980255
0.5072483420372009
0.014415408484637737
0.577066957950592
0.5690726041793823
0.2214994579553604
1.7664463520050049
0.20926666259765625
0.1260623186826706
0.5800292491912842
1.7528196573257446
0.012541249394416809
0.011710350401699543
0.002641531405970454
0.006822161376476288
0.023419028148055077
0.027184560894966125
0.07441823929548264
0.04797001928091049
0.001089635887183249
0.005050577688962221
0.20749901235103607
1.847878098487854
0.2658355236053467
0.13413135707378387
0.0695335790514946
0.06884235888719559
0.008514780551195145
0.00813030544668436
0.0032614448573440313
0.019471444189548492
0.003383144736289978
0.013586655259132385
0.007665109820663929
1.820880651473999
0.07268544286489487
0.12881289422512054
0.030275318771600723
0.027011876925826073
0.04559318721294403
0.05104689672589302
0.012320137582719326
0.00975732784718275
0.7247769236564636
0.7131915092468262
0.35687270760536194
0.288565993309021
0.02546856552362442
0.010522154159843922
0.021755710244178772
0.03029782511293888
0.002105039544403553
0.023175152018666267
0.0015253033488988876
0.003067839192226529
0.0030893271323293447
0.1635936051607132
0.0020527627784758806
0.006808928679674864
0.8976308703422546
0.8880305290222168
0.9557723999023438
0.5538414120674133
0.1301185041666031
0.23820607364177704
0.04638465493917465
1.9566980600357056
0.001823791186325252
0.01978466287255287
0.19237391650676727
1.8019940853118896
0.00154135562479496
0.0038515329360961914
0.0010366046335548162
0.001101950416341424
0.05172637104988098
0.10063549131155014
0.004343883600085974
0.0044240402057766914
0.01802951842546463
0.03920035436749458
0.012921320274472237
2.235740900039673
0.03707396611571312
0.12296953052282333
0.7143368721008301
0.026219720020890236
0.0037212271708995104
0.00931431446224451
0.004548071883618832
0.08577852696180344
0.010490940883755684
0.02514697052538395
0.0025688172318041325
0.0054382504895329475
0.0023344506043940783
0.003311403561383486
0.0017046662978827953
0.001920901471748948
0.002927518682554364
0.0134170176461339
0.001961525296792388
0.0193485040217638
0.005630672909319401
0.01938379555940628
0.006420434452593327
0.006878019776195288
0.08064832538366318
0.0730682834982872
0.4663824737071991
2.307281255722046
0.015603381209075451
0.015588231384754181
0.01465561892837286
0.020933404564857483
0.06142713874578476
0.04755648970603943
0.0012173214927315712
0.030577942728996277
0.006169076077640057
0.050092797726392746
0.051308728754520416
0.06699039787054062
1.4223294258117676
0.030572449788451195
0.006651437375694513
0.20181499421596527
0.004005188122391701
0.011246554553508759
0.10566025972366333
0.035333435982465744
0.024883845821022987
0.013938160613179207
0.0040962789207696915
0.05318666622042656
0.0020750893745571375
0.010758480988442898
0.012176930904388428
0.20963548123836517
1.891187310218811
0.051903046667575836
0.05962603911757469
0.08726213872432709
0.007803375832736492
1.8489859104156494
0.033240318298339844
0.051068197935819626
1.784695029258728
0.043727993965148926
0.07464759796857834
0.17778579890727997
0.013323621824383736
0.015375861898064613
0.0032127255108207464
0.01616141013801098
0.2250814586877823
0.022978106513619423
0.0014099425170570612
0.10083577781915665
0.0014546007150784135
0.007089932914823294
0.06435202807188034
0.06439047306776047
0.000750333012547344
0.015368938446044922
0.1469298005104065
0.15684619545936584
0.0055389502085745335
0.01407394278794527
0.02305068075656891
0.07515949755907059
1.7188283205032349
0.015289263799786568
0.012098557315766811
0.03213261067867279
0.35067930817604065
1.8070367574691772
0.016239676624536514
0.05435272678732872
0.012898096814751625
0.05146871134638786
0.004503612872213125
0.07522635906934738
0.009321832098066807
2.124744176864624
0.00433411356061697
0.03191502392292023
0.016459902748465538
2.5241634845733643
0.02521958015859127
0.34257757663726807
0.005106477066874504
0.10429927706718445
0.006812302861362696
0.019333267584443092
0.004246972035616636
0.0033772543538361788
0.11908041685819626
0.11219416558742523
0.04733681306242943
0.042420633137226105
0.3180457055568695
0.2663903832435608
0.07085108011960983
1.7658087015151978
0.017238084226846695
0.08752034604549408
0.0017570091877132654
0.006630281452089548
0.0013983417302370071
0.04793497920036316
0.0019520452478900552
0.037065088748931885
0.03458094596862793
0.09491031616926193
0.010897885076701641
0.02933906577527523
0.008565783500671387
0.007885058410465717
0.05570017173886299
0.2608375549316406
0.9730892777442932
2.5467371940612793
0.0016812030225992203
0.014285421930253506
0.0068246545270085335
0.061570387333631516
0.002590879099443555
0.040759582072496414
0.0014516250230371952
0.002143081044778228
0.0026474844198673964
0.0235359575599432
0.0033155553974211216
0.007013364229351282
0.00830397941172123
0.21941892802715302
0.008149673230946064
0.020674340426921844
0.6618792414665222
0.26288866996765137
0.054483164101839066
0.06567105650901794
0.3654073476791382
0.08624138683080673
0.09722686558961868
1.9863128662109375
0.0022689250763505697
0.012624499388039112
0.0010384003398939967
0.003587912069633603
0.0015995465219020844
0.009044796228408813
0.002661187667399645
1.6956983804702759
0.20065836608409882
0.2350843995809555
0.4228575527667999
2.2280125617980957
0.0084177665412426
0.03417668864130974
0.13913962244987488
1.7491143941879272
0.03838440403342247
0.13209770619869232
0.0057156807743012905
0.007325675804167986
0.0029824546072632074
0.012003382667899132
1.0288095474243164
0.02552715316414833
0.33987078070640564
0.2252815067768097
0.18124035000801086
0.09434084594249725
0.07524754852056503
0.05875149741768837
0.017860841006040573
0.016158677637577057
0.16345269978046417
0.26083457469940186
0.048821114003658295
0.08186649531126022
0.00842917151749134
0.10797137767076492
0.003518732963129878
0.004501311108469963
0.08972778916358948
0.07332868874073029
0.009794317185878754
0.012407957576215267
0.02962055802345276
0.09501039236783981
0.02056450955569744
0.0457533560693264
0.007092439569532871
0.047911129891872406
0.054831117391586304
0.12249815464019775
0.06479530781507492
0.07300888746976852
0.054853178560733795
0.006565042305737734
0.007434224244207144
1.909803032875061
0.004356617573648691
0.49922308325767517
1.412729263305664
0.003969790413975716
0.005212285555899143
0.019771888852119446
0.29462936520576477
2.045203447341919
0.5701928734779358
0.40381094813346863
0.19911088049411774
0.4069995582103729
0.2620247006416321
0.2943972647190094
0.025874948129057884
1.7208677530288696
0.014283567667007446
0.025543449446558952
0.8825781345367432
0.006037161685526371
0.012025918811559677
0.13982045650482178
0.2584269344806671
0.11122282594442368
0.04702185094356537
0.037064097821712494
0.0010611668694764376
0.002066360553726554
0.005639254581183195
0.0773075744509697
0.002956882817670703
0.003881506621837616
0.019895505160093307
0.046580683439970016
0.004617518279701471
0.012111105024814606
0.022749489173293114
0.047929320484399796
0.0015932138776406646
0.022693246603012085
0.000840124033857137
0.002091597532853484
0.061979856342077255
0.3892248868942261
0.006175886373966932
0.013753751292824745
0.005024945829063654
0.010374655947089195
1.8248329162597656
0.08851464837789536
0.009249655529856682
0.08687644451856613
0.338531494140625
2.032677412033081
0.13747915625572205
0.12513695657253265
0.14901050925254822
0.09968134015798569
0.010946458205580711
0.019581802189350128
0.01297020073980093
0.013662663288414478
0.005927328020334244
0.01312605757266283
0.004851086530834436
0.023688817396759987
0.009900346398353577
0.4730205535888672
1.1820536851882935
0.14073719084262848
0.003488349262624979
0.028128474950790405
0.22374983131885529
0.11112844198942184
0.011104698292911053
0.030193885788321495
0.3766448497772217
2.0827674865722656
0.029087558388710022
0.011663605459034443
0.0145115340128541
0.01221900898963213
0.007216454483568668
0.12148866802453995
0.0016503336373716593
0.0055161649361252785
0.024396361783146858
0.01693873293697834
0.0009930059313774109
0.003415051382035017
0.012472325935959816
0.02960248291492462
0.010633976198732853
0.10488826781511307
0.006254997104406357
0.19106923043727875
0.004194363486021757
0.021856945008039474
0.004244298208504915
0.03884999454021454
0.004476141184568405
0.18299902975559235
0.8769577145576477
0.006692997645586729
0.00161206244956702
0.03843338415026665
0.0006289298762567341
0.004451161250472069
0.016595566645264626
0.03357302397489548
0.009309166111052036
1.8628454208374023
0.004167839884757996
0.04468677565455437
0.0035226065665483475
0.043210335075855255
0.06317035853862762
0.4933738112449646
3.003615379333496
0.22880801558494568
0.02577415108680725
0.1401733011007309
0.0005765771493315697
0.008674643002450466
0.006552394479513168
0.12741485238075256
1.3950440883636475
0.007612613029778004
0.0028653470799326897
0.009059257805347443
0.0036627319641411304
0.025720898061990738
0.005758361425250769
0.031416844576597214
0.004939311649650335
0.009720083326101303
0.0026583911385387182
0.004272032529115677
0.011226783506572247
0.031806983053684235
0.004422467667609453
0.01241228636354208
0.009568438865244389
0.009494041092693806
0.020546024665236473
0.03206296265125275
0.05122936889529228
0.04693187400698662
0.00087516795611009
0.007543861400336027
0.11840467900037766
0.16211672127246857
2.1050257682800293
0.011932481080293655
0.011996645480394363
0.0070908768102526665
0.019171420484781265
0.08962183445692062
0.017214421182870865
0.050519417971372604
0.007924893870949745
0.025089800357818604
0.0007846436928957701
0.03937924653291702
0.0038264633622020483
0.15077704191207886
0.0010164976119995117
0.0014347464311867952
0.039247818291187286
0.05885026603937149
0.0022259270772337914
0.01468062587082386
0.030196446925401688
0.025993794202804565
0.03193511441349983
0.017242364585399628
0.38449519872665405
0.3162911534309387
0.06252121925354004
0.04500580579042435
0.022735662758350372
0.05174897611141205
0.0011958314571529627
0.048367761075496674
0.0630427896976471
0.08592449128627777
0.0007382456096820533
0.010298635810613632
0.020733864977955818
0.11500030755996704
0.007744134869426489
0.05503449961543083
0.015236347913742065
0.22168107330799103
0.004569759126752615
0.016634762287139893
0.006292667239904404
0.015831533819437027
0.9187619090080261
0.026712393388152122
0.003202480496838689
0.03064313344657421
0.6552448868751526
2.1331703662872314
0.002982672303915024
0.1124148890376091
0.001124852686189115
0.0017871346790343523
0.007705929223448038
0.09312919527292252
0.009953238070011139
0.11206548660993576
0.003942730370908976
0.0073584215715527534
0.22967520356178284
0.17991869151592255
0.04146499186754227
1.2695651054382324
0.018902724608778954
0.51321941614151
0.0019125950057059526
0.01053419429808855
0.008989699184894562
0.01544613391160965
0.002401026664301753
0.009148294106125832
0.011475863866508007
0.4235680103302002
0.02303517796099186
0.04673300310969353
0.012944173067808151
0.07492431253194809
0.0017783606890588999
0.005393682513386011
0.004837986547499895
0.039888326078653336
0.0040166242979466915
0.01683160476386547
0.002898858394473791
0.11974777281284332
0.005129292141646147
0.05114976316690445
0.08715920895338058
0.13284623622894287
0.006909046322107315
0.007244078908115625
0.01072786282747984
2.026430130004883
0.004707095213234425
0.048238445073366165
0.48292747139930725
1.7537206411361694
0.0036106740590184927
0.11666084825992584
0.0023634862154722214
0.04199330136179924
0.0013988594291731715
0.015497406013309956
0.5497584342956543
1.972772240638733
0.007481493055820465
0.040285952389240265
0.0012848610058426857
0.000992491259239614
0.09537586569786072
0.11704051494598389
0.20368020236492157
0.12088610976934433
0.005491445306688547
0.11904561519622803
1.2318395376205444
0.023878030478954315
0.016524214297533035
0.1652531772851944
0.008731055073440075
0.02925129607319832
0.2689989507198334
0.1549605131149292
0.9385412335395813
0.059029676020145416
0.04033616930246353
0.08893761783838272
0.0030915343668311834
0.05783555656671524
0.03918574005365372
0.07653068006038666
0.11701171845197678
0.24734996259212494
0.041140537708997726
0.06132376194000244
0.0009793028002604842
0.001390417804941535
0.006592165678739548
0.12319961190223694
0.0028289423789829016
0.023650430142879486
0.4223240315914154
0.19974416494369507
0.5519481897354126
0.5388588309288025
0.004295149818062782
0.1405133157968521
0.002928840694949031
0.007513425778597593
0.2284529060125351
0.08655564486980438
0.08794093132019043
0.0597589910030365
0.003444601781666279
0.014025607146322727
0.8306968808174133
0.026765214279294014
0.17265161871910095
0.0657249316573143
0.23790903389453888
0.15301047265529633
0.04046669602394104
0.14110134541988373
0.017155751585960388
2.118950128555298
0.012938601896166801
0.010754546150565147
0.0034155657049268484
0.004342773463577032
0.0035555027425289154
0.031152168288826942
0.6875597834587097
1.5457524061203003
0.17820952832698822
0.7783483862876892
0.012424402870237827
2.3610260486602783
0.006443950813263655
0.020013539120554924
0.0036937615368515253
0.009944004938006401
0.330019474029541
0.1774594634771347
0.1866113543510437
0.09602873027324677
0.006098459009081125
0.053712476044893265
0.0014019879745319486
0.061789266765117645
0.026809537783265114
0.12771621346473694
0.4109865427017212
1.9319790601730347
0.019095206633210182
0.007303487975150347
0.022833965718746185
0.060168106108903885
0.007093168329447508
0.009818152524530888
0.025779983028769493
0.09173566848039627
0.015572315081954002
0.011858562938869
0.015307828783988953
0.021213993430137634
0.0036820322275161743
0.012359281070530415
0.0012342160334810615
0.0021773555781692266
0.06067157909274101
0.06553462892770767
0.45490899682044983
1.9995193481445312
0.00299803726375103
0.06043621525168419
0.0011961705749854445
0.0021796661894768476
0.22381797432899475
0.5921730995178223
0.0939449593424797
0.13651490211486816
0.0016954251332208514
0.014696578495204449
0.0011825128458440304
0.0261798445135355
0.008689685724675655
0.040255747735500336
0.006292046047747135
0.001549028092995286
0.6497223973274231
0.6828610301017761
0.6379945874214172
2.0691933631896973
0.0011681182077154517
0.32196518778800964
0.0006504518096335232
0.002113930182531476
0.004738286603242159
0.02075481228530407
0.12761470675468445
1.6668325662612915
0.00543354544788599
0.0389750599861145
0.8239406943321228
0.024319235235452652
0.045555174350738525
0.25377824902534485
0.6902775168418884
0.004231028258800507
0.08033720403909683
0.20178475975990295
1.0744225978851318
0.00725866062566638
0.025036314502358437
0.052177365869283676
0.632686197757721
0.051914412528276443
0.05832741782069206
0.01303150039166212
0.006453799549490213
1.6379435062408447
0.02678997628390789
0.25846245884895325
0.006562730763107538
0.0199932549148798
0.08224400132894516
0.16521702706813812
0.010949219577014446
0.012566258199512959
0.005507367197424173
0.011235336773097515
0.003093102015554905
1.5912290811538696
0.12740755081176758
0.12108080834150314
0.716486394405365
0.01775498129427433
0.6505703330039978
0.546370804309845
0.5870527625083923
1.8791776895523071
0.08356089144945145
0.13746261596679688
0.04316455125808716
0.06278612464666367
1.2013391256332397
0.9853946566581726
0.024164671078324318
1.8007071018218994
0.048563770949840546
0.25804010033607483
0.37532591819763184
2.2507808208465576
0.01879722997546196
0.6796585917472839
0.004415590316057205
1.9001178741455078
0.012933475896716118
0.0325482040643692
0.0032297761645168066
0.008786982856690884
0.0035130970645695925
0.011195619590580463
0.004920420702546835
0.01104863453656435
0.0016414562705904245
0.003012294415384531
0.011802276596426964
0.021253207698464394
0.05377597734332085
0.04436565190553665
0.0030987048521637917
0.04160556197166443
0.0015082376776263118
0.016514742746949196
0.14299295842647552
0.17074161767959595
0.00992437545210123
0.08351156860589981
0.013504760339856148
0.013043258339166641
0.006710730027407408
0.011132345534861088
0.034048955887556076
0.040738318115472794
0.48183444142341614
0.026924626901745796
0.08348464220762253
0.05742267891764641
1.0252445936203003
0.027737809345126152
0.09607931226491928
0.06065640598535538
0.010838697664439678
1.9947444200515747
0.01375503558665514
0.112110435962677
0.001892473199404776
0.002288451185449958
0.01046085823327303
0.07678443193435669
0.0013396545546129346
0.009062008932232857
0.009039143100380898
0.057550735771656036
0.008914194069802761
0.014633317478001118
1.1735838651657104
1.0176022052764893
0.04207466170191765
1.95896577835083
0.12638600170612335
0.19675008952617645
0.013636182993650436
0.019494563341140747
0.017430631443858147
0.03559146076440811
0.00464020948857069
0.007296405732631683
0.010490273125469685
0.19900213181972504
0.011132161132991314
1.6131683588027954
0.007438166532665491
0.18885613977909088
0.0020308715756982565
0.007463707122951746
0.036033257842063904
0.45273077487945557
0.00776738440617919
0.056250378489494324
0.0024474160745739937
0.00549669936299324
0.002913321368396282
0.009486014023423195
0.0008339644409716129
0.001984008587896824
0.0111721595749259
0.043589573353528976
0.4626736044883728
2.1289823055267334
0.13203898072242737
0.14589326083660126
0.007441510446369648
0.024406053125858307
0.0036639098543673754
0.044027119874954224
0.0010652891360223293
0.00137760816141963
0.06734242290258408
0.09839584678411484
0.0036749844439327717
0.012071147561073303
0.013547751121222973
0.03516535088419914
0.005097102839499712
0.009324762038886547
0.02188437432050705
0.040623363107442856
0.025064188987016678
0.0971762090921402
0.3549708127975464
0.2752043902873993
0.08414840698242188
2.175039052963257
0.4438180923461914
0.33581072092056274
0.8631091117858887
1.9086036682128906
0.04711630567908287
0.06879564374685287
0.007479771971702576
0.019057869911193848
0.8626845479011536
0.5505289435386658
0.042031072080135345
0.1052979826927185
0.025241170078516006
0.11249905079603195
0.0011593910166993737
0.014312157407402992
0.00495889550074935
0.016609521582722664
0.35187551379203796
2.118678092956543
0.022670546546578407
0.022371584549546242
0.0038700203876942396
0.034342680126428604
0.0717916488647461
0.05850253626704216
0.18139879405498505
0.23253460228443146
0.058176200836896896
0.060956139117479324
0.002244905335828662
0.026260381564497948
0.0012202357174828649
0.00241124932654202
0.001472911098971963
0.005625478457659483
0.0012119915336370468
0.0028611819725483656
0.4050596356391907
0.3664151728153229
0.009957274422049522
1.6433545351028442
0.45129677653312683
0.6142494082450867
1.7959650754928589
0.1907215565443039
0.0522317960858345
0.21728740632534027
0.0007840003818273544
0.007866992615163326
0.003636591834947467
0.008729749359190464
0.0009608391555957496
0.0035935465712100267
0.00566326268017292
0.03324572741985321
0.004255946725606918
0.014318977482616901
0.04083484038710594
0.02302335947751999
0.009732050821185112
0.020992403849959373
0.00160818116273731
0.002011319622397423
0.0034551701974123716
0.004383010324090719
0.0010003247298300266
0.0013041406637057662
0.5173382759094238
0.5006812214851379
0.3089257478713989
0.4679581820964813
0.008390126749873161
0.10231835395097733
0.002364144194871187
0.15350791811943054
0.0013870859984308481
0.003041801741346717
0.17085407674312592
0.28361010551452637
0.15012966096401215
0.19455285370349884
0.0014179236022755504
0.0160418301820755
0.0009525179048068821
0.012127246707677841
0.1195976734161377
0.05179481580853462
0.010410373099148273
0.02805895172059536
0.005729048978537321
0.08051743358373642
0.5514423847198486
1.7950865030288696
0.686154842376709
0.45972758531570435
1.1245213747024536
1.0714510679244995
0.02723844349384308
0.009410873055458069
0.005548601038753986
0.006044698879122734
0.002784858690574765
0.09928084909915924
0.0017602220177650452
0.004523426294326782
0.036345697939395905
0.016224894672632217
0.005292562767863274
0.062051065266132355
0.0012081171153113246
0.005023691803216934
0.03224504739046097
0.18952779471874237
0.004243580158799887
0.008521596901118755
0.15369246900081635
0.1329968124628067
0.003980355802923441
0.1991579383611679
0.0017529496690258384
0.005306747741997242
0.045256879180669785
0.18158981204032898
0.0020900797098875046
0.00909110065549612
0.012884682975709438
0.061774905771017075
0.013475127518177032
0.01312980055809021
0.008161718025803566
0.042419638484716415
2.328153610229492
0.017915327101945877
0.07056842744350433
0.10098715126514435
0.0009735682397149503
0.013860506005585194
0.019640443846583366
0.1821569949388504
0.8605188727378845
0.02067442797124386
0.16195839643478394
0.21441900730133057
0.19233055412769318
0.22954198718070984
0.15296991169452667
0.25026965141296387
0.04187921807169914
0.020741716027259827
0.013924726285040379
0.004012509249150753
0.0027580263558775187
0.003012649482116103
0.004550078418105841
1.789847731590271
0.01238881517201662
0.07907450199127197
0.0012026636395603418
0.0014439125079661608
0.04401776194572449
0.030062977224588394
0.011060738004744053
0.00729268416762352
0.1268918514251709
0.14250627160072327
0.010705272667109966
1.5703445672988892
0.06764715909957886
0.09174150228500366
0.9984098076820374
0.028709057718515396
0.02644338086247444
0.0422903373837471
0.0035834931768476963
0.005180474370718002
0.0038687505293637514
0.03919515758752823
1.6539289951324463
0.009523825719952583
0.0017730749677866697
0.04978756606578827
0.35135483741760254
1.9332730770111084
0.25563690066337585
0.5195481181144714
0.010792943648993969
0.018569184467196465
0.0488249808549881
0.15621744096279144
0.001826888881623745
0.01245326828211546
0.020858099684119225
0.21604299545288086
0.13635589182376862
0.08776074647903442
0.025152673944830894
0.15917089581489563
0.010611259378492832
1.705251932144165
0.009171745739877224
0.05373389646410942
0.006794219370931387
0.026372913271188736
0.030987197533249855
0.17313002049922943
0.01621135324239731
0.026391660794615746
0.023594072088599205
0.026744021102786064
0.012404104694724083
0.013899956829845905
0.012746540829539299
0.005357491318136454
0.010646475479006767
0.14762960374355316
1.0921375751495361
0.016649438068270683
0.02727469801902771
0.013505826704204082
0.004627811722457409
0.006893639452755451
1.0160151720046997
0.8459964990615845
0.6027936935424805
1.887429118156433
0.020088205114006996
0.05605953559279442
0.7190003395080566
1.9185221195220947
0.0038311344105750322
0.021956438198685646
0.004778651054948568
1.8176161050796509
0.26449811458587646
0.5873174071311951
0.4677407443523407
0.7036550045013428
0.012014206498861313
0.04345173016190529
0.002057853853330016
0.005953241139650345
0.0013263087021186948
0.03531438857316971
0.7126428484916687
1.9412143230438232
0.015533574856817722
0.04424220323562622
0.002288734307512641
0.009064558893442154
1.9339231252670288
0.007521688938140869
0.07319597154855728
0.09263516217470169
0.003077659523114562
0.02563530206680298
0.0028687657322734594
0.0031561919022351503
0.014372488483786583
0.026118580251932144
0.007078550290316343
1.7715409994125366
0.008048650808632374
0.01626933179795742
0.011121238581836224
2.1444883346557617
0.009322863072156906
0.12564557790756226
0.001772695337422192
0.07053233683109283
0.018411168828606606
0.009459559805691242
0.385792076587677
0.30537745356559753
0.008764048106968403
0.07546095550060272
0.004159132484346628
0.24711421132087708
0.8170046806335449
2.2382121086120605
0.007032115012407303
0.014085890725255013
0.0038548437878489494
0.009936334565281868
0.003669288009405136
0.035834793001413345
0.001800662837922573
0.07598590105772018
0.0770379900932312
0.09537336230278015
0.008563383482396603
0.014712013304233551
0.002502541756257415
0.5448089241981506
0.0050573102198541164
0.019874298945069313
0.003366947639733553
0.012266259640455246
0.002622910076752305
0.005230167880654335
0.13356778025627136
0.05323181673884392
0.008442370221018791
0.03517698496580124
0.211883544921875
0.44018369913101196
0.252669095993042
0.17100989818572998
0.1778254359960556
0.7253241539001465
0.004421513061970472
0.017306428402662277
0.5781075954437256
0.10790665447711945
0.11889219284057617
1.7914797067642212
0.012049954384565353
0.10241847485303879
0.0013218153035268188
0.0051456294022500515
0.0018809187458828092
0.036819878965616226
0.0014204393373802304
0.001313831307925284
0.13115842640399933
0.09862159192562103
0.08049476146697998
0.05467825010418892
0.008338590152561665
0.06431210041046143
0.010040146298706532
0.06768470257520676
0.0013882559724152088
0.0014351200079545379
0.0666232779622078
0.042421624064445496
0.013985943980515003
0.05122724920511246
0.0017050023889169097
0.018571902066469193
0.0013568309368565679
0.004411144647747278
0.0990786999464035
0.10769619792699814
0.44237127900123596
1.9496990442276
0.5821148157119751
0.4091655910015106
1.1075382232666016
0.20146441459655762
0.0025723110884428024
0.05199368670582771
0.004279852379113436
0.021795451641082764
0.007756084203720093
0.039342012256383896
0.005208517890423536
1.805267095565796
0.002017538994550705
0.03876510262489319
0.0016001550247892737
0.001907614408992231
0.0070364451967179775
0.03676890209317207
0.0012229019775986671
0.05029882863163948
0.05003392696380615
0.019460689276456833
0.38554972410202026
1.8722244501113892
0.004551548510789871
0.04134150221943855
0.004285422619432211
0.009256182238459587
0.011101147159934044
0.12102656066417694
0.0010661581763997674
0.11994624137878418
0.05402841046452522
0.09047839045524597
0.0014801593497395515
0.1371109038591385
0.060369301587343216
0.08932656049728394
0.8863866925239563
0.024963349103927612
0.15917614102363586
0.14458832144737244
0.13069461286067963
0.12031825631856918
0.012369576841592789
0.012800918892025948
0.4226333796977997
2.1190834045410156
0.005484322085976601
0.0857766717672348
0.0032248911447823048
0.012072294019162655
0.0024347971193492413
0.08429805934429169
0.0014885617420077324
0.015874844044446945
0.004534827079623938
0.1538809984922409
0.0009138915920630097
0.0017827664269134402
0.0069320849142968655
0.024271169677376747
0.004034815821796656
0.010005204938352108
0.01804449036717415
0.13001306354999542
0.002034395933151245
0.0029706170316785574
0.0030134764965623617
0.016119802370667458
0.9638296365737915
0.007237564772367477
0.6616849303245544
0.7899295091629028
1.334900975227356
3.023402690887451
0.6738671064376831
0.41056177020072937
0.025416580960154533
1.6881824731826782
0.012400276027619839
0.014809581451117992
0.9228955507278442
0.014940912835299969
0.0023387365508824587
0.016579966992139816
0.004519680980592966
1.5936943292617798
0.011577333323657513
0.17217381298542023
0.0010121135273948312
0.0011325529776513577
0.010065976530313492
0.016163337975740433
0.010239312425255775
0.06132741644978523
0.018567446619272232
0.032411571592092514
0.0032324758358299732
1.8078984022140503
0.047399748116731644
0.14854493737220764
0.049245189875364304
0.040312230587005615
0.0029176061507314444
1.7505539655685425
0.02637357823550701
0.29819995164871216
0.027098944410681725
0.040331099182367325
0.06908074766397476
0.06837385147809982
0.5248361229896545
2.220064401626587
0.06588714569807053
0.06657001376152039
0.04236471652984619
0.04500192403793335
0.010996043682098389
1.676822543144226
0.0010891315760090947
0.04618614539504051
0.0008577679982408881
0.003084337105974555
0.05191574618220329
0.1287546455860138
0.03164984658360481
0.16819939017295837
0.012899900786578655
0.3447708189487457
0.3879958391189575
2.010817289352417
0.0023904775734990835
0.011893533170223236
0.0051690200343728065
0.0061799222603440285
1.1740895509719849
1.0308030843734741
0.008691438473761082
1.8012738227844238
0.0020865651313215494
0.007187765557318926
0.0034808702766895294
0.010990960523486137
1.2024163007736206
0.6502126455307007
0.5944061279296875
1.9753856658935547
0.00413252180442214
0.08402709662914276
0.5720441341400146
1.9067379236221313
0.010007846169173717
0.05694735050201416
0.003893481334671378
0.15535083413124084
0.0021138302981853485
0.0045187524519860744
0.02296530082821846
0.06325998157262802
0.003954000771045685
0.045058656483888626
0.004352095071226358
0.07481693476438522
1.1876839399337769
0.019789865240454674
0.020725389942526817
0.014660011976957321
0.005896998103708029
1.4972368478775024
0.0013575905468314886
0.04113725200295448
0.0009983343770727515
0.004852688405662775
0.01612490601837635
0.07955177873373032
0.0029640726279467344
0.009169679135084152
0.08068286627531052
0.14080891013145447
0.0007764197653159499
0.01714036613702774
0.22822622954845428
0.1412486881017685
1.0514086484909058
0.26382163166999817
0.0028655529022216797
0.046871934086084366
0.0036554320249706507
0.026171522215008736
0.045775022357702255
0.05595671012997627
0.8022109866142273
0.07966268062591553
0.006987368687987328
0.06415484845638275
0.06900722533464432
0.0922701507806778
0.011100605130195618
0.013936650939285755
0.011447400785982609
0.04223855212330818
0.00464392127469182
0.004442665260285139
0.03490753099322319
0.03167692944407463
0.8425518274307251
2.056654214859009
0.0058764261193573475
0.36865079402923584
0.0026893410831689835
0.007230550050735474
0.006735927425324917
0.08866328001022339
0.0013756281696259975
0.001798854093067348
0.010719606652855873
0.041623540222644806
0.023442933335900307
0.037465792149305344
0.002614049008116126
0.008116706274449825
0.0017718920717015862
0.002987150801345706
0.1000157818198204
0.13415922224521637
0.05130139738321304
1.7032142877578735
0.023832954466342926
0.06497763097286224
0.031838029623031616
0.026256326586008072
0.023571399971842766
0.02267768420279026
0.014513891190290451
0.02704019285738468
0.04023214429616928
0.015994878485798836
0.025480059906840324
0.13034175336360931
0.008503349497914314
0.0015632405411452055
0.0025382041931152344
0.03411984443664551
2.180114984512329
0.010094644501805305
0.003771435469388962
0.010513070039451122
0.004810308571904898
0.014680936932563782
0.00309329223819077
0.02117735706269741
0.0009741127141751349
0.0024691419675946236
0.010891284793615341
0.20978772640228271
0.013331259600818157
0.04133088141679764
0.0024404681753367186
0.2353588193655014
0.0008673869888298213
0.025259070098400116
0.002443823264911771
0.020592549815773964
1.8822227716445923
0.01220834068953991
0.014008060097694397
0.23521688580513
0.004435580689460039
0.015640772879123688
0.004694500006735325
0.13089850544929504
0.37798741459846497
1.445722222328186
0.012326090596616268
0.02430255338549614
0.0018364617135375738
0.0038908806163817644
0.00967196375131607
0.03984498605132103
0.003008967963978648
0.01402786374092102
0.2956504225730896
0.37604519724845886
0.2595146596431732
0.42847582697868347
0.01356471050530672
0.13766944408416748
0.024050220847129822
0.03402258828282356
1.0041534900665283
1.0583585500717163
2.2173538208007812
1.2565536499023438
0.0012984960339963436
0.009514044970273972
0.0007912894943729043
0.005543268285691738
0.01002369076013565
0.01905880495905876
0.004178056959062815
0.006521876901388168
0.00850400235503912
0.009220513515174389
0.004770948085933924
0.033285003155469894
0.0024753334000706673
0.031207172200083733
0.0013856837758794427
0.002290697768330574
0.006958451122045517
0.06639239937067032
0.002692238427698612
1.5874792337417603
0.07298605889081955
0.2015426903963089
0.003949705045670271
0.13618533313274384
0.01727491244673729
0.1674172580242157
0.0010794703848659992
0.001925819437019527
0.007830663584172726
0.022181222215294838
0.004885416012257338
0.005767488386482
0.066131092607975
0.09634966403245926
0.04193292558193207
0.060512956231832504
0.002841935958713293
0.00999676063656807
0.02166908234357834
2.333601951599121
0.035243164747953415
0.08144699782133102
0.015585362911224365
0.07712160050868988
0.007943629287183285
0.020834563300013542
0.14444750547409058
0.10207866877317429
0.0035276010166853666
0.013061813078820705
0.005295176990330219
0.015290739946067333
0.005460623186081648
0.006922021508216858
0.004221672657877207
0.030245089903473854
0.003232082352042198
1.9684537649154663
0.001663145492784679
0.02782699279487133
0.0007117704953998327
0.013285412453114986
0.0012633962323889136
0.06280270218849182
0.002499945228919387
0.009088966064155102
0.3363594710826874
0.21013370156288147
0.048965297639369965
0.04391273856163025
0.009126565419137478
0.009556226432323456
0.010024291463196278
0.016066253185272217
0.01936458982527256
0.10483891516923904
1.268776535987854
0.061168789863586426
0.0924222320318222
0.17817635834217072
0.029331877827644348
2.371955394744873
0.008214511908590794
0.018720323219895363
0.006443382706493139
0.09004300087690353
0.14883576333522797
0.1935005933046341
0.1348801702260971
0.21643178164958954
0.07575352489948273
0.388416588306427
0.004083317704498768
0.00837844330817461
0.002035098848864436
0.027962876483798027
1.5702695846557617
0.012067071162164211
0.0020390383433550596
0.05194821581244469
0.0012224375968798995
0.007721039932221174
0.0033067960757762194
0.0041609155014157295
0.0014416773337870836
0.005262152757495642
0.12696526944637299
0.126702219247818
0.003145100548863411
0.07466323673725128
0.0007802836480550468
0.0025632213801145554
0.0025214434135705233
0.04434473067522049
0.23960494995117188
2.0574662685394287
0.046973831951618195
0.009304573759436607
0.09930039197206497
0.18887774646282196
0.020616039633750916
0.04044526442885399
0.04474276676774025
0.09250620007514954
0.007109023164957762
0.01167269703000784
0.0012047645868733525
0.0015103287296369672
0.04097123071551323
0.02211621403694153
0.0018761447863653302
0.008375580422580242
0.009938285686075687
0.06875383853912354
0.006404097191989422
0.02909518964588642
0.0025539137423038483
0.004767432808876038
0.001204187166877091
0.004393653478473425
0.03780798241496086
0.03621816262602806
0.0015905041946098208
0.006780826952308416
0.061651501804590225
0.06552043557167053
0.0020727880764752626
0.032820381224155426
0.7221271395683289
0.4571196138858795
0.2765659689903259
0.5296780467033386
0.026373451575636864
0.012118461541831493
0.005178883671760559
0.02144123800098896
0.0023623777087777853
0.0160671453922987
0.003269093343988061
0.0037894302513450384
0.05760854110121727
0.17707307636737823
0.009336675517261028
0.04043678566813469
0.0036116917617619038
0.006050214171409607
0.012582969851791859
0.12111902236938477
0.005534890573471785
1.927398443222046
0.004149256739765406
0.19865509867668152
0.0016009219689294696
0.003225749358534813
0.01569463312625885
0.05806044489145279
0.006444697268307209
1.9406238794326782
0.0026170702185481787
0.0038191769272089005
0.0009151198901236057
0.002319273306056857
0.0015689685242250562
0.01322126854211092
1.8527926206588745
0.04516490921378136
0.37938955426216125
0.12323548644781113
0.024693315848708153
0.051530446857213974
0.0022104133386164904
0.004439440090209246
0.0015255199978128076
0.0027267837431281805
0.06740135699510574
0.05788097530603409
0.577134370803833
0.009296504780650139
0.026880305260419846
0.03430614992976189
0.02339925803244114
0.086919404566288
0.004433251917362213
0.09643282741308212
0.0009122476330958307
0.034730203449726105
0.02220955863595009
0.059780754148960114
0.15995347499847412
0.036232367157936096
0.0008016381761990488
0.026143277063965797
0.9096817970275879
0.5238457918167114
1.9418585300445557
0.21081335842609406
0.00802738405764103
0.026808083057403564
0.00454405602067709
0.007832851260900497
0.0019471751293167472
0.02226349525153637
0.007614307105541229
0.04734978452324867
0.0022228516172617674
0.030317723751068115
0.0028285931330174208
0.009980323724448681
0.2240898609161377
0.18649236857891083
0.09611822664737701
0.1925564706325531
0.0011417915811762214
0.0029353557620197535
0.26366400718688965
0.12500393390655518
1.4851183891296387
0.02959863469004631
0.0016368130454793572
0.027310848236083984
0.0013134520268067718
0.0013346042251214385
0.017290154471993446
0.0798964649438858
0.003892521606758237
0.01667167618870735
0.02112617716193199
0.049522653222084045
0.927454948425293
0.023880260065197945
0.09767777472734451
0.25507989525794983
0.02218678407371044
0.1675138920545578
0.09375713765621185
0.14553837478160858
0.19056206941604614
0.15365740656852722
0.0014292580308392644
0.0036014565266668797
1.9086498022079468
0.033370792865753174
0.03967456519603729
0.017925554886460304
0.06254936009645462
0.06259777396917343
0.8128980994224548
0.034795790910720825
0.006967389024794102
0.012168004177510738
0.005194207187741995
0.003211095929145813
0.027033116668462753
0.05766203626990318
0.38915640115737915
1.7941720485687256
0.0030883990693837404
0.029139801859855652
0.002240910427644849
1.469815731048584
0.03598148748278618
0.13722868263721466
0.001716921920888126
0.012780037708580494
0.002571654273197055
0.09129447489976883
0.0018615663284435868
0.002699296222999692
0.001720546162687242
0.0048356554470956326
0.8467352986335754
0.002616211073473096
0.0016052726423367858
0.041688233613967896
0.02326897531747818
0.027234826236963272
0.008690779097378254
0.010020383633673191
0.0031444993801414967
0.016149090602993965
0.0036225486546754837
0.0853661447763443
0.0035466935951262712
0.012382653541862965
0.05954711511731148
0.07106751948595047
0.06652873754501343
0.04706215113401413
0.005216935649514198
0.1842334121465683
1.6081169843673706
0.009637236595153809
0.002103030914440751
0.006186339072883129
0.0024800605606287718
0.0024571882095187902
0.0036208946257829666
0.013226720504462719
0.3642815351486206
1.8829296827316284
0.1414543092250824
0.12011146545410156
0.6076219081878662
0.042967528104782104
1.6083788871765137
0.02082180231809616
0.08833850920200348
0.1074802428483963
0.994012176990509
0.03521363064646721
0.011868237517774105
0.008311746641993523
0.01481870748102665
0.02988278865814209
0.00636084470897913
0.004271429963409901
0.01194767002016306
0.12140452116727829
0.0018966279458254576
0.0025952369906008244
0.06558650732040405
0.04474225267767906
1.5751796960830688
0.05196601152420044
0.004963073413819075
0.08341455459594727
0.0021375692449510098
0.005785016808658838
0.0013313298113644123
0.00399961369112134
0.5851667523384094
0.7094401717185974
0.0023910882882773876
0.02347668819129467
0.03904348239302635
0.08111398667097092
0.00209289719350636
0.026532454416155815
0.0011587725020945072
0.00834350474178791
0.0012479855213314295
0.029447069391608238
0.0018504245672374964
0.006095496006309986
0.005183828063309193
0.05456041917204857
0.004421729128807783
0.04408701881766319
0.43125462532043457
0.338804692029953
0.025650328025221825
0.138569638133049
0.12068872898817062
0.1671552211046219
0.003683162620291114
1.6935468912124634
0.011659692041575909
0.06430221349000931
1.1968741416931152
0.004169123712927103
0.00729459198191762
0.00869874656200409
0.003448781091719866
0.03006306290626526
0.0031289830803871155
1.790712594985962
0.022718070074915886
0.03911076858639717
0.0164980236440897
0.028111357241868973
0.06402790546417236
0.03481312841176987
0.0057609668001532555
0.04172680899500847
0.0798187255859375
0.11673712730407715
0.09371034801006317
0.11509238183498383
0.1170773059129715
0.115455761551857
0.0062717655673623085
0.012409351766109467
0.5279348492622375
0.3991611897945404
0.8271218538284302
0.7431697845458984
0.016686588525772095
0.14188233017921448
0.13384047150611877
0.29503798484802246
1.1634936332702637
0.01321738213300705
0.18185122311115265
0.3003440499305725
0.05192435905337334
0.04847265034914017
0.011719848960638046
0.04662376269698143
0.012864465825259686
0.03901875019073486
0.004051487892866135
0.03703099489212036
0.2414405792951584
1.5878909826278687
0.004357882309705019
0.1093670129776001
0.002856277860701084
0.015393951907753944
0.0016456155572086573
0.013035120442509651
0.0008544350857846439
0.00851653516292572
0.0033821212127804756
0.04760187119245529
0.0012330975150689483
0.11164576560258865
0.004367347341030836
0.07569636404514313
0.8736469149589539
0.005977095570415258
0.07049111276865005
0.05335663631558418
0.03347519040107727
0.04658004269003868
1.3131645917892456
1.473298192024231
0.9490775465965271
0.779155969619751
0.024148374795913696
0.04931595176458359
0.0007553499308414757
0.030244924128055573
0.14629141986370087
0.09561070054769516
1.2842742204666138
0.14304758608341217
0.004911942407488823
0.006419091019779444
0.003156349528580904
0.005069439765065908
0.012941217049956322
0.03275926411151886
0.0072206417098641396
0.07543450593948364
0.0015520958695560694
0.002729870146140456
0.00578878540545702
0.0911964476108551
0.002169664017856121
0.006702914834022522
0.62579345703125
0.5504356026649475
0.007296512834727764
0.007447022013366222
0.029261378571391106
0.18240989744663239
0.0006204249220900238
0.0028504198417067528
0.006681033410131931
0.1257973611354828
0.005237634759396315
0.014839393086731434
0.007617580704391003
0.03752124309539795
0.012117065489292145
0.23018811643123627
0.9840913414955139
2.170257568359375
0.01969885639846325
0.04431101307272911
0.5487539768218994
1.785011887550354
0.025827476754784584
0.0449945442378521
0.2036336213350296
2.2258121967315674
1.6493757963180542
0.4591432213783264
0.006601572968065739
0.010575606487691402
0.4700218439102173
2.2844409942626953
0.009636839851737022
0.6332916617393494
0.0024367221631109715
0.008706431835889816
0.001726436079479754
0.01061281654983759
0.0014008727157488465
0.0020110798068344593
0.0015970122767612338
0.03218090161681175
0.0008916095830500126
0.0013953692978248
0.0673995390534401
0.10837672650814056
0.3711889982223511
1.99105703830719
0.008032802492380142
0.0799686536192894
0.5548725128173828
1.8215808868408203
0.021679649129509926
0.004943384323269129
0.0074568805284798145
0.015483479015529156
0.006006578914821148
0.15981139242649078
0.00284100160934031
0.0017695198766887188
0.006436092313379049
0.029812758788466454
0.00325918011367321
0.027505559846758842
0.01481212954968214
0.02107742615044117
0.007485377136617899
0.006262290291488171
0.16087423264980316
0.1385229080915451
0.007534128613770008
0.04911062493920326
0.03565716743469238
0.022560948505997658
0.002699523465707898
0.003923493903130293
0.005879079923033714
0.006392692215740681
0.013229225762188435
0.012698459438979626
0.03226148709654808
0.033459022641181946
0.9465761184692383
1.1517376899719238
0.46906736493110657
0.4357316792011261
0.17282266914844513
0.12731705605983734
0.3112286925315857
0.42157435417175293
0.008124440908432007
0.15044769644737244
0.003239487065002322
0.007288812659680843
0.0020423936657607555
0.0060161142610013485
0.000874930527061224
0.0016064461087808013
0.01459819357842207
0.02159879542887211
0.5763446688652039
1.984001636505127
0.015086337924003601
0.02239409275352955
0.4636123478412628
2.1284046173095703
0.023521967232227325
0.035746313631534576
0.034745246171951294
0.07132206857204437
0.6037130355834961
0.13263046741485596
1.5940582752227783
0.011590187437832355
1.0852086544036865
0.3925529420375824
0.3438316285610199
1.959484577178955
0.003132518846541643
0.022644737735390663
0.15123353898525238
0.09974200278520584
0.02898905612528324
0.03209919482469559
0.01470972504466772
0.15166451036930084
0.003230875125154853
0.006127167027443647
0.0073902802541852
0.029593249782919884
0.0014827735722064972
0.0025051042903214693
1.2184303998947144
1.1308221817016602
0.5393927693367004
2.008368968963623
0.008523520082235336
0.01249826978892088
0.0106684984639287
0.011406808160245419
0.008715568110346794
0.15063606202602386
0.307811975479126
2.0635578632354736
0.10049823671579361
0.1708754301071167
0.001253811758942902
0.0032776512671262026
0.059068258851766586
0.11966212093830109
0.020757490769028664
0.05546579882502556
0.010629632510244846
0.0052647278644144535
0.004747431259602308
0.018074747174978256
0.0019280454143881798
0.017404042184352875
0.005193827208131552
0.05765801668167114
0.2792225480079651
2.191314697265625
0.2610616087913513
0.06931057572364807
0.0011049680178985
0.008564705029129982
0.0016810813685879111
0.04492920637130737
0.001469109207391739
1.5669552087783813
0.0315043143928051
0.03906090185046196
0.023668868467211723
0.031685374677181244
0.0007012477144598961
0.005842423997819424
0.0017615939723327756
1.4745296239852905
0.009602032601833344
0.06192256137728691
0.00767086585983634
0.01455723773688078
0.003401757450774312
0.06449322402477264
0.7349122166633606
2.1277997493743896
0.006941061466932297
0.24252961575984955
0.5090329051017761
1.7739797830581665
0.802182137966156
0.6745089292526245
0.0047871433198452
0.0028831034433096647
0.011651700362563133
0.01290213968604803
0.003087979042902589
0.01412967313081026
0.07242517173290253
0.1435696929693222
0.0049596079625189304
0.019466634839773178
0.006042323540896177
0.047051865607500076
0.7763022184371948
1.777796745300293
0.3641054034233093
0.19475802779197693
0.012530420906841755
0.030555587261915207
0.0017619923455640674
0.005338129121810198
0.008236642926931381
0.027084752917289734
0.0048714615404605865
0.005865138024091721
0.0021653014700859785
0.03717052564024925
0.0016795933479443192
0.0033105784095823765
0.17791526019573212
0.08687903732061386
0.03187117725610733
0.0525246225297451
0.1229400783777237
0.2975960075855255
1.321022868156433
1.8630084991455078
0.01701280288398266
0.3491649329662323
0.0047057620249688625
0.10972147434949875
0.0009221701766364276
0.0038321171887218952
0.03209627792239189
0.005730999633669853
1.9031097888946533
0.011295429430902004
0.02720700204372406
0.02302960306406021
0.3148268163204193
0.219350203871727
0.0014499732060357928
0.003950495272874832
0.0008105636807158589
0.006000812631100416
0.0008904822170734406
0.011399449780583382
0.004140252713114023
0.14361906051635742
0.001605176250450313
0.004384211730211973
0.0052444892935454845
0.048978693783283234
0.059638917446136475
0.09089596569538116
0.04423068091273308
0.09055208414793015
0.6533142924308777
0.5937485098838806
0.45855608582496643
2.1237680912017822
0.006406949367374182
0.1097753569483757
0.005817073862999678
1.7373847961425781
0.011644851416349411
0.027372300624847412
0.0015798475360497832
0.007000272162258625
0.002269718563184142
0.00845787487924099
0.34567779302597046
0.3455454707145691
0.49981680512428284
1.9055532217025757
0.0025028379168361425
0.005520690232515335
0.007300135679543018
2.2707362174987793
0.0012816934613510966
0.02056955173611641
0.0014357053441926837
0.0018940268782898784
1.4183000326156616
1.455546259880066
0.13502489030361176
1.6666017770767212
0.023114895448088646
0.04440777376294136
0.009952018968760967
0.029239047318696976
0.022188318893313408
0.006707957945764065
1.03582763671875
0.03841792047023773
0.005086502991616726
0.009301526471972466
0.5787652134895325
0.4767397940158844
0.2602767050266266
0.17149245738983154
0.02726912498474121
0.03922528028488159
0.00623398507013917
0.019126038998365402
0.013487558811903
0.05267107114195824
0.6808052062988281
1.5525940656661987
0.3504674732685089
0.04454372450709343
0.5521628260612488
2.11441969871521
0.029094643890857697
0.036352623254060745
0.3230572044849396
0.198569193482399
0.12036599218845367
0.18213646113872528
0.12430371344089508
0.13287322223186493
0.004021042492240667
0.002255367813631892
0.010746159590780735
0.0585566945374012
0.10821376740932465
0.18662774562835693
0.003065822646021843
0.009609232656657696
0.0034312938805669546
0.011943002231419086
0.44399914145469666
0.4474312961101532
0.20938017964363098
0.173545241355896
0.5506686568260193
0.6220309138298035
0.5571469664573669
0.5289834141731262
0.003902323544025421
0.0254206545650959
0.00553929666057229
0.025727227330207825
0.028157580643892288
0.05112990736961365
0.013884341344237328
0.12115181982517242
0.8015365600585938
0.6853557825088501
0.15829984843730927
0.24319741129875183
0.011972774751484394
0.10309547185897827
0.004513335879892111
0.005977975204586983
0.0022269145119935274
0.018280213698744774
0.002897369908168912
1.6278961896896362
0.0019597390200942755
0.0065539381466805935
0.0015433350345119834
0.0026719127781689167
0.03803740069270134
0.1267177164554596
0.1723407506942749
0.3159220218658447
1.0598396062850952
2.163846015930176
0.07246766239404678
0.037373386323451996
0.18911102414131165
0.16162250936031342
0.042311280965805054
0.01588520035147667
0.03609241917729378
0.07575259357690811
0.014149874448776245
0.052262503653764725
0.03033406473696232
0.12901189923286438
0.010908514261245728
0.01979096233844757
0.001904151402413845
0.016005119308829308
0.003784219501540065
0.021617135033011436
0.0015000737039372325
0.015598614700138569
0.0019523035734891891
0.004242786671966314
0.12676513195037842
0.12609858810901642
0.01930120959877968
0.025417456403374672
0.12977351248264313
0.6597028374671936
0.017474021762609482
0.014473976567387581
0.0009618379990570247
0.00800623930990696
0.029971083626151085
0.0110976817086339
0.009196383878588676
0.025120293721556664
0.009875856339931488
0.09542149305343628
0.7952331900596619
0.04010942205786705
0.17795009911060333
0.05951046943664551
1.9504441022872925
0.05313539132475853
0.04442891851067543
0.44416213035583496
0.1873580366373062
2.0787014961242676
0.012519349344074726
0.01843026839196682
0.0019773365929722786
0.003288598032668233
0.06222282722592354
0.019071977585554123
0.6338495016098022
0.0042380476370453835
0.09407452493906021
0.47791633009910583
0.019412972033023834
0.019015736877918243
0.00260749738663435
0.004205495119094849
0.001426104223355651
0.0019596153870224953
0.0014644459588453174
0.019367065280675888
0.0014051751932129264
0.003272033529356122
0.0030795433558523655
0.004123550374060869
0.004047631751745939
1.770821213722229
0.026478677988052368
0.01300959661602974
0.004855659790337086
0.019162166863679886
0.004463709890842438
0.03341149538755417
0.05569414049386978
0.10914351046085358
0.052655499428510666
0.06856284290552139
0.013902924954891205
0.027915988117456436
0.0016719322884455323
0.02630503848195076
0.0010828213999047875
0.003872387111186981
0.004336570389568806
0.015286680310964584
0.006677569355815649
1.6280475854873657
0.04379461705684662
0.0933307334780693
0.028552263975143433
0.0281439870595932
0.15019385516643524
0.07308816909790039
0.07692142575979233
0.09282328933477402
0.04060281440615654
0.06402572989463806
0.4420297145843506
1.8208210468292236
0.2067835032939911
0.30054783821105957
0.013071696273982525
0.017392853274941444
0.0031109200790524483
0.005408301949501038
0.01002021785825491
0.0716555044054985
0.0031256626825779676
0.006987919565290213
0.19443181157112122
0.17368613183498383
0.00459749111905694
0.015101692639291286
0.004376569297164679
0.13578665256500244
0.09691137075424194
0.11244519799947739
1.0790987014770508
0.03755443915724754
0.018733195960521698
0.007118328474462032
0.0037050661630928516
0.01928161084651947
0.2524144649505615
0.22860240936279297
1.8142391443252563
0.19214420020580292
0.03742231801152229
0.10495086014270782
0.0044209822081029415
0.020306585356593132
0.001973764505237341
0.039794452488422394
0.0012161744525656104
0.006306821014732122
0.009368103928864002
0.018713805824518204
0.013716322369873524
0.03678017482161522
0.0014762532664462924
0.007855582050979137
0.006503283977508545
0.12500512599945068
0.0010283086448907852
0.003866253886371851
0.00994840543717146
0.0447145514190197
0.001714138314127922
0.0024759317748248577
0.003760670078918338
0.06761124730110168
0.005005909129977226
0.014589427970349789
0.02398770861327648
0.010429969988763332
0.004140467382967472
0.015552535653114319
0.007448726333677769
0.1107068881392479
0.007137724198400974
0.01165666151791811
0.007988004945218563
0.013495465740561485
0.029199594631791115
0.346567302942276
0.09043219685554504
0.04441620782017708
0.08001718670129776
0.13842439651489258
0.017070308327674866
0.02783173695206642
0.0030363150872290134
0.033800117671489716
0.003149351105093956
1.6703474521636963
0.0039318036288022995
0.09400920569896698
0.002974393544718623
0.008563193492591381
0.01013195887207985
0.11268025636672974
0.003238832578063011
0.008703650906682014
0.007901998236775398
0.07969559729099274
0.0010104022221639752
0.006641630083322525
0.04394572600722313
0.07776401191949844
0.021284352988004684
0.023640338331460953
0.011483310721814632
0.10412213951349258
0.006612855009734631
0.005548044573515654
0.0013721121940761805
0.015966778621077538
0.006738421972841024
0.04634538292884827
0.13390684127807617
0.10449355840682983
0.09594228118658066
0.16902747750282288
0.0027667253743857145
0.031895577907562256
0.0011230666423216462
0.00273306667804718
0.46045902371406555
0.1963115930557251
0.4393031597137451
0.33766189217567444
0.004369615111500025
0.01169994380325079
0.16404838860034943
1.9100897312164307
0.35934188961982727
0.6744130849838257
0.0006156979943625629
0.026638733223080635
0.07315506786108017
0.05170104652643204
1.0621455907821655
0.022942695766687393
0.016473347321152687
0.04112761467695236
1.2161842584609985
1.9241408109664917
0.027922997251152992
0.44549405574798584
0.008428020402789116
0.02128942310810089
0.06355296075344086
0.07466639578342438
1.7793740034103394
0.014196510426700115
0.006669322494417429
0.026942739263176918
0.004662447143346071
0.01183319091796875
0.004155950620770454
0.02049683965742588
1.8025740385055542
0.012155715376138687
0.10957970470190048
0.18429026007652283
0.02523638680577278
0.05132279545068741
0.018417956307530403
0.043310582637786865
0.008126727305352688
0.020553171634674072
0.009252394549548626
0.14631101489067078
0.01010152231901884
0.015467566438019276
0.007726014591753483
1.8421906232833862
0.000633008312433958
0.0030105162877589464
1.027035117149353
1.1497278213500977
0.08324643969535828
0.016790278255939484
0.029976176097989082
0.3287102282047272
0.003720812499523163
0.007619712967425585
0.031602662056684494
0.02956848219037056
0.359107106924057
0.6469067335128784
0.6375641822814941
0.4415372908115387
0.006764499004930258
0.04035982862114906
0.5162560939788818
1.8929764032363892
0.003480261657387018
0.07176194339990616
0.005223466549068689
0.012568823993206024
0.011640647426247597
0.04734018072485924
0.0026887450367212296
0.003977376036345959
1.0376369953155518
0.8328191637992859
1.3161888122558594
1.025164246559143
0.00593498395755887
0.04331584647297859
0.005034067668020725
2.0600130558013916
0.011092322878539562
0.2919164299964905
0.0018586134538054466
0.10435324162244797
0.024143243208527565
0.1938013881444931
0.009551950730383396
0.03269776329398155
0.0025553342420607805
0.10324104875326157
0.001505769439972937
0.0058651636354625225
0.0044363741762936115
0.020003046840429306
0.0014881371753290296
0.0022445786744356155
0.007072652690112591
0.13898833096027374
1.6011114120483398
0.16621798276901245
0.0030046331230551004
0.014330672100186348
0.0010005494114011526
0.01070432923734188
0.03662730008363724
0.03890567645430565
0.022001096978783607
0.04024001955986023
0.4498678743839264
0.38443419337272644
0.3175870478153229
0.19058920443058014
0.2732123136520386
0.05104146897792816
0.006834062281996012
1.3434531688690186
0.002609922317788005
0.011494260281324387
1.1904476881027222
0.01623002253472805
0.14184461534023285
0.13469155132770538
0.0016841803444549441
0.003944118041545153
0.009192440658807755
0.14103437960147858
0.009967280551791191
0.030912015587091446
1.1684502363204956
1.0474318265914917
1.3222324848175049
0.4653702676296234
0.039342958480119705
0.06859816610813141
0.5367285013198853
0.06429155170917511
0.04913097247481346
0.07959749549627304
0.08559601753950119
0.10672412067651749
1.054832100868225
0.03644396737217903
0.021023908630013466
0.04387325793504715
0.0023542039562016726
0.010724871419370174
0.15368084609508514
1.9041129350662231
0.818220317363739
0.654925525188446
0.034001920372247696
0.1469351053237915
0.4755862355232239
0.46842071413993835
0.1603706032037735
0.15669123828411102
0.5401533842086792
0.18217900395393372
0.13192132115364075
0.05395759269595146
0.002967077773064375
0.07150126248598099
0.6977519392967224
2.0201897621154785
0.09558624774217606
0.17335310578346252
0.533154308795929
2.088332176208496
0.03853921219706535
0.062465496361255646
0.014383162371814251
0.057119544595479965
0.03194952383637428
0.035320453345775604
0.020021485164761543
0.01598883792757988
0.819877564907074
0.08395594358444214
0.02046825923025608
0.013464870862662792
0.09630443900823593
0.06971410661935806
0.0012786255683749914
0.012396406382322311
0.0014077507657930255
0.004060979466885328
0.0038852053694427013
2.00534987449646
0.0030894484370946884
0.009378894232213497
0.0033906400203704834
0.012964064255356789
0.031302448362112045
0.8367573618888855
0.06093864515423775
0.04912729933857918
0.006231989245861769
0.034824907779693604
0.7266374230384827
2.3263776302337646
0.0023636650294065475
0.01973053067922592
0.001103095361031592
0.0024695636238902807
0.006977730430662632
0.06595521420240402
0.01613365113735199
0.01383581105619669
0.06021641567349434
0.16501393914222717
0.025059008970856667
0.02506379596889019
0.08269832283258438
0.09707112610340118
0.020970182493329048
1.9403082132339478
0.5373491644859314
0.7090060114860535
0.636845052242279
2.2745418548583984
0.005658389534801245
0.009775208309292793
0.003978884778916836
1.437353253364563
0.20585201680660248
0.17157725989818573
0.0011796681210398674
0.004236483946442604
0.06509175896644592
0.019100040197372437
0.37087830901145935
0.16918723285198212
0.0035076988860964775
0.004679041914641857
0.004427105188369751
0.02513023093342781
0.0010904058581218123
0.004445135593414307
0.0042186216451227665
0.0574328638613224
0.2949218451976776
1.703240990638733
0.0020885062403976917
0.012226351536810398
0.004008082207292318
0.004408131819218397
0.004073973745107651
0.16840386390686035
0.0033886954188346863
0.0033429525792598724
0.006564786657691002
0.022233350202441216
0.00689719757065177
0.014715229161083698
0.042800284922122955
0.0740504190325737
0.012528697960078716
2.1382288932800293
0.01780158095061779
0.15414972603321075
0.006900096777826548
0.030311888083815575
0.3550206422805786
0.36861467361450195
1.6152034997940063
0.09952522814273834
0.004826740827411413
0.047296684235334396
0.002741782460361719
0.021526290103793144
0.05159759148955345
0.18278862535953522
0.0016741970321163535
0.006081194616854191
0.0031598745845258236
0.007766916416585445
0.004615624435245991
0.010359863750636578
0.3232780396938324
2.1785755157470703