-16.689888507127762
-16.86236508190632
-9.247182190418243
-14.138341426849365
-15.638265579938889
-18.593265056610107
-9.592799067497253
-10.08527985215187
-20.76863169670105
-17.78625226020813
-20.072694778442383
-18.97715336084366
-19.26590406894684
-18.737993389368057
-19.768469631671906
-23.4787278175354
-20.906057834625244
-17.55661165714264
-21.78641664981842
-29.538972854614258
-21.022705227136612
-19.616951882839203
-26.33935797214508
-32.3339586853981
-22.811894714832306
-22.090700447559357
-21.47890654206276
-20.752677023410797
-25.159124314785004
-30.767492175102234
-23.704616725444794
-26.88508176803589
-7.490516543388367
-15.282471716403961
-20.472553461790085
-21.229100435972214
-24.21888965368271
-21.416161358356476
-25.43547385931015
-22.294453978538513
-24.101544439792633
-22.191832542419434
-30.025339603424072
-31.228282928466797
-18.92275756597519
-17.762173175811768
-10.544323056936264
-18.611484587192535
-23.48549062013626
-19.923931270837784
-23.61649912595749
-23.03513526916504
-27.71518075466156
-27.444864630699158
-16.92428481578827
-16.52210482954979
-23.51116132736206
-28.147412478923798
-22.0122928917408
-18.453234404325485
-22.119348764419556
-16.022428274154663
-26.565488129854202
-22.87992152571678
-29.04238361120224
-36.94058132171631
-19.683180272579193
-23.642885476350784
-26.343005418777466
-33.745296478271484
-21.613441973924637
-25.48647752404213
-30.246893107891083
-21.52687132358551
-18.463134229183197
-16.41800719499588
-21.36673080921173
-29.066812694072723
-17.578950226306915
-32.13223350048065
-28.553069233894348
-26.420774817466736
-13.93312293291092
-17.612277269363403
-15.993304044008255
-15.917187124490738
-20.875376224517822
-20.720953792333603
-22.723499208688736
-27.193632066249847
-30.408832132816315
-27.171185851097107
-9.89130163192749
-13.238160371780396
-26.92661851644516
-24.785787105560303
-24.542154908180237
-25.14973819255829
-20.613175809383392
-24.367226719856262
-24.611542999744415
-24.270957827568054
-26.28076946735382
-27.984747350215912
-29.465241581201553
-22.2314692735672
-26.87035423517227
-26.738668262958527
-28.767865419387817
-32.93067127466202
-24.490208387374878
-31.65586495399475
-30.775122076272964
-29.163686007261276
-37.34260952472687
-32.56338882446289
-18.376321971416473
-21.475110352039337
-19.353055357933044
-21.974900722503662
-23.97559630870819
-24.267386257648468
-28.40571156144142
-29.335128217935562
-36.959483087062836
-29.72026437520981
-18.32208225131035
-11.745118618011475
-18.647213518619537
-28.340096294879913
-28.986622124910355
-25.88547334074974
-34.310244143009186
-31.445693373680115
-16.29696136713028
-14.23007845878601
-20.13224095106125
-29.94683676958084
-30.185714721679688
-27.630985260009766
-15.897045522928238
-15.553418278694153
-12.235825061798096
-20.30015653371811
-16.682456880807877
-9.656466215848923
-29.69194769859314
-25.685357093811035
-23.797508001327515
-29.079599380493164
-13.664013266563416
-17.55661165714264
-32.682526141405106
-26.88695114850998
-31.72974956035614
-33.076361894607544
-20.585033237934113
-31.172370612621307
-20.26287144422531
-27.505583822727203
-19.168277353048325
-17.06726583838463
-13.090342402458191
-18.632678031921387
-19.232244163751602
-20.494393825531006
-20.468392074108124
-20.35960954427719
-25.995987117290497
-24.09946745634079
-27.447193264961243
-26.945230305194855
-26.817302763462067
-26.21248632669449
-24.21000701189041
-28.957696676254272
-20.098111748695374
-29.176273226737976
-14.74084484577179
-19.643548488616943
-33.534684121608734
-42.18909990787506
-15.797166794538498
-18.770041435956955
-25.05179738998413
-26.466889441013336
-23.92687487602234
-29.789950251579285
-22.03278738260269
-33.569518864154816
-20.48927503824234
-23.31216263771057
-22.576281368732452
-25.287917017936707
-23.527842611074448
-20.481083691120148
-28.441178560256958
-21.307859003543854
-15.700236022472382
-26.511633038520813
-21.540730595588684
-15.384464025497437
-23.347682118415833
-26.024138748645782
-26.06958568096161
-26.653073012828827
-23.09411120414734
-28.44890832901001
-12.294120162725449
-20.181691199541092
-25.963603019714355
-18.12161795794964
-39.70945566892624
-30.777061998844147
-30.320423781871796
-39.118426978588104
-27.532625436782837
-26.505100190639496
-11.554348528385162
-14.192785203456879
-25.44760751724243
-28.643588542938232
-12.964546740055084
-13.43374478816986
-17.03414410352707
-24.436158299446106
-20.804126858711243
-19.786466240882874
-23.187334060668945
-17.408161878585815
-27.057404041290283
-23.140982031822205
-25.241884529590607
-27.158545434474945
-28.02387833595276
-24.89801663160324
-12.083991289138794
-21.207128793001175
-19.323502123355865
-21.762433230876923
-25.266632318496704
-26.528286635875702
-28.06557708978653
-31.976792454719543
-11.811553925275803
-17.78625226020813
-18.012385308742523
-17.16497814655304
-20.886334985494614
-19.10824453830719
-18.71064406633377
-21.428589940071106
-21.244601249694824
-26.552704989910126
-12.673479408025742
-15.839613616466522
-25.243140280246735
-23.082194924354553
-32.05430871248245
-24.048933744430542
-17.200783491134644
-20.99810039997101
-18.406744599342346
-20.36007845401764
-15.860743969678879
-18.52091947197914
-18.411321878433228
-18.17004531621933
-33.854139506816864
-37.91031515598297
-16.381388664245605
-17.76635891199112
-25.391639173030853
-22.280021607875824
-19.124178528785706
-17.92803743481636
-16.04125863313675
-22.774075627326965
-32.788502752780914
-38.94910567998886
-16.112264156341553
-28.495304226875305
-34.32019352912903
-29.647420346736908
-12.11680120229721
-12.443455338478088
-15.410852074623108
-16.56978189945221
-24.55765450000763
-28.749392926692963
-23.095514476299286
-26.675071477890015
-19.89711481332779
-21.312219977378845
-17.51329070329666
-18.53531777858734
-21.69936692714691
-28.60942769050598
-25.992819130420685
-26.85980635881424
-23.401407659053802
-22.391930401325226
-23.14317262172699
-22.905463218688965
-22.39836686849594
-24.082378029823303
-19.36571902036667
-14.328437566757202
-21.887865334749222
-15.713763952255249
-21.18805181980133
-19.584558248519897
-22.386815786361694
-22.21360120177269
-29.442512333393097
-30.3340824842453
-22.76166981458664
-25.474407494068146
-11.967382580041885
-18.618341326713562
-8.61399894952774
-11.97703891992569
-21.945742070674896
-25.20003655552864
-29.85689479112625
-24.08547955751419
-16.496338844299316
-17.381370544433594
-21.260494649410248
-21.464330077171326
-22.942983776330948
-30.955309867858887
-23.12564754486084
-24.983945786952972
-16.849720746278763
-19.31645080447197
-16.94469827413559
-16.429319441318512
-28.34751456975937
-31.18070536851883
-28.30516654253006
-32.77183663845062
-13.00873675942421
-16.111990869045258
-26.60176980495453
-13.747606873512268
-18.71099665760994
-15.66514664888382
-14.43004386126995
-19.938715875148773
-10.408056437969208
-14.259445071220398
-11.5423703789711
-21.725521981716156
-19.11495667695999
-25.17259395122528
-22.45100489258766
-16.097801834344864
-21.70214581489563
-31.039249062538147
-16.48693150281906
-24.213834166526794
-14.405408322811127
-19.379358112812042
-22.47668296098709
-29.75913456082344
-25.44668984413147
-25.0964133143425
-18.518760919570923
-17.644811928272247
-25.52284324169159
-24.096298336982727
-23.712536931037903
-30.914696276187897
-19.290399819612503
-16.66598218679428
-18.595759570598602
-16.830106377601624
-21.96664795279503
-27.320462435483932
-25.58850997686386
-35.256600856781006
-21.68058806657791
-20.11472988128662
-22.726214736700058
-19.648284882307053
-17.133893370628357
-16.376298010349274
-21.603049755096436
-22.639513731002808
-21.372166633605957
-31.174201250076294
-25.393509566783905
-6.112588286399841
-21.30437994003296
-16.73938149213791
-16.526932686567307
-21.58393222093582
-20.31163591146469
-17.298423945903778
-24.221617579460144
-26.453922271728516
-19.753918558359146
-10.179206430912018
-13.557888627052307
-21.843138575553894
-19.6162388920784
-12.191312730312347
-19.027298241853714
-23.430463880300522
-24.801904499530792
-25.14281940460205
-26.647102415561676
-25.225165128707886
-24.71258845925331
-27.334114372730255
-25.874128341674805
-21.6533322930336
-24.143001228570938
-15.248067766427994
-19.68874281644821
-34.07903057336807
-26.429965794086456
-25.563413590192795
-29.10134792327881
-35.29009211063385
-17.642664074897766
-21.32992684841156
-23.153610408306122
-21.199065446853638
-21.969672322273254
-23.263927042484283
-20.19631803035736
-20.384687840938568
-12.10314592719078
-9.391118824481964
-21.728955149650574
-20.120347499847412
-26.125833809375763
-23.03513526916504
-30.804055392742157
-28.86751538515091
-26.867729485034943
-27.792739778757095
-34.49575912952423
-34.62473350763321
-12.352132260799408
-15.03777015209198
-10.596676766872406
-17.78625226020813
-10.785351157188416
-11.848067581653595
-22.21854653954506
-22.49818566441536
-22.700020372867584
-17.452132165431976
-26.077543020248413
-32.447707414627075
-19.933686017990112
-22.172693222761154
-16.84992676973343
-24.521337270736694
-27.51865804195404
-24.517466068267822
-22.27170690894127
-20.666577756404877
-34.62075060606003
-44.07517272233963
-27.010249376296997
-21.09310406446457
-23.973626732826233
-29.001841604709625
-24.737070381641388
-37.1234849691391
-15.962578266859055
-18.20968210697174
-19.16777813434601
-27.392471075057983
-17.90550345182419
-35.29363113641739
-12.905647784471512
-11.643887639045715
-18.064049899578094
-15.389314353466034
-21.48859268426895
-22.016947239637375
-23.256390631198883
-27.24787527322769
-16.694248646497726
-17.755863819271326
-22.420287609100342
-17.544033482670784
-17.618594378232956
-15.941512674093246
-13.727062180638313
-20.99810039997101
-28.239481270313263
-18.81521847844124
-22.887386977672577
-22.5650275349617
-22.207436323165894
-21.391167610883713
-21.650589287281036
-26.54024851322174
-27.246847480535507
-22.739047557115555
-30.407917737960815
-30.366190791130066
-22.58268105983734
-26.71216243505478
-26.922852516174316
-24.135494261980057
-30.427707612514496
-31.61186307668686
-27.69520890712738
-26.76945686340332
-20.00757995247841
-21.256747245788574
-26.353567004203796
-16.01079100370407
-11.109652698040009
-20.941649734973907
-27.156426966190338
-20.405078321695328
-27.741322696208954
-32.3560688495636
-21.862745851278305
-21.649889826774597
-19.321799516677856
-17.565639674663544
-25.435570180416107
-32.942328095436096
-21.28149276971817
-15.10231950879097
-24.655119955539703
-17.924398064613342
-24.139384388923645
-24.69182950258255
-20.346833527088165
-34.606604158878326
-25.938250482082367
-22.1047825217247
-19.300039649009705
-17.92803743481636
-28.32442134618759
-25.939329206943512
-16.716245532035828
-20.056223928928375
-19.882998317480087
-22.21122696995735
-21.18614822626114
-24.38392347097397
-15.3676478266716
-21.601078689098358
-15.550071448087692
-18.963163763284683
-15.77579951286316
-19.826068878173828
-20.22552913427353
-24.27419662475586
-25.41863775253296
-26.015469789505005
-11.037672489881516
-20.407620400190353
-12.816418409347534
-11.661387920379639
-23.604174852371216
-38.05256915092468
-18.790281176567078
-14.665986835956573
-25.825586557388306
-22.987700641155243
-26.98441231250763
-25.40390706062317
-20.94095927476883
-17.047049582004547
-27.984458446502686
-28.212677776813507
-18.43638575077057
-24.681503236293793
-26.349501192569733
-21.434436082839966
-17.840088099241257
-7.439630061388016
-18.594092309474945
-21.538091123104095
-23.781744956970215
-26.18433654308319
-13.72281962633133
-13.553209066390991
-17.56236082315445
-19.16477520763874
-35.7469627559185
-32.2969414293766
-37.198339223861694
-41.26179796457291
-16.36741042137146
-25.572811126708984
-14.027657806873322
-19.009671449661255
-26.648146152496338
-18.974356532096863
-9.990755528211594
-10.179206430912018
-12.5113445520401
-9.8731769323349
-18.697902023792267
-15.332038760185242
-23.451124131679535
-21.852104365825653
-26.3376442193985
-27.630985260009766
-23.974416732788086
-21.087584167718887
-31.24840009212494
-28.228715896606445
-23.58718067407608
-28.751052975654602
-22.31045687198639
-22.221452683210373
-25.032742977142334
-32.08357101678848
-20.582540810108185
-21.105560958385468
-18.76178276538849
-13.109735131263733
-27.406425833702087
-29.94706904888153
-10.906945660710335
-19.10968193411827
-16.47216546535492
-25.159002125263214
-22.665902376174927
-19.31645080447197
-25.47038424015045
-20.692354142665863
-17.90020054578781
-26.481707990169525
-18.55301570892334
-21.44437462091446
-19.34109091758728
-18.46647745370865
-34.20786505937576
-30.153309881687164
-38.25586807727814
-33.009350419044495
-15.135650932788849
-14.819244503974915
-21.26903122663498
-27.583828449249268
-23.0737646818161
-27.193632066249847
-26.465938687324524
-27.508184790611267
-19.675824254751205
-25.48647752404213
-19.703266739845276
-23.38588285446167
-9.563721656799316
-15.839613616466522
-11.017649102956057
-8.51658946275711
-15.14784324169159
-16.510127425193787
-23.769786298274994
-32.72404181957245
-32.80269128084183
-29.65679943561554
-12.218751311302185
-18.046758592128754
-23.282670199871063
-23.032784432172775
-31.750069677829742
-41.06761360168457
-12.469542801380157
-19.487360894680023
-21.725435465574265
-20.396552085876465
-12.856173157691956
-12.489090010523796
-20.186345487833023
-16.587584912776947
-17.676269054412842
-26.71216243505478
-24.953951209783554
-23.92565867304802
-27.13142603635788
-26.25905740261078
-21.03636160492897
-23.89501914381981
-32.519202709198
-36.72438341379166
-19.062864542007446
-20.441736578941345
-20.404553651809692
-19.506522178649902
-21.810966789722443
-34.64652353525162
-26.456142991781235
-21.006312280893326
-20.382805824279785
-29.248920679092407
-21.400604814291
-30.885300397872925
-25.664195895195007
-30.477942764759064
-25.923993945121765
-34.844604790210724
-31.5966215133667
-29.345735132694244
-21.67473006248474
-27.36623650789261
-14.486158788204193
-19.38856679201126
-25.044775873422623
-19.71729215979576
-26.464036107063293
-25.271826088428497
-24.056769102811813
-22.739047557115555
-29.026500523090363
-32.88954335451126
-22.71983826160431
-24.388773381710052
-24.157532215118408
-23.0705364048481
-20.550221621990204
-33.11176151037216
-18.09404343366623
-21.54139080643654
-19.86337924003601
-18.84399527311325
-20.001192837953568
-21.200646698474884
-15.69075271487236
-21.248914271593094
-21.237434029579163
-26.3774254322052
-14.271837770938873
-9.695239257067442
-19.318315714597702
-20.573168724775314
-15.915139973163605
-21.606389105319977
-21.66481763124466
-25.635927379131317
-30.3052219748497
-22.33821874856949
-21.235442757606506
-30.97202903032303
-18.256248950958252
-18.9400697350502
-31.26835662126541
-33.147146701812744
-32.2600063085556
-44.40089267492294
-26.990790128707886
-22.338456332683563
-29.871844112873077
-29.026310801506042
-18.271518886089325
-11.562282741069794
-9.156144976615906
-15.192983031272888
-18.158960282802582
-19.31645080447197
-13.721377685666084
-19.253185391426086
-13.434443652629852
-18.882921010255814
-21.747236251831055
-22.36881172657013
-19.52247816324234
-24.51575493812561
-20.38606572151184
-24.833111822605133
-24.048171818256378
-20.893308699131012
-23.440689027309418
-23.0236496925354
-13.712284684181213
-15.779579520225525
-26.575471460819244
-34.24200654029846
-17.988291919231415
-19.388209223747253
-24.93722927570343
-20.05993527173996
-24.22799241542816
-21.708560168743134
-30.384031236171722
-29.910756409168243
-22.355297476053238
-13.629286378622055
-21.92897081375122
-28.24091601371765
-22.12571746110916
-16.02931159734726
-16.23387935757637
-20.121109783649445
-23.810035467147827
-26.27495574951172
-15.948563873767853
-27.84121298789978
-18.757936835289
-20.462052404880524
-24.462065428495407
-28.67071732878685
-28.465781211853027
-24.478306651115417
-13.591052949428558
-20.345866829156876
-16.76524257659912
-18.368931591510773
-30.18475189805031
-27.383296817541122
-36.33906126022339
-36.47993856668472
-23.100759983062744
-27.996268272399902
-23.157402247190475
-23.0705364048481
-28.651385724544525
-21.29963928461075
-19.13136124610901
-20.968120217323303
-24.603401243686676
-26.57395213842392
-9.223312556743622
-16.286425054073334
-23.696707248687744
-22.655170440673828
-19.505015671253204
-31.178732454776764
-18.234454095363617
-20.886063754558563
-19.116631031036377
-23.820385336875916
-19.989718437194824
-19.807369202375412
-18.869366466999054
-15.039934575557709
-23.849550306797028
-18.006298780441284
-36.06922781467438
-36.464516282081604
-23.364808917045593
-19.395162403583527
-20.406298846006393
-27.73442977666855
-23.40293562412262
-24.899021089076996
-24.63592267036438
-34.082722306251526
-27.455483555793762
-32.680546432733536
-30.336076080799103
-29.613493978977203
-19.392080187797546
-16.316481590270996
-13.594801008701324
-26.398716747760773
-21.05971708893776
-24.590750336647034
-21.232937157154083
-12.565972208976746
-31.946589171886444
-20.539082884788513
-31.643548727035522
-36.8001708984375
-22.874482452869415
-23.2280433177948
-17.166058897972107
-21.559634745121002
-14.84321516752243
-15.92632931470871
-20.208467185497284
-21.297846883535385
-18.362498104572296
-25.05858451128006
-14.039400309324265
-19.31645080447197
-13.017878234386444
-18.932600617408752
-18.56675687432289
-17.48183622956276
-15.689087212085724
-25.098349928855896
-22.98489248752594
-32.10929572582245
-13.596364200115204
-16.20631268620491
-14.531081140041351
-17.395449846982956
-12.834429621696472
-15.32906836271286
-19.437181442975998
-23.680708914995193
-27.214970111846924
-23.99722671508789
-25.445625364780426
-30.80085128545761
-16.818832218647003
-17.320135354995728
-19.77091532945633
-16.060813426971436
-27.585443079471588
-35.947441816329956
-21.655620396137238
-18.080919086933136
-20.10441702604294
-15.935657560825348
-14.547538876533508
-15.235180020332336
-20.95336812734604
-20.364486634731293
-19.89500468969345
-13.751474857330322
-16.657221853733063
-16.140569150447845
-28.49047029018402
-34.32751905918121
-21.28047886490822
-21.506931096315384
-18.917700171470642
-27.392471075057983
-17.60115358233452
-22.26984241604805
-23.25348997116089
-28.83029693365097
-20.943070650100708
-23.474071145057678
-22.109149396419525
-25.797100603580475
-19.698145508766174
-17.871537804603577
-19.376335620880127
-16.174997746944427
-24.291130244731903
-34.41349649429321
-13.029589623212814
-20.573168724775314
-18.159779608249664
-19.194298326969147
-18.01354420185089
-25.454320430755615
-11.258773356676102
-15.856551766395569
-29.95390436053276
-34.32394078373909
-28.988754868507385
-30.269307494163513
-22.771904677152634
-18.41042798757553
-18.655893087387085
-26.74912428855896
-22.32412701845169
-20.33531105518341
-20.72528636455536
-28.601412534713745
-20.924854040145874
-21.248914271593094
-17.957400798797607
-24.681503236293793
-27.02091121673584
-21.560284912586212
-24.646724462509155
-30.83591651916504
-14.787567883729935
-20.35099422931671
-18.7943075299263
-21.099121898412704
-20.337976187467575
-21.31497883796692
-16.379651188850403
-26.398716747760773
-17.1994868516922
-20.625789552927017
-27.9351989030838
-25.569838762283325
-20.289272487163544
-22.695217549800873
-17.806763172149658
-18.641491770744324
-26.48548451066017
-20.595796823501587
-26.709288895130157
-33.57990479469299
-23.19869092106819
-32.146409779787064
-33.6125293970108
-40.733926355838776
-21.164507567882538
-23.80325949192047
-24.72317272424698
-22.355713725090027
-21.610393702983856
-23.74297520518303
-26.579511761665344
-30.697052538394928
-27.564567387104034
-34.74096292257309
-18.215268909931183
-27.91400420665741
-29.672974228858948
-31.095366537570953
-6.273347914218903
-11.669547975063324
-29.761476755142212
-35.906842827796936
-19.075528621673584
-11.504745662212372
-17.894764721393585
-21.77344250679016
-21.684166729450226
-21.213080525398254
-18.37638035416603
-28.103312969207764
-20.596822261810303
-23.514887422323227
-17.260008335113525
-23.107567489147186
-21.88782474398613
-22.655170440673828
-24.06160259246826
-22.86568683385849
-26.02241426706314
-32.365230202674866
-21.024806559085846
-18.665052711963654
-23.350313276052475
-22.612314850091934
-17.206905998289585
-16.90629295632243
-24.24611258506775
-33.49511480331421
-24.414383113384247
-24.53949111700058
-21.882477283477783
-24.744721472263336
-16.918109863996506
-18.453234404325485
-18.63879156112671
-18.115702867507935
-13.658230245113373
-8.036854922771454
-18.462420344352722
-29.0480717420578
-16.15354412794113
-21.248914271593094
-17.992533683776855
-17.563460409641266
-35.51437473297119
-24.8096045255661
-31.472880125045776
-24.855929732322693
-5.2283874452114105
-16.111990869045258
-15.054231584072113
-16.147399365901947
-28.235730051994324
-34.50860321521759
-27.405656725168228
-25.077054768800735
-32.04611611366272
-25.280182123184204
-10.813910067081451
-15.90087115764618
-16.681163012981415
-21.082212686538696
-16.524578392505646
-23.944341361522675
-16.72391551733017
-20.8487086892128
-20.511356115341187
-21.248914271593094
-12.953794598579407
-19.36397224664688
-30.564270824193954
-31.033345103263855
-28.079958081245422
-34.168265998363495
-14.867292881011963
-18.11677074432373
-23.182350158691406
-21.391167610883713
-13.12615191936493
-12.038787186145782
-24.889459997415543
-26.864354461431503
-27.961412012577057
-22.769242763519287
-25.053671538829803
-28.590268969535828
-11.665993332862854
-15.303263664245605
-31.631278306245804
-32.92322534322739
-27.487691640853882
-27.432705402374268
-23.96629610657692
-20.23204016685486
-22.71393072605133
-15.750144004821777
-27.01459002494812
-22.739047557115555
-28.584008038043976
-33.11561542749405
-27.585771948099136
-31.110142529010773
-36.204790353775024
-33.25462222099304
-16.872289210557938
-20.294747918844223
-25.07009732723236
-25.928303360939026
-17.032979130744934
-19.651854395866394
-15.994786739349365
-13.522964000701904
-21.399308919906616
-22.08579182624817
-20.210644721984863
-18.017025589942932
-10.97913458943367
-3.644501119852066
-11.774155020713806
-17.829695403575897
-24.21526551246643
-37.57319313287735
-24.28867745399475
-32.94661086797714
-20.334450721740723
-22.90317451953888
-14.026080787181854
-12.193158268928528
-26.135477304458618
-27.322789251804352
-12.177931249141693
-18.27953165769577
-26.717672169208527
-29.786742568016052
-18.96906054019928
-18.811762243509293
-18.210895359516144
-18.92212152481079
-24.603231191635132
-20.261830985546112
-21.56727397441864
-30.11883842945099
-29.617969393730164
-31.384210109710693
-24.630078673362732
-22.91154569387436
-20.97549134492874
-9.676283746957779
-24.80004781484604
-33.18147909641266
-10.48901218175888
-17.725578516721725
-16.949888586997986
-11.128787755966187
-13.749094367027283
-22.776709377765656
-25.871576607227325
-23.175022542476654
-21.029337108135223
-20.265324741601944
-15.708894789218903
-20.403239250183105
-13.156968593597412
-20.23549473285675
-26.034313797950745
-36.427478671073914
-34.77471399307251
-28.07269048690796
-13.54170909523964
-21.375477492809296
-17.718531012535095
-14.928098201751709
-19.725380569696426
-21.149360567331314
-26.856294572353363
-26.93782889842987
-20.269457399845123
-22.36881172657013
-32.741424560546875
-30.092885553836823
-26.087776452302933
-29.113224238157272
-32.16050910949707
-33.635735630989075
-22.814442992210388
-23.78081715106964
-20.434056341648102
-20.935686111450195
-13.196224391460419
-17.17239135503769
-25.37215405702591
-25.88428708910942
-21.364303052425385
-24.880685329437256
-16.878134965896606
-14.177523791790009
-9.173693299293518
-12.193158268928528
-20.588566720485687
-13.604555636644363
-17.218024283647537
-20.788453832268715
-31.127139627933502
-25.166018187999725
-29.109601616859436
-35.598081827163696
-23.535412073135376
-21.391167610883713
-19.61939364671707
-18.04844307899475
-9.861149549484253
-15.464440643787384
-19.22695642709732
-23.31718599796295
-24.188332498073578
-26.170376479625702
-22.215634435415268
-20.94488975405693
-20.36803698539734
-26.350211560726166
-13.23520365357399
-11.504745662212372
-9.384173452854156
-12.333911418914795
-29.73033058643341
-28.611010313034058
-28.39159059524536
-27.444864630699158
-26.094996213912964
-32.71025049686432
-38.82869327068329
-41.56586390733719
-27.276446908712387
-22.96710756421089
-22.904717445373535
-32.66865885257721
-19.71144437789917
-15.6487056016922
-15.81083619594574
-14.665986835956573
-19.53169149160385
-14.506350874900818
-21.204911172389984
-24.90809839963913
-22.7026464343071
-25.18323963880539
-12.498592734336853
-17.86856859922409
-16.39915570616722
-19.24595019221306
-19.44081449508667
-22.695217549800873
-35.740803599357605
-37.15867346525192
-22.417660981416702
-18.595257937908173
-20.16022703051567
-26.117272794246674
-16.988761484622955
-19.85454374551773
-15.383896827697754
-14.259445071220398
-26.855318784713745
-23.48629403114319
-24.285223186016083
-23.63934963941574
-19.742472171783447
-27.761053025722504
-14.260751843452454
-11.848067581653595
-17.703708171844482
-28.144007921218872
-16.083863139152527
-18.68073183298111
-14.41482600569725
-20.216431617736816
-29.630564033985138
-30.840406000614166
-14.488304167985916
-16.510127425193787
-26.48561316728592
-35.465408623218536
-13.604407131671906
-21.02028053998947
-12.81472909450531
-17.78707981109619
-17.39920938014984
-23.31718599796295
-24.16351780295372
-24.018929362297058
-22.47937121987343
-18.53531777858734
-17.37873136997223
-27.996268272399902
-21.771478056907654
-15.26587826013565
-23.581883132457733
-29.15715754032135
-22.70677226781845
-23.0236496925354
-21.444573044776917
-20.390474557876587
-11.512430369853973
-22.315660417079926
-13.716547280550003
-18.69690838456154
-16.49370777606964
-14.721428096294403
-12.503691226243973
-12.280704230070114
-31.245798230171204
-33.55825290083885
-33.50726801156998
-35.193941831588745
-13.641749829053879
-19.10824453830719
-21.526821851730347
-17.909840524196625
-13.784546494483948
-15.689262568950653
-24.689584255218506
-30.63264238834381
-22.156210094690323
-22.987700641155243
-28.782024443149567
-27.259426474571228
-12.326738774776459
-19.65672069787979
-18.549833297729492
-14.288475155830383
-22.35751485824585
-22.307947754859924
-17.411640346050262
-15.939925700426102
-17.547333300113678
-24.4737406373024
-25.460907638072968
-29.071789264678955
-19.730198323726654
-17.671360969543457
-11.105759263038635
-9.980536252260208
-18.02468204498291
-28.62535172700882
-16.99864238500595
-27.015550076961517
-26.101610481739044
-26.18065220117569
-19.980954468250275
-32.29897880554199
-34.457971662282944
-31.861861258745193
-30.76075780391693
-36.59896445274353
-12.95053893327713
-18.674633502960205
-10.029022216796875
-17.567399084568024
-19.77133646607399
-13.652918815612793
-18.437737226486206
-18.355984210968018
-23.05511575937271
-26.421145141124725
-29.737374186515808
-36.80084240436554
-19.063366889953613
-17.014774799346924
-10.32991874217987
-14.558368444442749
-24.52314841747284
-22.286671996116638
-12.894652366638184
-21.016841769218445
-20.91920131444931
-27.665726900100708
-11.572561979293823
-15.213959217071533
-23.36700838804245
-18.811762243509293
-21.682881593704224
-23.31216263771057
-22.122769355773926
-17.23952329158783
-19.7687326669693
-20.819216072559357
-13.46690720319748
-19.54959738254547
-19.925179928541183
-23.327072083950043
-29.460147321224213
-34.640572905540466
-27.111653089523315
-24.08547955751419
-22.027590334415436
-17.867385864257812
-18.661529272794724
-15.290301859378815
-21.907716244459152
-17.188787817955017
-25.874164044857025
-13.311147212982178
-24.757459968328476
-19.616951882839203
-24.617890238761902
-27.232782006263733
-34.61909770965576
-36.5213623046875
-11.85050904750824
-24.677205204963684
-24.64563488960266
-28.719165176153183
-25.113978147506714
-26.568109333515167
-8.963775932788849
-10.690225154161453
-24.650648653507233
-22.49818566441536
-29.552385926246643
-32.56003141403198
-26.233745098114014
-29.795262336730957
-21.387560427188873
-29.066812694072723
-24.46312689781189
-26.26364153623581
-28.615684926509857
-27.655719876289368
-25.726940751075745
-30.009811282157898
-19.395236313343048
-26.473171949386597
-32.283788830041885
-24.899052172899246
-23.831458151340485
-40.986970245838165
-26.194643437862396
-18.847628325223923
-25.81450653076172
-29.719507455825806
-18.9999717772007
-25.319840669631958
-26.450326323509216
-31.637693524360657
-25.63530707359314
-20.623460829257965
-30.921607434749603
-31.734540820121765
-19.833738565444946
-17.09702491760254
-22.731404960155487
-24.109774827957153
-30.884715616703033
-24.73706352710724
-26.826882123947144
-34.061153411865234
-21.58910146355629
-28.32923513650894
-29.383384227752686
-29.21052998304367
-22.708189845085144
-17.63828356564045
-13.595989048480988
-15.075247824192047
-19.661666303873062
-21.375477492809296
-12.34955620765686
-16.7213037610054
-22.479912638664246
-38.78348857164383
-28.738155335187912
-20.130258798599243
-30.699247181415558
-25.81306129693985
-13.887686848640442
-7.976778090000153
-25.07408994436264
-23.714234590530396
-22.275549978017807
-22.46414902806282
-28.951254665851593
-28.060725033283234
-28.23800891637802
-25.683739483356476
-12.048994451761246
-14.62795415520668
-20.947578489780426
-23.771937012672424
-21.883351773023605
-19.649765610694885
-19.729332983493805
-24.15159797668457
-20.326654136180878
-14.900360643863678
-16.78653335571289
-14.506350874900818
-18.159382581710815
-20.294747918844223
-19.514281272888184
-26.677174746990204
-18.72084242105484
-7.253189593553543
-14.063108265399933
-22.422490119934082
-13.536387771368027
-20.903900295495987
-20.96519747376442
-18.419741451740265
-15.092647641897202
-20.565581649541855
-21.51651844382286
-20.027808606624603
-22.70395255088806
-19.162779986858368
-16.225705742836
-20.310461461544037
-14.519835531711578
-14.084859251976013
-16.706601202487946
-15.390664517879486
-14.216325223445892
-17.925713926553726
-16.689652979373932
-18.89454686641693
-22.47988897562027
-21.594063490629196
-25.873603641986847
-25.48934018611908
-18.780614614486694
-15.346878349781036
-13.175710678100586
-21.39703732728958
-26.662686109542847
-30.287276804447174
-36.505156099796295
-30.477923810482025
-14.681325495243073
-12.91450184583664
-12.66502359509468
-18.147106409072876
-13.518996119499207
-10.744065463542938
-27.528689056634903
-27.406376004219055
-25.208837270736694
-25.107594430446625
-32.4594903588295
-30.988297045230865
-24.263646066188812
-22.419600784778595
-15.924522787332535
-21.256747245788574
-33.31175971031189
-35.8457987010479
-36.844797253608704
-43.36589950323105
-16.764097809791565
-16.259694159030914
-30.354147166013718
-19.118738681077957
-32.204677402973175
-34.30559730529785
-19.149772226810455
-20.120338678359985
-22.79623180627823
-18.093384325504303
-15.527117758989334
-11.487590670585632
-16.73774164915085
-17.707715272903442
-15.03419879078865
-20.330343335866928
-21.092873513698578
-21.949489772319794
-8.001494705677032
-18.27953165769577
-16.43547633290291
-16.847757160663605
-21.042057037353516
-22.22993975877762
-31.351619482040405
-31.61224666237831
-36.166739106178284
-38.75552201271057
-22.930815815925598
-20.415186524391174
-39.017218589782715
-42.36518931388855
-19.580982208251953
-18.17004531621933
-28.508456468582153
-24.057680904865265
-21.56112837791443
-18.331408202648163
-26.975968956947327
-22.11309290677309
-13.824266076087952
-25.17259395122528
-26.96377068758011
-25.287240743637085
-30.30559265613556
-32.52474516630173
-26.499868750572205
-33.69760513305664
-12.18943178653717
-10.563510954380035
-5.818340178579092
-12.685291051864624
-17.775229543447495
-16.749972879886627
-18.305039823055267
-25.16022378206253
-17.670445024967194
-15.759577095508575
-24.11895376443863
-20.717036485671997
-22.572940230369568
-30.22964644432068
-22.750218272209167
-25.59777182340622
-27.668775886297226
-26.904682725667953
-23.16033709049225
-25.029423981904984
-16.55856043100357
-15.895046204328537
-20.681069374084473
-30.161743104457855
-12.497005492448807
-15.553418278694153
-24.25350421667099
-23.54888689517975
-18.92818307876587
-22.469526886940002
-11.496390372514725
-19.34246736764908
-7.8777444288134575
-17.923097372055054
-31.515301406383514
-41.85035389661789
-16.389232277870178
-18.797016263008118
-27.140571177005768
-24.266199588775635
-22.796576529741287
-24.567261457443237
-25.768349647521973
-32.095948934555054
-20.914633631706238
-18.660936653614044
-23.732546150684357
-23.736927211284637
-31.064987003803253
-34.82559406757355
-30.543897211551666
-26.56817263364792
-15.177287727594376
-20.23204016685486
-17.60661768913269
-20.848953425884247
-12.903946816921234
-20.393698751926422
-20.095677107572556
-16.510127425193787
-7.902949571609497
-5.764871396124363
-20.19065696001053
-19.311828076839447
-9.49161883443594
-13.634450435638428
-23.060674905776978
-17.644811928272247
-21.489880740642548
-22.54043221473694
-23.221233189105988
-27.226043105125427
-23.583558976650238
-35.263825833797455
-12.759928777813911
-17.395449846982956
-24.87432885169983
-24.616549253463745
-23.163616180419922
-24.800401628017426
-8.843896448612213
-15.90087115764618
-20.667440623044968
-17.78707981109619
-19.923670053482056
-22.090700447559357
-21.972102463245392
-29.372550010681152
-20.56270557641983
-22.11309290677309
-26.33133625984192
-36.37714606523514
-23.481268614530563
-25.942747861146927
-31.143296658992767
-34.68004310131073
-32.48923933506012
-34.93973219394684
-21.841423749923706
-24.137876391410828
-24.614790678024292
-27.377912759780884
-22.262461304664612
-19.994804590940475
-23.973520278930664
-30.933189749717712
-16.26528313755989
-21.174684807658195
-21.11154532432556
-24.352392613887787
-22.60579138994217
-26.985158383846283
-25.943586349487305
-32.05284821987152
-22.339378595352173
-20.82119259238243
-23.591730415821075
-26.913315296173096
-25.807259440422058
-26.081319093704224
-22.310878038406372
-13.977375030517578
-14.86661121249199
-13.641179919242859
-23.6841459274292
-20.20869529247284
-22.483730792999268
-19.400198608636856
-20.552893042564392
-30.3425852060318
-30.075929403305054
-24.38128525018692
-25.922559142112732
-32.34269964694977
-31.737237751483917
-32.96453881263733
-15.120971828699112
-18.770041435956955
-18.12178522348404
-30.548265993595123
-22.264014422893524
-6.112588286399841
-22.544983834028244
-22.612314850091934
-20.255385994911194
-28.649886190891266
-21.640794426202774
-19.152456015348434
-30.531815588474274
-28.580881237983704
-19.619794726371765
-9.676283746957779
-23.088478237390518
-25.410920321941376
-25.74515998363495
-28.35543143749237
-26.481044352054596
-26.512558817863464
-21.776351153850555
-22.35316228866577
-21.04364186525345
-23.674204170703888
-16.790378212928772
-29.17927247285843
-14.985187590122223
-13.769270062446594
-9.594995617866516
-9.980536252260208
-14.654276907444
-14.058931410312653
-21.269201576709747
-27.996268272399902
-19.294506072998047
-16.629435062408447
-24.144825488328934
-28.075375705957413
-35.45160269737244
-32.90732133388519
-23.855266749858856
-20.975575983524323
-18.573137640953064
-15.473891913890839
-22.040438652038574
-20.265324741601944
-19.13202428817749
-18.95653986930847
-15.357761293649673
-14.295049905776978
-11.681506335735321
-17.725578516721725
-23.783627033233643
-24.877346575260162
-26.033443093299866
-31.563763558864594
-12.995561063289642
-21.67914307117462
-19.183488070964813
-20.021433770656586
-22.787198901176453
-22.322716236114502
-22.35324513912201
-26.889046132564545
-16.62564265727997
-28.30730539560318
-25.997845351696014
-33.89497768878937
-28.456324100494385
-27.232782006263733
-22.451886415481567
-21.111534625291824
-24.075613975524902
-31.10550355911255
-15.666644215583801
-18.932600617408752
-20.641037940979004
-25.869580268859863
-21.884443163871765
-32.50575387477875
-19.16673582792282
-18.4812029004097
-27.092239797115326
-35.28682827949524
-17.961558878421783
-26.163739800453186
-16.366721957921982
-15.97508692741394
-24.160978227853775
-23.109243482351303
-29.54261153936386
-25.016252994537354
-16.073250740766525
-24.043273329734802
-22.096415728330612
-26.864354461431503
-24.757377803325653
-29.90179479122162
-19.511248528957367
-17.48183622956276
-22.02249464392662
-26.53194224834442
-18.573493719100952
-23.22099608182907
-38.736862540245056
-32.2087487578392
-20.148733615875244
-23.438682913780212
-25.776907086372375
-29.65798020362854
-25.35195803642273
-26.241086542606354
-28.18945848941803
-28.8038632273674
-21.157947659492493
-20.38496470451355
-28.96844756603241
-26.84450352191925
-23.196679890155792
-17.978394150733948
-21.405917286872864
-32.28931510448456
-13.375093817710876
-16.733291685581207
-19.74481302499771
-17.470803260803223
-8.242462635040283
-12.193158268928528
-26.015899419784546
-31.57596081495285
-30.528918623924255
-31.384210109710693
-20.777284860610962
-16.92329040169716
-32.294157922267914
-32.4144846200943
-12.146945357322693
-18.006239652633667
-35.31137019395828
-39.45582902431488
-19.38578176498413
-20.243184983730316
-19.060906440019608
-21.99730744957924
-29.478246808052063
-35.456552386283875
-15.977129131555557
-19.387100875377655
-14.80461311340332
-19.554216980934143
-14.250590980052948
-20.531358540058136
-29.973134100437164
-22.03467345237732
-29.30710941553116
-32.91095978021622
-11.606848120689392
-12.649619609117508
-25.50814527273178
-29.87278264760971
-25.14654642343521
-25.61275601387024
-25.41099214553833
-29.972962081432343
-31.371554672718048
-36.39116770029068
-19.545132517814636
-20.049581080675125
-29.077710032463074
-32.08357101678848
-22.976804554462433
-21.026991963386536
-29.580620884895325
-26.304452002048492
-23.519311547279358
-13.460120677947998
-11.501869350671768
-16.606080949306488
-16.56703281402588
-23.185487926006317
-12.38129311800003
-24.51575493812561
-22.502249002456665
-36.18607145547867
-10.534135282039642
-18.938128173351288
-15.754735291004181
-16.809872090816498
-9.783372074365616
-10.761011004447937
-19.03443655371666
-14.569665014743805
-23.77087527513504
-21.11290740966797
-24.19823670387268
-30.440847754478455
-11.126257717609406
-13.642125815153122
-23.48356258869171
-26.326126515865326
-14.637934803962708
-18.098369300365448
-20.271686911582947
-21.876796156167984
-24.839598834514618
-30.637402772903442
-26.332016825675964
-32.5674991607666
-23.717180788517
-35.456552386283875
-16.045596837997437
-19.294045329093933
-11.831271529197693
-15.181051462888718
-13.627658724784851
-13.553459644317627
-19.813856720924377
-28.31027501821518
-30.877850353717804
-29.113224238157272
-39.127967059612274
-37.15867346525192
-35.81617051362991
-40.733926355838776
-23.383594185113907
-22.49818566441536
-20.427494436502457
-20.316388070583344
-22.881987929344177
-23.044743061065674
-21.288163483142853
-16.0681132376194
-19.618933618068695
-23.599093556404114
-16.58716243505478
-3.579458177089691
-33.228770703077316
-30.41753926873207
-30.56551766395569
-29.62282794713974
-19.554054737091064
-16.017922163009644
-20.51618692278862
-17.846613079309464
-25.309392392635345
-25.381351947784424
-16.589109666645527
-24.65499699115753
-34.93850362300873
-32.7334663271904
-23.011669397354126
-21.078941762447357
-22.879747837781906
-29.47244828939438
-14.041215736418962
-20.1879443526268
-21.561225175857544
-22.54043221473694
-25.251540064811707
-27.24787527322769
-22.84042078256607
-18.267271041870117
-22.539184510707855
-25.894863426685333
-26.7876795232296
-27.168024003505707
-33.56357270479202
-30.908719182014465
-14.314926475286484
-13.6840058863163
-13.757499814033508
-16.767366468906403
-27.011166036128998
-25.142474234104156
-32.63586217164993
-22.076326489448547
-18.60813957452774
-23.204707503318787
-15.711503446102142
-22.51445397734642
-19.783163011074066
-20.912008941173553
-15.13862681388855
-20.465956032276154
-25.7482687830925
-32.36547577381134
-22.381251752376556
-25.35926389694214
-22.07118785381317
-28.473254352808
-25.3152334690094
-28.53735661506653
-19.85491418838501
-25.928335934877396
-21.86392468214035
-23.165100574493408
-25.03022798895836
-18.817905634641647
-21.827598989009857
-26.604034185409546
-17.98978817462921
-13.977375030517578
-24.68590408563614
-27.916650235652924
-28.77762496471405
-14.438081055879593
-19.582382380962372
-25.404640913009644
-21.432137727737427
-23.510649800300598
-26.487656593322754
-23.92736577987671
-34.6861047744751
-31.0683953166008
-21.958620429039
-24.590750336647034
-24.69425117969513
-32.403900027275085
-14.989811450242996
-22.827114015817642
-20.586667776107788
-16.701031267642975
-21.43716475367546
-24.036494940519333
-15.507748246192932
-15.051898837089539
-13.589372128248215
-18.618341326713562
-34.105304539203644
-28.07269048690796
-18.478243231773376
-13.57752177119255
-12.467804253101349
-20.0486159324646
-22.538204312324524
-32.62299072742462
-19.24958625435829
-25.319840669631958
-23.23591423034668
-26.91158527135849
-26.613601744174957
-21.09310406446457
-24.538323044776917
-27.237753093242645
-30.748240411281586
-28.71163707971573
-25.64240312576294
-27.044408440589905
-30.087889432907104
-25.88428708910942
-25.147401034832
-27.30054384469986
-25.98724552989006
-29.639603704214096
-31.523652851581573
-40.79685997962952
-24.288533866405487
-17.24475932121277
-23.77974569797516
-17.52490395307541
-18.731620967388153
-11.78340470790863
-15.457861304283142
-22.12716656923294
-16.63763028383255
-13.751474857330322
-15.013260781764984
-26.511633038520813
-18.49953791499138
-21.297846883535385
-30.188675463199615
-30.16984051465988
-19.707445740699768
-20.580438256263733
-25.297198057174683
-19.911962687969208
-19.322603553533554
-23.390013605356216
-10.785974502563477
-20.14612451195717
-9.149293214082718
-18.316854178905487
-14.848645329475403
-17.04930180311203
-30.28886392712593
-18.084006547927856
-26.46192067861557
-33.15356665849686
-9.762000799179077
-12.896943092346191
-23.225104987621307
-33.02938848733902
-31.49509161710739
-26.2643803358078
-15.133137941360474
-19.38649693131447
-29.497768700122833
-33.9681037068367
-28.291939735412598
-31.789992213249207
-16.456924200057983
-25.149892389774323
-31.023358285427094
-25.10822331905365
-31.108331084251404
-25.420879900455475
-17.531233429908752
-20.23313269019127
-24.80120414495468
-21.50545734167099
-23.76920247077942
-25.29982379078865
-27.212833642959595
-23.25625777244568
-19.622777432203293
-14.448410362005234
-16.499842941761017
-15.639870598912239
-24.322307527065277
-26.376057028770447
-28.504997849464417
-20.472946852445602
-13.534345537424088
-24.74382883310318
-7.279309272766113
-18.68564921617508
-30.276124954223633
-29.018362641334534
-24.20461693406105
-19.435141384601593
-25.091858506202698
-25.59874325990677
-24.012244880199432
-18.728798747062683
-27.344400823116302
-21.48002177476883
-31.441519618034363
-24.867059469223022
-18.3375081717968
-17.912517935037613
-32.04115277528763
-36.464516282081604
-26.44037914276123
-26.05076140165329
-22.22003835439682
-19.48726126551628
-27.00711864233017
-22.46148133277893
-9.931264519691467
-13.468645930290222
-13.22530484199524
-21.913108468055725
-21.960111260414124
-27.872966468334198
-25.286151230335236
-27.500255286693573
-28.258752405643463
-25.824172466993332
-22.609269201755524
-28.519179344177246
-22.528614461421967
-21.18770170211792
-22.888963907957077
-26.299457669258118
-20.623563170433044
-27.198616683483124
-32.383426040410995
-29.685933470726013
-30.48531049489975
-35.31313478946686
-13.885866969823837
-17.997275829315186
-18.01323974132538
-20.992046177387238
-18.972023099660873
-23.438682913780212
-17.711101830005646
-20.370355784893036
-27.414962887763977
-35.42991328239441
-19.759186625480652
-24.497133374214172
-20.554575383663177
-24.77996587753296
-31.036872565746307
-37.7475568652153
-18.52838882803917
-20.573168724775314
-22.03984570503235
-22.62032198905945
-16.117908000946045
-28.01072758436203
-18.216652184724808
-19.11622667312622
-19.205471754074097
-29.2304527759552
-18.119083046913147
-12.713201850652695
-6.0544730722904205
-19.24931737780571
-19.80350136756897
-15.227946251630783
-33.38435173034668
-31.890951693058014
-15.105406045913696
-20.658470034599304
-25.046368718147278
-23.21318283677101
-16.20444631576538
-20.531057596206665
-9.65554016828537
-18.815446972846985
-20.79867160320282
-23.670087575912476
-11.331232279539108
-12.994720548391342
-26.23005735874176
-28.646581411361694
-32.57931047677994
-22.541764557361603
-26.092105865478516
-28.765443086624146
-30.112959146499634
-26.594187259674072
-21.111268550157547
-26.66464254260063
-21.765518486499786
-17.97876340150833
-19.598126232624054
-12.043720066547394
-7.6535040736198425
-16.48020911216736
-21.513655364513397
-34.69562381505966
-23.114503771066666
-25.13766622543335
-23.197331070899963
-25.817313134670258
-16.011879801750183
-22.340235829353333
-15.393062233924866
-20.530116885900497
-18.419064044952393
-17.671360969543457
-21.486844301223755
-20.547476291656494
-24.259130835533142
-36.2863347530365
-15.282425433397293
-23.15061917901039
-19.256917238235474
-16.535067439079285
-33.58650469779968
-39.15494978427887
-27.960008084774017
-23.93268671631813
-26.770138293504715
-31.090261071920395
-32.13785797357559
-27.0511674284935
-18.212887585163116
-17.846613079309464
-18.82151472568512
-18.675812661647797
-14.651607990264893
-6.112588286399841
-19.801668345928192
-21.053689539432526
-34.288928747177124
-29.85502526164055
-30.494023382663727
-26.006591618061066
-29.926525115966797
-33.94289129972458
-31.098540365695953
-27.618669986724854
-25.9208881855011
-30.755506932735443
-31.993146032094955
-30.37591904401779
-29.358056008815765
-40.09761220216751
-26.054214417934418
-21.889048218727112
-21.584170937538147
-19.339150071144104
-24.73137629032135
-32.10957098007202
-16.93141144514084
-22.90317451953888
-23.69088152050972
-28.56091994047165
-28.045660078525543
-30.773000061511993
-23.64217433333397
-25.680783957242966
-23.57302486896515
-36.20867121219635
-16.06504651904106
-17.649702459573746
-21.43292936682701
-17.702665507793427
-21.859769701957703
-19.203827679157257
-22.012651413679123
-21.376953452825546
-23.976605236530304
-23.55509978532791
-12.29193913936615
-18.38333547115326
-13.15516597032547
-17.00982040166855
-26.546858727931976
-26.117066830396652
-28.66333496570587
-31.854034960269928
-11.714076399803162
-25.098349928855896
-24.54386478662491
-27.522770404815674
-24.13358461856842
-28.80385798215866
-15.491825103759766
-18.54411607980728
-17.95731408894062
-16.86236508190632
-16.055077999830246
-18.458263844251633
-17.809773862361908
-20.05606710910797
-15.822459228336811
-20.00269889831543
-28.806573808193207
-30.06613451242447
-12.91021192073822
-11.504745662212372
-16.60278218984604
-11.599046051502228
-17.71917963027954
-22.189507603645325
-19.959336519241333
-19.13152116537094
-15.055048942565918
-16.0681132376194
-17.667802929878235
-15.6487056016922
-18.617460250854492
-22.21122696995735
-15.764142155647278
-20.32079780101776
-26.376340836286545
-24.904189705848694
-22.973517954349518
-35.98644995689392
-21.37897565960884
-18.20968210697174
-29.563626050949097
-32.365230202674866
-12.857787549495697
-14.74897050857544
-25.97973072528839
-31.36091548204422
-27.377367913722992
-35.420152485370636
-7.734564781188965
-15.181051462888718
-15.104854106903076
-14.201075434684753
-22.62733221054077
-33.49511480331421
-19.840478897094727
-16.111990869045258
-24.058418571949005
-17.061942040920258
-12.439246892929077
-10.952344417572021
-15.199256598949432
-22.336763560771942
-24.96530130505562
-24.488763332366943
-25.39218443632126
-30.739835917949677
-15.581136614084244
-20.505855351686478
-15.59011858701706
-18.95608028769493
-20.498948574066162
-28.051290571689606
-10.959939777851105
-15.350092947483063
-24.57851368188858
-26.955046236515045
-22.1479532122612
-21.859339475631714
-22.22274214029312
-27.502809643745422
-27.2921205163002
-23.13808286190033
-26.836450457572937
-37.86546814441681
-26.158822894096375
-31.647470355033875
-20.79288363456726
-19.89842054247856
-12.627057254314423
-19.535611510276794
-29.0922834277153
-32.104143381118774
-10.405425429344177
-14.93131673336029
-16.04414403438568
-16.64048033952713
-18.40357381105423
-18.441638112068176
-17.49878168106079
-20.30015653371811
-14.875331103801727
-22.340235829353333
-24.67150330543518
-29.46785670518875
-28.76443350315094
-27.285550117492676
-13.352400839328766
-17.00982040166855
-23.64856967329979
-24.810434848070145
-26.768253803253174
-36.08949261903763
-20.93285781145096
-23.049445033073425
-30.6782768368721
-28.78944331407547
-22.369359761476517
-22.324850022792816
-23.453950464725494
-35.00570601224899
-23.03400230407715
-29.176273226737976
-7.471402049064636
-20.680538415908813
-12.173521757125854
-13.518551051616669
-14.50251418352127
-20.539615750312805
-25.2006995677948
-27.86981174349785
-27.034051716327667
-27.266788721084595
-37.884376525878906
-26.887316048145294
-23.10869038105011
-25.37312650680542
-17.40137541294098
-24.926224768161774
-25.693705558776855
-28.999762535095215
-27.127856880426407
-31.86587753891945
-36.82700449228287
-28.156465351581573
-16.238204807043076
-11.885097950696945
-20.313945710659027
-18.182806849479675
-31.947295784950256
-27.86804562807083
-30.59401735663414
-29.001841604709625
-23.383006811141968
-22.067034900188446
-14.346788749098778
-12.083322212100029
-11.184703201055527
-15.856551766395569
-19.761033058166504
-16.20219248533249
-14.85838770866394
-16.829187661409378
-19.597752690315247
-20.607286274433136
-18.069375038146973
-17.174777925014496
-12.926023125648499
-22.340235829353333
-22.28246769309044
-27.49268925189972
-22.94143158197403
-31.38070237636566
-18.54609715938568
-17.846613079309464
-23.00303441286087
-23.873696208000183
-17.183453530073166
-22.735318779945374
-15.734456360340118
-17.9971741437912
-27.32097625732422
-33.86682349443436
-26.26259160041809
-30.810673475265503
-34.71388363838196
-38.69556403160095
-20.10519015789032
-22.639513731002808
-17.88905382156372
-16.443528175354004
-17.95665818452835
-19.31645080447197
-12.658795416355133
-13.803054451942444
-25.30307376384735
-15.570464015007019
-12.75224032998085
-16.111990869045258
-21.15946125984192
-18.074563324451447
-22.139215260744095
-18.95608028769493
-18.95791906118393
-18.593265056610107
-19.974472641944885
-22.336763560771942
-24.697327256202698
-17.599525570869446
-19.340875685214996
-27.356667041778564
-18.06492057442665
-30.13829118013382
-24.605969965457916
-31.965688407421112
-17.12473514676094
-18.62812042236328
-24.312527179718018
-26.243086755275726
-26.179907619953156
-28.250447511672974
-22.993706226348877
-35.33281350135803
-26.643450379371643
-27.160754412412643
-28.904769480228424
-27.947758972644806
-22.04704350233078
-29.38015964627266
-20.473600447177887
-22.11478379368782
-24.94753509759903
-22.44954839348793
-18.452484130859375
-23.644868969917297
-17.952027559280396
-17.89900428056717
-22.983294248580933
-24.00861766934395
-26.329582273960114
-23.709789276123047
-21.945745676755905
-17.00305300951004
-21.385826885700226
-23.224665641784668
-25.905212104320526
-23.566334426403046
-21.297854781150818
-27.060543596744537
-18.39834886789322
-19.381343066692352
-22.31887423992157
-27.06972223520279
-19.73378875851631
-26.885488063097
-23.914878368377686
-26.25905740261078
-20.291679710149765
-24.574331045150757
-19.808328706771135
-17.77053464204073
-26.509562969207764
-19.914352238178253
-32.77020263671875
-34.05912399291992
-22.603296875953674
-28.340096294879913
-20.193396151065826
-18.47340887784958
-23.735784381628036
-24.94202220439911
-21.656854644417763
-31.188973903656006
-23.15857434272766
-25.861325442790985
-15.008578717708588
-12.57853078842163
-15.375976383686066
-23.6235733628273
-34.9476518034935
-40.154658913612366
-22.922286987304688
-18.741385519504547
-20.280131697654724
-24.128252118825912
-28.978648960590363
-27.487742245197296
-19.658529937267303
-27.753101468086243
-31.28728300333023
-25.132830381393433
-14.706781685352325
-15.544378876686096
-15.177957892417908
-17.633787035942078
-20.107211112976074
-22.69644895195961
-12.834541201591492
-20.046858608722687
-24.489802449941635
-24.200776308774948
-23.11001706123352
-25.79578310251236
-16.016994297504425
-12.669820547103882
-25.36676913499832
-22.150084257125854
-16.385034948587418
-11.562282741069794
-16.946810483932495
-18.47340887784958
-17.59977960586548
-17.273895978927612
-19.442619025707245
-24.695270836353302
-15.381062090396881
-20.711479246616364
-22.974758088588715
-22.370352268218994
-29.082071363925934
-28.461709916591644
-24.203828871250153
-33.30412232875824
-25.56311795115471
-22.65518084168434
-34.17630195617676
-37.409978806972504
-20.457910239696503
-15.26587826013565
-26.480830430984497
-30.755506932735443
-29.266246169805527
-24.794364601373672
-26.941040754318237
-27.637486159801483
-28.46271973848343
-28.933274805545807
-22.56976717710495
-19.40277397632599
-30.110382795333862
-29.131476938724518
-10.500291585922241
-17.379864811897278
-20.963976442813873
-20.971053957939148
-19.712844491004944
-21.26713925600052
-31.16411429643631
-32.85112926363945
-36.41591215133667
-38.32574540376663
-21.989178508520126
-22.308616995811462
-16.638308495283127
-23.4787278175354
-8.589756518602371
-17.59466862678528
-28.74889302253723
-37.319835782051086
-33.11604031920433
-25.80607494711876
-22.834328152239323
-25.520089983940125
-22.550381541252136
-29.078558206558228
-23.45020031929016
-18.738849103450775
-27.557488411664963
-26.826893389225006
-26.7987961769104
-18.990577936172485
-26.45938116312027
-32.42625778913498
-26.73656976222992
-24.72013831138611
-15.242266848683357
-20.181691199541092
-15.769140660762787
-16.797840893268585
-20.116910994052887
-23.915078699588776
-28.325695395469666
-26.017773747444153
-20.86980590224266
-28.21505695581436
-19.571524143218994
-25.78815406560898
-23.745972633361816
-22.93972760438919
-33.838086783885956
-33.19908595085144
-32.33504444360733
-31.93806552886963
-19.82205754518509
-10.188602268695831
-13.851908087730408
-12.333911418914795
-25.773590832948685
-30.032246977090836
-26.35613852739334
-31.641673743724823
-18.85665962100029
-21.80849415063858
-30.195251524448395
-18.45993798971176
-14.455587565898895
-20.17120462656021
-10.777361929416656
-19.02350080013275
-7.076126247644424
-18.851981222629547
-26.16834869980812
-24.446886897087097
-24.195151448249817
-17.22395211458206
-24.546718537807465
-25.635927379131317
-25.25549179315567
-20.39045485854149
-28.909014403820038
-37.00035917758942
-8.052208214998245
-19.34246736764908
-21.50474113225937
-25.799244791269302
-22.0101797580719
-26.097500145435333
-21.36221617460251
-17.840104639530182
-19.156005382537842
-15.22078287601471
-8.081822365522385
-10.807599365711212
-22.04339301586151
-24.753732949495316
-28.81747305393219
-24.009344518184662
-23.05586487054825
-19.047107338905334
-14.290242731571198
-7.439630061388016
-13.128145337104797
-10.423707067966461
-29.042292594909668
-23.477670431137085
-21.562302589416504
-24.64924842119217
-25.484527230262756
-28.26535928249359
-16.600670099258423
-15.389314353466034
-22.19137269258499
-16.819356441497803
-16.995040237903595
-20.261830985546112
-32.50201237201691
-25.961709022521973
-14.553679883480072
-17.528244733810425
-30.740464448928833
-35.37446129322052
-22.39426898956299
-25.055649757385254
-23.606177628040314
-23.47446072101593
-16.876862227916718
-23.217188119888306
-28.42155134677887
-36.11793953180313
-16.904718071222305
-16.46966141462326
-23.224276304244995
-15.051898837089539
-22.301342725753784
-32.23474699258804
-13.218359768390656
-19.530446887016296
-24.191982924938202
-37.648274660110474
-20.179657995700836
-18.670213043689728
-21.275103002786636
-25.35926389694214
-25.081617295742035
-27.483132302761078
-19.81311947107315
-21.034003019332886
-19.838027119636536
-25.72264790534973
-25.07853591442108
-31.43478810787201
-10.685362040996552
-19.656958520412445
-21.42127001285553
-21.1777583360672
-13.708734035491943
-17.39357703924179
-36.44731992483139
-27.63371241092682
-27.927668899297714
-26.88210955262184
-31.284018874168396
-38.92348110675812
-19.770418643951416
-24.176307320594788
-26.605954229831696
-27.544154167175293
-29.982146233320236
-18.308006554841995
-29.463466227054596
-31.92373639345169
-15.694283723831177
-15.602135717868805
-18.535483837127686
-25.41810816526413
-13.450147807598114
-14.420754969120026
-25.750594288110733
-19.25741884112358
-18.31255578994751
-23.31718599796295
-20.55873453617096
-24.260554492473602
-23.38100951910019
-29.455689787864685
-26.338373482227325
-25.28918355703354
-28.228045344352722
-39.93652868270874
-24.00171008706093
-22.016947239637375
-26.549887597560883
-35.9115571975708
-24.664893865585327
-26.650283217430115
-25.41912269592285
-24.705525249242783
-16.685545325279236
-16.587584912776947
-23.14276596903801
-16.729137241840363
-24.935843348503113
-28.972612500190735
-16.0301433801651
-10.831467986106873
-20.78130367398262
-23.4787278175354
-26.95802402496338
-25.075872480869293
-18.200214356184006
-24.52346235513687
-23.894644856452942
-26.31988489627838
-15.491384983062744
-21.160595178604126
-25.7707259953022
-19.292475193738937
-18.724205195903778
-34.04199171066284
-37.09913992881775
-30.404818534851074
-12.518513768911362
-15.544378876686096
-8.526665031909943
-15.352107048034668
-27.75243204832077
-21.629268124699593
-23.118612587451935
-25.470636665821075
-22.41953933238983
-29.25566267967224
-24.4318864941597
-23.003142714500427
-31.03130680322647
-24.91051322221756
-7.681100845336914
-18.815446972846985
-21.94243758916855
-20.843348622322083
-18.971346974372864
-14.991719722747803
-30.14190563559532
-32.92322534322739
-32.97060525417328
-32.240965366363525
-27.436449885368347
-30.907695293426514
-20.13085800409317
-21.518183171749115
-16.305159717798233
-16.802670784294605
-21.25241768360138
-19.40277397632599
-16.54023042321205
-28.48915958404541
-22.43656635284424
-17.26441264152527
-29.108979284763336
-29.69621229171753
-24.601691842079163
-23.503604412078857
-18.19341889023781
-20.64964348077774
-28.271994024515152
-31.182607650756836
-33.76940852403641
-37.91053366661072
-27.447572708129883
-32.31051176786423
-14.37585163116455
-17.47253742814064
-12.603219151496887
-17.695724427700043
-16.46230983734131
-23.217188119888306
-28.166320085525513
-29.9943026304245
-28.47920149564743
-25.17265248298645
-16.726237803697586
-17.97339352965355
-15.799797594547272
-17.544033482670784
-9.685293316841125
-17.320135354995728
-17.309081733226776
-17.459671437740326
-12.700263321399689
-14.097157597541809
-23.15448558330536
-16.5985549390316
-14.61316579580307
-15.269397556781769
-24.1239373087883
-28.01348716020584
-33.22934889793396
-31.722732424736023
-11.012449026107788
-14.682771801948547
-20.85339394211769
-19.435141384601593
-20.600376665592194
-24.426529109477997
-18.054400265216827
-18.45923936367035
-19.946498066186905
-23.577672392129898
-22.659915387630463
-26.909550487995148
-19.655627727508545
-24.095601677894592
-20.047895938158035
-8.313456416130066
-13.540700316429138
-15.856551766395569
-17.44662183523178
-8.752785503864288
-25.46106791496277
-24.91493847966194
-21.083942711353302
-26.547077178955078
-27.525992691516876
-22.38821303844452
-30.789660453796387
-31.563763558864594
-16.109553277492523
-22.89579212665558
-19.168553292751312
-20.46166753768921
-17.010030448436737
-19.97179687023163
-21.78919818997383
-22.470579832792282
-30.43540620803833
-31.520562529563904
-17.253355383872986
-18.4682896733284
-9.615970075130463
-13.982605695724487
-15.990736424922943
-16.097801834344864
-24.98889034986496
-29.51924693584442
-22.697859048843384
-22.87992152571678
-10.09308260679245
-7.416372299194336
-22.582058489322662
-27.565683275461197
-22.202029794454575
-23.315936356782913
-23.685321986675262
-23.81724661588669
-14.63547956943512
-18.513674020767212
-17.120246946811676
-25.20041161775589
-21.751019537448883
-23.03513526916504
-21.2928364276886
-29.802513778209686
-20.06227645277977
-21.985934287309647
-21.053423285484314
-20.912008941173553
-23.641064286231995
-18.974356532096863
-19.51983642578125
-20.837690949440002
-20.73306965827942
-23.63633120059967
-27.023656904697418
-23.736927211284637
-21.435861319303513
-25.753055214881897
-19.77686706185341
-21.506931096315384
-19.936711251735687
-13.977375030517578
-25.21803268790245
-23.88819769024849
-29.99710202217102
-30.124591410160065
-31.46128273010254
-35.970055520534515
-16.41234314441681
-23.092244863510132
-21.32923650741577
-23.640530228614807
-31.75668740272522
-32.90732133388519
-26.487788498401642
-30.29916000366211
-31.577738881111145
-27.864251792430878
-14.127824813127518
-8.401208221912384
-19.13688313961029
-15.851134985685349
-30.042755901813507
-25.59186863899231
-24.710357427597046
-31.220288425683975
-28.215073227882385
-29.42125576734543
-16.543556034564972
-19.656958520412445
-8.474949598312378
-16.3333722949028
-15.574117958545685
-15.583209156990051
-20.047427654266357
-23.31216263771057
-30.589149296283722
-21.99684512615204
-26.11544644832611
-24.648665755987167
-24.765801519155502
-24.679432451725006
-19.386499375104904
-21.586718916893005
-15.064611196517944
-22.172898709774017
-12.414149045944214
-8.583076894283295
-33.62084513902664
-28.851980566978455
-20.393110185861588
-17.925713926553726
-14.790417790412903
-18.04844307899475
-23.379598677158356
-14.710013747215271
-23.410021364688873
-24.383474707603455
-17.146011918783188
-31.05394485592842
-21.537434101104736
-23.951052248477936
-18.030834197998047
-21.31497883796692
-18.228782296180725
-16.61940038204193
-17.22663587331772
-17.838620901107788
-6.9256561398506165
-19.24931737780571
-21.593045353889465
-33.24220138788223
-20.97654438018799
-26.935040295124054
-15.659653663635254
-19.378246307373047
-25.513365626335144
-28.644630759954453
-28.460737109184265
-23.520988047122955
-26.69072124361992
-28.828413426876068
-27.604412019252777
-27.07075184583664
-18.97408637404442
-16.097801834344864
-26.44635373353958
-26.593108415603638
-16.815558433532715
-18.938128173351288
-6.154024839401245
-14.174309253692627
-29.45959660410881
-21.48889422416687
-26.15790295600891
-33.58164542913437
-12.95820939540863
-11.697529315948486
-27.494922995567322
-24.073267251253128
-31.0014426112175
-34.93419313430786
-27.640935212373734
-25.22586092352867
-26.789919316768646
-24.045297920703888
-17.833540081977844
-20.846452951431274
-31.75657731294632
-35.97094905376434
-27.857707858085632
-25.928393959999084
-19.32478815317154
-18.920342981815338
-17.76919162273407
-17.702665507793427
-21.358028173446655
-21.82575011253357
-19.76746678352356
-21.57538378238678
-24.14434978365898
-22.153417646884918
-9.353340409696102
-17.364070773124695
-12.990240633487701
-16.612551867961884
-23.4021098613739
-23.15061917901039
-18.961561501026154
-21.654338717460632
-19.982962995767593
-19.483225464820862
-22.20672018826008
-21.524906903505325
-27.493298172950745
-20.29599702358246
-16.922204047441483
-24.536418437957764
-20.562561869621277
-28.976587653160095
-27.71469533443451
-23.771937012672424
-35.79866215586662
-35.971529334783554
-31.61241054534912
-34.67541438341141
-18.792085856199265
-24.717620342969894
-14.84704601764679
-23.716699182987213
-32.92552036046982
-36.533778220415115
-8.73396584391594
-19.253185391426086
-26.17421528697014
-22.411846846342087
-26.166998088359833
-14.613379687070847
-14.686752438545227
-23.163271129131317
-22.635158449411392
-19.29484471678734
-18.810411989688873
-18.380798518657684
-7.299533724784851
-10.217008382081985
-26.539771258831024
-20.662054181098938
-25.865809500217438
-37.51470321416855
-34.907946944236755
-30.195571959018707
-31.685102105140686
-35.54721236228943
-12.481359660625458
-15.352107048034668
-28.038068860769272
-30.499387621879578
-29.322809100151062
-32.70162636041641
-26.189452052116394
-21.939987659454346
-19.62776681780815
-23.67315113544464
-24.231292128562927
-22.535114526748657
-28.025317639112473
-30.26547610759735
-30.61358392238617
-28.028951913118362
-20.96631407737732
-24.201565265655518
-22.359067142009735
-30.140945851802826
-31.811183750629425
-37.89552193880081
-18.10795122385025
-24.27686157822609
-19.704251289367676
-31.15910142660141
-28.306291431188583
-32.19327011704445
-40.66979670524597
-34.41168826818466
-20.654489040374756
-13.43374478816986
-19.236861407756805
-15.839613616466522
-13.251470029354095
-23.010464012622833
-27.826887488365173
-26.593108415603638
-21.58087396621704
-21.154290437698364
-28.13457614183426
-22.815312057733536
-31.64663130044937
-25.961709022521973
-24.448166012763977
-27.06191384792328
-30.489562809467316
-22.148598968982697
-27.31671604514122
-25.932960271835327
-22.28022989630699
-24.871544361114502
-19.698445349931717
-14.296123743057251
-26.00946742296219
-20.16634950041771
-29.290427148342133
-29.24292743206024
-31.465674996376038
-34.64932191371918
-22.468726813793182
-24.659243881702423
-24.41840535402298
-29.091950356960297
-18.336871668696404
-17.755863819271326
-17.939202427864075
-19.584558248519897
-19.18849366903305
-26.07699280977249
-21.14076668024063
-26.097500145435333
-18.20009022951126
-16.02931159734726
-26.66695463657379
-27.475586652755737
-19.762864530086517
-16.242493093013763
-28.500410497188568
-30.21824449300766
-13.554673463106155
-14.575937032699585
-12.201979756355286
-13.200506269931793
-17.25753954052925
-18.938128173351288
-23.328804194927216
-29.87692815065384
-25.603913187980652
-33.93740248680115
-26.588937282562256
-23.024660855531693
-26.206437528133392
-29.647420346736908
-26.548376262187958
-33.530785858631134
-22.803734302520752
-31.333423137664795
-11.599600732326508
-16.738876461982727
-30.126468181610107
-27.655719876289368
-27.695303291082382
-28.87635573744774
-27.808189392089844
-32.57342201471329
-28.866187036037445
-30.159967601299286
-17.556605845689774
-16.68759325146675
-23.44196194410324
-21.559634745121002
-27.044104158878326
-19.911962687969208
-24.732961058616638
-26.2643803358078
-32.2717964053154
-28.725099712610245
-32.958587288856506
-24.32157838344574
-21.748146414756775
-22.841511607170105
-32.688693821430206
-34.323885679244995
-19.730906277894974
-27.298008650541306
-32.305832862854004
-28.036162197589874
-26.71096181869507
-29.154846251010895
-32.06413096189499
-26.125662207603455
-9.273171186447144
-15.496921598911285
-21.18981784582138
-22.729242026805878
-21.81367900967598
-20.03105291724205
-28.24800854921341
-22.655801832675934
-23.877285361289978
-33.91640263795853
-21.975144863128662
-20.195267885923386
-26.9187234044075
-24.450786471366882
-19.164348900318146
-24.73375916481018
-22.502142786979675
-23.279039949178696
-23.46531879901886
-24.526341259479523
-22.506709814071655
-34.236070930957794
-31.987835705280304
-27.076242744922638
-38.245651960372925
-27.583511769771576
-25.30417799949646
-31.226087987422943
-18.038962066173553
-19.062998950481415
-15.025301426649094
-13.74172431230545
-25.92067575454712
-33.23374032974243
-25.909676045179367
-25.141726344823837
-19.88010260462761
-29.592071771621704
-27.901362121105194
-29.82143133878708
-25.570787250995636
-28.617389172315598
-29.641785502433777
-29.078558206558228
-31.454418122768402
-36.73628133535385
-23.31255531311035
-23.448496282100677
-20.539771556854248
-21.33203622698784
-25.224626004695892
-25.35200345516205
-13.12820552289486
-17.521377980709076
-23.807064294815063
-34.63341295719147
-9.12245512008667
-19.376859843730927
-13.592628479003906
-22.147665679454803
-25.04925575852394
-22.393681228160858
-24.434665322303772
-25.046627163887024
-33.75016850233078
-36.510022699832916
-26.69499808549881
-22.083411931991577
-27.66184401512146
-20.888539671897888
-20.143121540546417
-23.175022542476654
-28.859090447425842
-26.48087552189827
-25.63112586736679
-21.921563625335693
-19.288581132888794
-14.097157597541809
-27.59234642982483
-29.550303101539612
-19.91309642791748
-33.09315901994705
-25.560252010822296
-36.37714606523514
-26.519434869289398
-32.96456128358841
-12.449340105056763
-17.3632590174675
-27.63527625799179
-28.62203660607338
-18.88465106487274
-22.500391840934753
-26.242894172668457
-30.672681212425232
-29.58023300766945
-24.096763134002686
-28.50973951816559
-25.590674936771393
-21.07175898551941
-29.116767168045044
-21.229862213134766
-21.80849415063858
-21.804102212190628
-22.196644335985184
-19.87981116771698
-22.75257045030594
-16.605725288391113
-12.179496884346008
-16.372587025165558
-18.81788980960846
-16.942901611328125
-22.096737772226334
-19.97875064611435
-29.709515273571014
-29.730019450187683
-29.494167506694794
-19.5071519613266
-27.396184980869293
-24.354359090328217
-30.71738275885582
-25.901766419410706
-31.40122562646866
-16.02968654036522
-19.163518577814102
-7.633218437433243
-11.060570299625397
-24.41657441854477
-27.598894596099854
-29.98177796602249
-24.47663724422455
-29.473703742027283
-36.44521111249924
-17.480235278606415
-30.28086167573929
-35.60611718893051
-38.484888792037964
-14.547450125217438
-23.014120042324066
-16.402283310890198
-27.84121298789978
-28.119718819856644
-22.6612586081028
-29.563340067863464
-37.15117233991623
-22.353950709104538
-20.789041996002197
-24.774558126926422
-31.03053706884384
-14.962493419647217
-23.338324427604675
-22.216381520032883
-23.95775842666626
-18.59248924255371
-17.847561568021774
-23.54433047771454
-34.027050495147705
-30.876753389835358
-37.59854632616043
-28.104259967803955
-27.483132302761078
-26.197881758213043
-24.95985120534897
-25.228702783584595
-17.9125936627388
-18.354984998703003
-21.262491464614868
-20.07488387823105
-20.20174241065979
-11.986720398068428
-14.446329906582832
-29.57163542509079
-33.134648978710175
-28.30801409482956
-27.11275362968445
-29.273627907037735
-28.644630759954453
-24.358465909957886
-19.525389075279236
-21.43595078587532
-28.13971072435379
-23.261175632476807
-23.099137663841248
-27.58427184820175
-28.53735661506653
-24.127037346363068
-21.29956442117691
-24.04803717136383
-25.769821166992188
-25.944618105888367
-20.123853862285614
-22.62274521589279
-33.91553866863251
-26.557468593120575
-37.322842955589294
-27.12668752670288
-25.983967542648315
-33.545111298561096
-28.011215329170227
-25.879623472690582
-30.1391059756279
-15.519625872373581
-16.843300729990005
-28.534873723983765
-33.51050320267677
-29.46204775571823
-32.75882291793823
-18.61254096031189
-14.958663433790207
-10.791914463043213
-16.257200554013252
-25.983954817056656
-24.83661976456642
-22.847929507493973
-23.634677171707153
-19.310068756341934
-16.53733593225479
-28.70050859451294
-32.73587745428085
-23.271660894155502
-18.982677936553955
-18.331290155649185
-18.383462995290756
-17.74270635843277
-27.738364696502686
-28.723205387592316
-18.253385722637177
-27.190744280815125
-21.949489772319794
-20.636103928089142
-18.936777353286743
-21.892586886882782
-22.46148133277893
-23.95248982310295
-25.13701981306076
-22.167182505130768
-26.120625436306
-30.508083671331406
-26.169064193964005
-25.461975812911987
-30.69111841917038
-24.546643301844597
-23.839489579200745
-23.519825041294098
-22.87582039833069
-22.3540481030941
-21.39818724989891
-21.532891809940338
-35.4675971865654
-20.60293710231781
-20.87191480398178
-30.809996902942657
-26.84450352191925
-22.673544108867645
-24.98690402507782
-27.62875258922577
-18.990577936172485
-19.38597458600998
-28.439761519432068
-22.265259742736816
-19.4579616189003
-24.52263516187668
-27.136574447155
-18.048884570598602
-20.811342239379883
-25.903864949941635
-25.69656750559807
-24.189399123191833
-20.93470686674118
-24.71586674451828
-23.512427181005478
-27.743448197841644
-35.53210163116455
-27.287014067173004
-29.131476938724518
-23.22508504986763
-26.91368055343628
-31.65804624557495
-24.8849955201149
-30.634872913360596
-34.12418603897095
-20.708178490400314
-20.620810598134995
-16.599834859371185
-23.99053281545639
-27.538258224725723
-27.10889196395874
-28.98478263616562
-30.159967601299286
-32.03064405918121
-25.910409808158875
-36.49123191833496
-34.06983458995819
-30.191981613636017
-28.03126037120819
-6.279602527618408
-16.131232619285583
-16.020947456359863
-16.443528175354004
-17.020961463451385
-18.57355099916458
-13.533156752586365
-25.21545374393463
-19.909353941679
-22.733247965574265
-23.939039826393127
-24.35770970582962
-20.22356629371643
-20.983290135860443
-26.837643325328827
-26.473969280719757
-30.396593034267426
-21.987917721271515
-28.37103036046028
-32.31595918536186
-29.016242802143097
-29.91539180278778
-18.102336019277573
-20.315975323319435
-26.530942112207413
-27.49268925189972
-19.11486065387726
-17.271936669945717
-25.357646733522415
-24.705525249242783
-18.35193431377411
-30.63017863035202
-22.84125816822052
-32.942328095436096
-15.550959825515747
-16.590840756893158
-18.190725207328796
-22.340235829353333
-20.127751916646957
-19.00826859474182
-18.986036717891693
-24.382337391376495
-21.17049103975296
-18.936777353286743
-21.051318645477295
-19.423948884010315
-25.20293191075325
-30.1168794631958
-24.632140815258026
-29.582465529441833
-24.9477736055851
-26.648787409067154
-21.892464339733124
-27.149441123008728
-17.301518261432648
-7.416372299194336
-14.266996204853058
-20.941649734973907
-27.49601572751999
-23.845454454421997
-14.648254811763763
-14.990338206291199
-26.22727358341217
-30.62701976299286
-28.73888373374939
-28.372844696044922
-31.783976435661316
-35.906127870082855
-15.872136294841766
-25.159002125263214
-18.494470447301865
-14.624823540449142
-20.80282574892044
-17.408161878585815
-19.883307456970215
-17.008469104766846
-29.109488666057587
-34.58225816488266
-25.713675141334534
-35.44714504480362
-25.72318834066391
-30.499387621879578
-30.971521019935608
-30.063130497932434
-21.079336643218994
-25.521305471658707
-22.317071735858917
-22.102331042289734
-14.878345370292664
-20.74922651052475
-20.83080145716667
-26.370668411254883
-22.68714514374733
-22.29581069946289
-26.78256794810295
-31.98943042755127
-26.616229832172394
-36.04370987415314
-14.870508015155792
-20.625789552927017
-18.937062323093414
-22.76490807533264
-21.17427921295166
-20.32993483543396
-25.087839037179947
-26.983306735754013
-27.910568118095398
-37.7782838344574
-27.449936389923096
-25.229602813720703
-16.711960911750793
-17.565639674663544
-23.939197331666946
-25.862349420785904
-29.952569782733917
-34.44952321052551
-14.500604927539825
-11.811893880367279
-14.148362219333649
-21.95478194952011
-23.36377763748169
-26.93174511194229
-27.4006310403347
-28.28486129641533
-34.67527252435684
-28.78976619243622
-33.41501772403717
-36.59896445274353
-16.55462920665741
-16.913186013698578
-21.79890102148056
-27.209396719932556
-22.611193418502808
-20.459327220916748
-15.039168775081635
-23.880966275930405
-12.348243832588196
-15.456489473581314
-19.85709047317505
-21.367128163576126
-17.7842435836792
-18.53531777858734
-18.2015340924263
-15.72482818365097
-18.580736815929413
-18.97715336084366
-29.84273463487625
-28.833716452121735
-31.341479122638702
-30.500002086162567
-19.282523602247238
-24.128252118825912
-25.40324378013611
-27.24174129962921
-20.832417994737625
-18.166502118110657
-21.063663065433502
-28.74262708425522
-17.319022178649902
-10.694518148899078
-11.022577404975891
-15.741123795509338
-27.028937220573425
-26.743777096271515
-23.288458585739136
-27.44853001832962
-21.657188832759857
-23.035138368606567
-27.793887197971344
-22.883188724517822
-21.485271871089935
-18.145521819591522
-7.874905854463577
-15.135757803916931
-18.533634334802628
-17.0344208329916
-27.910079389810562
-25.146977186203003
-31.702188313007355
-21.987917721271515
-29.756026208400726
-24.044170916080475
-19.451678931713104
-27.434119760990143
-33.985983192920685
-37.97431981563568
-25.01212078332901
-29.56827363371849
-21.58967924118042
-27.31543242931366
-20.56676959991455
-19.80318534374237
-29.68962264060974
-30.244295448064804
-34.02019739151001
-41.71666419506073
-25.331948906183243
-26.904682725667953
-26.290872395038605
-33.42204391956329
-20.91137832403183
-22.405585408210754
-18.569343775510788
-11.58118024468422
-21.397555768489838
-13.311147212982178
-13.505878210067749
-15.185968667268753
-16.182048231363297
-13.311147212982178
-22.207992672920227
-27.193633019924164
-21.905700266361237
-23.50633031129837
-27.303976118564606
-26.585150510072708
-23.565057814121246
-29.42111372947693
-10.195942908525467
-12.994721114635468
-16.211403608322144
-18.93446511030197
-27.742579996585846
-37.646508157253265
-21.465113878250122
-27.809963643550873
-11.563090205192566
-18.6969051361084
-21.697539389133453
-28.751052975654602
-19.1990724503994
-13.641180098056793
-19.529237508773804
-14.911701917648315
-25.426148891448975
-33.41448736190796
-8.002910912036896
-13.767692029476166
-22.404005348682404
-23.184999346733093
-18.409086108207703
-11.661387920379639
-20.83196248486638
-35.84889507293701
-17.92520609498024
-20.465953826904297
-23.867273807525635
-24.123121559619904
-36.43354547023773
-36.525174260139465
-21.972095012664795
-25.486476957798004
-16.192639887332916
-21.519328355789185
-26.27166599035263
-26.048233211040497
-16.235957860946655
-28.20669263601303
-14.197473227977753
-17.96517515182495
-21.92687278985977
-25.498209983110428
-27.57210022211075
-35.92169678211212
-20.958013951778412
-26.53194224834442
-22.741495370864868
-28.567867815494537
-23.741535007953644
-21.315955340862274
-19.75995221734047
-31.002177596092224
-34.37942689657211
-36.1319500207901
-27.5238279402256
-23.920128345489502
-36.192263662815094
-40.77706700563431
-24.165785312652588
-20.38496470451355
-11.715680122375488
-13.68400564789772
-14.91605007648468
-8.036854922771454
-26.283904433250427
-26.750484228134155
-26.22517055273056
-27.662566781044006
-14.389900952577591
-16.068110436201096
-16.037732243537903
-23.25331801176071
-23.077443569898605
-24.60129141807556
-29.874463081359863
-34.629000186920166
-23.221615433692932
-15.102318316698074
-25.173860400915146
-21.70855712890625
-33.81908044219017
-27.343453288078308
-25.529150426387787
-26.106853306293488
-17.878714382648468
-17.504156917333603
-20.41059309244156
-29.699331998825073
-22.932695865631104
-27.493678212165833
-21.618651866912842
-24.77216726541519
-25.94365981221199
-29.48302662372589
-26.639005661010742
-15.034068703651428
-19.248354256153107
-17.273895978927612