-45.37434205412865
-55.327462673187256
-46.54268802702427
-60.78052341938019
-49.13693828508258
-55.86050175875425
-56.879427421838045
-64.71981537342072
-49.81799419224262
-52.857129871845245
-44.519518345594406
-56.871869802474976
-54.135787561535835
-60.33735376596451
-57.54315474629402
-67.66094896197319
-54.73034247756004
-57.76647061109543
-64.11176174879074
-60.993912279605865
-51.812787130475044
-47.090306520462036
-57.258057564496994
-48.910855799913406
-48.592257246375084
-60.46846607327461
-50.625078454613686
-61.58445402979851
-53.41689193248749
-61.926467537879944
-48.97788217663765
-56.27266022562981
-52.972148925065994
-64.20861446857452
-47.93054974079132
-62.12261140346527
-45.01707574725151
-58.809134781360626
-47.05440729856491
-62.942875891923904
-46.108230620622635
-52.8706032037735
-58.77703148126602
-64.47746786475182
-48.80148062109947
-62.0687238574028
-43.48878365755081
-59.81886583566666
-50.41892394423485
-61.539543986320496
-57.46249267458916
-69.24976721405983
-58.8204602599144
-68.47319969534874
-62.71216467022896
-71.51981922984123
-61.00636960566044
-75.51649034023285
-54.2851881980896
-67.78268167376518
-52.93895897269249
-48.95200791954994
-50.42043386399746
-53.07552634179592
-61.98642459511757
-69.51696860790253
-62.91172385215759
-72.59659451246262
-45.004354141652584
-62.003258407115936
-43.89271713793278
-61.49727511405945
-53.96157842874527
-61.09345069527626
-56.03739196062088
-66.75143113732338
-57.82652688026428
-71.25907683372498
-47.02457773685455
-66.07302314043045
-45.925785422325134
-62.979318380355835
-42.87558779120445
-56.045525908470154
-49.83359129726887
-53.205844298005104
-37.968017011880875
-41.955672070384026
-56.92080679535866
-65.82241933047771
-58.081573233008385
-67.54745280742645
-65.70252314209938
-73.92689320445061
-56.517638981342316
-64.08908069133759
-53.07823905348778
-62.120368391275406
-57.74222835898399
-69.50835889577866
-41.05959765613079
-54.147626757621765
-41.22675201296806
-56.63840726017952
-50.056835144758224
-53.18096283078194
-42.666571885347366
-49.2124205827713
-41.8784888535738
-53.122207283973694
-47.6301998347044
-59.01669281721115
-51.52776551246643
-61.12733092904091
-65.21554747223854
-69.18324881792068
-51.03205928206444
-63.10409797728062
-44.65422260761261
-58.491585820913315
-39.093897581100464
-53.234271079301834
-52.62810096144676
-61.88111633062363
-47.330591045320034
-59.67868074774742
-38.325161688029766
-55.060228168964386
-53.03709031641483
-61.86383444070816
-52.190815180540085
-59.18109583854675
-43.314670488238335
-56.87006551027298
-58.45043069124222
-67.08048082888126
-46.41539593040943
-57.57283428311348
-49.68650497496128
-61.10608181357384
-46.23911826312542
-46.148970708251
-43.515558645129204
-46.17454566061497
-45.37659332156181
-55.97625985741615
-48.0722576379776
-59.858058482408524
-44.07603508234024
-54.95777149498463
-43.073099076747894
-56.39918287098408
-52.25103357434273
-78.37170869112015
-52.984025061130524
-70.36811503767967
-57.036180168390274
-68.05872988700867
-49.31447151303291
-65.4557349383831
-50.57734523713589
-59.98280456662178
-53.88639336824417
-64.21641936898232
-52.95179554820061
-59.17436668276787
-52.731802731752396
-58.71842344105244
-43.79470704495907
-56.643352061510086
-53.03653755784035
-64.17070639133453
-42.97954759001732
-50.53763933479786
-53.30727419257164
-60.27808955311775
-37.36826290935278
-48.477731212973595
-48.04213151335716
-53.58974814414978
-52.61300741136074
-53.06366150081158
-49.96546047925949
-51.6562322974205
-64.38465562462807
-69.7647784948349
-62.67198774218559
-65.42305594682693
-52.4365576505661
-59.719944447278976
-51.47795629501343
-65.603332310915
-43.68958604335785
-55.34256932884455
-52.56968603283167
-66.79995565116405
-43.305136770009995
-48.36791902780533
-52.07247883081436
-56.41753941774368
-47.40239876508713
-60.63238903880119
-46.93259599804878
-62.752194076776505
-56.78896622359753
-73.86907184123993
-62.39854425191879
-72.98370778560638
-45.01311528682709
-60.79491911828518
-33.06472384929657
-51.16731458902359
-46.53251855075359
-54.936238557100296
-38.913233906030655
-54.31244957447052
-41.20430517196655
-51.67994774878025
-47.897871777415276
-58.719309240579605
-47.50140794366598
-58.17559161782265
-45.38146311044693
-57.43223975598812
-46.82730221748352
-55.189908772706985
-54.35032540559769
-61.84028512239456
-49.82042606174946
-59.730652779340744
-49.821015149354935
-59.167797952890396
-60.04990592598915
-53.30436649918556
-55.87122866511345
-53.198502361774445
-41.69146981835365
-56.69435513019562
-43.9384104013443
-60.43742701411247
-53.36538368463516
-64.23484292626381
-52.409613102674484
-64.52024629712105
-45.32682856917381
-51.54445321857929
-41.05853974819183
-51.356505662202835
-39.628950946033
-64.90531757473946
-43.46840540319681
-61.01914602518082
-62.15283507108688
-74.31543177366257
-70.07484808564186
-81.00983646512032
-46.31594294309616
-55.13113862276077
-47.67374595999718
-56.355403780937195
-42.50682534277439
-51.56032817065716
-47.64656686782837
-55.24062806367874
-46.40656864643097
-59.47806994616985
-45.65416204929352
-56.562749683856964
-51.52011927962303
-72.2885292172432
-58.19237554073334
-75.04511848092079
-52.91924270987511
-68.5972515642643
-53.798302978277206
-61.240566432476044
-46.32521006464958
-55.345699578523636
-56.04725378751755
-66.22095796465874
-51.30950251221657
-60.06806871294975
-44.337918013334274
-58.02518907189369
-56.00159686803818
-71.85692355036736
-56.95947450399399
-73.14212068915367
-41.324669539928436
-55.92151899635792
-44.52184444665909
-64.01068785786629
-46.55099141597748
-45.04111309349537
-49.90427839756012
-48.85573452711105
-52.518829584121704
-49.9037384390831
-52.898776561021805
-53.111624628305435
-50.50359335541725
-58.57848358154297
-56.828244745731354
-61.87891125679016
-40.516400039196014
-57.118241399526596
-52.3753445148468
-64.92257714271545
-54.77332692593336
-65.25916901230812
-53.59955507516861
-66.20078271627426
-46.431596159935
-50.303247064352036
-48.24143060669303
-50.69753819704056
-48.582922130823135
-63.8550600707531
-47.9402719438076
-58.31845337152481
-63.1371631026268
-70.11863067746162
-52.132021486759186
-65.58582043647766
-53.60252019762993
-62.26619780063629
-46.89724960923195
-60.851666271686554
-35.25868120789528
-54.70701506733894
-49.04650467634201
-66.56269031763077
-50.03977954387665
-62.01066783070564
-44.6356135904789
-60.50676050782204
-56.96866771578789
-65.54175481200218
-52.25966264307499
-63.8665781468153
-44.77308502793312
-60.005383878946304
-39.79222032427788
-57.176629424095154
-47.174916476011276
-57.631322741508484
-51.56272312998772
-62.83398115634918
-56.295403242111206
-50.97391224652529
-59.75493431836367
-61.0893058180809
-43.57803696393967
-66.35464051365852
-37.5973861515522
-57.538173377513885
-43.60766412317753
-50.56085589528084
-48.22420707345009
-58.791294246912
-50.83340984582901
-59.85122349858284
-49.20813962817192
-61.240406692028046
-44.389288648962975
-57.33059212565422
-48.12307959794998
-65.0203766822815
-51.63111388683319
-62.1007816195488
-49.81188613176346
-63.60552418231964
-46.63813096284866
-45.496748983860016
-38.36034646630287
-40.88363488018513
-49.43129548430443
-56.77591797709465
-52.71129748225212
-59.8082859814167
-42.43931233882904
-53.099386155605316
-53.30228251218796
-60.571405708789825
-66.2243694961071
-69.43109974265099
-58.32981777191162
-66.00613602995872
-46.70045776665211
-56.05061465501785
-50.156483352184296
-60.828472286462784
-44.92332614958286
-54.629190146923065
-42.11859232187271
-50.690934240818024
-51.60319896787405
-59.835141092538834
-50.975268825888634
-61.11301502585411
-49.02816727757454
-58.733072966337204
-59.38037905097008
-70.37103569507599
-56.78052008152008
-65.92361968755722
-52.329425513744354
-63.41883262991905
-52.75312474370003
-66.226517111063
-46.96304190158844
-64.49172353744507
-49.22875997424126
-50.120106250047684
-55.42962226271629
-57.0583490729332
-36.62214061617851
-38.303610786795616
-47.14861276745796
-44.22602015733719
-43.73739603161812
-51.45668923854828
-56.129189640283585
-65.0054637491703
-54.73570057749748
-61.02137726545334
-51.30091178417206
-58.78671786189079
-46.92806202173233
-59.24817451834679
-46.17018100619316
-58.541744500398636
-53.24637259542942
-68.31773257255554
-54.46282497048378
-66.21279028058052
-50.31883616745472
-59.45309932529926
-53.01965490728617
-58.694594368338585
-42.37927296757698
-56.28124243021011
-59.335112273693085
-70.4169844686985
-46.20499615371227
-44.23824962973595
-32.91337268054485
-35.75480079650879
-52.05327436327934
-57.235427901148796
-56.28205916285515
-63.95390820503235
-66.05642339587212
-72.2009254693985
-61.08687597513199
-70.32106366753578
-49.52819547057152
-51.640974313020706
-47.738369941711426
-52.292401760816574
-57.77204382419586
-62.717559695243835
-47.35631859302521
-57.85726222395897
-55.89539447426796
-69.7845908999443
-60.261509001255035
-73.95407062768936
-52.49794912338257
-63.59131956100464
-50.04663395881653
-67.18622583150864
-43.864028349518776
-55.549396604299545
-43.729798160493374
-60.12950909137726
-57.47335809469223
-65.244096159935
-55.75653386116028
-66.3923751115799
-53.99606412649155
-61.96747463941574
-52.60769906640053
-64.85992348194122
-58.00128534436226
-65.30005067586899
-58.297007352113724
-61.94431322813034
-42.677307188510895
-56.05702182650566
-42.068393245339394
-54.495704889297485
-52.089877128601074
-52.27620893716812
-45.067845940589905
-47.960402965545654
-55.1933391392231
-66.04283732175827
-55.545346453785896
-69.89844369888306
-58.43924915790558
-68.06996658444405
-67.05756565928459
-71.50559976696968
-55.97704118490219
-65.5843073129654
-50.35177305340767
-61.502826035022736
-39.52456271648407
-42.30990418791771
-43.874391913414
-45.3331473171711
-58.27906212210655
-62.56797191500664
-56.297390937805176
-66.12026903033257
-49.17669042944908
-61.80496045947075
-54.88974118232727
-60.21042761206627
-54.1270712018013
-65.20540523529053
-52.54715642333031
-67.4458375275135
-49.44983321428299
-49.37136875092983
-44.05432644486427
-48.89105153083801
-39.21955616772175
-52.22192174196243
-39.813568755984306
-53.495714634656906
-48.16094969958067
-49.478145718574524
-33.5500897243619
-41.939187690615654
-50.617805898189545
-55.05880534648895
-55.43693473935127
-57.58455565571785
-69.98485511541367
-75.17890572547913
-67.41769725084305
-74.76665806770325
-48.69994920492172
-63.58743813633919
-54.74335291981697
-62.06566733121872
-56.141598761081696
-49.00599107146263
-53.953979671001434
-47.300748735666275
-59.014401495456696
-66.7452529668808
-51.36575049161911
-64.07837444543839
-52.782128646969795
-60.64404833316803
-49.79181703925133
-59.90048411488533
-45.98484817147255
-65.00266134738922
-39.45955094695091
-56.45204043388367
-52.467010617256165
-60.348507791757584
-52.63675603270531
-66.48780816793442
-57.84538954496384
-67.31742614507675
-62.94588878750801
-66.107576161623
-41.53130002319813
-56.56486165523529
-51.958133801817894
-61.84200203418732
-50.81691201031208
-48.507262259721756
-39.757618710398674
-44.160904467105865
-49.99488976597786
-62.446413457393646
-45.16943511366844
-57.902915090322495
-65.90570631623268
-70.5760600566864
-56.69282841682434
-59.96930782496929
-50.09438143670559
-58.39959588646889
-49.04161484539509
-61.73653468489647
-43.371367424726486
-45.498144686222076
-42.29063427448273
-49.863058507442474
-51.405113607645035
-61.65971115231514
-53.75479218363762
-59.459517896175385
-65.40691459178925
-79.15443041920662
-56.067426174879074
-71.97643059492111
-44.2577168494463
-41.81417894363403
-47.80086351931095
-44.3579038977623
-39.17547473311424
-51.38406625390053
-39.24357450008392
-50.85990932583809
-56.7963672876358
-72.62743943929672
-57.42032751441002
-71.52770507335663
-46.96028192341328
-60.66018396615982
-55.50040900707245
-67.04482159018517
-55.88147568702698
-62.17446756362915
-59.26401540637016
-66.45110723376274
-46.81924386322498
-53.84157145023346
-45.8504351824522
-58.430971413850784
-54.188852578401566
-56.72737616300583
-54.126670598983765
-57.38823074102402
-54.59252110123634
-64.20465163141489
-57.73092865943909
-67.67708542943001
-34.45551560074091
-51.23359030485153
-31.69462540745735
-50.64495247602463
-41.09667678177357
-48.69090473651886
-35.32808715105057
-38.333998918533325
-47.54494935274124
-60.16482675075531
-42.7709988579154
-61.050848841667175
-55.689844369888306
-68.32876992225647
-46.44891169667244
-62.147859543561935
-48.15213190019131
-58.31873205304146
-60.94305059313774
-68.63395828008652
-48.06364905834198
-50.00303607434034
-47.39247828722
-48.11942854523659
-38.50989790260792
-46.41227063536644
-41.637138307094574
-51.21056970953941
-46.80557790398598
-54.200840532779694
-56.50831964612007
-60.67825397849083
-42.60749851167202
-44.319917142391205
-40.86522403359413
-41.92982918024063
-45.936199605464935
-44.87131941318512
-46.68043649196625
-50.759546250104904
-41.662445694208145
-38.225674986839294
-39.02590708434582
-38.766399413347244
-60.431567534804344
-67.3699501156807
-54.38371989876032
-64.0836534500122
-43.120607778429985
-56.34130733460188
-53.679569363594055
-66.28463879227638
-60.15694710612297
-71.6147952079773
-53.614497780799866
-67.9479267001152
-52.7241373360157
-65.34641662240028
-52.13987374305725
-60.96696174144745
-54.033042788505554
-53.74013498425484
-49.03535905480385
-54.42353022098541
-51.778979763388634
-57.32192224264145
-43.29293691366911
-55.912118300795555
-55.825537383556366
-65.79095393419266
-45.185328513383865
-56.09051933884621
-47.93515172600746
-61.712401539087296
-55.84681138396263
-71.5112184882164
-55.55009135603905
-52.120919570326805
-54.4658265709877
-59.18223851919174
-35.16141587495804
-37.19744712114334
-50.01009348034859
-52.49593344330788
-42.66954975575209
-58.35632985830307
-54.025467067956924
-67.59108352661133
-63.33774608373642
-66.27671900391579
-63.18013980984688
-68.11609318852425
-49.044373005628586
-63.36224001646042
-55.67281287908554
-64.02120563387871
-49.074655413627625
-60.38332635164261
-58.1276898086071
-64.69769012928009
-49.06229359656572
-63.95200374722481
-48.407146364450455
-66.08216531574726
-60.6732072532177
-76.16725799441338
-59.6851669549942
-69.19092056155205
-44.94230991601944
-52.463790237903595
-44.647068083286285
-56.89495453238487
-48.82308593392372
-52.05508893728256
-49.92785507440567
-53.71239346265793
-55.47097545862198
-51.0373475253582
-56.45533439517021
-50.57566851377487
-46.77667677402496
-62.377196192741394
-52.806635085493326
-66.72272756695747
-55.57025995850563
-64.59757566452026
-57.99415171146393
-69.91395929455757
-54.438440442085266
-65.12176762521267
-49.58641009032726
-64.58601254224777
-55.083072021603584
-55.990883842110634
-56.59588235616684
-60.16398838162422
-58.822127521038055
-69.34117352962494
-55.7658134996891
-64.51066705584526
-44.43621528148651
-65.30515080690384
-52.69624873995781
-70.01812607049942
-57.94777458906174
-70.3285199701786
-53.47565245628357
-63.74061930179596
-46.80256226658821
-47.69470575451851
-42.0688011944294
-48.38755136728287
-53.89890104532242
-71.45280802249908
-49.06146198511124
-65.78369235992432
-34.24586806446314
-48.41494734585285
-32.49947902560234
-48.70267975330353
-49.11437240242958
-61.18678146600723
-57.33848971128464
-61.14084583520889
-55.62658616900444
-62.235614240169525
-50.75699082016945
-53.07430085539818
-40.74840047955513
-43.90295508503914
-51.078038305044174
-60.80497491359711
-54.335325092077255
-68.02478694915771
-56.52654346823692
-75.79399585723877
-63.14453259110451
-75.63538125157356
-71.73702970147133
-78.99854975938797
-65.61240527033806
-80.04495552182198
-41.472540743649006
-55.811138570308685
-47.57398107647896
-61.60571160912514
-66.38756275177002
-74.25666186213493
-65.0135580599308
-74.79055735468864
-40.13714145869017
-55.45460593700409
-42.931916922330856
-59.25492396950722
-44.335550881922245
-59.13170522451401
-49.18513061851263
-63.44276866316795
-37.686123974621296
-38.25512674450874
-37.9338442645967
-42.36050119996071
-40.43633207678795
-41.77069526910782
-51.91095444560051
-52.853215634822845
-53.09684167802334
-56.36558486521244
-51.93188425898552
-59.86511667072773
-48.12745425105095
-70.55032509565353
-50.87218555808067
-65.42921915650368
-48.76532503962517
-59.41753566265106
-47.11409981548786
-62.48884695768356
-38.44332665205002
-49.12360928952694
-44.029357343912125
-50.12587672472
-41.36367605626583
-44.502065658569336
-48.91485553979874
-51.72163352370262
-51.190195232629776
-68.15988007187843
-53.257719069719315
-61.337702333927155
-54.98694670200348
-58.50158831477165
-40.17566764354706
-48.452271431684494
-52.6039622426033
-53.11379009485245
-55.56361985206604
-61.471061676740646
-47.40240932255983
-56.41478630900383
-51.78346386551857
-63.575639829039574
-52.914729088544846
-66.41565259546041
-46.67262502014637
-61.237953037023544
-44.41422739624977
-46.49957847595215
-54.143044620752335
-58.47348502278328
-66.10562098026276
-66.61010837554932
-62.930054515600204
-69.52024388313293
-49.92286106944084
-57.122185200452805
-58.46834450960159
-67.90428721904755
-59.70296370983124
-71.3288791179657
-60.78090304136276
-72.7828488945961
-57.78591661155224
-67.41026395559311
-51.61318601667881
-63.86685732007027
-50.13748013973236
-62.58405518531799
-53.317995354533195
-65.88633984327316
-35.992695689201355
-51.61281061172485
-46.22658705711365
-58.84172365069389
-56.07489737868309
-52.983752846717834
-54.76603904366493
-53.95627573132515
-52.312865138053894
-69.82206720113754
-53.64149844646454
-69.07665029168129
-51.95688542723656
-66.77218294143677
-46.676504135131836
-59.83767220377922
-48.12001886963844
-62.133285880088806
-47.02057126164436
-59.53861624002457
-40.46289527416229
-54.370137214660645
-48.945662558078766
-57.95900338888168
-60.49982976913452
-69.4118515253067
-68.44924873113632
-75.15416532754898
-55.583013981580734
-63.231581665575504
-50.11281122267246
-62.08962029963732
-40.076727010309696
-58.33923304080963
-46.57877314090729
-62.19727346301079
-60.29117143154144
-69.16619989275932
-57.490362614393234
-69.587785333395
-54.42076489329338
-62.78804352879524
-48.3625046312809
-62.83137500286102
-62.84961822628975
-78.29427608847618
-67.06407684087753
-75.19631114602089
-46.81602415442467
-61.220986157655716
-52.08100575208664
-71.92032042145729
-35.99761736392975
-52.11603435873985
-38.09153655171394
-48.69908708333969
-47.5086475610733
-48.943959310650826
-43.07745963335037
-45.37779772281647
-40.714879125356674
-47.03816132247448
-42.0082983225584
-51.72742110490799
-47.41903594136238
-58.3280228972435
-49.53073661029339
-61.947024792432785
-48.59446945786476
-67.44029152393341
-56.09800237417221
-67.04089766740799
-51.9208117723465
-62.09321999549866
-47.6829951107502
-58.527291774749756
-50.99915753304958
-58.783868223428726
-54.165397360920906
-66.96745029091835
-50.16824713349342
-60.01473054289818
-57.73801198601723
-66.88820120692253
-44.60325899720192
-53.388359397649765
-58.43884426355362
-67.11670809984207
-41.893224097788334
-43.91644152998924
-45.7822390049696
-44.30826923251152
-55.8899267539382
-52.01295283436775
-55.53417741134763
-53.443631529808044
-63.56216785311699
-74.01803231239319
-61.7629052400589
-71.45288172364235
-47.30978520214558
-60.19959171116352
-43.630089312791824
-57.25204294919968
-38.57002213597298
-42.02850033342838
-46.999636232852936
-54.37446454167366
-53.13397690653801
-64.3894375860691
-57.22368383407593
-71.16016268730164
-37.367720276117325
-47.35147416591644
-41.456841230392456
-49.19861654937267
-54.8066748380661
-61.92574539780617
-52.13371962308884
-61.83188155293465
-47.30628344416618
-53.80861282348633
-53.51825061440468
-58.804983735084534
-54.61477117240429
-49.309994891285896
-47.40159487724304
-50.563155233860016
-46.417681500315666
-58.385861307382584
-55.87665393948555
-66.78644105792046
-55.53259167075157
-65.28758665919304
-53.97235384583473
-61.86673843860626
-51.68218682706356
-63.07318550348282
-49.55037598311901
-61.420839458703995
-52.59919464588165
-67.73015815019608
-55.08994257450104
-70.41662457585335
-45.1915411837399
-60.12624081969261
-45.42960845679045
-57.13314804434776
-46.90581873059273
-59.373086884617805
-51.59407764673233
-66.0334804058075
-54.86721184849739
-56.05960613489151
-57.09015139937401
-62.6247353553772
-47.62390321493149
-53.27978339791298
-51.51647198200226
-55.486660569906235
-32.06343483552337
-39.04312512278557
-34.029071889817715
-42.00970223546028
-35.75169964134693
-46.05401596426964
-42.07767869532108
-53.77802747488022
-44.244262382388115
-50.84512834250927
-39.80436633527279
-47.974554643034935
-40.22918751090765
-57.22169816493988
-52.2140086889267
-62.919735103845596
-58.6334308385849
-69.0976804792881
-67.68406757712364
-74.93678823113441
-49.0600671172142
-65.0304488837719
-41.380525290966034
-53.30119925737381
-52.01338745653629
-64.75311121344566
-47.75791881978512
-58.865478813648224
-50.38387843966484
-63.98285773396492
-50.332722932100296
-64.49935948848724
-61.55519062280655
-70.22181576490402
-63.566498786211014
-66.52051466703415
-45.96009385585785
-60.20172759890556
-50.713131576776505
-60.6178759932518
-55.72971034049988
-57.67124843597412
-63.519190698862076
-65.98820120096207
-66.17558133602142
-68.04883351922035
-60.75713488459587
-65.16591078042984
-46.919047489762306
-57.77483704686165
-59.17127487063408
-69.4715628027916
-43.533744022250175
-50.33126828074455
-55.27849164605141
-60.04848563671112
-57.33800169825554
-71.44325786828995
-50.38040056824684
-62.73351874947548
-51.9583720266819
-57.807500779628754
-54.82734316587448
-63.27310684323311
-39.834308594465256
-44.2944658100605
-46.39764121174812
-50.76787307858467
-42.57529452443123
-60.2156717479229
-44.72838240861893
-61.86678820848465
-51.30057942867279
-59.979507088661194
-48.3827728331089
-62.46395918726921
-59.67007005214691
-69.40700234472752
-55.89018028974533
-67.79652574658394
-44.21252083778381
-57.19097676873207
-47.25904405117035
-60.098641991615295
-37.72033208608627
-55.478980392217636
-43.349843353033066
-60.52365007996559
-47.578344628214836
-60.24768468737602
-57.54243269562721
-67.74328890442848
-55.784207195043564
-68.80767676234245
-52.348607525229454
-68.89247512817383
-46.099100172519684
-60.89902877807617
-54.66791561245918
-65.45932257175446
-48.581932574510574
-57.577436834573746
-40.68898746371269
-45.95602694153786
-52.16940584778786
-59.69455483555794
-58.44864711165428
-67.75315594673157
-53.718083426356316
-51.254040628671646
-57.64547085762024
-56.05558902025223
-53.567512571811676
-71.1979310810566
-67.94050908088684
-78.53090265393257
-51.222478210926056
-60.441732317209244
-53.78146666288376
-64.63586390018463
-69.65225324034691
-82.53079587221146
-61.013406693935394
-72.53583431243896
-58.60626196861267
-71.6630028784275
-51.61060240864754
-69.34018561244011
-54.753437876701355
-58.917554557323456
-42.93336299061775
-50.131091862916946
-49.43980512022972
-61.79256525635719
-55.98927903175354
-67.28216370940208
-44.701216995716095
-69.36614152789116
-45.439040154218674
-62.040710747241974
-56.551568269729614
-74.69479015469551
-51.93646025657654
-71.52972257137299
-44.07206571102142
-41.88343644142151
-38.48990744352341
-40.04218617081642
-63.76665619015694
-69.73331493139267
-54.15813785791397
-68.16213482618332
-58.68839846551418
-67.42468959093094
-53.400557458400726
-58.10681116580963
-55.200963884592056
-72.08642208576202
-61.42565315961838
-72.02700820565224
-49.008884102106094
-63.30076116323471
-54.213147938251495
-63.6348012983799
-56.96577179431915
-54.88069528341293
-63.59636691212654
-59.785949379205704
-45.68860763311386
-55.21899175643921
-41.7610045671463
-58.24139219522476
-52.15379625558853
-73.9459293782711
-48.84354156255722
-66.7397989332676
-57.09713560342789
-60.355394184589386
-49.3429180085659
-58.41844803094864
-55.370444506406784
-65.23078973591328
-52.349014073610306
-64.47489133477211
-43.68708026409149
-60.27244719862938
-56.428017377853394
-64.96767538785934
-45.99826091527939
-60.14962151646614
-46.87772259116173
-60.21223375201225
-51.33945569396019
-57.76540380716324
-57.56197780370712
-65.2227401137352
-49.22210222482681
-59.43660920858383
-52.33417671918869
-60.7240284383297
-39.56126442551613
-51.11107110977173
-47.76225474476814
-60.38934323191643
-57.182470202445984
-67.24506768584251
-62.80108377337456
-71.85189113020897
-49.75498303771019
-59.6694338619709
-50.23554614186287
-62.27785396575928
-51.160204231739044
-59.008095130324364
-60.08486291766167
-63.74348218739033
-54.897107288241386
-63.30026739835739
-48.78870363533497
-59.77884006500244
-62.68118059635162
-70.73925366997719
-68.20748247206211
-71.31143084168434
-49.103537037968636
-60.92013078927994
-49.116393864154816
-61.6508612036705
-51.069125562906265
-57.25312703847885
-63.84948432445526
-68.9927979260683
-48.10882468521595
-59.55839279294014
-51.89467442035675
-62.87898471951485
-52.05866339802742
-60.88138324022293
-58.4308126270771
-66.09340384602547
-48.73351039737463
-52.316904962062836
-37.47831393033266
-47.56134209036827
-47.26507671177387
-58.78074562549591
-59.40585720539093
-70.32910105586052
-51.03976473212242
-51.45688432455063
-53.433093160390854
-54.50663369894028
-52.17202785611153
-60.20087292790413
-50.9936329126358
-62.30855828523636
-49.4765228331089
-62.12776428461075
-53.697046518325806
-67.27370911836624
-48.2874546200037
-58.28587490320206
-44.33127935230732
-53.710670828819275
-50.06970793008804
-64.61902260780334
-39.614951103925705
-56.088010013103485
-47.60095775127411
-57.59356474876404
-38.11804488301277
-50.1466871201992
-54.58312547206879
-52.685316294431686
-40.794050604104996
-44.319857984781265
-45.60038062930107
-49.328164875507355
-46.95519344508648
-51.54998105764389
-45.91729253530502
-53.58275771141052
-58.42895621061325
-64.94482466578484
-45.93272590637207
-49.11694875359535
-53.359448447823524
-53.84596210718155
-56.46524220705032
-73.42990565299988
-46.00612127780914
-64.43515664339066
-53.332036927342415
-67.76528915762901
-60.006951689720154
-73.42260682582855
-49.04698705673218
-60.9420562684536
-49.89554777741432
-56.82126075029373
-48.85006618499756
-66.45605346560478
-54.31549271941185
-70.51915296912193
-50.168334633111954
-54.04712304472923
-47.03591054677963
-53.19223356246948
-44.42855539917946
-48.33509635925293
-47.016595631837845
-43.25591319799423
-52.55000081658363
-60.95946341753006
-54.49508401751518
-59.78373956680298
-50.44637458026409
-60.94876915216446
-54.43594415485859
-65.06683951616287
-67.05607187747955
-68.60549706220627
-63.42708647251129
-71.28223586082458
-41.87114828824997
-41.84920725226402
-57.97242882847786
-57.739030838012695
-55.061667401343584
-54.446481108665466
-58.118809543550014
-58.82599926739931
-47.00700885057449
-57.78944531828165
-47.02335751056671
-61.487401872873306
-41.152483239769936
-52.830949544906616
-51.361428916454315
-63.93250721693039
-66.19084385037422
-69.65076223015785
-64.27288368344307
-72.15697491168976
-49.86253833770752
-62.8611133992672
-60.165494203567505
-73.37055268883705
-51.97070837020874
-65.25355660915375
-55.12312790751457
-71.06918194890022
-47.89681787788868
-60.90003877878189
-51.45674639940262
-63.41593497991562
-49.44011941552162
-50.788771867752075
-46.14885303378105
-52.80448028445244
-53.14972671866417
-59.65748979151249
-47.995012283325195
-58.24000260233879
-56.60208338499069
-72.3844792842865
-58.48547714948654
-68.8183106482029
-51.70354750752449
-54.912253618240356
-57.23576080799103
-59.39729943871498
-50.73205029964447
-59.83600455522537
-58.57360717654228
-69.35900366306305
-53.83696508407593
-64.9511541724205
-59.54163497686386
-70.8973998427391
-59.15418583154678
-68.80916529893875
-55.26457926630974
-69.4617808163166
-55.526788376271725
-68.06312794983387
-54.27453202009201
-64.03496173024178
-41.873210072517395
-51.47836810350418
-43.88573007285595
-52.04932841658592
-43.970166862010956
-54.83326876163483
-53.01686707139015
-62.27715367078781
-65.98338034749031
-69.27246081829071
-65.89162495732307
-66.19897043704987
-57.46532139182091
-53.57602334022522
-50.2455273270607
-51.922917276620865
-49.11119556427002
-49.05475229024887
-45.312226951122284
-51.81573197245598
-41.51525202393532
-48.32043734192848
-57.979176104068756
-61.137666180729866
-39.48453801870346
-49.226564675569534
-53.92612364888191
-64.13374519348145
-46.361213594675064
-55.472591042518616
-57.936046719551086
-69.2091566324234
-57.092931270599365
-63.92044985294342
-62.9297741651535
-66.91248655319214
-51.49865511059761
-63.00268030166626
-52.8948450088501
-63.129926323890686
-54.977138847112656
-67.12452787160873
-57.623440772295
-66.84376963973045
-57.558167308568954
-71.68100893497467
-56.159269124269485
-68.36641809344292
-47.5719008743763
-49.70858654379845
-48.87820157408714
-50.57848182320595
-55.87570124864578
-64.28144538402557
-54.96103110909462
-64.6420449912548
-57.89585095643997
-57.525195866823196
-53.00255972146988
-53.80814677476883
-49.69599398970604
-59.531853288412094
-47.198312163352966
-55.00575768947601
-57.670184671878815
-68.80260896682739
-54.6796752512455
-60.59124866127968
-48.683417826890945
-59.85694083571434
-56.5619341135025
-69.92234218120575
-53.8927298784256
-66.1769167482853
-45.49824219942093
-63.504280775785446
-50.18689361214638
-64.63511446118355
-58.14602068066597
-66.21907553076744
-46.006692320108414
-56.03466460108757
-49.13146135210991
-59.762635231018066
-53.15031786262989
-65.23990771174431
-53.18491234630346
-65.72686699032784
-56.04091823101044
-59.22789841890335
-49.006249845027924
-61.168256014585495
-59.55046662688255
-67.89662677049637
-61.383236199617386
-70.6743556857109
-67.23773720860481
-78.57193985581398
-65.4539647102356
-74.65594324469566
-43.63469257205725
-41.8612857311964
-34.80878642201424
-35.83471204340458
-41.95629572123289
-51.3033841252327
-43.88395428657532
-47.16331872344017
-52.963001400232315
-67.68102782964706
-63.70719537138939
-75.54610958695412
-55.080361396074295
-65.67507043480873
-50.214005172252655
-63.123523116111755
-59.54267057776451
-65.18098345398903
-57.81834429502487
-65.94412949681282
-46.07193674892187
-63.280165269970894
-52.80806192010641
-69.23798677325249
-56.42947508394718
-65.49911534786224
-52.59647578001022
-64.04101884365082
-51.04172948002815
-66.11782798171043
-55.35741201043129
-66.45154818892479
-45.6267978399992
-55.356772005558014
-45.37444080412388
-56.17209768295288
-49.15289032459259
-60.19236832857132
-47.4910531938076
-60.27931225299835
-42.84995022416115
-51.42396768927574
-46.044346541166306
-50.51670014858246
-48.22494453191757
-59.56975603103638
-46.50988686084747
-61.82587715983391
-49.24449287354946
-53.39807517826557
-48.01397332549095
-53.578030705451965
-57.7840658724308
-66.20800125598907
-56.325655430555344
-66.18332669138908
-52.48667687177658
-56.79718965291977
-59.81078964471817
-65.46112930774689
-56.052394181489944
-48.64983895421028
-45.18289723992348
-48.48428337275982
-45.6943439245224
-44.55846744775772
-43.696320444345474
-47.36984932422638
-43.36270645260811
-59.08499023318291
-52.54585334658623
-67.28595468401909
-45.473289996385574
-52.501257956027985
-50.706467002630234
-58.119801968336105
-49.39956170320511
-72.86130866408348
-55.56947699189186
-67.45957511663437
-50.313105553388596
-59.03694561123848
-50.20142883062363
-59.15236845612526
-51.588440001010895
-58.299430042505264
-51.16626277565956
-63.16003483533859
-48.50575941801071
-55.54159554839134
-47.70730295777321
-58.093243181705475
-51.535887479782104
-54.73845338821411
-61.903623789548874
-61.5538734793663
-43.71540555357933
-48.628973603248596
-48.51437258720398
-55.24974527955055
-44.57097706198692
-58.718217462301254
-50.45324146747589
-63.41667312383652
-50.72222197055817
-55.79113817214966
-44.780418038368225
-53.71512299776077
-53.21349586546421
-55.48797695338726
-47.02344934642315
-55.480734050273895
-48.25849360972643
-62.26362533867359
-49.92617890238762
-65.62648302316666
-56.78148904442787
-71.43075624108315
-55.23429936170578
-70.61931729316711
-54.14878395199776
-61.60628178715706
-59.29594883322716
-67.40506985783577
-48.43235403299332
-61.09451934695244
-56.446112513542175
-66.99425458908081
-57.806112825870514
-64.13868790864944
-62.68719005584717
-65.6953752040863
-44.931658416986465
-57.947021037340164
-47.86813500523567
-60.81895563006401
-45.80082720518112
-47.13407841324806
-51.14458981156349
-49.71226391196251
-46.97751013934612
-54.24153184890747
-50.15135978162289
-56.60222256183624
-49.39515793323517
-60.606527894735336
-49.882786855101585
-58.48808091878891
-54.99877059459686
-62.787164479494095
-60.360266238451004
-68.20712009072304
-46.576955392956734
-57.88960725069046
-53.38100537657738
-67.10972300171852
-56.74242413043976
-66.708614975214
-55.45494279265404
-67.04325076937675
-53.46117340028286
-68.49073967337608
-57.878687381744385
-64.62207368016243
-54.26690670847893
-63.06650286912918
-57.43431854248047
-66.33235168457031
-59.26519137620926
-62.176955699920654
-56.538772881031036
-64.78283858299255
-51.111287638545036
-61.24442598223686
-53.287249743938446
-61.72308996319771
-50.24864858388901
-56.172402143478394
-63.03336073458195
-66.04349076747894
-58.046498745679855
-69.44794842600822
-54.60522612929344
-66.94575956463814
-49.040730357170105
-57.567060858011246
-59.49305006861687
-61.515711069107056
-41.41457322239876
-54.46353459358215
-39.44963479042053
-59.512233436107635
-49.554935306310654
-57.59184464812279
-52.57954275608063
-60.44637769460678
-59.55569154024124
-76.22130325436592
-54.1231743991375
-72.42117828130722
-51.54039090871811
-49.43551495671272
-51.44266563653946
-53.742811769247055
-41.36076483130455
-43.28871113061905
-50.38356190919876
-53.16916865110397
-54.45419999957085
-70.28071522712708
-54.562587201595306
-72.45019283890724
-60.1626635491848
-57.912830144166946
-61.0640632212162
-66.48415094614029
-60.97644370794296
-67.73518550395966
-55.29243302345276
-67.02234607934952
-50.64162369072437
-60.784289509058
-45.17670303583145
-61.011042803525925
-48.2087736427784
-56.03160122036934
-48.777605056762695
-57.0084086060524
-57.469232589006424
-68.05033802986145
-50.28662607073784
-57.53107312321663
-39.93090036511421
-41.356205850839615
-42.7161480486393
-47.933595299720764
-44.57185300812125
-40.47388257831335
-35.136405035853386
-35.9993539750576
-45.14362496137619
-56.088714838027954
-36.571987599134445
-49.516845762729645
-60.968327432870865
-66.00748780369759
-53.80755817890167
-63.543423891067505
-48.93668483942747
-58.02876007556915
-60.85037571191788
-64.89968436956406
-47.56920246779919
-59.28673246502876
-53.03673216700554
-65.32970854640007
-37.50240886211395
-50.27004516124725
-49.14689018577337
-54.86488342285156
-71.40332302451134
-74.1776413321495
-62.040359795093536
-69.94339220225811
-54.14927035570145
-66.78326308727264
-53.22131234407425
-68.70126116275787
-64.67016461491585
-61.08582738041878
-61.129270642995834
-59.48357239365578
-51.38518410921097
-61.969528168439865
-62.92930734157562
-70.13548722863197
-54.86526116728783
-70.89033883810043
-57.05138285458088
-68.73752900958061
-45.10041797161102
-54.36720412969589
-50.73771506547928
-63.147398099303246
-43.16368767619133
-57.97271171212196
-44.63887566328049
-61.97092115879059
-55.73296692967415
-64.79816600680351
-67.80305591225624
-76.20320683717728
-51.264964163303375
-69.57528707385063
-58.33101665973663
-68.34254863858223
-42.293919056653976
-53.207804411649704
-51.74020558595657
-61.56289854645729
-42.934934720396996
-61.04124602675438
-41.44930987805128
-63.44259595870972
-44.42112824320793
-43.83061343431473
-37.44403997063637
-39.873890936374664
-45.605861127376556
-49.550687313079834
-52.240024387836456
-57.82600420713425
-46.41916886717081
-63.79850125312805
-47.32392652332783
-63.39846606552601
-49.79691198468208
-62.79275652766228
-49.55856457352638
-62.98699337244034
-55.68176785111427
-59.61231490969658
-54.06326076388359
-59.42057991027832
-54.2433255314827
-70.37547200918198
-54.7950152605772
-69.07463106513023
-45.21161486208439
-51.11982472240925
-50.701229482889175
-55.97197338938713
-42.26500064134598
-45.35941869020462
-58.342652037739754
-58.08843132853508
-44.18614038825035
-58.75717407464981
-45.3668382614851
-55.314170479774475
-52.161114394664764
-54.90802580118179
-60.67388442158699
-63.47162106633186
-59.25887015461922
-69.9889831840992
-63.077349811792374
-72.64617052674294
-46.52211685478687
-57.39905363321304
-52.5345424413681
-60.31879532337189
-46.93554183840752
-55.30010920763016
-52.87417510151863
-58.89422911405563
-49.71285682916641
-52.34656281769276
-47.18593543767929
-50.572055369615555
-54.903375923633575
-56.9195750951767
-53.81213444471359
-65.16075187921524
-41.18005511164665
-48.548936396837234
-50.4630708694458
-56.65502366423607
-56.92549413442612
-67.53792026638985
-49.83573803305626
-61.095635026693344
-48.106963127851486
-58.722208708524704
-52.552073657512665
-64.37972429394722
-56.24505637586117
-68.97851586341858
-55.45470640063286
-69.9461225271225
-43.52681052684784
-53.69660156965256
-42.96106106042862
-53.14601892232895
-63.23929837346077
-65.6915991306305
-58.46579572558403
-71.41495957970619
-50.67221364378929
-60.48891547322273
-51.99318692088127
-64.61030122637749
-53.45448902249336
-66.24783289432526
-60.7173929810524
-74.35115721821785
-43.69617614150047
-39.4824578166008
-47.636940628290176
-44.80770927667618
-53.34879279136658
-68.64656203985214
-52.11694100499153
-71.8441087603569
-53.938281536102295
-63.38784594833851
-55.76747816801071
-70.57527002692223
-57.20144760608673
-71.65850779414177
-61.78883880376816
-74.73209324479103
-51.99116259813309
-62.70034036040306
-47.17484390735626
-60.16310393810272
-52.45015212893486
-63.34416684508324
-56.39274963736534
-66.3189404308796
-47.86752271652222
-56.20497542619705
-60.34766721725464
-61.675417304039
-50.366665959358215
-64.68809062242508
-56.94013160467148
-70.77225139737129
-48.771420896053314
-56.45272061228752
-40.80590867996216
-47.52753219008446
-58.433393731713295
-69.04116186499596
-47.664904281497
-66.27589982748032
-52.72144469618797
-62.052317798137665
-58.36400309205055
-67.6096810400486
-46.786087930202484
-59.76948124170303
-56.49493083357811
-66.58254328370094
-55.23537629842758
-66.99124762415886
-53.85204842686653
-66.07792687416077
-35.44664779305458
-47.89444887638092
-44.1880674213171
-55.37082529067993
-64.88315519690514
-74.5990161895752
-55.87848976254463
-70.62085551023483
-52.682858034968376
-69.43195125460625
-61.35732114315033
-75.32465669512749
-42.507420629262924
-40.43015170097351
-50.76973679661751
-45.76476088166237
-55.29102252423763
-66.15265744924545
-64.29936182498932
-74.16251781582832
-47.87281224131584
-52.17370203137398
-48.122688949108124
-50.360517501831055
-43.031241089105606
-48.345199912786484
-46.04943224787712
-47.74443271756172
-48.062256783246994
-70.4922806918621
-47.25127738714218
-64.36919423937798
-52.75912022590637
-57.49113389849663
-47.21382573246956
-54.79226377606392
-69.88682326674461
-63.84502196311951
-58.57771047949791
-57.63893401622772
-50.8527173101902
-50.58062170445919
-51.8748160302639
-55.39986824989319
-41.51201568543911
-43.64049470424652
-53.582364082336426
-57.046578258275986
-54.6991563141346
-64.85218638181686
-52.46538668870926
-60.616430580616
-46.63297118246555
-55.98231941461563
-51.04980833828449
-62.04114416241646
-48.62787836790085
-59.57184758782387
-56.014980494976044
-64.52545529603958
-46.10489997267723
-49.060432463884354
-51.45647904276848
-53.09923192858696
-50.06997114419937
-59.84285318851471
-62.34348800778389
-65.8056036233902
-60.05000374466181
-71.00439982116222
-56.7562805339694
-69.18026512861252
-44.06542444229126
-53.97888785600662
-47.98162040114403
-61.13316148519516
-42.890180230140686
-48.362617805600166
-40.87877307832241
-49.56396898627281
-58.134609401226044
-71.30869457125664
-57.02382147312164
-71.5770919919014
-54.95696833729744
-50.344410449266434
-50.31240212917328
-49.393283277750015
-36.26657909154892
-41.67654129862785
-47.38390403985977
-48.82347372174263
-62.233355432748795
-72.10214322805405
-60.64860659837723
-76.99322327971458
-50.78532603383064
-76.61046868562698
-48.72809171676636
-67.35912653803825
-51.78031028807163
-68.79451742768288
-52.82977123558521
-64.55867061018944
-38.473370142281055
-56.15957759320736
-41.11127018928528
-58.050812751054764
-55.75433588027954
-68.44986006617546
-50.501248598098755
-64.98078772425652
-65.94618791341782
-70.71988371014595
-67.58166947960854
-71.81081134080887
-41.5554254502058
-52.27578094601631
-47.741549745202065
-60.29677078127861
-45.5712308883667
-60.28274232149124
-45.71774733066559
-64.32891476154327
-47.58511319756508
-50.03224138915539
-43.60273349285126
-45.31235712766647
-50.51661881804466
-47.269301623106
-44.63837173581123
-42.34997156262398
-51.584683164954185
-43.78710751235485
-46.864008605480194
-43.249015629291534
-53.45055103302002
-64.16626662015915
-67.79170495271683
-74.52384251356125
-52.64948007464409
-64.65065437555313
-55.1839816570282
-70.72299349308014
-57.505388379096985
-77.02249565720558
-58.93180653452873
-73.49828273057938
-49.45815046876669
-63.63117903470993
-52.48403027653694
-65.80677527189255
-47.53678295016289
-66.73972606658936
-45.97074180841446
-61.80411149561405
-63.314971357584
-74.38003781437874
-67.67602044343948
-74.03887885808945
-52.47486478090286
-69.76283201575279
-67.09313443303108
-76.8096974492073
-43.72026824951172
-60.59464019536972
-54.64222568273544
-67.28570160269737
-57.281978607177734
-64.73520582914352
-66.63442668318748
-71.56519815325737
-49.25711727142334
-63.88837558031082
-54.04630163311958
-65.19261315464973
-48.697056978940964
-69.58083000779152
-52.377549171447754
-68.74400667846203
-41.98235283792019
-57.21251365542412
-44.47278091311455
-57.215293884277344
-45.178274631500244
-55.01859986782074
-56.72885137796402
-64.6281667649746
-55.20230633020401
-68.02663722634315
-62.971093237400055
-76.6614320576191
-48.57375545799732
-57.331323325634
-61.319775223731995
-63.16053149104118
-45.52118130028248
-51.2610709965229
-53.557126581668854
-56.42983561754227
-52.70284080505371
-65.70891618728638
-56.02438446879387
-70.88495969772339
-35.65531560778618
-41.97809845209122
-36.685459583997726
-43.590044260025024
-41.83452491462231
-53.34821340441704
-45.68325784802437
-60.12674406170845
-52.32866853475571
-62.02213451266289
-58.28315329551697
-67.13219898939133
-42.81254544854164
-51.00723639130592
-50.0088726580143
-60.9583785533905
-39.268800377845764
-50.01375699043274
-44.70125263929367
-55.900062799453735
-50.261052280664444
-58.65852555632591
-64.53376603126526
-72.04575827717781
-39.223172292113304
-38.16953706741333
-43.4809575676918
-45.48326453566551
-69.32139390707016
-76.69411140680313
-65.49502608180046
-73.49227261543274
-66.15782037377357
-76.84183165431023
-59.68303796648979
-69.18069112300873
-56.56152671575546
-55.18224734067917
-55.198524445295334
-53.663524597883224
-55.440543591976166
-71.09416580200195
-48.79708385467529
-59.87344089150429
-41.06936804950237
-48.86936938762665
-41.74168321490288
-50.052948862314224
-52.28586935997009
-56.635503858327866
-48.09800101816654
-53.871894508600235
-48.33533927798271
-58.01907858252525
-50.041762322187424
-63.60995742678642
-44.827219277620316
-57.23596462607384
-52.05923989415169
-63.415297240018845
-52.085021674633026
-61.38190537691116
-52.630615234375
-65.62772047519684
-40.08008214831352
-46.24866226315498
-37.592960089445114
-44.64447245001793
-51.830605030059814
-58.146279603242874
-56.3149748146534
-66.42031395435333
-51.58665186166763
-60.78565627336502
-51.94266480207443
-63.73183363676071
-48.6021149456501
-55.65985065698624
-54.40529900789261
-63.027763336896896
-49.588540345430374
-51.429861813783646
-47.12470626831055
-57.69141814112663
-58.1125186085701
-71.76339527964592
-55.82602649927139
-71.79385295510292
-46.911153852939606
-59.51387730240822
-47.31779432296753
-60.38511973619461
-47.89887799322605
-60.9495587348938
-55.61062493920326
-64.34275975823402
-41.146020382642746
-52.16857188940048
-52.351584285497665
-60.206559389829636
-56.18358984589577
-66.3395544886589
-61.763630390167236
-71.13602113723755
-41.070148795843124
-47.28111317753792
-36.84940254688263
-48.353730380535126
-45.03283806890249
-62.76467579603195
-45.98295596241951
-66.06771051883698
-60.27838742733002
-73.96007436513901
-67.82168912887573
-76.5995115339756
-49.90363323688507
-65.59096691012383
-47.345411241054535
-61.42751032114029
-60.06386250257492
-70.48621255159378
-51.95523011684418
-63.460015416145325
-53.74533700942993
-60.583009615540504
-49.28730410337448
-52.75662484765053
-44.03906732797623
-48.28048959374428
-43.7083603143692
-49.83556309342384
-56.684651881456375
-62.3309445977211
-49.40036725997925
-59.20600187778473
-51.38019336760044
-58.777823477983475
-47.885006830096245
-57.133763045072556
-48.22435164451599
-60.97464659810066
-52.83842569589615
-67.65235629677773
-54.35055986046791
-48.8021606951952
-46.60710650682449
-45.71839299798012
-52.97208231687546
-72.01257839798927
-49.22125759720802
-64.14709150791168
-56.41984444856644
-62.242788553237915
-48.515471428632736
-59.21144187450409
-48.14669722318649
-50.50519424676895
-63.27775990962982
-65.91402369737625
-53.794557929039
-65.00307565927505
-50.677394688129425
-65.36497622728348
-48.9016537964344
-49.05964693427086
-49.51480746269226
-43.42338094115257
-54.89600221812725
-54.59783998131752
-39.902378141880035
-50.6994788646698
-46.67458779364824
-58.74514311552048
-43.165935322642326
-58.108675479888916
-51.578962087631226
-60.20885854959488
-47.561434626579285
-67.19108837842941
-40.24745923280716
-53.44947728514671
-41.92804004251957
-52.639261573553085
-49.75155462324619
-62.11418095231056
-58.47981658577919
-66.34721425175667
-40.95629407465458
-42.1097531914711
-33.63412328064442
-40.18340460956097
-51.851471334695816
-64.66904124617577
-54.78463897109032
-61.77659338712692
-49.376983642578125
-58.685729801654816
-48.41430252790451
-62.12975472211838
-56.14347285032272
-59.076023668050766
-54.69908094406128
-61.24615988135338
-59.238840878009796
-67.28812646865845
-52.065566927194595
-61.444642156362534
-45.48254795372486
-59.467957109212875
-49.8590781763196
-66.10516530275345
-49.38754689693451
-56.082980543375015
-42.21729475259781
-56.50181868672371
-55.85418537259102
-67.75181129574776
-53.06424796581268
-61.9963920712471
-49.48969504237175
-67.53575938940048
-53.84831729531288
-61.426199197769165
-60.64830835163593
-66.52761244773865
-45.33793118596077
-57.47438192367554
-53.55449041724205
-64.48037326335907
-50.967717587947845
-60.428395956754684
-52.575823068618774
-63.287814900279045
-50.72022485733032
-69.49188955128193
-53.69179502129555
-60.713606506586075
-47.399789065122604
-58.24425742030144
-46.99920371174812
-57.02260687947273
-43.1725148409605
-62.06150656938553
-59.20733577013016
-65.71043398976326
-53.56737443804741
-61.62339323759079
-47.15639324486256
-55.86689451336861
-59.13889393210411
-66.4145398736
-48.59547710418701
-57.91301175951958
-50.165002673864365
-62.2873355448246
-59.12759682536125
-70.66386473178864
-54.24898359179497
-64.84240192174911
-52.817947536706924
-63.92915028333664
-56.043637692928314
-67.69452330470085
-46.02525934576988
-51.02116867899895
-43.94485679268837
-50.424942910671234
-62.842330396175385
-70.71943575143814
-51.89905804395676
-63.37013205885887
-38.010909005999565
-52.525742411613464
-43.88126885890961
-59.75307899713516
-42.8785026371479
-53.84334582090378
-42.056865483522415
-58.321419566869736
-42.54201252758503
-48.015035808086395
-40.43044847249985
-49.402391120791435
-54.62535348534584
-61.7199005484581
-51.07718962430954
-65.67209750413895
-38.399633944034576
-58.06582486629486
-48.814478665590286
-67.49704220890999
-46.647654980421066
-56.46025621891022
-38.10157960653305
-51.1578466296196
-53.02808341383934
-68.59290459752083
-49.256370186805725
-68.02616140246391
-42.5906837284565
-60.95498177409172
-32.1804983317852
-49.69600021839142
-48.68099029362202
-71.68235412240028
-53.864561945199966
-65.8848383128643
-53.91441558301449
-46.20620100200176
-54.482831344008446
-49.2292594909668
-59.64728578925133
-62.07470825314522
-62.58370050787926
-70.97864904999733
-43.573068633675575
-52.79225608706474
-49.99986681342125
-62.19079717993736
-52.41098949313164
-71.99373087286949
-54.36136528849602
-74.35431361198425
-64.566536039114
-68.93229699134827
-64.66150003671646
-73.18253627419472
-43.34772679209709
-52.10328280925751
-48.986799508333206
-58.99996930360794
-41.92744819819927
-37.6163829267025
-59.515623331069946
-52.94778847694397
-51.99886307120323
-68.74664896726608
-53.916843831539154
-70.02843281626701
-51.15276122093201
-68.62705114483833
-50.63052600622177
-61.91726213693619
-43.7318169772625
-56.13240584731102
-51.82412996888161
-61.812548726797104
-46.071472622454166
-53.86946225911379
-52.28208105266094
-61.630855694413185
-52.93545815348625
-60.49449533224106
-56.9138109087944
-63.05145889520645
-39.43063139915466
-48.88982576131821
-47.22616866230965
-60.47808963060379
-53.20124211907387
-55.25562933087349
-66.75531643629074
-65.28049775958061
-63.19489964842796
-65.89943945407867
-59.830096036195755
-66.53622636198997
-52.63002189993858
-62.639421224594116
-50.34449425339699
-61.89241325855255
-56.8950754404068
-58.490609645843506
-58.01345655322075
-58.17638421058655
-45.15436774492264
-59.30207359790802
-39.495569944381714
-53.09273988008499
-61.484474152326584
-68.06589639186859
-58.31426805257797
-72.68477594852448
-44.91669861972332
-58.64288342744112
-42.091697096824646
-53.78784927725792
-63.70981368422508
-65.03171522915363
-60.23326064646244
-66.64425410330296
-52.82549433410168
-49.12393340468407
-51.5937305688858
-49.403952702879906
-52.10137939453125
-64.03562867641449
-56.53884211182594
-64.9434522986412
-47.1588779091835
-55.221184611320496
-48.26787197589874
-58.8966798633337
-51.57475306093693
-59.261664405465126
-44.995828449726105
-56.30603940039873
-42.908498764038086
-46.96168291568756
-36.425373047590256
-34.76624536514282
-63.81133811175823
-68.57550536096096
-61.23931556940079
-65.1357659548521
-53.757154405117035
-66.18362215161324
-54.435348093509674
-70.26769685745239
-50.25138148665428
-66.39025720953941
-61.88573172688484
-70.47453728318214
-53.37833681702614
-63.20584383606911
-57.04870927333832
-66.1317169368267
-45.151430517435074
-58.461379647254944
-41.97855819761753
-57.39518202841282
-48.317922472953796
-64.32377362251282
-53.64062160253525
-68.43173584342003
-45.77327761054039
-63.662711173295975
-55.55040365457535
-69.34805354475975
-59.106058329343796
-68.03992566466331
-55.819275602698326
-67.38911300897598
-44.83725279569626
-60.252121806144714
-51.43757402896881
-66.9127788245678
-51.07465111464262
-61.6662041246891
-57.8665032684803
-64.5637686252594
-61.25017911195755
-67.30462902784348
-57.950748175382614
-68.44781708717346
-58.91018071770668
-74.01907053589821
-53.856361240148544
-69.66435712575912
-46.00131621956825
-57.253846257925034
-54.29904752969742
-61.74718505144119
-57.83391550183296
-58.22627353668213
-57.559860318899155
-59.05293169617653
-52.23097890615463
-55.93774086236954
-50.48876491189003
-57.71559697389603
-51.40846049785614
-67.6008212864399
-52.54199779033661
-61.464807480573654
-71.2786565721035
-68.96788558363914
-63.118375301361084
-72.86690548062325
-54.114865988492966
-66.37884533405304
-58.40619671344757
-72.03297924995422
-44.48613719642162
-56.235014617443085
-48.43343165516853
-60.28236344456673
-58.414141446352005
-61.946887373924255
-59.89446249604225
-62.195710480213165
-51.32848072052002
-62.070556819438934
-45.51370668411255
-58.40538036823273
-44.7962930649519
-52.91872987151146
-57.36784264445305
-62.529806822538376
-49.86046127974987
-47.964079558849335
-49.34584480524063
-53.046492755413055
-47.113389402627945
-58.03116926550865
-52.59292596578598
-64.18256491422653
-59.854384899139404
-68.65801128745079
-55.497495740652084
-69.7622946202755
-57.54949766397476
-66.65487371385098
-60.33949217200279
-70.93375742435455
-46.20467680692673
-55.64137515425682
-50.649724185466766
-60.17490437626839
-53.45170474052429
-65.54397849738598
-51.23423273861408
-64.56104615330696
-46.951337575912476
-58.90812009572983
-42.62285661697388
-54.892862528562546
-56.09455382823944
-66.18315297365189
-49.97736394405365
-67.27870830893517
-59.72720539569855
-63.97376126050949
-59.6859855055809
-64.38745790719986
-49.38930293917656
-62.544724106788635
-46.33191733062267
-58.65490964055061
-52.66266617178917
-66.1732043325901
-54.44275811314583
-72.31251540780067
-43.15766429901123
-44.972127467393875
-41.74217599630356
-48.341565012931824
-51.32588165998459
-67.15426677465439
-53.148106783628464
-67.3321416079998
-56.40020051598549
-64.90032401680946
-63.42953211069107
-74.68171948194504
-46.479213029146194
-57.370059952139854
-51.906673684716225
-55.852919325232506
-63.7833631336689
-71.80474725365639
-57.57321012020111
-69.25244355201721
-53.00333471596241
-63.10806804895401
-50.921026304364204
-63.38674780726433
-47.30845990777016
-55.62871044874191
-44.4563826918602
-57.76957851648331
-38.819666638970375
-54.752868205308914
-47.80272689461708
-60.71121272444725
-49.63874537497759
-64.19831594824791
-44.514310248196125
-57.4213071167469
-46.410250425338745
-56.024379283189774
-52.29908050596714
-53.766765624284744
-59.44163644313812
-62.96443513035774
-49.21012592315674
-57.10889786481857
-54.37055778503418
-61.7037493288517
-53.89420083165169
-59.869341760873795
-40.285796731710434
-41.81814602017403
-57.216740638017654
-50.0050331056118
-52.641819193959236
-57.73726314306259
-58.09436620771885
-59.31141601502895
-63.626770943403244
-67.95753741264343
-55.73142999410629
-69.58010438084602
-47.94150522351265
-62.23762819170952
-56.484267979860306
-71.65023601055145
-57.77077090740204
-63.71924069523811
-60.660174518823624
-67.63140630722046
-51.16572032868862
-63.22245129942894
-56.579721838235855
-65.05673134326935
-45.1870137155056
-47.98967128992081
-50.99441847205162
-52.77520301938057
-68.90075612068176
-71.17204117774963
-70.28827229142189
-74.33350598812103
-53.93732365965843
-66.71812620013952
-53.01414255797863
-64.51705080270767
-50.68134252727032
-70.52636739611626
-62.014341562986374
-78.79917860031128
-38.25386515259743
-56.35450556874275
-47.43297478556633
-65.74777883291245
-58.829738050699234
-53.58085462450981
-59.58686226606369
-57.7546506524086
-43.38632443547249
-47.01492056250572
-39.73159673810005
-48.89446073770523
-49.237324580550194
-64.08523505926132
-48.65849056839943
-65.84165701270103
-39.449380338191986
-57.53596305847168
-46.563779413700104
-60.567299246788025
-38.96757870912552
-42.65668049454689
-46.21190220117569
-51.39605703949928
-42.02387261390686
-57.08575376868248
-50.14278158545494
-62.68653303384781
-48.90231604129076
-48.2458293735981
-42.40248165279627
-48.2121854275465
-45.52046172320843
-55.05325582623482
-43.38803172111511
-56.52246618270874
-37.07259279489517
-52.49437779188156
-43.36086097359657
-62.24706208705902
-58.42016187310219
-70.60111692547798
-57.30235168337822
-68.31497764587402
-46.64536553621292
-60.80722165107727
-61.32605078816414
-72.35836485028267
-50.356530874967575
-60.2448847591877
-61.94872035086155
-73.4503627717495
-52.64103086292744
-55.0043868124485
-55.7380091547966
-57.66207244992256
-57.574624598026276
-66.34931445121765
-52.9184707403183
-62.22652217745781
-39.72002153843641
-46.82791092991829
-44.2638119161129
-45.06497114896774
-61.176511973142624
-65.86193177103996
-68.5734968483448
-74.87159317731857
-43.73637843132019
-55.12281620502472
-45.22332736849785
-56.577302396297455
-50.37179282307625
-54.992186814546585
-59.64366793632507
-63.86860102415085
-59.005426704883575
-64.70435506105423
-57.73306596279144
-65.46485006809235
-45.006769597530365
-52.64329054951668
-47.29565957188606
-56.56564685702324
-46.4021458029747
-56.093434274196625
-54.99776789546013
-63.617874413728714
-62.51241874694824
-72.11667001247406
-56.155992925167084
-69.67899280786514
-50.24892044067383
-60.67926263809204
-46.45052972435951
-58.35647562146187
-51.064423173666
-58.228891640901566
-59.901628255844116
-65.84573483467102
-57.888117760419846
-60.604882553219795
-52.9722905755043
-63.34938886761665
-49.704066693782806
-62.80282238125801
-49.08506467938423
-61.63770180940628
-41.764085561037064
-56.61012360453606
-40.419819325208664
-56.437394857406616
-51.19353885948658
-62.642872869968414
-56.826966762542725
-68.81679052114487
-46.30246013402939
-46.38394057750702
-52.7314615547657
-51.15375766158104
-55.58913713693619
-63.52035376429558
-48.973998337984085
-61.077263951301575
-47.929518699645996
-63.77651008963585
-47.17573198676109
-61.21348708868027
-52.22510960698128
-53.86599326133728
-37.62790036201477
-47.85389602184296
-41.11250123381615
-56.17397691309452
-51.77905607223511
-62.24746333062649
-50.534239917993546
-51.51059851050377
-55.48468965291977
-56.96202027797699
-62.88827756047249
-71.93217700719833
-55.28099000453949
-62.09107542037964
-43.39150124788284
-52.51391926407814
-39.57770672440529
-48.795166820287704
-49.03081630170345
-60.42698183655739
-61.02400800585747
-69.45529386401176
-48.15467005968094
-50.74254083633423
-56.124798595905304
-57.72749584913254
-36.479505121707916
-49.40184576809406
-32.54611897468567
-49.67193640768528
-52.0971320271492
-64.58747051656246
-51.459977358579636
-64.11935263872147
-49.36112439632416
-51.56913995742798
-56.76762765645981
-57.315525740385056
-45.277228236198425
-44.835360914468765
-57.49139183759689
-52.140338093042374
-50.23587962985039
-57.650315940380096
-41.55764201283455
-51.93756192922592
-50.28137680888176
-61.0777784883976
-42.584667921066284
-58.409347236156464
-50.01712712645531
-54.43386163562536
-41.367580354213715
-50.65529781579971
-39.20898787677288
-52.58892020583153
-42.41874325275421
-60.630052506923676
-49.041178315877914
-69.63480591773987
-51.00850507616997
-66.58738014101982
-51.17122368514538
-59.144800305366516
-45.25752490758896
-57.440223321318626
-53.618110835552216
-58.81390297412872
-64.5201925933361
-65.32709267735481
-48.879307359457016
-55.103416442871094
-46.69155362248421
-57.27962079644203
-57.12499552965164
-61.63692653179169
-54.537245482206345
-64.02775558829308
-53.046655744314194
-65.44823643565178
-51.12911254167557
-64.4713069498539
-35.696328312158585
-41.03768502175808
-31.352735586464405
-41.42130744457245
-51.56928150355816
-66.48134118318558
-54.11253926157951
-61.08018133044243
-60.63914233446121
-74.684879809618
-56.552789866924286
-71.81889754533768
-43.25513866171241
-51.796270072460175
-52.278343230485916
-63.07344534993172
-53.82206663489342
-66.05554094910622
-49.24441955983639
-61.79381340742111
-50.29112657904625
-57.6580605506897
-43.75895777344704
-53.39299130439758
-45.35990929603577
-48.44259539246559
-44.65135458111763
-50.40355107188225
-43.53645895421505
-51.31741005182266
-50.40876269340515
-62.50761643052101
-46.606177777051926
-60.304783672094345
-55.96676763892174
-72.7700988650322
-53.267025113105774
-73.24502322077751
-50.803031742572784
-70.52735817432404
-43.82803952693939
-53.56236946582794
-50.794637858867645
-60.16053622961044
-47.317646920681
-58.14512461423874
-52.03097119927406
-61.185370445251465
-55.905031114816666
-59.39566150307655
-48.4160341322422
-59.284134924411774
-43.35832045227289
-53.287886172533035
-43.80263040959835
-56.57274843752384
-62.46084603667259
-75.9048053920269
-55.03027093410492
-73.18545863032341
-43.809925839304924
-57.21262589097023
-45.59925186634064
-59.25011110305786
-64.99034306406975
-70.85308191180229
-60.25556322932243
-71.59595078229904
-66.61668789386749
-74.3743197619915
-68.23625367879868
-76.29725730419159
-56.37400221824646
-62.24477222561836
-49.535636723041534
-59.62552937865257
-47.49854055047035
-54.85603791475296
-42.04731246829033
-50.93262878060341
-35.64556813240051
-37.33618588745594
-44.730941742658615
-43.610168904066086
-44.372166618704796
-55.99612617492676
-46.631252497434616
-58.00833588838577
-37.58761412650347
-51.04453617334366
-34.91461153328419
-52.88727992773056
-43.11650429666042
-50.727285265922546
-49.85462760925293
-58.153653770685196
-45.54491305351257
-57.23291572928429
-50.347525507211685
-62.89309495687485
-49.14859452843666
-51.18083396553993
-42.882574915885925
-49.12566104531288
-53.3178616464138
-56.994495898485184
-50.091614812612534
-56.37676045298576
-40.93148520588875
-53.72124242782593
-44.77236406505108
-58.93102365732193
-53.74562740325928
-66.5663765668869
-59.5857749581337
-72.45261043310165
-51.94033272564411
-72.75688046216965
-56.55341599881649
-72.87852141261101
-46.22946037352085
-49.34261015057564
-58.04866182804108
-60.388983219861984
-57.049015790224075
-65.40639436244965
-54.31184637546539
-61.87015527486801
-51.83569447696209
-54.65382722020149
-54.9395914375782
-59.615766271948814
-54.43311858177185
-59.82722648978233
-52.19374945759773
-64.8886696100235
-55.37837007641792
-65.10996825993061
-58.68170168995857
-70.53082045912743
-51.28025904297829
-53.63678938150406
-46.73015711456537
-53.38767644762993
-42.43305131793022
-54.493419498205185
-46.445467472076416
-53.27890074253082
-64.26694813370705
-65.66003650426865
-64.32777523994446
-68.65815791487694
-36.294749438762665
-51.39801865816116
-48.832276821136475
-61.46512147784233
-43.81582187116146
-54.629621893167496
-56.82564637064934
-66.87843692302704
-63.496902137994766
-66.7417805492878
-62.258522152900696
-68.66751304268837
-45.49335706233978
-56.73661407828331
-56.01454231142998
-68.75332316756248
-32.40969064831734
-42.211744636297226
-41.16186961531639
-47.21646550297737
-52.67801493406296
-63.67316251993179
-52.367123663425446
-60.579178631305695
-48.72201552987099
-64.14641693234444
-51.51737514138222
-70.40536597371101
-41.46259930729866
-49.41533553600311
-58.46110525727272
-61.08505403995514
-34.243698462843895
-44.06504637002945
-44.58020329475403
-58.60405030846596
-65.63365834951401
-74.18880423903465
-64.11401706933975
-68.42718678712845
-47.06221315264702
-61.82001008838415
-36.61245775222778
-55.015503868460655
-53.48657025396824
-66.05937764048576
-50.376707673072815
-63.650304824113846
-61.143101185560226
-69.03688031435013
-61.182772129774094
-68.4225127696991
-70.91145122051239
-70.74392282962799
-64.25243291258812
-73.35147646069527
-56.2414131462574
-62.45395189523697
-57.697784543037415
-60.175842344760895
-52.25996842980385
-58.51342982053757
-54.11431896686554
-59.71066269278526
-53.845144897699356
-63.43742673099041
-64.81795778870583
-71.10288578271866
-41.40383917093277
-50.16357082128525
-56.37714555859566
-59.61850655078888
-53.74351352453232
-67.12865975499153
-55.49004337191582
-72.00811314582825
-43.19817751646042
-54.702031910419464
-42.341237887740135
-54.66047513484955
-56.034858494997025
-61.826287895441055
-55.63151013851166
-55.37637209892273
-48.128163784742355
-58.02897888422012
-43.27571767568588
-58.07435962557793
-47.452646136283875
-53.56514002382755
-42.47270819544792
-49.50048506259918
-59.263690650463104
-70.57205893099308
-56.65772360563278
-69.22949358820915
-44.14480210840702
-46.727185130119324
-57.42058950662613
-61.55957713723183
-51.3033372759819
-60.181170642375946
-55.06171232461929
-62.4475958943367
-43.52993509173393
-43.092331290245056
-37.610690623521805
-38.584346920251846
-52.38908836245537
-61.24794775247574
-59.72422567009926
-65.31533154845238
-58.29044660925865
-65.39692908525467
-43.007923632860184
-54.68334311246872
-46.79734516143799
-57.862804889678955
-57.864882200956345
-66.35007834434509
-63.112732738256454
-79.35815840959549
-56.44575592875481
-69.8474745452404
-60.93928802013397
-74.67833477258682
-56.3843415081501
-75.57937198877335
-79.20106908679008
-81.76370787620544
-71.61349087953568
-76.80225390195847
-49.78397408127785
-67.91492861509323
-50.29532825946808
-60.155028969049454
-55.51123046875
-67.66140085458755
-49.0334153175354
-64.04370751976967
-55.09804591536522
-64.99992279708385
-55.71556854248047
-65.70707139372826
-36.742410361766815
-43.03962716460228
-49.213833689689636
-51.44687858223915
-63.38979645073414
-74.40598103404045
-60.89547795057297
-71.79628098011017
-53.975633561611176
-64.82990242540836
-45.936561554670334
-61.32441917061806
-70.7286551296711
-69.83482855558395
-66.4790666103363
-71.88765648007393
-63.67227357625961
-73.17722705751657
-60.8004304766655
-73.56229963898659
-49.0992753431201
-60.717928141355515
-44.013348400592804
-59.17771956324577
-38.34588113427162
-50.9571937918663
-41.367510706186295
-52.03103357553482
-52.48462501168251
-61.76949918270111
-39.750925213098526
-54.395901411771774
-46.821690410375595
-59.51769441366196
-48.95799022912979
-65.81842455267906
-50.015742406249046
-63.14584940671921
-59.575776904821396
-67.94115886092186
-54.71943178772926
-70.5771858394146
-49.6777805685997
-61.026759922504425
-57.5565642118454
-62.3652004301548
-48.776500195264816
-55.01534000039101
-43.95507335662842
-55.158796817064285
-49.87783548235893
-64.16134130954742
-48.33801359683275
-64.74761655926704
-52.83066228032112
-64.32742930948734
-42.96372842788696
-51.32787299156189
-45.10512536764145
-57.23234736919403
-52.564778700470924
-60.849283553659916
-50.52626118063927
-57.790063589811325
-45.248319163918495
-56.8318547308445
-48.22543525695801
-63.442957788705826
-60.967835783958435
-76.69870042800903
-56.16042187809944
-72.97905671596527
-46.39705178141594
-57.5445111989975
-49.107408076524734
-62.993279814720154
-51.64648765325546
-62.19114747643471
-52.93803197145462
-66.16044282913208
-50.648206025362015
-53.65246197581291
-38.32231503725052
-44.50757831335068
-52.046644896268845
-61.41675244271755
-47.924076795578
-58.04762163758278
-42.686983682215214
-52.58696373552084
-52.56788629293442
-64.50491335988045
-42.56545293331146
-53.12596681714058
-40.3888945132494
-47.45813098549843
-55.62251207232475
-65.33889812231064
-57.30593490600586
-68.63143613934517
-55.731885120272636
-62.74184765666723
-59.07210582494736
-69.7857047021389
-48.16536223888397
-54.924793899059296
-54.382554322481155
-63.570944994688034
-45.79336532950401
-53.88343459367752
-41.27317103743553
-48.85279402136803
-51.81217819452286
-62.42439362406731
-47.587306916713715
-55.546186447143555
-43.48755815625191
-44.91948617994785
-34.651536643505096
-44.812098026275635
-47.11571618914604
-57.762422025203705
-56.0027833878994
-66.54811945557594
-58.74626570940018
-65.39837208390236
-56.55622899532318
-58.95108538866043
-43.687629997730255
-53.48886105418205
-52.35058069229126
-62.40032671391964
-51.65057324618101
-63.20517683029175
-40.30858552455902
-56.8934505879879
-49.04575452208519
-62.72087624669075
-40.96244478225708
-48.33244615793228
-46.80928252637386
-55.15290379524231
-55.369070291519165
-62.787716776132584
-62.43855720758438
-65.92622417211533
-38.71463194489479
-46.6085210442543
-45.76874324679375
-54.891896799206734
-49.410743683576584
-61.55390778183937
-53.302144318819046
-61.0802081823349
-48.77366402745247
-63.570217467844486
-53.07856371998787
-67.89845207333565
-52.08011204004288
-67.09348352253437
-49.86291083693504
-59.98769262433052
-54.94808965921402
-71.47186675667763
-52.38474625349045
-68.70211428403854
-40.4594524204731
-49.6206488609314
-49.58908213675022
-57.59573608636856
-53.388516426086426
-64.29617410898209
-52.69109350442886
-68.12463247776031
-50.19111970067024
-57.34681399166584
-49.08408862352371
-55.67500585317612
-44.39230214059353
-58.23911853134632
-53.63262414932251
-65.27971076965332
-62.481053709983826
-73.79401895403862
-59.977573454380035
-67.88515534996986
-37.365942269563675
-37.500396102666855
-41.560252755880356
-41.943088591098785
-48.395803183317184
-59.968356281518936
-57.1384574174881
-68.50531053543091
-59.292397022247314
-66.4765290543437
-59.81590065360069
-70.11587563157082
-39.96767431497574
-57.496557623147964
-49.732475996017456
-65.55875918269157
-50.94462397694588
-50.23112818598747
-55.02163517475128
-51.55881740152836
-57.56545263528824
-69.73790654540062
-56.714279145002365
-74.18613222241402
-46.311182379722595
-62.52060329914093
-44.62298080325127
-54.80837467312813
-69.11358630657196
-71.73195257782936
-58.693643391132355
-64.55901217460632
-43.81810438632965
-55.061695754528046
-45.49483624100685
-62.67451345920563
-47.59770853817463
-57.81720235943794
-45.801079496741295
-56.04453054070473
-53.645247370004654
-66.14185363054276
-46.39831382036209
-56.8379071354866
-44.1030288413167
-41.47195288538933
-46.03396263718605
-42.29400944709778
-48.1898273602128
-55.68221268057823
-48.400245770812035
-57.684099316596985
-43.3435081243515
-56.1873254776001
-50.37687239050865
-65.31524562835693
-39.15825979411602
-55.51047483086586
-39.859952211380005
-50.63860023021698
-48.08235561847687
-65.73326072096825
-62.852510035037994
-74.55839267373085
-42.59598698467016
-59.298975348472595
-48.50944122672081
-66.77801981568336
-54.6334723085165
-61.34711682796478
-42.19456082582474
-56.59546208381653
-59.57309892773628
-69.27787318825722
-53.46886709332466
-66.59385070204735
-53.83312129974365
-58.80072069168091
-58.32245337963104
-68.15664148330688
-56.72600597143173
-58.67041075229645
-54.93225935101509
-60.77221795916557
-39.456957042217255
-49.149626925587654
-37.54034951329231
-49.47029313445091
-55.713642448186874
-69.28128156810999
-39.36567980051041
-61.773527354002
-47.57719533145428
-69.93025797605515
-53.42543365061283
-65.13204126060009
-51.08079794049263
-61.79890018701553
-57.51793375611305
-70.49014309048653
-48.07651321589947
-63.82920506596565
-51.12177383899689
-60.00153902173042
-37.451682925224304
-51.54996654391289
-47.61057226359844
-62.73651251196861
-55.850505501031876
-69.31336453557014
-59.502545773983
-71.32469546794891
-51.978993356227875
-65.15209791064262
-55.860936522483826
-65.173882573843
-60.22532746195793
-75.9090331196785
-59.031584054231644
-74.0713182091713
-52.2145394384861
-60.688097447156906
-47.1529965698719
-58.8786144554615
-57.26641708612442
-63.48853403329849
-57.50977823138237
-68.562664270401
-44.49511481821537
-42.02726322412491
-50.86856287717819
-49.73898383975029
-53.28542058169842
-63.62941575050354
-56.48478651046753
-68.66535413265228
-65.69736695289612
-70.69052322208881
-62.952240735292435
-74.23966637253761
-45.18666997551918
-54.10005232691765
-49.16656672954559
-61.01276808977127
-65.0745416879654
-59.42152538895607
-63.0461371243
-61.851804345846176
-50.04944181442261
-62.230650901794434
-52.824950128793716
-61.54797247052193
-53.81149858236313
-61.63483530282974
-47.92229437828064
-63.07626137882471
-54.02526333928108
-62.10121504962444
-48.040158957242966
-59.11288130283356
-45.696545608341694
-51.05576652288437
-41.02460890263319
-43.889822244644165
-51.76417574286461
-57.916786938905716
-50.461647897958755
-59.26094102859497
-47.26674401760101
-56.48091670870781
-48.7841165214777
-58.80281391739845
-46.04248487949371
-55.63209846615791
-36.27953392267227
-50.60592606663704
-44.88692978024483
-56.39157608151436
-52.658874452114105
-60.13802434504032
-44.930136635899544
-57.87927529215813
-54.71442484855652
-67.98965626955032
-47.06454533338547
-62.332155138254166
-55.47079196572304
-69.1762727200985
-51.40362039208412
-66.09025532007217
-49.760467916727066
-64.11732569336891
-47.66090141236782
-57.87943720817566
-46.844347178936005
-61.31947863101959
-59.41033813357353
-69.7636847794056
-54.14218804240227
-64.28740578889847
-63.55756759643555
-68.39108541607857
-59.68157723546028
-67.64379185438156
-50.972887337207794
-57.22880694270134
-48.067186802625656
-60.14987662434578
-43.128402441740036
-52.82750868052244
-55.74844017624855
-63.970340341329575
-62.63944488763809
-71.55616044998169
-58.02023205161095
-63.490778267383575
-58.95928901433945
-71.21869885921478
-53.68182212114334
-63.66978919506073
-39.149771600961685
-44.646373987197876
-46.13401186466217
-51.63697963953018
-58.3589104115963
-69.15259915590286
-55.217077776789665
-67.75966683030128
-41.56555178761482
-52.682869762182236
-31.662470132112503
-47.10372346639633
-49.38608476519585
-61.44583562016487
-52.05643093585968
-66.06118765473366
-45.05815041065216
-48.003033727407455
-48.57341709733009
-47.24073874950409
-45.255609184503555
-63.09777007997036
-50.681238412857056
-66.83299112319946
-50.10878302156925
-62.53316304087639
-49.437937185168266
-61.684366688132286
-45.541555501520634
-57.86382010579109
-45.760833859443665
-57.18606251478195
-59.10557493567467
-68.95853161811829
-46.894558638334274
-56.967768490314484
-51.75123408436775
-59.95122581720352
-46.71070937812328
-57.49505273997784
-52.79300647974014
-55.361152067780495
-50.492368787527084
-54.76065357029438
-60.36775201559067
-63.713810816407204
-59.48987449705601
-65.63823011517525
-49.553040593862534
-57.70892807841301
-49.410553991794586
-58.54136082530022
-41.70257967710495
-52.00260800123215
-50.4775370657444
-63.13801030814648
-63.14035639166832
-73.04072353243828
-59.66265892982483
-74.11623904109001
-49.38558253645897
-45.063431069254875
-54.89862874150276
-52.51556408405304
-58.96103671193123
-65.73355826735497
-61.42088395357132
-71.57021304965019
-42.70984698086977
-56.3648020029068
-43.20317056775093
-57.18771368265152
-44.462958350777626
-55.09827330708504
-46.77471396327019
-60.33610740303993
-58.619883030653
-62.18561998009682
-41.409936606884
-55.85179001092911
-65.34153586626053
-67.6100942492485
-67.298095703125
-72.29056790471077
-56.966440320014954
-71.30883732438087
-58.41560676693916
-69.37103728950024
-47.545176923274994
-60.03142520785332
-47.39905974268913
-62.422214567661285
-48.843957275152206
-62.414003908634186
-54.162598967552185
-63.63369244337082
-49.28607299923897
-63.36572363972664
-50.220672607421875
-65.90925344824791
-47.35835471749306
-51.4941172003746
-45.635831236839294
-52.31652498245239
-55.3577701151371
-70.45967927575111
-58.43662387132645
-71.55469265580177
-44.25214521586895
-45.30963233113289
-33.11477902531624
-35.68965321779251
-56.02951630949974
-60.874958366155624
-60.49238884449005
-63.43638119101524
-45.457995891571045
-50.67577061057091
-44.62315911054611
-47.749675154685974
-55.95331925153732
-63.11342579126358
-62.293840020895004
-69.82419428229332
-48.90074926614761
-57.57743686437607
-57.05228313803673
-68.78613463044167
-49.4374004304409
-59.70723828673363
-33.82026141881943
-35.56480830907822
-41.84318035840988
-41.74593335390091
-40.17838469147682
-50.74684005975723
-42.88168928027153
-50.92325609922409
-47.642321437597275
-59.53177589178085
-52.855524837970734
-62.384111508727074
-54.49902278184891
-67.30461725592613
-45.513222098350525
-59.890768855810165
-43.2005580663681
-51.40371060371399
-45.991022884845734
-59.005184799432755
-47.452930718660355
-60.86767718195915
-40.37740635871887
-59.548386722803116
-49.466549813747406
-67.11788466572762
-52.689073354005814
-62.48998361825943
-44.084653586149216
-54.6680144071579
-55.37293642759323
-62.705647855997086
-56.31330472230911
-58.15140092372894
-55.701467394828796
-64.56559550762177
-41.96020790934563
-51.4152170419693
-40.78380808234215
-56.12480655312538
-65.01495000720024
-69.68573600053787
-62.44399034976959
-72.1072967350483
-52.67705602943897
-64.27014437317848
-48.94581252336502
-62.240497916936874
-51.50031515955925
-69.12661063671112
-55.41028293967247
-66.17436596751213
-53.925373166799545
-67.47831103205681
-53.90472266077995
-68.21246960759163
-53.587048918008804
-61.66132524609566
-54.6731339097023
-66.23840767145157
-46.24335077404976
-41.68172796815634
-56.767291232943535
-48.49006971716881
-57.08492523431778
-53.969481110572815
-60.5878843665123
-59.28827992081642
-47.32452051341534
-64.72821938991547
-46.521994307637215
-65.35308782756329
-57.534650415182114
-69.16363859176636
-61.27077388763428
-73.07162761688232
-49.092468947172165
-58.93004757165909
-52.768205016851425
-59.15047839283943
-47.1594750136137
-51.49114453792572
-56.374264642596245
-56.93063586950302
-60.600803554058075
-70.11549228429794
-48.66165602207184
-64.23370438814163
-57.35178352892399
-65.10237158834934
-56.54487198591232
-64.29281637072563
-42.239367842674255
-49.94391629099846
-55.82666763663292
-57.976331144571304
-54.1040655374527
-61.1672500371933
-53.331349551677704
-66.47093799710274
-52.28830087184906
-63.922689348459244
-54.975928485393524
-61.463668525218964
-49.16033938527107
-68.91819429397583
-53.359057396650314
-67.65377420186996
-64.65540358424187
-74.85563203692436
-68.53587514162064
-77.15709981322289
-42.74425232410431
-48.028611823916435
-45.52034627646208
-52.91460768133402
-47.13464415073395
-49.33698466420174