-13.479713678359985
-15.7888945043087
-19.762078285217285
-20.980654001235962
-12.39526826934889
-14.206347150728106
-33.3198978304863
-36.66854840517044
-20.030395656824112
-23.75295451283455
-23.979592502117157
-27.70576387643814
-14.106786098331213
-15.300801562145352
-17.705217838287354
-19.97566846013069
-20.79750883579254
-22.364784717559814
-16.465497398748994
-18.11973223136738
-38.155996561050415
-41.11777800321579
-24.735940635204315
-28.22557494044304
-30.624463140964508
-34.373891055583954
-16.994837438687682
-18.848404183983803
-10.586361601948738
-17.749165147542953
-16.039124369621277
-24.08127224445343
-9.083606358617544
-15.468486462719738
-33.520567536354065
-38.41978657245636
-23.701193928718567
-27.372599720954895
-28.47870308160782
-29.72560864686966
-14.252113785594702
-20.34895907342434
-16.64660334587097
-22.158766642212868
-22.025431275367737
-28.462400436401367
-15.36250226199627
-19.937128754798323
-38.48113429546356
-42.19977647066116
-28.150360107421875
-30.69248127937317
-36.77836734056473
-36.86496865749359
-19.551773346960545
-22.771512359380722
-14.415645122528076
-19.803394496440887
-13.110905945301056
-17.4686718583107
-11.26727844029665
-16.626524326391518
-21.267689764499664
-27.30478811264038
-19.750221133232117
-25.19960555434227
-22.4607090651989
-28.348850399255753
-12.207254484295845
-18.57845378667116
-14.489740133285522
-18.907064259052277
-10.163561880588531
-14.650694191455841
-11.891253595240414
-16.48947288095951
-23.586474299430847
-30.25860947370529
-21.508179187774658
-26.96300956606865
-26.962953627109528
-32.110649436712265
-14.155767161399126
-20.09889466315508
-12.130015194416046
-22.695845901966095
-10.594758719205856
-21.893675565719604
-10.614808216691017
-17.1163261346519
-23.057735919952393
-29.74644297361374
-23.464434027671814
-28.069267511367798
-31.267343163490295
-31.434668838977814
-18.818331331014633
-19.695977747440338
-12.950764834880829
-22.271462976932526
-11.433846324682236
-20.398336827754974
-11.943359849974513
-17.650332036428154
-25.851843118667603
-30.85352075099945
-25.18848603963852
-28.188322842121124
-34.75528708100319
-34.07175654172897
-20.994257122278214
-20.063150942325592
-15.54064029455185
-20.192150115966797
-15.353014528751373
-22.510153234004974
-13.203980766236782
-17.278895700350404
-28.80976289510727
-35.24625116586685
-17.83628123998642
-28.119506508111954
-24.029727399349213
-32.95724576711655
-15.41294500976801
-22.548367999494076
-13.292835116386414
-18.827769726514816
-10.188301086425781
-19.350977063179016
-12.231240671128035
-17.009655190631747
-28.586504995822906
-35.59981608390808
-18.55932593345642
-29.242348104715347
-26.94564265012741
-35.480111956596375
-16.662417575716972
-24.82003751397133
-13.001070499420166
-22.977454364299774
-15.909604847431183
-24.001165807247162
-12.767284205183387
-20.71486192662269
-33.11745083332062
-38.27750951051712
-27.816884696483612
-28.211410343647003
-35.6807878613472
-36.41193908452988
-24.885255880653858
-28.075124509632587
-14.032942473888397
-20.748991906642914
-17.116964519023895
-20.96922904253006
-14.635944368317723
-18.34515524096787
-33.956451058387756
-35.587646484375
-29.40519666671753
-26.91971868276596
-38.77384275197983
-36.66935646533966
-27.365735575556755
-25.962469413876534
-14.265965402126312
-15.1676065325737
-17.667171597480774
-21.16922616958618
-12.900678914040327
-15.546197827905416
-25.95737087726593
-26.869571268558502
-18.010279089212418
-21.471981585025787
-24.76629263162613
-27.904869735240936
-15.05823078006506
-15.980024706572294
-15.593722820281982
-16.805915236473083
-16.42496621608734
-19.688413977622986
-14.98486197181046
-17.232928581535816
-27.99320787191391
-28.247784733772278
-20.91504791378975
-24.939671143889427
-29.91955953836441
-33.511944234371185
-17.352595657110214
-18.213919207453728
-11.747507333755493
-21.36053967475891
-16.998274624347687
-25.057116210460663
-12.552443051710725
-19.230033492669463
-27.74190044403076
-36.50384038686752
-25.46610176563263
-26.909112691879272
-32.609506130218506
-34.19234663248062
-17.91616912931204
-25.901482366025448
-14.490966945886612
-23.215729653835297
-19.2407808303833
-26.729067862033844
-15.677612245082855
-21.729775823652744
-29.441681504249573
-37.17167389392853
-28.460208773612976
-28.988464057445526
-37.86744999885559
-38.44428414106369
-21.13884961605072
-27.3391006141901
-13.61396324634552
-16.802481442689896
-19.906620979309082
-21.482601523399353
-12.739636014215648
-14.489143837243319
-29.3140030503273
-28.91297972202301
-25.761038661003113
-22.56912112236023
-26.656954526901245
-28.493780493736267
-17.20884507894516
-19.012359991669655
-17.059719622135162
-19.199498891830444
-19.438494622707367
-21.060839235782623
-16.294965761713684
-16.82367990165949
-33.40402925014496
-32.33593970537186
-30.041815042495728
-26.582591027021408
-31.287626802921295
-35.523377537727356
-19.473984599113464
-21.48558547347784
-12.967758893966675
-24.210077106952667
-19.157530188560486
-30.935373961925507
-12.281596340239048
-22.556368179619312
-28.805221915245056
-43.848756551742554
-25.880493879318237
-39.34072279930115
-36.69119757413864
-33.68017911911011
-25.226460687816143
-31.667953550815582
-17.02882792055607
-27.64831729233265
-22.491382837295532
-33.605682134628296
-16.642368401400745
-27.038241968490183
-31.785268425941467
-45.66026556491852
-29.414329409599304
-41.0829701423645
-41.82175701856613
-37.71279937028885
-27.703573558479548
-32.52404588460922
-15.352649807929993
-20.51792013645172
-17.649090588092804
-22.241274118423462
-15.120438846759498
-18.74669466353953
-33.402146100997925
-37.605218172073364
-19.591584533452988
-23.51953250169754
-25.98517805337906
-30.59764552116394
-16.40711684525013
-22.07108912244439
-16.917614459991455
-21.40793353319168
-17.55072420835495
-21.061123311519623
-17.356916549615562
-20.06001691520214
-37.10101252794266
-40.72983992099762
-22.94329634308815
-26.306944251060486
-31.67636799812317
-35.46365708112717
-19.228659458458424
-24.320300810039043
-17.98485577106476
-26.804333090782166
-20.066120386123657
-28.67977523803711
-16.882959134876728
-24.370217617601156
-39.8085755109787
-45.43032389879227
-24.87479168176651
-31.205833315849304
-33.47222900390625
-36.25070512294769
-24.314835011959076
-27.973730489611626
-20.771140456199646
-29.075248956680298
-22.138222634792328
-30.68580311536789
-21.139276436530054
-27.358687681145966
-43.627963840961456
-48.70190894603729
-28.199655890464783
-33.94189661741257
-38.69308668375015
-40.28381699323654
-27.19059033691883
-29.071194604039192
-27.890864074230194
-33.53456574678421
-28.985762894153595
-35.18324613571167
-31.03594195842743
-36.62069058418274
-33.44515383243561
-35.688834488391876
-10.656558632850647
-13.131184116005898
-17.630315244197845
-19.261908173561096
-8.526072483509779
-11.408363111317158
-22.19297456741333
-23.66247123479843
-16.973842605948448
-19.36967307329178
-23.014757096767426
-24.41886019706726
-12.523708816617727
-14.290241504088044
-14.39921110868454
-15.849880754947662
-17.993375301361084
-18.443328320980072
-12.566683088429272
-13.992144503630698
-26.71658718585968
-27.05009824037552
-21.57232277095318
-23.12754589319229
-30.367231905460358
-31.281207144260406
-15.28439293988049
-16.874812357127666
-6.590313255786896
-17.68013095855713
-12.400498032569885
-25.466307401657104
-5.705708978697658
-13.653807012364268
-20.464196860790253
-29.324384033679962
-19.926278710365295
-26.883472502231598
-27.177032947540283
-32.93495839834213
-14.002243649214506
-22.075451135635376
-11.359890207648277
-22.066453337669373
-16.235098659992218
-29.938744008541107
-10.43269972037524
-19.04300900362432
-24.628268003463745
-33.65231853723526
-23.72241586446762
-30.91039776802063
-34.25341439247131
-40.04396027326584
-18.04975363612175
-24.86773656308651
-13.202192783355713
-17.663788318634033
-11.175177961587906
-20.219061195850372
-10.449721341021359
-16.508277850225568
-21.440743505954742
-26.65901893377304
-13.442268788814545
-24.933299601078033
-17.70099574327469
-28.46349212527275
-8.866135630756617
-15.623902767896652
-15.765531837940216
-19.24553072452545
-11.310927525162697
-19.61546665430069
-12.303204839117825
-18.107970220036805
-23.31327760219574
-29.531622767448425
-16.956750124692917
-28.379306703805923
-23.922891229391098
-34.023636400699615
-10.84308772906661
-17.841182120144367
-7.377806946635246
-18.811704754829407
-8.695858091115952
-19.53853291273117
-7.473422673530877
-14.914511843584478
-21.455342650413513
-29.529219329357147
-20.79196834564209
-21.86604243516922
-27.28400507569313
-26.48061779141426
-13.096192732453346
-14.831595532596111
-11.237810909748077
-20.80319494009018
-12.38755875825882
-20.119778394699097
-11.401412462815642
-17.12256200518459
-24.70051246881485
-30.72930556535721
-23.66150552034378
-24.47959280014038
-33.732785522937775
-31.3263937830925
-16.599644362926483
-15.953466162085533
-10.66027456521988
-14.584309190511703
-20.863033175468445
-19.98039346933365
-11.846558169461787
-14.033377837389708
-19.894673883914948
-22.86455599963665
-20.32827416062355
-20.511891454458237
-21.746879637241364
-25.027282238006592
-14.302208788692951
-14.26124706864357
-13.241506725549698
-14.32349719107151
-19.56833255290985
-17.64855769276619
-14.129617536440492
-15.124410493299365
-24.431118428707123
-24.48574137687683
-21.91694763302803
-22.01749160885811
-28.41197556257248
-29.212192714214325
-15.854772686958313
-14.85577592253685
-5.215081349015236
-18.0020754635334
-11.088159322738647
-26.064626932144165
-7.086564466357231
-16.38676257804036
-15.622050821781158
-29.438344836235046
-15.455993950366974
-26.2367462515831
-23.442797243595123
-30.300797432661057
-11.846305944025517
-22.47656847536564
-7.315254285931587
-21.848406672477722
-13.05138647556305
-29.215498447418213
-9.605956931598485
-20.281667687930167
-18.033869713544846
-33.33257865905762
-16.5816747546196
-27.920900225639343
-28.507608771324158
-35.5802840590477
-13.964084267616272
-23.62654171139002
-7.439872622489929
-13.871460393071175
-16.761098504066467
-19.766077637672424
-6.133756882511079
-12.897525996901095
-21.219554543495178
-27.52658373117447
-13.34454682469368
-21.622943460941315
-16.48467528820038
-24.085300862789154
-9.820840749889612
-16.138154860585928
-9.461392521858215
-14.929424330592155
-14.69256442785263
-18.261124551296234
-8.698163750115782
-14.569016125518829
-22.523347556591034
-27.97297078371048
-16.084843516349792
-23.67515578866005
-22.13777446746826
-29.907556354999542
-10.64557683467865
-17.299149898812175
-6.3476929515600204
-16.040919601917267
-12.078399360179901
-25.360332012176514
-6.425752094015479
-12.223025797866285
-22.252380907535553
-28.84138834476471
-17.301767945289612
-22.192106664180756
-23.665225088596344
-24.526277720928192
-14.604326359927654
-17.61347221583128
-8.732765786349773
-16.991538763046265
-14.39871895313263
-26.19878339767456
-9.597948492970318
-13.866664436645806
-23.28283303976059
-27.889026820659637
-18.529095351696014
-22.003555417060852
-29.519623458385468
-29.14628916978836
-16.971368312835693
-17.542729802429676
-23.02057123184204
-26.88527536392212
-25.570850789546967
-29.462319254875183
-23.21252202987671
-29.66069358587265
-25.55988609790802
-30.92471408843994
-17.556165277957916
-20.42328703403473
-17.767704248428345
-22.268792033195496
-15.383655496872962
-19.24122790247202
-25.02507597208023
-29.927099347114563
-20.872747480869293
-22.827867329120636
-26.318214178085327
-26.19301998615265
-18.239267766475677
-16.939534151926637
-18.64441728591919
-20.48683452606201
-17.004197597503662
-21.621285319328308
-17.301741340197623
-20.575417324900627
-28.01901549100876
-32.77516198158264
-24.197252959012985
-24.83001658320427
-32.30159628391266
-31.575587332248688
-20.338097408413887
-18.988530684262514
-12.71810382604599
-19.55059951543808
-14.386467814445496
-23.33576899766922
-12.649636852554977
-17.643521765246987
-26.948959350585938
-31.346141636371613
-18.13870006799698
-27.944139301776886
-30.167178869247437
-37.35921037197113
-20.22273464873433
-28.0232757255435
-15.262390464544296
-22.797044277191162
-16.99460470676422
-26.054566264152527
-15.548966780304909
-21.414851596578956
-29.94887936115265
-34.03652721643448
-21.334568738937378
-30.990658164024353
-35.940568923950195
-41.97360098361969
-22.460886240005493
-30.10596428066492
-10.905862048268318
-16.541250810027122
-19.032854557037354
-20.612130343914032
-8.82623618748039
-14.359379582107067
-25.38726371526718
-31.87018883228302
-15.245651334524155
-21.68298900127411
-21.03532713651657
-28.640822649002075
-12.241759154945612
-18.220992250368
-12.3884447067976
-17.577216058969498
-16.84491217136383
-19.47580921649933
-10.829678810201585
-16.43566451780498
-27.600877702236176
-33.71201980113983
-18.09820994734764
-24.528205573558807
-26.284331500530243
-34.13065004348755
-13.448362085968256
-19.895830161869526
-11.473101139068604
-18.15938001871109
-16.32667237520218
-26.107294857501984
-10.950363472104073
-13.832932576537132
-32.02473068237305
-33.39225113391876
-22.21018350124359
-23.591257631778717
-35.34179198741913
-30.723182797431946
-24.585469383746386
-22.006240747869015
-14.417531430721283
-19.49279174208641
-19.319278717041016
-27.464285135269165
-14.471570629626513
-15.934483331628144
-32.970015943050385
-33.014946937561035
-24.97346067428589
-24.470798194408417
-39.692903995513916
-34.39927518367767
-26.6638001203537
-22.09396231174469
-14.804263830184937
-16.781329184770584
-10.49766618013382
-16.188029646873474
-9.419781694188714
-12.76063034310937
-22.319673120975494
-22.495647341012955
-15.895007371902466
-21.701680183410645
-18.649898946285248
-24.653942435979843
-12.166202180087566
-14.237498790025711
-19.123626351356506
-18.568450301885605
-12.85304307937622
-15.667934954166412
-13.379502469673753
-15.245937732979655
-26.594791889190674
-25.93154066801071
-20.60459253191948
-25.00110936164856
-26.475347220897675
-30.70112717151642
-15.450689442455769
-17.19267725199461
-8.81536191701889
-19.145403563976288
-7.708444714546204
-16.9696604013443
-6.342381168156862
-13.279142128303647
-18.03543883562088
-28.96430116891861
-20.137545883655548
-24.82595258951187
-26.514022320508957
-30.437343031167984
-15.772173158824444
-22.630694918334484
-12.440502524375916
-24.430007874965668
-11.537625312805176
-21.118518352508545
-10.702224604785442
-18.023543206974864
-21.34958004951477
-32.652679085731506
-24.038261890411377
-27.983031630516052
-32.588938653469086
-35.70759603381157
-18.55699221789837
-24.156800374388695
-11.684213444590569
-14.894228473305702
-19.390328466892242
-21.22963547706604
-10.122278072405607
-13.812116309534758
-22.17497354745865
-25.18922871351242
-18.911417365074158
-23.210698664188385
-23.205354869365692
-27.194801568984985
-13.723070906475186
-17.274605246260762
-16.14635869860649
-18.703868240118027
-19.93654954433441
-22.57687896490097
-14.405937425792217
-17.192943319212645
-27.15798020362854
-29.19233536720276
-23.86653023958206
-27.18092715740204
-30.224210798740387
-33.49091112613678
-16.07209798693657
-20.428850496187806
-7.975727453827858
-18.726681739091873
-14.794637620449066
-25.86024934053421
-7.442841147072613
-15.369433043524623
-18.27934604883194
-28.285627841949463
-20.052369236946106
-27.41528820991516
-26.164503633975983
-31.872304260730743
-14.734239976853132
-21.910917460918427
-13.569372482597828
-22.78605544567108
-19.95820164680481
-29.903541147708893
-12.972988416440785
-19.631871426012367
-22.634604036808014
-31.29673856496811
-24.07181090116501
-30.448513746261597
-34.06854873895645
-38.486349403858185
-19.513413548469543
-23.384796887636185
-19.12255585193634
-24.02653157711029
-22.10470426082611
-26.64771044254303
-19.58485233783722
-26.855491042137146
-22.20677411556244
-28.729214668273926
-15.547684729099274
-17.1326984167099
-21.711787521839142
-19.577457070350647
-14.448707720264792
-14.329689612612128
-33.89368116855621
-35.095759093761444
-24.269406229257584
-23.164598047733307
-29.47338980436325
-30.645053565502167
-17.727584801614285
-20.053492158651352
-18.64815527200699
-19.413466453552246
-22.482121109962463
-20.089986383914948
-18.085142454132438
-16.985185561701655
-38.226855754852295
-38.68432825803757
-28.18331241607666
-27.498734205961227
-36.14196866750717
-37.36415123939514
-20.759869620203972
-23.359878733754158
-16.192953169345856
-23.025684773921967
-20.098291635513306
-28.478195786476135
-14.171005288138986
-20.341029496863484
-36.37735962867737
-42.054745733737946
-28.43966692686081
-34.74457490444183
-37.38009476661682
-38.74370616674423
-25.76273263990879
-29.15512229502201
-20.71706086397171
-26.589312940835953
-24.067637622356415
-32.410104513168335
-19.912166448310018
-25.534558129496872
-40.8867849111557
-46.13103884458542
-32.96077787876129
-38.00332325696945
-42.66789126396179
-43.50401085615158
-29.167744852602482
-30.629945814609528
-14.149578183889389
-21.696146249771118
-11.401026666164398
-19.294462203979492
-9.988946028985083
-17.619886475615203
-26.23790752887726
-34.61348021030426
-16.202027171850204
-24.87097331881523
-20.67479395866394
-30.464353561401367
-10.355123329907656
-18.882001746445894
-13.999005794525146
-20.954254269599915
-8.14793375134468
-16.402444690465927
-10.74395895190537
-18.330106871202588
-28.874803841114044
-36.23843628168106
-19.598970264196396
-27.341408133506775
-26.34839677810669
-34.90227910876274
-13.280452348291874
-21.169945128262043
-12.158732861280441
-22.597108483314514
-10.494261622428894
-20.571456611156464
-10.613143874332309
-16.347593404352665
-31.631772875785828
-37.423584282398224
-21.811713218688965
-26.23901331424713
-32.539393693208694
-31.693997606635094
-18.73966222256422
-20.703310154378414
-14.404854893684387
-22.458819687366486
-12.509665548801422
-19.515581488609314
-13.554730660282075
-17.00246110931039
-34.15095055103302
-38.825769662857056
-24.75536435842514
-27.779370725154877
-36.78664690256119
-35.72351534664631
-21.848650619387627
-21.612842991948128
-9.284075304865837
-15.769717529416084
-16.30206835269928
-20.388548135757446
-6.91256957501173
-14.389737852849066
-20.15748366713524
-26.973948121070862
-14.880302667617798
-21.387241005897522
-18.38160914182663
-27.398512721061707
-9.846691500395536
-16.679881900548935
-10.89189127087593
-15.846472650766373
-14.635817170143127
-18.79008573293686
-9.529777790419757
-15.691045133396983
-23.868424892425537
-29.38303166627884
-17.697777211666107
-23.372422367334366
-23.80423527956009
-31.998518705368042
-11.100206304341555
-17.7624499425292
-7.922281101346016
-18.10809826850891
-12.407373070716858
-24.516242623329163
-8.142677824012935
-12.995782032608986
-22.419621348381042
-29.340404510498047
-18.496633291244507
-24.172236144542694
-28.937982738018036
-28.54998952150345
-17.85788407921791
-19.07211062312126
-10.069462567567825
-19.73907458782196
-14.761630296707153
-26.327361822128296
-10.826383113861084
-15.050129462964833
-24.904397010803223
-30.8427911400795
-20.251139104366302
-24.479139149188995
-33.38864576816559
-32.045027792453766
-19.899259202182293
-18.557176157832146
-6.725030183792114
-14.807697832584381
-15.940234422683716
-21.989533305168152
-6.382872392423451
-14.36446696985513
-22.897249400615692
-32.06044864654541
-14.295518517494202
-23.02285733819008
-15.604417562484741
-26.192109644412994
-9.273942813277245
-17.767865562811494
-9.352568715810776
-16.05905520915985
-14.588110506534576
-20.148371994495392
-9.257772180251777
-16.02333712670952
-26.465822637081146
-33.75201749801636
-17.37043997645378
-25.931331425905228
-21.15595817565918
-32.291953921318054
-10.396691307425499
-19.177862467244267
-5.711382418870926
-14.199845790863037
-11.667607009410858
-22.83467924594879
-6.2016367092728615
-11.798963068984449
-24.591865122318268
-33.92610192298889
-16.959724009037018
-22.518715381622314
-23.787081480026245
-22.78236359357834
-13.474674977362156
-17.0919766202569
-8.618193075060844
-16.761947512626648
-13.938496232032776
-25.498924553394318
-9.766964633949101
-14.368942925706506
-26.93443876504898
-35.44395661354065
-19.028425455093384
-23.70699369907379
-30.63036423921585
-28.530315458774567
-16.704725950956345
-17.665397740900517
-9.755203485488892
-13.375325806438923
-19.316595196723938
-20.4439657330513
-7.854249827563763
-11.204855398274958
-28.44093209505081
-30.128487795591354
-17.217343747615814
-21.41462391614914
-24.92935448884964
-26.13757014274597
-12.017345897853374
-15.281333511695266
-13.771006971597672
-14.642937704920769
-18.83414316177368
-19.484493494033813
-11.758424269966781
-13.338250971399248
-32.182553350925446
-32.014938831329346
-20.771363079547882
-24.107017695903778
-30.4171040058136
-32.10875242948532
-15.328556530177593
-17.148367470130324
-6.6052373349666595
-16.284263968467712
-13.902695000171661
-24.689397931098938
-6.101720232516527
-13.289374141022563
-27.15524172782898
-37.242555022239685
-19.848412096500397
-24.737686157226562
-28.408987998962402
-31.122164607048035
-17.277475886046886
-22.742362320423126
-9.636325590312481
-19.87501609325409
-16.93085753917694
-27.845507264137268
-9.88224689848721
-17.382613569498062
-28.99188059568405
-38.59025365114212
-22.911453902721405
-26.209972977638245
-34.339137494564056
-35.94284874200821
-19.7846537604928
-24.786834582686424
-23.156796753406525
-26.777401208877563
-26.01792973279953
-28.004649579524994
-22.87074041366577
-30.322598814964294
-25.065603613853455
-32.54519474506378
-16.239443480968475
-16.134049952030182
-22.051788926124573
-20.702672064304352
-14.824220604263246
-12.75987827219069
-27.698772728443146
-26.831402957439423
-24.376677632331848
-24.66547790169716
-31.058013200759888
-30.58512669801712
-19.027574136853218
-20.733979277312756
-19.098760068416595
-19.164996027946472
-21.06719383597374
-20.695461094379425
-16.403297135606408
-15.624837880022824
-30.733093440532684
-32.50873512029648
-27.36818292737007
-28.779480189085007
-35.338692128658295
-36.12281280755997
-20.087447725236416
-23.230434454977512
-17.494810461997986
-22.531676054000854
-23.44435328245163
-26.71314251422882
-14.916251916438341
-18.677420856431127
-32.47703194618225
-31.32320010662079
-30.892773866653442
-33.93153232336044
-37.67914283275604
-39.44469195604324
-29.385370291769505
-28.064620196819305
-22.47573882341385
-25.33862155675888
-28.282920598983765
-29.88422590494156
-21.338757816702127
-21.45610556192696
-37.845189452171326
-35.52344107627869
-35.206257700920105
-34.74932539463043
-42.852023243904114
-42.26951813697815
-32.43924906104803
-28.596074149012566
-20.50574792921543
-31.096955835819244
-24.552257537841797
-34.37364971637726
-27.991649627685547
-29.640390694141388
-31.436528742313385
-32.975765347480774
-8.72283348441124
-16.613178938627243
-17.154255509376526
-20.231341660022736
-8.509182025678456
-15.567652966827154
-27.493737041950226
-34.78099888563156
-15.879148483276367
-23.673593193292618
-18.93836498260498
-25.442005336284637
-11.602556012570858
-16.545190650969744
-11.24458521604538
-17.486391112208366
-16.122968554496765
-19.321324348449707
-11.133460853714496
-17.227171881124377
-30.73619830608368
-37.18671500682831
-18.388027399778366
-25.848712787032127
-24.638872027397156
-30.614822447299957
-12.822096936404705
-18.16266706958413
-6.279390454292297
-17.588314414024353
-9.367814242839813
-23.333624124526978
-7.323271168395877
-13.925518048927188
-26.26987612247467
-35.136778116226196
-16.393309712409973
-21.808973371982574
-22.966832280158997
-25.19212806224823
-13.651084885001183
-17.687268368899822
-9.574261590838432
-19.398937702178955
-12.521246194839478
-25.047658443450928
-10.860972691327333
-15.676622500177473
-29.271831452846527
-36.17716073989868
-18.527514278888702
-22.326185047626495
-28.716224312782288
-29.703470408916473
-16.618324786424637
-18.292639017105103
-15.002802848815918
-17.18419685959816
-9.829296365380287
-14.420328557491302
-9.312887208536267
-13.293187826871872
-20.81426990032196
-25.315998554229736
-13.700022965669632
-20.46778303384781
-15.775174766778946
-22.77113026380539
-7.4286545012146235
-12.287709057331085
-15.985326051712036
-17.639295250177383
-8.68036638200283
-13.285575032234192
-10.918276738375425
-14.375613439828157
-21.528073966503143
-25.795768201351166
-16.844210594892502
-22.805761754512787
-21.589906334877014
-26.815533816814423
-9.153264744207263
-14.66451345384121
-8.739381164312363
-25.36818927526474
-7.281455218791962
-21.64632746577263
-6.777647204697132
-17.03214669972658
-21.18253070116043
-30.647532045841217
-19.11708950996399
-24.64658272266388
-24.383353143930435
-27.422184586524963
-11.601293846964836
-16.954272598028183
-12.04057028889656
-25.7738174200058
-9.996710002422333
-20.83130395412445
-10.123549653217196
-17.726488007232547
-23.287062406539917
-30.551105976104736
-22.118587017059326
-25.981300115585327
-29.100137591362
-31.416542142629623
-14.915274620056152
-16.493829168379307
-30.21932488679886
-31.863215625286102
-33.237522065639496
-34.052466452121735
-27.471657395362854
-37.44979780912399
-30.136055946350098
-39.81140059232712
-29.189651429653168
-32.785520911216736
-31.527146816253662
-32.9218470454216
-30.093311667442322
-38.304764211177826
-31.834892451763153
-39.30877870321274
-28.112920880317688
-32.98895478248596
-29.88819569349289
-34.73855298757553
-28.58534836769104
-35.78529977798462
-30.27112716436386
-36.249194622039795
-14.61679619550705
-17.70340883731842
-17.11563801765442
-18.74296772480011
-11.380915712565184
-15.227649102918804
-32.21884644031525
-31.526804625988007
-22.936191856861115
-22.82871413230896
-22.574462473392487
-29.092056572437286
-17.293914169073105
-19.42274322360754
-16.92329728603363
-18.277855157852173
-14.562575459480286
-16.867509990930557
-11.909114122390747
-16.02660198882222
-33.10929650068283
-34.84207892417908
-22.501899540424347
-24.934671461582184
-25.082502961158752
-34.03247255086899
-18.326621860265732
-20.982627481222153
-14.196382880210876
-16.812454730272293
-16.972323060035706
-20.995133817195892
-13.667089785449207
-14.025727398693562
-32.18937385082245
-34.55004847049713
-25.57677137851715
-26.352828919887543
-37.43556833267212
-27.4221293926239
-25.54471644759178
-20.403975307941437
-16.150539219379425
-19.83103856444359
-18.218420267105103
-20.960442423820496
-16.07149346638471
-14.96988095715642
-34.87397664785385
-35.669397592544556
-28.243569254875183
-26.789248049259186
-41.08726215362549
-30.874168813228607
-26.879374712705612
-20.852222621440887
-12.806985795497894
-17.268056571483612
-18.615288197994232
-23.973909974098206
-10.537681926973164
-15.818283452652395
-32.72204518318176
-37.16879093647003
-18.928306311368942
-26.24794352054596
-23.21472465991974
-30.231326162815094
-12.14358034171164
-18.52150747552514
-17.209513127803802
-21.223486453294754
-19.44387024641037
-24.61137616634369
-14.744975210633129
-19.1883521550335
-36.95816344022751
-41.04310071468353
-23.828622460365295
-30.34534642100334
-30.017855525016785
-36.598767161369324
-15.562577810138464
-21.844613812863827
-9.495565623044968
-18.18581658601761
-16.997617721557617
-24.52083146572113
-9.679088342934847
-14.887706382200122
-31.21427011489868
-39.19324517250061
-22.955179035663605
-26.589408218860626
-29.75320875644684
-32.74113368988037
-16.61753871291876
-22.412802636623383
-15.48814545571804
-22.293903201818466
-22.577850818634033
-28.82239931821823
-15.827883589547127
-19.445732614956796
-35.36703735589981
-42.10325801372528
-27.310888648033142
-29.86875194311142
-37.8589603304863
-39.7510484457016
-21.68185093998909
-24.897061228752136
-11.211154580116272
-15.329324156045914
-13.933756172657013
-18.496267437934875
-8.653006186243147
-13.574514105916023
-23.556182324886322
-27.345295786857605
-15.322211742401123
-21.577655792236328
-22.62561845779419
-28.310609757900238
-11.186544723808765
-15.24630842357874
-13.07049036026001
-16.48834851384163
-12.435866832733154
-16.612325072288513
-11.060076144058257
-15.455556594766676
-26.673305809497833
-30.982872247695923
-19.283313393592834
-25.23470738530159
-27.761448204517365
-33.81538686156273
-13.286442890763283
-18.529985696077347
-7.2787423729896545
-20.030320405960083
-9.5690256357193
-23.11386603116989
-7.425121369771659
-15.023832382634282
-23.50816524028778
-33.60665249824524
-19.53280860185623
-26.431114435195923
-29.529634714126587
-33.72649145126343
-14.969623990356922
-21.718027517199516
-11.19679868221283
-21.79750967025757
-13.343522906303406
-24.63426297903061
-11.934178874827921
-17.730901488568634
-28.06149846315384
-36.36837762594223
-23.434409499168396
-28.98868501186371
-35.884023219347
-38.374389976263046
-19.040541037917137
-22.465873688459396
-22.46432590484619
-26.669332683086395
-29.672492027282715
-32.09013628959656
-20.71209168434143
-29.106931746006012
-26.529714286327362
-34.35693180561066
-12.708882093429565
-14.769424632191658
-15.905520379543304
-17.88324475288391
-11.887695046141744
-12.162062622606754
-26.10014432668686
-26.151478111743927
-23.015327841043472
-23.984491854906082
-27.034822404384613
-28.66779512166977
-13.1755236312747
-17.34857691079378
-14.419069647789001
-15.990627959370613
-14.331166625022888
-16.881317973136902
-13.190835422836244
-13.460871413350105
-29.464043617248535
-29.648547649383545
-26.026036024093628
-27.400899529457092
-33.162940204143524
-34.22214525938034
-15.36447448283434
-19.002157971262932
-12.671796560287476
-21.032169818878174
-18.771702885627747
-23.848930060863495
-11.041532941162586
-17.208162546157837
-26.464892208576202
-32.49414271116257
-29.693266212940216
-34.224927723407745
-35.71565896272659
-37.46647807955742
-20.12084585428238
-20.270946145057678
-16.429655611515045
-23.89531534910202
-21.844541430473328
-26.395822525024414
-15.1719507323578
-20.354481055401266
-31.016398549079895
-36.345720648765564
-34.65908992290497
-38.13215696811676
-41.73817980289459
-44.07868754863739
-23.01466339826584
-23.338051475584507
-31.345606744289398
-35.66287839412689
-35.895405650138855
-39.61750942468643
-29.377858459949493
-37.584612131118774
-33.86985033750534
-40.91625863313675
-25.847167491912842
-24.006367802619934
-28.671294510364532
-26.728313326835632
-26.02897834777832
-39.498309314250946
-28.181366562843323
-41.10089325904846
-28.883593440055847
-31.003156900405884
-33.32905584573746
-34.71289175748825
-25.732636630535126
-32.92057192325592
-29.223562717437744
-36.32548600435257
-17.63913595676422
-23.59927609562874
-20.5452421605587
-27.04556965827942
-23.640902757644653
-23.897909253835678
-26.19587802886963
-25.033590078353882
-9.553562223911285
-15.950446367263794
-16.595420479774475
-23.094381511211395
-7.211679851170629
-13.775366690941155
-20.43361932039261
-27.318898499011993
-15.277182817459106
-23.949721962213516
-21.346920013427734
-27.750479996204376
-9.69826164841652
-17.03178707882762
-13.214266300201416
-18.17771804332733
-14.972570836544037
-21.46006405353546
-10.634048010222614
-16.650178246200085
-25.087368369102478
-31.290272653102875
-20.125529408454895
-27.78728488087654
-28.22141396999359
-34.371377825737
-13.114873088896275
-20.423348262906075
-7.5372554063797
-17.801200807094574
-12.481764197349548
-23.778241634368896
-7.2642366494983435
-13.05391495861113
-23.695547580718994
-28.466753005981445
-22.085927546024323
-25.19139915704727
-28.785485357046127
-29.66944406926632
-16.213876739144325
-17.24855699390173
-13.047161340713501
-21.753436625003815
-18.150252401828766
-26.22340166568756
-13.489210442174226
-17.268173263408244
-28.96597021818161
-33.726072549819946
-26.362489998340607
-29.121546268463135
-36.54601573944092
-36.14852076768875
-21.44427302479744
-20.590839110314846
-11.55629387497902
-16.370628476142883
-19.697808921337128
-22.131469249725342
-9.978345956653357
-15.452105728909373
-19.43917840719223
-20.71887516975403
-17.503956973552704
-21.83975213766098
-22.614451348781586
-26.041044235229492
-14.443522155284882
-15.73879942111671
-12.644713997840881
-18.028883159160614
-17.35571539402008
-21.204407036304474
-11.749667054973543
-17.33926366455853
-22.248738765716553
-24.372381806373596
-19.77366727590561
-25.12363612651825
-27.40975773334503
-32.236606657505035
-15.742448441684246
-18.226166244596243
-9.565655142068863
-18.59537309408188
-15.19206553697586
-27.007519781589508
-9.431923014111817
-14.936045072972775
-18.89978265762329
-29.543906033039093
-20.374778509140015
-25.565008759498596
-29.43140411376953
-33.80364567041397
-18.022812582552433
-25.23443389683962
-13.486028864979744
-19.85410213470459
-19.23463636636734
-28.215358316898346
-13.50186013430357
-17.061649229377508
-23.130875945091248
-31.097996950149536
-23.65472561120987
-26.660208582878113
-36.05996632575989
-37.34193205833435
-21.555423602461815
-25.113276071846485
-8.901614516973495
-13.279109589755535
-16.116294980049133
-20.259302258491516
-6.89122349396348
-13.233746718615294
-16.937628366053104
-24.60027214884758
-16.560608088970184
-22.16498926281929
-17.492730498313904
-24.584877610206604
-11.05397566407919
-15.890864692628384
-10.733723253011703
-14.187949880957603
-15.080331027507782
-18.751471668481827
-9.525617957580835
-14.860507602337748
-20.176486611366272
-26.839829668402672
-19.141675174236298
-24.529202818870544
-22.391018629074097
-29.633785486221313
-11.61268213763833
-16.61759213730693
-4.448614925146103
-15.672727778553963
-10.693150222301483
-22.460877895355225
-5.260713865980506
-11.607840427197516
-16.332675233483315
-25.3191055059433
-16.46219128370285
-24.428901433944702
-22.47536426782608
-23.197501838207245
-13.120239339768887
-18.395344257354736
-7.165422968566418
-16.62869182229042
-13.623704195022583
-23.36914563179016
-8.666775215417147
-13.350570300593972
-18.950100660324097
-26.181650400161743
-18.017142117023468
-23.216087818145752
-27.882430016994476
-26.544034779071808
-15.262317791581154
-18.32498685270548
-12.391438722610474
-15.071757137775421
-12.079806983470917
-20.30903434753418
-10.201457091607153
-13.863701207563281
-21.68173712491989
-27.29761242866516
-13.681038469076157
-21.23357617855072
-20.306658923625946
-28.425511598587036
-9.964329440146685
-16.725900646299124
-10.381431728601456
-14.865155726671219
-7.521231234073639
-17.003261983394623
-9.53548080008477
-14.26686709932983
-24.093624472618103
-30.60391753911972
-15.188817590475082
-23.818799376487732
-24.3239306807518
-33.0842080116272
-10.4057870041579
-18.53158289194107
-10.902524501085281
-21.440047323703766
-17.385160982608795
-22.110279262065887
-10.571329453960061
-16.838825127109885
-25.589691936969757
-30.362394273281097
-23.747272729873657
-23.663468420505524
-35.170295774936676
-34.094079941511154
-21.59802020341158
-20.91687771677971
-12.88392698764801
-19.361288726329803
-18.88436371088028
-19.69689381122589
-12.918152647092938
-16.27321816701442
-28.60145527124405
-31.632130920886993
-27.09819221496582
-23.957032024860382
-40.024776577949524
-35.99217212200165
-24.2866328433156
-19.38912456482649
-27.055718302726746
-30.837310314178467
-28.96897566318512
-32.80453771352768
-26.208782494068146
-37.08293032646179
-29.22929161787033
-37.80960911512375
-17.821696013212204
-24.876074731349945
-20.629396498203278
-26.65758591890335
-17.891787976026535
-26.514043986797333
-19.75755888223648
-26.861680269241333
-13.697664976119995
-14.735155880451202
-19.282415866851807
-22.540485322475433
-13.550715916790068
-13.862702618353069
-22.723473742604256
-24.16076248884201
-19.282420724630356
-23.037407994270325
-23.55898219347
-28.63748061656952
-13.27850684337318
-17.724523041397333
-16.857894599437714
-17.720600575208664
-19.81256365776062
-22.3565571308136
-16.740730941295624
-16.48331882758066
-26.270537614822388
-27.602591454982758
-23.665448427200317
-26.514212012290955
-29.831525444984436
-34.429294764995575
-16.23363442439586
-20.866129130125046
-9.668615356087685
-20.30152553319931
-18.403250873088837
-27.51727694272995
-9.193570340052247
-18.927586897276342
-18.816202461719513
-26.40889549255371
-22.100000262260437
-27.75585150718689
-30.782303154468536
-32.824310302734375
-18.975951060652733
-21.4730072543025
-14.161736816167831
-23.545542299747467
-22.144902527332306
-30.237785935401917
-13.993315586354584
-22.362070249859244
-22.55311632156372
-29.24977558851242
-25.466583728790283
-30.965490877628326
-37.4142170548439
-38.97171205282211
-22.70014040917158
-23.020853094756603
-7.800785392522812
-17.638766586780548
-15.221029877662659
-19.208237886428833
-5.822798736393452
-15.371413682587445
-16.913071379065514
-26.629510521888733
-16.508789777755737
-22.225893080234528
-22.286389231681824
-29.069322049617767
-11.210207968950272
-19.847059816122055
-9.94158086180687
-18.814780205488205
-12.784413427114487
-17.952230662107468
-7.94999261200428
-17.076971039175987
-19.42094898223877
-29.454439222812653
-20.027786314487457
-25.285212457180023
-27.208825051784515
-34.24646329879761
-12.859428189694881
-21.543490402400494
-17.294322431087494
-12.35658174753189
-20.935877442359924
-21.948532044887543
-15.445487290620804
-10.687598511576653
-28.985406160354614
-21.3588884472847
-26.56853711605072
-26.778946459293365
-37.64605093002319
-31.584529876708984
-27.020163372159004
-20.824719719588757
-19.889716625213623
-14.56359575688839
-23.320575296878815
-23.316922426223755
-19.269772794097662
-13.052891149185598
-31.418222904205322
-22.974181950092316
-30.253160893917084
-28.910874843597412
-42.135330975055695
-36.12989741563797
-29.005686439573765
-22.092601865530014
-26.928690388798714
-23.860431790351868
-31.099722385406494
-27.782934308052063
-24.445083558559418
-38.076117515563965
-27.750577330589294
-40.618034303188324
-16.9141166806221
-18.347177237272263
-7.9595131278038025
-15.381390929222107
-10.595357114449143
-13.630518982186913
-25.274896770715714
-29.483334183692932
-10.465229958295822
-20.48237255215645
-14.135093599557877
-27.204693496227264
-7.9535481333732605
-15.659756027162075
-15.469281703233719
-17.41676339507103
-6.163287043571472
-13.687421441078186
-12.092585396021605
-14.521133499220014
-28.242445826530457
-31.350542426109314
-14.144952446222305
-23.70011955499649
-20.684303879737854
-32.0872505903244
-11.062586709856987
-18.130263589322567
-12.478570580482483
-26.095367789268494
-11.502578973770142
-19.719870805740356
-10.903994562104344
-18.643460208550096
-31.065274953842163
-34.43370962142944
-23.31176596879959
-21.704612374305725
-34.06490218639374
-28.595154985785484
-21.97266986221075
-19.82732106000185
-14.090812921524048
-24.995811104774475
-13.431749045848846
-19.035718709230423
-13.39290541689843
-19.444592324085534
-32.96061551570892
-35.58839297294617
-26.624085247516632
-24.45230132341385
-38.36908459663391
-33.4425630569458
-24.43386898189783
-20.018288180232048
-34.66733539104462
-38.55155807733536
-39.456211030483246
-42.88899213075638
-32.43066519498825
-41.17263871431351
-37.14834040403366
-44.72982197999954
-28.389198541641235
-33.09296727180481
-30.279503405094147
-34.953246772289276
-29.822147846221924
-36.82571476697922
-31.831682205200195
-36.89443802833557
-21.057309448719025
-26.451184272766113
-22.34576654434204
-26.766396641731262
-19.39623922109604
-29.7749143242836
-20.39972448348999
-28.42085212469101
-25.08515791594982
-31.04662725329399
-26.905055224895477
-32.28323832154274
-22.192978143692017
-32.31299406290054
-24.089054226875305
-32.18166124820709
-14.818706452846527
-21.644114136695862
-20.25412827730179
-26.928650557994843
-19.80868011713028
-26.0885671377182
-26.424937844276428
-31.759550392627716
-10.545258939266205
-14.992693781852722
-16.490176498889923
-22.161654591560364
-8.56160513497889
-14.207654325291514
-24.55238425731659
-28.597188770771027
-14.655069947242737
-22.861558854579926
-20.653824269771576
-26.494120717048645
-11.574021622538567
-15.8826172221452
-13.35304194688797
-16.741011142730713
-14.771309852600098
-20.73719435930252
-11.855108682066202
-16.44204470142722
-26.392284095287323
-29.895677626132965
-18.041330635547638
-26.21701005101204
-26.87568026781082
-33.051073253154755
-13.678125090897083
-18.406403109431267
-5.079934448003769
-17.658437609672546
-10.429108083248138
-24.193458020687103
-5.612692952156067
-14.305007543414831
-22.27393227815628
-32.89317446947098
-19.10273313522339
-23.267250955104828
-25.80209842324257
-30.21830317378044
-13.881299823522568
-20.998103998601437
-9.087525449693203
-20.966761469841003
-15.077216565608978
-26.417812824249268
-10.217839982826263
-18.294679454527795
-24.304095327854156
-33.62084859609604
-22.272438645362854
-25.56946110725403
-33.2931205034256
-35.94928574562073
-17.986658602952957
-22.313690565526485
-19.596282124519348
-23.81519329547882
-23.179488599300385
-27.17729926109314
-15.80511736869812
-27.61155992746353
-19.61637371778488
-30.577885627746582
-14.752793073654175
-18.968676149845123
-19.208996534347534
-20.96124404668808
-12.933319235220551
-16.999131712131202
-26.228971123695374
-31.97263777256012
-20.38101437687874
-24.228120803833008
-26.781207740306854
-29.89625096321106
-16.38346777483821
-22.409758172929287
-14.073700815439224
-20.27536702156067
-15.819032788276672
-20.14234733581543
-13.222000184468925
-18.867320578545332
-29.709754943847656
-35.21270287036896
-23.073556572198868
-27.480864465236664
-31.964125752449036
-34.74254369735718
-17.662294186651707
-23.396565221250057
-18.945931375026703
-18.365335404872894
-23.712852478027344
-24.23585695028305
-17.760911382734776
-16.2790267765522
-34.9255730509758
-31.75888866186142
-30.037208080291748
-28.54860657453537
-38.573720932006836
-36.37496465444565
-29.371117301285267
-24.82667264342308
-22.274595379829407
-19.52537751197815
-26.479583024978638
-26.004068672657013
-22.389305559918284
-18.894642534665763
-37.73179793357849
-35.14422965049744
-33.67271828651428
-31.874118387699127
-43.08172422647476
-41.322878301143646
-31.19575697928667
-26.61571418493986
-9.636641643941402
-17.95224066078663
-15.320814430713654
-19.29213833808899
-6.999209627509117
-14.646099213510752
-18.351483941078186
-23.181263089179993
-12.497978299856186
-21.263045251369476
-17.761616736650467
-25.68510401248932
-10.626190267503262
-16.381940856575966
-11.42793120071292
-18.935142621397972
-14.508785508573055
-17.948201537132263
-10.05755416303873
-16.43873304873705
-20.45883908867836
-26.358116328716278
-15.188714742660522
-23.26750296354294
-23.570482447743416
-31.41981291770935
-11.846022150479257
-18.60104611515999
-12.246506452560425
-17.801449447870255
-14.838011860847473
-23.780155658721924
-10.505419086664915
-13.635902190580964
-21.775702118873596
-25.46937209367752
-21.26253056526184
-22.04837590456009
-32.78039884567261
-28.463701963424683
-20.42724274471402
-19.772113122045994
-15.246169343590736
-19.196335047483444
-17.371142148971558
-24.774065494537354
-14.056226320564747
-15.575844643637538
-24.888191878795624
-25.558169096708298
-24.50432002544403
-22.39827662706375
-37.953444719314575
-31.11995643377304
-23.54493283852935
-18.629727888852358
-21.227507531642914
-29.87109088897705
-24.46886372566223
-32.5296944975853
-24.612716913223267
-30.04932677745819
-27.622689366340637
-32.97937053442001
-16.9646258354187
-25.350389689207077
-20.649594008922577
-27.661465257406235
-16.03920805454254
-24.103320837020874
-19.56458169221878
-26.016525626182556
-30.24807906150818
-34.639373898506165
-32.65323543548584
-36.45547813177109
-39.56783884763718
-37.56046110391617
-41.09163415431976
-39.72762793302536
-16.42344319820404
-20.615025013685226
-16.510970175266266
-20.43346732854843
-12.88739362731576
-17.49489471502602
-30.048967838287354
-35.44390803575516
-19.566900193691254
-25.518022894859314
-24.698927402496338
-32.388292729854584
-20.56573610007763
-26.299586951732635
-18.84564769268036
-22.103861838579178
-15.55089557170868
-19.75815439224243
-15.569614335894585
-19.579051461070776
-34.058636128902435
-39.7461251616478
-23.17440950870514
-27.587243258953094
-30.050207257270813
-36.81800240278244
-21.82605405151844
-28.495737843215466
-14.269432425498962
-22.164186596870422
-14.213830530643463
-23.590547740459442
-12.86123513802886
-19.198783414438367
-33.54332309961319
-36.98151379823685
-26.046535670757294
-29.149715662002563
-37.453293800354004
-35.24052628874779
-29.63814962655306
-29.517720945179462
-17.998528838157654
-25.67865562438965
-18.01115095615387
-25.986278533935547
-17.06463917437941
-23.22109467163682
-38.59060424566269
-41.247837126255035
-29.844286143779755
-32.408636927604675
-41.902558863162994
-39.13909560441971
-33.49508721381426
-30.912591725587845
-12.907895147800446
-24.78957498073578
-15.561500385403633
-28.329008996486664
-28.139031529426575
-18.582086503505707
-30.91756671667099
-19.881114959716797
-8.689267545938492
-14.403310969471931
-15.545617997646332
-18.212583661079407
-6.945823508314788
-12.999291453510523
-29.10002201795578
-32.858559370040894
-17.15215991437435
-20.635143905878067
-22.48398733139038
-25.7112957239151
-11.589926759712398
-15.052604587748647
-11.16679334640503
-15.66149914264679
-14.672245919704437
-17.14411026239395
-8.874051260296255
-14.404559955000877
-32.15724474191666
-35.8689039349556
-20.333754181861877
-23.528453439474106
-27.782005190849304
-31.260607719421387
-13.570095280185342
-16.279299471527338
-7.267088294029236
-19.186867773532867
-12.952123999595642
-25.752971470355988
-6.496649304404855
-15.106347354128957
-30.06596130132675
-41.32379764318466
-20.462430357933044
-28.217162489891052
-28.3776193857193
-33.72766065597534
-15.512778718024492
-23.405595064163208
-11.071188129484653
-20.85189414024353
-16.62116116285324
-27.13847714662552
-10.463404272682965
-16.714135877788067
-33.748360991477966
-43.73197668790817
-24.30281752347946
-31.141568660736084
-34.943944215774536
-38.60448271036148
-18.234756529331207
-24.32623467221856
-22.376038551330566
-26.587165415287018
-23.2789586186409
-27.67136663198471
-27.71600914001465
-30.470764338970184
-28.387772738933563
-29.817160844802856
-31.783044695854187
-36.554747462272644
-36.737097680568695
-40.84985691308975
-31.21342623233795
-38.94493764638901
-35.75569522380829
-42.33091866970062
-24.557443141937256
-26.510584831237793
-29.74528157711029
-29.593438982963562
-22.36377900838852
-32.064587473869324
-26.099698841571808
-36.619214951992035
-15.444151639938354
-18.125819146633148
-22.934423208236694
-20.313288688659668
-14.746200704015791
-15.976331496611238
-36.576965272426605
-36.625694155693054
-24.916495323181152
-23.966529428958893
-30.460140824317932
-30.735390663146973
-19.88987784087658
-21.741767048835754
-18.021995186805725
-19.93879908323288
-22.693099975585938
-20.411986351013184
-17.901190105825663
-18.255873271264136
-40.35949003696442
-40.27055084705353
-28.881312251091003
-27.71943709254265
-36.756819665431976
-36.20945578813553
-24.371381416916847
-24.02573010325432
-19.673456072807312
-24.203042894601822
-24.597910404205322
-31.52885502576828
-18.28144165314734
-22.124540062621236
-43.278365790843964
-48.02260583639145
-30.481701493263245
-36.96498692035675
-39.936376214027405
-42.06494075059891
-29.229418136179447
-34.185524091124535
-23.061698377132416
-27.828172743320465
-27.20185661315918
-34.35390001535416
-23.137331632897258
-26.865013556554914
-45.580126225948334
-51.03166478872299
-33.65579241514206
-39.76074302196503
-43.596847236156464
-45.70952272415161
-31.452280037105083
-35.73000621795654
-21.78351604938507
-24.068481385707855
-27.501624584197998
-29.403201460838318
-20.74799644947052
-26.46903121471405
-26.73404175043106
-31.12074714899063
-23.996703624725342
-30.601845413446426
-27.155044078826904
-31.770521253347397
-25.115084648132324
-32.22916495800018
-27.239973664283752
-33.53768062591553
-15.881401658058167
-23.411859273910522
-22.21145063638687
-26.885010540485382
-16.27459347806871
-21.478298226371408
-41.59781098365784
-44.9522020816803
-26.6751109957695
-30.49708840250969
-30.64988797903061
-38.30089545249939
-18.42448280751705
-24.71556529402733
-17.689001977443695
-22.975620210170746
-21.18634694814682
-24.520008087158203
-17.77132549881935
-21.363525483757257
-45.028327226638794
-45.801629424095154
-29.444201618433
-31.44324705004692
-34.832843542099
-40.61444544792175
-21.626842871308327
-26.289296090602875
-20.63761341571808
-23.2556015253067
-23.857495427131653
-27.141918063163757
-20.498663756996393
-20.101422460749745
-45.69784599542618
-48.88434022665024
-34.81575018167496
-35.91483998298645
-43.626768827438354
-40.27842903137207
-29.846550062298775
-27.66538568586111
-22.697684466838837
-26.027823746204376
-26.47824764251709
-30.59427559375763
-22.23472727648914
-23.628160385414958
-46.53168451786041
-51.487813889980316
-36.23678648471832
-39.351749658584595
-45.77785336971283
-44.55360698699951
-30.08109423518181
-30.07921476662159
-19.73466332256794
-24.869226396083832
-24.337484002113342
-28.142901957035065
-22.25599843263626
-29.54620635509491
-25.890712320804596
-33.2939435839653
-32.6629821062088
-35.6684507727623
-35.41803979873657
-35.95685565471649
-36.51909190416336
-39.794005393981934
-37.085532665252686
-41.89099794626236
-24.78423833847046
-28.978795051574707
-25.439660668373108
-29.837318062782288
-23.948324859142303
-35.60652017593384
-25.841376960277557
-35.23802000284195
-22.415993750095367
-27.06356519460678
-24.890290439128876
-29.35069364309311
-22.62302452325821
-33.14013200998306
-26.01229304075241
-35.41174453496933
-32.09830814599991
-33.44458484649658
-34.872053027153015
-36.032462418079376
-34.770671010017395
-42.74313223361969
-37.167269468307495
-43.3776136636734
-28.544863522052765
-33.219903230667114
-32.79345226287842
-36.9419664144516
-32.74485021829605
-38.49052131175995
-37.29082804918289
-43.01303970813751
-25.922665059566498
-29.811960875988007
-29.55887359380722
-33.89522182941437
-28.703190743923187
-34.614125192165375
-32.60304272174835
-37.944309651851654
-35.106518149375916
-36.25911110639572
-38.99283427000046
-40.13300383090973
-42.51455670595169
-46.14288246631622
-44.99711859226227
-49.473247051239014
-38.53204083442688
-34.11254811286926
-40.37842011451721
-35.43837136030197
-34.31162905693054
-50.20821452140808
-34.96616351604462
-50.58435821533203
-33.99965912103653
-38.85323566198349
-36.47827631235123
-41.31511855125427
-43.568664848804474
-41.970449566841125
-45.97608667612076
-44.577047884464264
-13.014718472957611
-14.094393879175186
-12.505072474479675
-20.504881858825684
-9.668976775370538
-13.324902391061187
-27.614613473415375
-31.72025465965271
-17.568433672189713
-20.5205080807209
-21.397384643554688
-24.67329168319702
-13.762237971648574
-14.123426772654057
-14.660116255283356
-15.169975757598877
-12.291941285133362
-18.424099534749985
-11.9370735315606
-15.129337771330029
-28.537639379501343
-32.297625839710236
-19.954127311706543
-22.94262385368347
-26.471112608909607
-30.12555229663849
-14.73094942048192
-15.48885240778327
-4.583197236061096
-19.443791151046753
-9.299279510974884
-19.678054809570312
-5.006281242705882
-14.222816583700478
-25.14267987012863
-35.98164635896683
-15.575196087360382
-24.634511530399323
-22.706924259662628
-30.825728714466095
-10.440666176378727
-22.408510841429234
-7.399208083748817
-21.050238072872162
-12.243334472179413
-21.15337210893631
-8.686460011638701
-16.462098417337984
-26.57201784849167
-36.33470022678375
-17.562955021858215
-25.395716667175293
-28.63760381937027
-34.10014921426773
-13.358691744506359
-22.262717366218567
-20.619473442435265
-26.784490019083023
-23.491935908794403
-29.178435787558556
-19.85432180762291
-28.889977037906647
-22.466761887073517
-29.37688720226288
-26.51400452852249
-31.184295654296875
-29.420130968093872
-33.427446365356445
-26.553592801094055
-31.560947954654694
-28.897869408130646
-33.5763498544693
-17.594193994998932
-24.450192749500275
-20.12538155913353
-27.377527475357056
-21.74019366502762
-24.129453241825104
-25.336210787296295
-25.00492686033249
-17.252879589796066
-20.16270688176155
-20.07823956012726
-22.369290560483932
-13.330627620220184
-26.612681090831757
-15.899799108505249
-28.180851936340332
-22.357892274856567
-28.141957014799118
-22.9052614569664
-28.501842081546783
-24.71806561946869
-29.896393805742264
-26.198550432920456
-28.534451983869076
-23.123923540115356
-27.556826770305634
-28.255492329597473
-32.332971811294556
-22.589176654815674
-30.3280388712883
-27.72246241569519
-33.67452019453049
-25.627971172332764
-29.986739456653595
-27.759817719459534
-32.3200888633728
-33.18724995851517
-30.92660391330719
-35.814956963062286
-33.492112934589386
-23.452036917209625
-28.143123030662537
-23.865087270736694
-29.445618212223053
-28.451247096061707
-32.91245079040527
-29.54319941997528
-32.26033580303192
-20.89426165819168
-24.418592482805252
-25.070572674274445
-26.097713068127632
-20.877140700817108
-29.74365258216858
-22.857289373874664
-31.446995437145233
-29.068331599235535
-37.577577352523804
-32.2577908039093
-40.15513437986374
-40.8956703543663
-37.41320461034775
-43.413952469825745
-40.09126037359238
-11.087899014353752
-17.08039629459381
-17.182283401489258
-22.71073979139328
-10.932883338071406
-17.93669952172786
-23.566367089748383
-27.84026712179184
-17.199566513299942
-23.629569739103317
-20.294792413711548
-26.38959789276123
-13.731059700250626
-18.361985970288515
-13.417076617479324
-18.03279185295105
-16.948702216148376
-22.169385254383087
-13.223631273023784
-19.255401581525803
-25.81036537885666
-30.3230122923851
-18.743950933218002
-26.59421044588089
-25.479278802871704
-31.779852271080017
-14.543108351528645
-20.67402007430792
-8.039617031812668
-17.546071588993073
-12.30526652932167
-22.490343391895294
-10.382801851257682
-14.625668881461024
-22.709840953350067
-30.101090371608734
-17.49883806705475
-22.21504008769989
-25.32175624370575
-26.998578310012817
-17.460208520293236
-19.476833052933216
-10.874859511852264
-20.345020353794098
-15.48035728931427
-24.447277307510376
-13.570143206045032
-16.862604424357414
-25.84581834077835
-31.286816477775574
-19.70653408765793
-22.64531260728836
-31.043881118297577
-31.343394875526428
-20.740984223783016
-20.009981513023376
-33.80905967950821
-37.361848294734955
-35.90282738208771
-40.60252392292023
-36.77443903684616
-43.4694584608078
-40.239833414554596
-45.16038191318512
-25.02153652906418
-31.218338310718536
-29.620161414146423
-35.17846363782883
-26.14329731464386
-35.34999889135361
-30.659372746944427
-39.08025950193405
-21.64342188835144
-23.502131402492523
-26.09394371509552
-27.868025422096252
-20.383953630924225
-27.582746386528015
-23.968378722667694
-30.269679188728333
-17.625919088721275
-24.01728856563568
-20.296735048294067
-26.07330495119095
-23.919031500816345
-29.66964180767536
-25.681855738162994
-29.789021149277687
-23.654891848564148
-31.23563176393509
-27.855266511440277
-35.27310085296631
-27.16111123561859
-32.846208810806274
-32.833066403865814
-37.630658984184265
-22.426804453134537
-32.45240592956543
-26.554236590862274
-34.26953214406967
-23.346123933792114
-31.185096323490143
-26.224241256713867
-33.637521624565125
-33.11500644683838
-37.1117702126503
-37.23193049430847
-39.407791435718536
-37.00645965337753
-38.31135815382004
-38.4075773358345
-41.20348680019379
-37.409708857536316
-41.01045787334442
-42.10559767484665
-43.553610265254974
-41.11057013273239
-43.11304831504822
-42.51158803701401
-46.4272820353508
-9.074199378490448
-13.100165039300919
-15.736721694469452
-20.40426069498062
-7.465000552125275
-11.88316401001066
-27.460113763809204
-31.784849166870117
-15.312425643205643
-21.145910382270813
-19.188873827457428
-25.399635195732117
-8.925023555755615
-13.51437745988369
-12.013975113630295
-14.987908750772476
-14.724270582199097
-19.180700361728668
-10.439113033935428
-14.051174805033952
-29.717341363430023
-33.76878106594086
-19.451158225536346
-24.938067346811295
-24.64793086051941
-31.28197032213211
-11.23618296161294
-15.778355024755001
-4.8591243624687195
-15.668755382299423
-11.836289167404175
-23.704562425613403
-5.050667654722929
-13.030919952318072
-29.77351623773575
-38.612771689891815
-19.612007081508636
-26.952082216739655
-25.547821164131165
-28.42969098687172
-12.296694289892912
-18.859224271029234
-8.893250606954098
-18.08153823018074
-15.845577478408813
-25.609025835990906
-9.42206803895533
-15.784431100822985
-32.66902554035187
-39.98193049430847
-22.76021057367325
-28.53055888414383
-32.640075981616974
-33.40145018696785
-16.213116258382797
-20.347557969391346
-20.339553482830524
-25.323645189404488
-24.226809918880463
-27.898294359445572
-16.513776317238808
-28.198689460754395
-19.957634806632996
-30.446174144744873
-12.209549248218536
-18.03117236495018
-15.845669627189636
-20.221465468406677
-9.712076546624303
-15.737215733155608
-27.719389975070953
-33.44544166326523
-14.96702954173088
-21.226296186447144
-21.44833266735077
-29.931227922439575
-11.47197139263153
-19.606494642794132
-13.165592342615128
-17.942260771989822
-13.892962872982025
-19.461835980415344
-11.828576803207397
-17.20490343309939
-30.103297531604767
-35.85206526517868
-17.47610381245613
-23.824989140033722
-26.328033566474915
-35.26141119003296
-13.315597377717495
-21.437687568366528
-13.390626072883606
-17.805793941020966
-17.695868372917175
-21.641739904880524
-13.153256390243769
-13.90458919852972
-36.872327387332916
-36.8976474404335
-23.58440387248993
-21.174147963523865
-37.66288787126541
-31.471295714378357
-26.961411334574223
-21.057325281202793
-15.937741816043854
-20.622149229049683
-20.46504944562912
-23.783054649829865
-16.707738572731614
-17.206419587135315
-39.03359979391098
-38.20090079307556
-26.769053101539612
-23.247996151447296
-41.939235866069794
-35.22888946533203
-28.917136028409004
-22.11331883072853
-15.361035041511059
-22.11338320374489
-19.086534559726715
-24.955106765031815
-15.293394386768341
-22.711349368095398
-19.102838814258575
-24.649729311466217
-28.66162410378456
-25.689764976501465
-32.05693340301514
-29.253346621990204
-26.41715794801712
-40.77859425544739
-28.957727193832397
-42.654923379421234
-26.721129715442657
-32.22360098361969
-28.559431672096252
-33.768038749694824
-29.64306151866913
-38.20854067802429
-31.867332994937897
-39.2823104262352
-21.24953931570053
-28.029983699321747
-25.19921523332596
-31.753926217556
-29.660977125167847
-27.192668616771698
-32.61757850646973
-29.77948385477066
-26.980941593647003
-32.91490077972412
-28.905329167842865
-35.741111278533936
-36.55618965625763
-32.473194777965546
-38.60975658893585
-34.71773874759674
-24.15099847316742
-24.67271912097931
-26.84274810552597
-27.466637074947357
-27.35739892721176
-33.487112283706665
-32.157050132751465
-38.23534309864044
-27.061855852603912
-34.50779438018799
-28.47110152244568
-36.40738523006439
-29.525787472724915
-34.97824585437775
-32.4354681968689
-35.662212789058685
-24.080664038658142
-29.271782279014587
-25.680271178483963
-29.9042227268219
-30.804011642932892
-34.28046089410782
-31.79935395717621
-34.411884129047394
-21.633439153432846
-26.481463819742203
-24.138192534446716
-27.852807611227036
-19.61477953195572
-29.684968292713165
-21.593841463327408
-30.46162849664688
-16.09458690881729
-19.921012550592422
-19.67199757695198
-21.888974636793137
-15.642405450344086
-27.090792536735535
-18.59441840648651
-29.879634976387024
-30.34665870666504
-31.97903048992157
-33.0408154129982
-34.096814692020416
-27.14334398508072
-36.75384032726288
-29.60899466276169
-38.90247792005539
-18.661881990730762
-19.472461700439453
-8.45173991471529
-20.908097863197327
-10.73174617625773
-17.440321967937052
-24.97559279203415
-35.58356124162674
-12.760057717561722
-25.577106058597565
-17.09122598171234
-30.57360690832138
-10.208757512271404
-23.61627008020878
-18.073247104883194
-21.382051825523376
-7.549600912258029
-20.542097985744476
-11.950274927541614
-19.695909794420004
-27.307411432266235
-37.94889056682587
-16.089996963739395
-29.577282547950745
-23.41249394416809
-35.5377916097641
-12.360593922436237
-24.474561482667923
-21.05349624156952
-22.808801978826523
-24.71936708688736
-15.454017367213964
-19.032375620678067
-14.002924071624875
-40.771748781204224
-31.351632237434387
-32.20365655422211
-19.04783123731613
-39.79050976037979
-29.05813765525818
-30.58491163700819
-19.052034430205822
-24.57577359676361
-22.373490899801254
-27.897146105766296
-14.554791491478682
-23.86144595593214
-14.647758726030588
-42.51251667737961
-32.05572384595871
-35.79837089776993
-21.439372062683105
-43.91618877649307
-33.44627195596695
-32.24246556311846
-19.066541224718094
-24.075942039489746
-28.302078068256378
-25.950109899044037
-30.058236002922058
-23.335444509983063
-33.904513239860535
-26.04999190568924
-34.62203377485275
-24.742277085781097
-34.24281179904938
-28.618606984615326
-36.43594127893448
-26.564212560653687
-35.48710495233536
-29.509138107299805
-37.58186846971512
-37.1125944852829
-39.40493619441986
-39.44766002893448
-39.84257996082306
-39.92593264579773
-43.8614804148674
-40.75475662946701
-45.62643003463745
-22.495702862739563
-29.11077705025673
-25.058899760246277
-30.77156525850296
-23.237140595912933
-32.095303416252136
-24.538113296031952
-31.736693620681763
-18.411709293723106
-20.252637147903442
-21.898209154605865
-23.278838545084
-14.449978411197662
-29.14025980234146
-18.049360871315002
-30.988831281661987
-38.98675888776779
-41.40869498252869
-40.957120418548584
-45.57000684738159
-46.905733823776245
-45.904683232307434
-50.64171427488327
-46.635962426662445
-19.091295294463634
-20.792574167251587
-21.86546665430069
-22.900249257683754
-12.620414987206459
-26.206507802009583
-15.94135120511055
-27.503831207752228
-25.87636399269104
-31.285863935947418
-28.105690956115723
-33.6909205019474
-31.300284564495087
-33.2272042632103
-32.9963321685791
-33.44853866100311
-31.09706050157547
-31.69430375099182
-35.105093598365784
-34.79496544599533
-35.523986995220184
-40.90177917480469
-38.65344941616058
-44.569564044475555
-15.618388369679451
-20.292855083942413
-18.48138016462326
-23.110511124134064
-15.405443787574768
-26.127270936965942
-18.523744583129883
-27.34134727716446
-6.906163901090622
-14.28963252902031
-17.746407508850098
-23.368164598941803
-5.57501648273319
-13.866825667209923
-24.420194387435913
-32.40093767642975
-12.985365211963654
-20.780030071735382
-18.6784525513649
-27.250090658664703
-10.01482617855072
-15.356980431824923
-9.606589883565903
-16.232717663049698
-15.896322250366211
-21.992718517780304
-8.897124520502985
-16.336097712628543
-27.814911425113678
-36.000959634780884
-15.717959821224213
-23.889018416404724
-23.58407437801361
-34.258903443813324
-11.476558052003384
-17.62438291311264
-5.503760606050491
-16.36436292529106
-14.154909074306488
-28.167921543121338
-6.424730172380805
-13.375602321699262
-27.7055042386055
-36.88749486207962
-17.513639628887177
-23.699410319328308
-26.932415902614594
-28.10492503643036
-13.91567663103342
-21.590830020606518
-9.342921957373619
-17.962183117866516
-18.39817887544632
-29.46287375688553
-11.046589653939009
-15.990726954303682
-31.649071216583252
-38.23689419031143
-20.96282786130905
-23.782750725746155
-34.909860730171204
-32.17964607477188
-17.86910642683506
-21.015315756201744
-31.262375593185425
-33.84970182180405
-35.75573807954788
-36.229053258895874
-31.037457406520844
-41.0045490860939
-33.9952649474144
-43.08331286907196
-31.413306415081024
-30.184563994407654
-34.48134732246399
-33.233615696430206
-34.120496928691864
-40.54051911830902
-37.65543085336685
-43.20412999391556
-7.792168200016022
-13.576210290193558
-18.056573808193207
-21.507683873176575
-6.2644323306158185
-13.38102497998625
-15.52716363966465
-20.238959848880768
-14.951333045959473
-21.20134198665619
-18.033505618572235
-26.37776380777359
-10.910188350826502
-15.384435022249818
-10.62088617682457
-14.361636370420456
-16.96802705526352
-19.338776648044586
-9.253690688405186
-14.823549637570977
-18.17146635055542
-22.077559411525726
-18.0660762488842
-23.165776312351227
-23.983499586582184
-31.431194186210632
-12.264736492186785
-16.56693566776812
-6.184883236885071
-17.486279368400574
-13.970281600952148
-27.45737189054489
-6.417870122939348
-12.808942053467035
-14.540744185447693
-25.573100864887238
-16.791455447673798
-24.672619581222534
-25.931882619857788
-26.245809018611908
-14.549973793327808
-19.7227191478014
-8.713654339313507
-19.665228247642517
-16.202162384986877
-29.54207944869995
-9.58043044898659
-15.469644161872566
-16.86780509352684
-26.866943657398224
-18.60538125038147
-24.939223051071167
-31.622726500034332
-31.37696945667267
-17.249757394194603
-20.26218657940626
-26.351157426834106
-31.77291876077652
-27.71869719028473
-34.07091003656387
-28.984429121017456
-34.044437527656555
-32.01013779640198
-33.97483330965042
-16.59912133216858
-24.71222633123398
-21.356680929660797
-29.81181025505066
-20.032466769218445
-25.854321599006653
-26.101450741291046
-30.367771804332733
-28.039986670017242
-32.51639544963837
-31.147589087486267
-35.24466955661774
-29.458774507045746
-40.03944003582001
-32.929001569747925
-42.462780714035034
-26.600044190883636
-32.20615130662918
-29.47524380683899
-34.766429007053375
-25.639213740825653
-35.34789973497391
-28.921817243099213
-37.624014258384705
-26.6007022857666
-36.64864081144333
-29.307114630937576
-39.70587599277496
-41.406944930553436
-33.065091490745544
-43.54362607002258
-33.983151376247406
-18.564520247280598
-26.326756238937378
-21.711282640695572
-29.566551625728607
-22.921446323394775
-26.443728178739548
-26.86856073141098
-27.275415986776352
-19.811197698116302
-26.351562798023224
-23.338114857673645
-30.198724389076233
-27.86955189704895
-28.38364052772522
-30.300746977329254
-29.91367483139038
-28.370572060346603
-29.50497943162918
-32.375525057315826
-32.43254208564758
-24.93698388338089
-34.79220622777939
-28.20067858695984
-38.11972516775131
-23.801344454288483
-26.6709081530571
-24.611367225646973
-29.66890674829483
-28.02277386188507
-24.828778445720673
-30.37498426437378
-26.414723455905914
-8.762800842523575
-16.15124850720167
-18.522305071353912
-21.71362590789795
-6.805005884729326
-14.720835799351335
-27.30440855026245
-33.721907794475555
-15.088147968053818
-20.749668776988983
-21.90505337715149
-26.24561107158661
-10.819539066404104
-16.492679638788104
-11.046462208032608
-17.175009846687317
-16.84574604034424
-20.464200109243393
-9.703822755254805
-16.71374793816358
-29.764252364635468
-35.91640746593475
-18.03990364074707
-23.357802122831345
-27.197715282440186
-32.05351507663727
-12.516604458913207
-17.996129674836993
-7.661770984530449
-18.56187754869461
-13.144189059734344
-28.129147171974182
-7.68479904346168
-14.266228595748544
-28.65181863307953
-37.9580118060112
-18.11559522151947
-26.450816571712494
-28.124397456645966
-32.13017588853836
-18.018877625465393
-21.47515118867159
-10.868769712746143
-19.88898354768753
-16.40465474128723
-29.515072405338287
-11.501492014154792
-16.68044597003609
-31.36934870481491
-38.58073592185974
-21.073661148548126
-26.693123936653137
-33.65809553861618
-35.774875700473785
-20.126027762889862
-21.41389738768339
-27.43226432800293
-32.38864892721176
-28.24917322397232
-34.084235072135925
-28.660914659500122
-35.71738916635513
-30.93351101875305
-34.166584491729736
-8.16738972067833
-14.47537449002266
-17.81217712163925
-21.42180234193802
-7.089803114067763
-14.041680256836116
-21.54976198077202
-28.394155010581017
-15.878538966178894
-22.499734610319138
-18.752629280090332
-25.674770534038544
-11.989085707813501
-16.58253288641572
-10.556684255599976
-15.01718083769083
-16.427413284778595
-19.308539927005768
-9.711775459349155
-15.422814182471484
-25.030612885951996
-30.616580456495285
-19.203910410404205
-24.399480521678925
-24.066972196102142
-30.014352202415466
-13.19467069581151
-17.41880263388157
-6.266372978687286
-15.488033503293991
-12.174624741077423
-24.2069730758667
-7.3090640893206
-12.962136442773044
-21.94155779480934
-28.96972405910492
-17.200442016124725
-24.057281017303467
-22.9592165350914
-25.16211187839508
-13.244375512003899
-19.517136923968792
-8.586003452539444
-16.617127269506454
-14.560488522052765
-25.89457368850708
-10.49208515882492
-14.869319267570972
-24.354092866182327
-29.38596874475479
-18.807461261749268
-24.10434401035309
-28.37113094329834
-29.016737580299377
-15.60995838791132
-19.933369256556034
-25.48083770275116
-29.457385301589966
-27.576503217220306
-31.140007436275482
-30.737295627593994
-34.62523710727692
-33.30827039480209
-36.12170195579529
-22.565472781658173
-25.26054137945175
-28.549055635929108
-30.964500784873962
-22.085111498832703
-26.915898978710175
-28.026972830295563
-31.521944105625153
-32.021838307380676
-33.075616240501404
-35.81758922338486
-36.79614174365997
-38.591678738594055
-42.829782605171204
-42.354508101940155
-46.54733443260193
-25.497604459524155
-36.19065362215042
-28.651018142700195
-39.356011390686035
-41.60409373044968
-32.74379801750183
-44.154011607170105
-34.10747969150543
-23.218706279993057
-27.359137058258057
-26.148523956537247
-29.335051000118256
-29.324341535568237
-32.963128209114075
-31.55666184425354
-34.28402769565582
-23.357225954532623
-25.48524770140648
-27.927102744579315
-27.744105756282806
-18.364278972148895
-31.03870713710785
-20.776205122470856
-33.89588528871536
-28.582192540168762
-31.926898539066315
-32.001965284347534
-35.03715682029724
-32.11733436584473
-39.62145322561264
-35.86806809902191
-43.81180739402771
-17.492694169282913
-18.34520834684372
-15.805991888046265
-20.881590723991394
-14.220484679564834
-16.821757554076612
-25.976581752300262
-28.742935985326767
-20.574737906455994
-24.136035978794098
-27.516119599342346
-30.609743237495422
-17.545961882919073
-21.682702727615833
-19.161716729402542
-20.380352556705475
-15.508426576852798
-20.64478325843811
-15.990407146513462
-19.180863797664642
-28.497862994670868
-31.563993632793427
-23.555200457572937
-27.688619405031204
-32.612875521183014
-35.644661366939545
-19.125823497772217
-23.206261210143566
-19.20250678062439
-20.997277438640594
-23.68751037120819
-21.882666289806366
-17.833797054365277
-17.00559615343809
-31.150963306427002
-31.192548096179962
-29.95250105857849
-27.987438917160034
-39.52316963672638
-38.04103773832321
-29.097818702459335
-26.25302430987358
-22.611487984657288
-23.75437968969345
-26.927989721298218
-23.964139342308044
-22.660586199723184
-20.746798548847437
-33.79345214366913
-33.56577521562576
-33.31913381814957
-31.751419603824615
-43.52126693725586
-42.20290160179138
-31.02524783462286
-27.869015879929066
-28.478030413389206
-30.36115700006485
-33.52604740858078
-34.364420771598816
-26.754298090934753
-32.0453240275383
-30.763244450092316
-35.13623869419098
-26.818445146083832
-27.629686534404755
-29.274639308452606
-31.88583606481552
-30.968081057071686
-32.09111678600311
-35.500633895397186
-35.02298676967621
-22.701895236968994
-27.572269558906555
-23.38291186094284
-28.565253853797913
-23.73043131828308
-31.943694829940796
-24.967437267303467
-31.72276896238327
-31.803243696689606
-36.368598997592926
-34.498203575611115
-39.99120670557022
-38.86556512117386
-36.850840866565704
-42.396121978759766
-40.238117933273315
-17.949700593948364
-22.475992381572723
-20.291591584682465
-24.649191707372665
-20.488529682159424
-31.560952723026276
-23.19115662574768
-32.603853702545166
-21.125608503818512
-23.446615874767303
-24.31076341867447
-26.120940625667572
-25.064999878406525
-29.106053173542023
-27.17386782169342
-30.36735451221466
-20.330702781677246
-22.385139524936676
-24.923620998859406
-25.17239946126938
-18.374784648418427
-26.772043764591217
-21.71883648633957
-30.341933608055115
-26.112521171569824
-33.36416655778885
-29.15888160467148
-34.32582348585129
-26.65020728111267
-35.07178324460983
-27.80550727248192
-35.08157563209534
-26.754295349121094
-33.43854382634163
-29.619626760482788
-35.17508202791214
-23.462672531604767
-32.725712954998016
-26.230317413806915
-33.95225942134857
-34.194276332855225
-38.32630407810211
-39.17754203081131
-42.82880073785782
-32.187087297439575
-40.73784410953522
-37.31831794977188
-44.55155521631241
-21.197403967380524
-23.87620782852173
-25.727140188217163
-26.890611231327057
-18.51373428106308
-27.24910533428192
-22.528408646583557
-31.643634259700775
-22.127982571721077
-28.062617421150208
-24.18785572052002
-31.099788010120392
-28.30034101009369
-31.34750187397003
-31.282535076141357
-32.50823324918747
-37.54512810707092
-34.185082614421844
-41.42167979478836
-37.37765324115753
-35.33260542154312
-50.0605006814003
-37.733556509017944
-52.43057596683502
-10.910396300256252
-21.697319507598877
-14.63250744342804
-24.36066770553589
-15.596208333969116
-20.125883638858795
-19.15444016456604
-21.53844827413559
-24.244101598858833
-29.863461196422577
-27.756267249584198
-33.38939946889877
-24.512072563171387
-29.35805344581604
-28.568419277668
-31.70533323287964
-27.76401960849762
-28.117321014404297
-32.02885377407074
-32.87118065357208
-30.031755328178406
-35.84697484970093
-35.454636096954346
-40.058643221855164
-25.913146317005157
-30.78020477294922
-27.67621409893036
-32.79907047748566
-26.43082904815674
-33.86002802848816
-28.782554268836975
-34.83566361665726
-25.220570385456085
-29.169386476278305
-28.820861220359802
-31.498434245586395
-24.276648104190826
-35.453909039497375
-27.756251752376556
-39.00208234786987
-27.74720335006714
-30.846960067749023
-31.553331971168518
-34.54297494888306
-36.22490495443344
-38.22237503528595
-38.86578619480133
-41.30420649051666
-30.093322277069092
-31.84881740808487
-32.487325966358185
-34.025816798210144
-29.541214406490326
-34.82443052530289
-32.222178399562836
-36.099049746990204
-31.61498373746872
-34.495605409145355
-35.387598156929016
-37.982026755809784
-34.13922280073166
-41.415036141872406
-38.28724718093872
-45.61137443780899
-16.252012878656387
-24.6242463439703
-18.751792013645172
-27.123476460576057
-18.078816890716553
-25.648980975151062
-20.933595061302185
-26.49803912639618
-28.726788103580475
-34.78388011455536
-31.597990691661835
-36.71466016769409
-30.49331021308899
-35.62869328260422
-32.856149196624756
-36.45113343000412
-31.667795717716217
-29.570840060710907
-34.16033208370209
-34.901973485946655
-32.09655237197876
-34.63145196437836
-37.9027401804924
-37.56327986717224
-29.881995797157288
-30.8284894824028
-33.91380167007446
-33.43047744035721
-27.17935287952423
-37.901454985141754
-30.77097100019455
-42.40374553203583
-24.649466395378113
-31.434883296489716
-26.264649271965027
-34.299830198287964
-26.376433968544006
-31.684778690338135
-28.841345369815826
-31.827096164226532
-24.76055520772934
-27.01029407978058
-28.857508897781372
-30.43679314851761
-21.81881958246231
-30.41790735721588
-25.313787758350372
-34.43510580062866
-18.506514608860016
-19.20954066514969
-22.582037329673767
-22.163140416145325
-15.649758875370026
-26.160976707935333
-19.239565908908844
-30.46968162059784
-22.988641142845154
-27.245846807956696
-24.544042348861694
-28.870146572589874
-24.85787159204483
-33.455202877521515
-27.816438615322113
-34.10052889585495
-19.515371546149254
-24.594552099704742
-23.085467636585236
-28.038844645023346
-19.69163489341736
-27.784651577472687
-23.58974438905716
-30.145782709121704
-30.125081539154053
-34.092629075050354
-31.5004905462265
-35.08134853839874
-29.02137553691864
-39.54832077026367
-30.32947528362274
-39.99257856607437
-19.148674309253693
-23.434187531471252
-21.336779713630676
-25.173280239105225
-18.043385803699493
-28.86341816186905
-20.94917380809784
-30.071826100349426
-17.35645455121994
-22.25298649072647
-19.544387102127075
-24.75683695077896
-23.54173719882965
-25.370986700057983
-25.305964589118958
-26.030734717845917
-18.019213497638702
-24.58457961678505
-21.600070595741272
-28.32988953590393
-19.25428467988968
-27.524456560611725
-23.048027276992798
-29.454795956611633
-29.37570559978485
-28.76259970664978
-30.328644394874573
-31.896159529685974
-33.14763778448105
-35.35936778783798
-36.128966093063354
-35.92222595214844
-23.380984604358673
-27.23172265291214
-26.51057654619217
-29.98863834142685
-22.002191841602325
-32.53232502937317
-25.523572623729706
-34.72360110282898
-18.095777988433838
-24.571642324328423
-22.345493376255035
-27.129640072584152
-18.693557769060135
-27.392775535583496
-21.959562867879868
-30.640758097171783
-23.008757889270782
-30.834245324134827
-25.496297121047974
-33.315960705280304
-26.030829787254333
-34.954281985759735
-28.750210464000702
-35.125347793102264
-29.06360161304474
-37.78333705663681
-32.17739725112915
-40.15840721130371
-33.96681123971939
-39.45441973209381
-36.586541175842285
-41.34316223859787
-25.58384472131729
-33.3970388174057
-27.20046430826187
-35.45659255981445
-30.829243540763855
-38.08431440591812
-33.789049088954926
-38.45896005630493
-16.465041756629944
-22.102758020162582
-19.432481199502945
-24.099639415740967
-19.74787187576294
-30.176211953163147
-20.64638578891754
-30.29277855157852
-26.93455868959427
-32.188809275627136
-30.367863714694977
-34.11333930492401
-28.94434803724289
-35.6008220911026
-32.23199236392975
-37.88296836614609
-21.147199034690857
-31.54941725730896
-25.246469646692276
-36.18566519021988
-34.39391613006592
-26.31043130159378
-38.84948289394379
-29.22854048013687
-34.62911856174469
-36.420354306697845
-37.49041527509689
-38.929678440093994
-37.14486515522003
-45.00623399019241
-39.81156086921692
-45.88202905654907
-19.66185426712036
-24.083675861358643
-22.42869383096695
-27.296025931835175
-26.75116801261902
-30.605201601982117
-27.876558303833008
-30.932760536670685
-25.817763090133667
-32.63184142112732
-26.973290622234344
-35.182291984558105
-32.54856812953949
-36.39342945814133
-35.219579339027405
-36.16051006317139
-21.576272755861282
-27.931290984153748
-24.6295565366745
-30.95135009288788
-22.2847118973732
-28.741942703723907
-25.44351375102997
-30.999537706375122
-27.16404664516449
-31.99401918053627
-27.88370418548584
-32.44871497154236
-31.913765370845795
-34.41560626029968
-31.679407358169556
-33.209065079689026
-31.116937398910522
-33.64239174127579
-33.34387791156769
-35.32966631650925
-28.1391561627388
-38.28311115503311
-30.207662522792816
-38.55569952726364
-26.784432768821716
-27.04677802324295
-26.31765115261078
-28.447414934635162
-28.175044775009155
-29.246518313884735
-28.998640775680542
-30.265146493911743