-37.879995703697205
-38.92777392268181
-30.810301661491394
-34.91406628489494
-33.72936272621155
-37.60071516036987
-31.537084221839905
-37.53000843524933
-36.39039146900177
-33.356578052043915
-36.589691281318665
-40.99320164322853
-41.754061341285706
-39.454537093639374
-43.134316205978394
-46.234302401542664
-33.284519731998444
-31.6349515914917
-32.699957609176636
-33.7957763671875
-29.672144949436188
-38.01462507247925
-21.8146910071373
-27.36757731437683
-37.84599298238754
-35.706584215164185
-40.2754767537117
-39.24831587076187
-40.909343004226685
-44.65888297557831
-30.50614070892334
-35.86882817745209
-38.247377812862396
-41.551172494888306
-40.146270751953125
-47.28432321548462
-32.33666443824768
-31.928655982017517
-25.31253147125244
-26.622379660606384
-33.92522215843201
-31.78715193271637
-28.838148713111877
-32.66542822122574
-19.117382884025574
-24.362814247608185
-26.911781787872314
-38.27944755554199
-28.240797579288483
-36.10910999774933
-25.934422254562378
-37.14009439945221
-47.41126734018326
-47.56865966320038
-38.318982005119324
-41.49292194843292
-27.469626307487488
-25.65148615837097
-32.2832909822464
-29.130759477615356
-38.41486930847168
-36.07319378852844
-43.640420794487
-40.208780169487
-23.423974692821503
-28.10112738609314
-25.456317007541656
-35.6410356760025
-39.13748228549957
-34.34132921695709
-37.72652751207352
-38.435060143470764
-33.79107290506363
-32.548962473869324
-32.762879490852356
-37.363037288188934
-33.27942591905594
-39.802472949028015
-24.027752459049225
-33.397150218486786
-34.78589928150177
-35.21585536003113
-34.12073713541031
-37.776758313179016
-31.358041524887085
-39.033025205135345
-31.426047146320343
-38.835948407649994
-33.37957942485809
-39.67167019844055
-32.78612279891968
-41.41769993305206
-27.54193937778473
-32.625095307826996
-27.795053601264954
-36.818559646606445
-39.76576519012451
-44.23276436328888
-36.49956154823303
-41.21606934070587
-39.22234946489334
-39.258711099624634
-34.5799446105957
-44.633108496665955
-22.24638071656227
-28.715587854385376
-19.81879897415638
-28.426068767905235
-41.299899473786354
-39.2780292481184
-28.181075006723404
-30.071699261665344
-19.686426788568497
-24.449089348316193
-25.770033955574036
-31.38536763191223
-31.774676084518433
-39.17090690135956
-22.33986532688141
-29.604422688484192
-38.17640960216522
-40.5511794090271
-33.43573725223541
-36.610525131225586
-38.90913736820221
-41.961414098739624
-36.857552230358124
-43.33349049091339
-18.173439145088196
-26.651447892189026
-18.560918897390366
-27.688885748386383
-38.52500718832016
-39.018617033958435
-26.403294801712036
-32.7455188035965
-43.14343988895416
-41.10156965255737
-44.335837721824646
-45.32064425945282
-29.54296451807022
-27.535048842430115
-33.297094106674194
-33.71959179639816
-32.83786913752556
-31.597449883818626
-39.53411912918091
-38.60253417491913
-15.390993654727936
-24.63391864299774
-16.028564512729645
-26.8837229013443
-40.89024418592453
-36.06793820858002
-40.78704163432121
-35.322145879268646
-40.533827900886536
-39.77576494216919
-38.39037322998047
-48.274670124053955
-45.309180319309235
-44.93113851547241
-39.788499534130096
-35.96729862689972
-33.55788472574204
-33.97720300126821
-32.44190161069855
-34.002197158522904
-34.34762364625931
-33.675185441970825
-32.35379457473755
-34.767661452293396
-37.703388929367065
-35.518541395664215
-40.13419482111931
-34.67492774128914
-37.195381581783295
-35.72906804084778
-32.10691833496094
-34.22347366809845
-38.80111342668533
-37.4417610168457
-34.54193836450577
-38.447902739048004
-32.3764753639698
-32.4302042722702
-43.07915651798248
-47.03134047985077
-37.618234038352966
-42.34346830844879
-34.11600250005722
-43.939953684806824
-26.94260612130165
-23.443042993545532
-28.387729793787003
-27.572260677814484
-57.56638216972351
-54.90193688869476
-48.9839768409729
-53.6239550113678
-51.64620906114578
-53.00796449184418
-47.5571174621582
-56.05778956413269
-40.93081533908844
-41.077582001686096
-42.84539991617203
-47.01689922809601
-33.40644574165344
-32.51361346244812
-31.246269047260284
-31.98606777191162
-36.64712655544281
-36.88716024160385
-32.891479671001434
-32.41938632726669
-43.64620876312256
-40.56047999858856
-47.83429890871048
-44.418063044548035
-41.93312978744507
-47.70823812484741
-25.37332981824875
-35.19010955095291
-37.53334403038025
-41.490385830402374
-33.16456925868988
-37.22749841213226
-37.861906349658966
-34.78244864940643
-44.366251826286316
-44.87155055999756
-49.37696993350983
-54.21941947937012
-37.30836355686188
-45.56204545497894
-39.87132853269577
-39.74446892738342
-37.828122437000275
-38.00274133682251
-32.06205469369888
-31.81786561012268
-32.181451857089996
-34.205254793167114
-40.15351963043213
-39.18351626396179
-47.95040702819824
-43.21489465236664
-46.40647119283676
-48.04077112674713
-38.1708779335022
-42.77163887023926
-33.984611213207245
-31.518544554710388
-36.25189918279648
-39.97533297538757
-31.94592434167862
-28.41750931739807
-28.955417811870575
-29.62599003314972
-32.99765580892563
-32.88182598352432
-31.86734187602997
-36.07852119207382
-25.341788053512573
-22.99875521659851
-25.2228484749794
-37.15084671974182
-32.77707237005234
-31.868751764297485
-30.641354858875275
-29.729454517364502
-35.76287963986397
-37.19142270088196
-33.94366431236267
-36.66766929626465
-20.120953857898712
-25.50794517993927
-20.785243093967438
-29.512443006038666
-31.30844074487686
-29.158268094062805
-30.233252465724945
-31.408540189266205
-43.94913572072983
-43.50029528141022
-37.597058951854706
-43.68889743089676
-30.968588292598724
-34.16559398174286
-31.357009649276733
-38.90914809703827
-41.51288712024689
-38.22038930654526
-38.632775127887726
-41.753710210323334
-32.0420264005661
-40.15369439125061
-18.92006081342697
-29.716873288154602
-31.537248075008392
-29.06626784801483
-38.02073049545288
-41.18071401119232
-43.774507224559784
-42.169894218444824
-44.113949835300446
-41.85737442970276
-24.485727906227112
-24.861968636512756
-43.32413876056671
-42.68998730182648
-38.504761040210724
-41.34998941421509
-23.069964349269867
-26.21128159761429
-21.91353589296341
-27.737423479557037
-38.86251217126846
-39.2614164352417
-37.20700538158417
-39.305420875549316
-36.372506618499756
-38.81544849276543
-37.489908039569855
-40.55617934465408
-34.35191696882248
-32.45472478866577
-31.67112636566162
-35.781314730644226
-44.59002935886383
-41.049049377441406
-45.49093300104141
-44.9264554977417
-47.13661074638367
-49.827810645103455
-38.86211475729942
-45.50722932815552
-35.483814001083374
-33.41767430305481
-39.61752146482468
-39.61119472980499
-36.169222712516785
-42.42083775997162
-38.14978247880936
-44.53268736600876
-33.38407510519028
-33.78171116113663
-29.892611861228943
-36.285568565130234
-43.801147401332855
-42.068814516067505
-47.305798411369324
-56.28013515472412
-46.291369676589966
-50.718788743019104
-43.971307039260864
-52.3978556394577
-36.72522550821304
-36.42050790786743
-31.619711697101593
-39.104270458221436
-35.2036737203598
-44.92826819419861
-26.373162925243378
-39.21073633432388
-36.86868906021118
-32.13213348388672
-40.616061091423035
-43.02535343170166
-36.02698200941086
-34.76735591888428
-32.25264674425125
-31.989644050598145
-42.839787662029266
-42.21522128582001
-37.2560219168663
-37.04138684272766
-26.052464306354523
-26.79993188381195
-31.26346844434738
-32.799549758434296
-33.611381977796555
-41.3685485124588
-25.896218791604042
-34.683954894542694
-37.37968534231186
-40.27174258232117
-36.33608013391495
-43.58886110782623
-28.266520977020264
-26.390981197357178
-30.319645583629608
-34.54222249984741
-41.741429805755615
-37.375200033187866
-41.12655705213547
-42.627952218055725
-42.26550328731537
-37.04527974128723
-41.02603405714035
-38.42873573303223
-40.56172949075699
-36.39748132228851
-41.48042678833008
-46.2366908788681
-37.20475256443024
-40.04272997379303
-38.41598927974701
-41.81233072280884
-37.580320835113525
-35.88219225406647
-34.49722158908844
-37.01401799917221
-25.959795266389847
-31.274158596992493
-29.22895324230194
-39.61912578344345
-38.27531272172928
-35.38780736923218
-31.554915726184845
-32.719573616981506
-26.385468125343323
-37.04951345920563
-37.98787397146225
-38.544344544410706
-34.596925497055054
-38.671356201171875
-31.367695719003677
-38.5005863904953
-29.353845596313477
-41.846365332603455
-25.21388514433056
-30.52790075726807
-17.012725259177387
-24.07050693454221
-42.45843929052353
-43.14621198177338
-38.04634565114975
-40.485387325286865
-33.24543905258179
-44.25744670629501
-29.689719796180725
-39.27321082353592
-30.513685047626495
-37.51458686590195
-29.87538719177246
-41.367257833480835
-46.84027314186096
-45.97947692871094
-48.34980750083923
-49.069185853004456
-42.409056544303894
-37.826085925102234
-40.00705844163895
-37.36397683620453
-35.442345440387726
-31.955095529556274
-33.372651129961014
-32.60093492269516
-37.0414754152298
-36.625635743141174
-35.18636500835419
-38.25090444087982
-32.44082912802696
-42.28056579828262
-27.17906951904297
-39.231794983148575
-18.08650428056717
-25.21771591901779
-35.62748205661774
-35.41856670379639
-39.035786390304565
-40.96245312690735
-45.83587545156479
-42.065821051597595
-48.422709703445435
-50.34058779478073
-31.84586453437805
-29.023874282836914
-33.678912818431854
-35.37325406074524
-36.79880291223526
-38.30828493833542
-35.201067090034485
-36.56728279590607
-44.66824734210968
-44.15263307094574
-41.42488867044449
-39.87836265563965
-27.022520422935486
-26.491567730903625
-25.800293266773224
-29.645440220832825
-42.15494042634964
-39.54432225227356
-35.04663038253784
-34.078051805496216
-37.25560373067856
-40.34707760810852
-31.853996753692627
-39.27914106845856
-44.87378704547882
-43.30235052108765
-36.33364015817642
-35.57600522041321
-23.362550139427185
-31.606224715709686
-22.393405348062515
-28.469231843948364
-31.359295427799225
-33.83289992809296
-33.23669356107712
-38.85262757539749
-40.72498857975006
-37.69665706157684
-35.28630590438843
-36.53240171074867
-30.620125114917755
-37.56963700056076
-29.497617602348328
-40.17096954584122
-34.44182634353638
-34.13845252990723
-30.19898557662964
-37.66779339313507
-35.133080422878265
-34.0117073059082
-26.716904938220978
-28.503072023391724
-29.61849993467331
-37.19321411848068
-30.33483912050724
-39.982003808021545
-34.35852485895157
-32.69830894470215
-31.423506259918213
-30.67991578578949
-31.009834051132202
-33.4883234500885
-50.19506871700287
-52.97926414012909
-42.593617498874664
-45.228693783283234
-34.33944323658943
-32.26427647471428
-38.8377380669117
-38.919495701789856
-28.24964912235737
-36.434189558029175
-28.15425306558609
-35.601357877254486
-36.23096114397049
-31.811043620109558
-37.45462590456009
-35.75674653053284
-38.20057588815689
-38.977235436439514
-30.371537566184998
-32.76138859987259
-40.33861589431763
-39.288392663002014
-34.10585480928421
-38.372696816921234
-38.12887620925903
-45.218119382858276
-37.37289321422577
-49.72629189491272
-40.18855392932892
-44.342843413352966
-38.705679297447205
-49.28603857755661
-39.09472715854645
-40.67430877685547
-30.710421323776245
-35.72833228111267
-30.375810623168945
-27.930739521980286
-35.92393660545349
-35.52620196342468
-51.99349480867386
-52.51907539367676
-45.870594918727875
-52.61287713050842
-45.79082518815994
-52.64081168174744
-34.308183431625366
-42.113924503326416
-34.711093217134476
-34.53473621606827
-33.659766525030136
-38.49733264744282
-36.53345549106598
-36.16384792327881
-31.591605603694916
-35.72751760482788
-40.85318350791931
-45.90447413921356
-36.51017355918884
-44.99600541591644
-29.201773643493652
-26.612467169761658
-33.61094629764557
-32.13972568511963
-24.936390280723572
-31.997564733028412
-22.829537630081177
-32.83787703514099
-30.956503450870514
-30.582031577825546
-29.505564972758293
-30.185971707105637
-41.407608807086945
-39.71880233287811
-37.25218999385834
-35.57875323295593
-52.786960542201996
-52.10374355316162
-41.383810341358185
-45.145342111587524
-37.103227853775024
-38.41455614566803
-35.13033092021942
-40.949424028396606
-37.28990685939789
-35.71458292007446
-23.104496747255325
-26.953174710273743
-22.020789563655853
-28.040242314338684
-32.28016084432602
-29.68268859386444
-33.496586978435516
-40.139826476573944
-26.858790636062622
-38.44419413805008
-22.34786668792367
-19.82466670172289
-20.61387554439716
-25.61117287678644
-51.11172825098038
-48.162837266922
-49.62052392959595
-51.81655168533325
-34.00378543138504
-35.8070502281189
-33.738415360450745
-39.90070700645447
-48.59615194797516
-49.83991992473602
-41.073623061180115
-47.89232873916626
-34.20574900507927
-40.318476378917694
-31.737392902374268
-43.78639489412308
-37.74652987718582
-38.957969427108765
-33.57252073287964
-38.271076917648315
-38.3230938911438
-34.293442487716675
-36.335499584674835
-40.80900913476944
-29.766887366771698
-27.146807312965393
-27.866741061210632
-33.087701857089996
-43.49478441476822
-43.02280151844025
-39.82438760995865
-35.66245186328888
-39.834862465038896
-35.465536357834935
-35.25876008532941
-31.89689456485212
-43.28649628162384
-50.43913924694061
-25.882315456867218
-36.77141672372818
-39.093082427978516
-39.17484652996063
-39.452778577804565
-40.90243411064148
-32.785209357738495
-39.725841999053955
-33.46709483861923
-46.51195293664932
-30.149232804775238
-29.015928983688354
-36.41669398546219
-34.754647970199585
-25.691263258457184
-25.935631215572357
-27.097229480743408
-33.56033635139465
-24.7770933508873
-23.959563851356506
-33.088510632514954
-39.36771202087402
-35.409388452768326
-41.95831835269928
-40.11482125520706
-42.654141664505005
-36.081030786037445
-46.01852732896805
-35.77430719137192
-36.56530940532684
-47.69330567121506
-45.78480088710785
-42.610748052597046
-41.92942023277283
-38.01487451791763
-33.16227865219116
-38.078352093696594
-40.85484170913696
-32.76085305213928
-40.648884773254395
-27.425678074359894
-38.625745952129364
-34.1944425702095
-41.50312376022339
-23.233608603477478
-35.09185832738876
-45.2404328584671
-42.43853437900543
-37.55933052301407
-43.16423201560974
-37.713656306266785
-37.38882768154144
-26.90142470598221
-28.428088188171387
-26.867605924606323
-29.545372009277344
-26.60062825679779
-35.19896125793457
-33.43529015779495
-33.53700494766235
-27.504041612148285
-27.107291340827942
-42.9121909737587
-41.33859646320343
-42.845881283283234
-46.482123136520386
-28.970071882009506
-35.08761942386627
-27.539511680603027
-38.06766349077225
-34.07225954532623
-40.29045009613037
-40.967160284519196
-49.96807301044464
-36.60923524200916
-35.443822696805
-29.699362821877003
-28.565743446350098
-31.641864955425262
-40.37710618972778
-30.908834397792816
-43.1727169752121
-24.19211781024933
-30.376431703567505
-22.09765601158142
-27.750405430793762
-23.145292937755585
-22.3876274228096
-30.31264501810074
-34.82041025161743
-44.22167271375656
-41.73374319076538
-34.929217994213104
-43.76177257299423
-26.46789662539959
-32.62462456524372
-37.087697982788086
-48.42790746688843
-35.45118737220764
-40.52744376659393
-37.25847375392914
-43.743772149086
-27.005174100399017
-35.111178398132324
-25.24109971523285
-35.9135577082634
-38.223828077316284
-44.96066749095917
-39.06939423084259
-48.95248198509216
-33.535376369953156
-32.78620660305023
-37.56455683708191
-43.08281362056732
-25.711518943309784
-33.30333721637726
-28.13192954659462
-25.229201525449753
-34.21492564678192
-32.31352388858795
-43.03846591711044
-45.6862416267395
-49.00527274608612
-55.5849609375
-43.17547333240509
-44.24777579307556
-31.5276021361351
-35.02163469791412
-37.39668482542038
-37.9882595539093
-35.29024797677994
-41.42593216896057
-42.83971166610718
-44.24927508831024
-44.490578413009644
-48.51639974117279
-36.67862677574158
-38.322290509939194
-28.94532123208046
-37.319145411252975
-37.536054253578186
-36.13679039478302
-35.18026292324066
-35.579771637916565
-37.8342148065567
-37.058372139930725
-45.44077229499817
-49.601364850997925
-47.20532849431038
-46.55413892865181
-39.18709218502045
-34.358483135700226
-37.54684895277023
-45.193864822387695
-38.684283673763275
-45.470294713974
-41.03059035539627
-39.987112522125244
-32.941949009895325
-35.11671721935272
-36.29234158992767
-35.92712712287903
-32.10940980911255
-32.62512964010239
-41.10244008898735
-38.492600589990616
-28.536938816308975
-30.85165485739708
-29.270184814929962
-33.896712720394135
-34.29056853055954
-45.89090394973755
-46.068583369255066
-45.206536173820496
-48.123897671699524
-52.054819107055664
-41.533916890621185
-38.99956488609314
-35.49152314662933
-35.940740287303925
-25.348535984754562
-32.78357148170471
-32.45579552650452
-44.14109718799591
-29.74190217256546
-42.115132331848145
-18.12309592962265
-25.57050120830536
-31.427940487861633
-38.104046523571014
-20.06791591644287
-27.080026507377625
-50.290527045726776
-49.35122060775757
-48.2855658531189
-56.40270233154297
-32.8804127573967
-39.155420541763306
-31.498835146427155
-41.256381809711456
-35.55184465646744
-44.62383484840393
-26.88228750228882
-34.58283722400665
-36.96527761220932
-37.13982820510864
-39.88428658246994
-40.74110081791878
-56.14591509103775
-54.27776575088501
-47.33658039569855
-50.2781046628952
-34.83350270986557
-35.29471707344055
-31.361198782920837
-37.922192215919495
-40.090907633304596
-38.44043946266174
-34.21214556694031
-37.60798418521881
-43.74103891849518
-51.063411355018616
-38.02541071176529
-48.34168863296509
-27.90351313352585
-36.6247832775116
-23.211532056331635
-36.26009476184845
-36.23923197388649
-33.54491871595383
-35.57453644275665
-43.0466288626194
-28.338662922382355
-32.90779519081116
-20.328293800354004
-24.885054647922516
-43.430962562561035
-38.2457640171051
-42.708600878715515
-41.04311537742615
-32.25070986151695
-32.7297425866127
-23.790710508823395
-26.301662921905518
-34.085834950208664
-32.93797159194946
-38.957674626260996
-42.123948231339455
-38.568483710289
-38.75179386138916
-31.93122786283493
-33.83431839942932
-38.62927633523941
-34.961299657821655
-38.79749596118927
-40.71606993675232
-25.19733166694641
-25.020797967910767
-41.206664979457855
-39.00837731361389
-42.915562212467194
-46.115693390369415
-37.042199194431305
-41.12728750705719
-37.466171741485596
-48.097058951854706
-41.98493367433548
-37.33154886960983
-32.56571410596371
-31.687441051006317
-34.466959714889526
-42.74196171760559
-26.413242354989052
-36.792550921440125
-45.289200484752655
-43.12875920534134
-37.54850274324417
-37.44370257854462
-29.300862073898315
-30.215619564056396
-26.855251371860504
-31.287980675697327
-34.49616712331772
-35.176483035087585
-26.700094163417816
-27.920658349990845
-33.46972966194153
-32.78558826446533
-26.427961826324463
-25.538722157478333
-21.751618325710297
-29.270377039909363
-23.764089345932007
-30.405372142791748
-41.79396605491638
-42.19368231296539
-32.66019356250763
-36.200260281562805
-33.671209156513214
-32.84464830160141
-44.074408769607544
-49.63203322887421
-36.01982498168945
-32.21916198730469
-33.472998797893524
-37.34340178966522
-53.74647468328476
-54.42351758480072
-50.7032333612442
-53.63061571121216
-45.189291417598724
-47.782487630844116
-39.809694707393646
-46.32856357097626
-21.38026398420334
-25.255484223365784
-19.182718813419342
-26.977029979228973
-29.40927094221115
-28.132008910179138
-33.784114360809326
-38.055526435375214
-44.05658280849457
-40.38390356302261
-46.294835448265076
-49.680142641067505
-32.924762427806854
-32.81958884000778
-36.916996121406555
-41.180683970451355
-21.96073368564248
-31.180459514260292
-14.139867631718516
-23.35909141600132
-24.33160549402237
-27.99300515651703
-33.54051733016968
-40.44115769863129
-35.29407727718353
-44.70974576473236
-26.463999569416046
-22.9702365398407
-26.884289979934692
-31.162818551063538
-35.109464943408966
-43.31173610687256
-36.33582216501236
-48.065853118896484
-19.097164511680603
-23.919587016105652
-22.59795093536377
-29.274569630622864
-24.903446853160858
-25.11131262779236
-22.73489758372307
-24.6524076461792
-29.31501942873001
-27.23074460029602
-29.511386275291443
-30.23487675189972
-31.598748922348022
-36.90973114967346
-31.319625318050385
-41.27179312705994
-25.722692251205444
-31.858831882476807
-32.74943435192108
-40.74827119708061
-39.10771578550339
-39.28393793106079
-33.53601109981537
-39.215722501277924
-31.0944482088089
-30.82283318042755
-27.94670820236206
-27.358430862426758
-40.60950696468353
-38.37866473197937
-37.830213606357574
-37.61487877368927
-26.02806431055069
-25.94660985469818
-35.52476081252098
-40.3290011882782
-25.476207673549652
-36.03220123052597
-47.77367287874222
-46.88035523891449
-50.444677114486694
-48.80128717422485
-40.83613711595535
-41.08041286468506
-31.96768218278885
-34.405248045921326
-40.86066383123398
-40.975879192352295
-42.508238315582275
-43.133968472480774
-23.511480510234833
-30.364064753055573
-17.824825763702393
-29.19931188225746
-33.70062589645386
-33.60171091556549
-29.37510472536087
-31.78196394443512
-38.60695827007294
-35.62981799244881
-33.36949244141579
-32.60213090479374
-30.030961394309998
-27.575056791305542
-45.719413340091705
-41.41672194004059
-54.9742768406868
-55.206279158592224
-29.272274553775787
-32.08194041252136
-22.72107356786728
-27.09545350074768
-31.905232191085815
-28.49841046333313
-28.142850518226624
-25.312285542488098
-48.89204627275467
-45.79553306102753
-48.77499908208847
-46.65723538398743
-45.75145363807678
-52.51141285896301
-38.233454525470734
-50.39050304889679
-36.275977432727814
-40.212079763412476
-38.57881426811218
-47.6496798992157
-39.858726143836975
-38.024853110313416
-39.50939476490021
-37.02459907531738
-48.52213340997696
-49.93852150440216
-46.61511164903641
-52.47311806678772
-40.76816767454147
-48.515278816223145
-34.94006127119064
-46.30918633937836
-34.40258991718292
-41.46755921840668
-31.589312717318535
-40.81294405460358
-26.521733105182648
-32.31151133775711
-21.7780619263649
-31.020229160785675
-36.42793816328049
-41.833864569664
-37.11037302017212
-46.71066814661026
-37.182521641254425
-37.33955121040344
-37.18821835517883
-38.98791468143463
-34.42653715610504
-32.04060387611389
-35.6372367143631
-34.1469863653183
-29.663929045200348
-26.78394913673401
-29.19418430328369
-28.481935620307922
-27.76084202528
-31.223548531532288
-34.00319868326187
-40.65288710594177
-27.91116750240326
-37.9027059674263
-52.64756453037262
-51.74215281009674
-39.731878876686096
-41.24214506149292
-32.04244947433472
-40.26988959312439
-36.20948910713196
-43.0042964220047
-40.48988473415375
-42.9325515627861
-32.87864652276039
-33.80738601088524
-47.14095687866211
-45.98462522029877
-48.036696553230286
-48.510331988334656
-39.44791716337204
-45.1150216460228
-39.944459676742554
-46.51098847389221
-36.667919754981995
-44.75961768627167
-26.62666267156601
-34.707881689071655
-44.31347060203552
-41.12222969532013
-46.636645555496216
-47.601463079452515
-29.571697771549225
-27.886669158935547
-35.319860219955444
-37.643722891807556
-38.255151987075806
-33.278446435928345
-40.83276426792145
-41.276257157325745
-36.227438151836395
-38.23885202407837
-28.963979184627533
-30.62336540222168
-36.122331500053406
-33.43262928724289
-34.7291944026947
-39.581185817718506
-41.95399558544159
-38.495086669921875
-39.1099471449852
-37.174479365348816
-43.01933932304382
-43.03331744670868
-35.17257517576218
-40.76165807247162
-32.944879591464996
-31.83033961057663
-40.022268414497375
-40.317463874816895
-30.722394347190857
-28.956667184829712
-32.14560127258301
-35.01175832748413
-34.5874525308609
-37.71819281578064
-39.3272545337677
-42.77874946594238
-49.06084090471268
-48.26637887954712
-47.4234584569931
-50.073999762535095
-23.01573507487774
-31.708034813404083
-21.12000346183777
-29.023304522037506
-27.748932391405106
-35.11312848329544
-24.665716350078583
-35.65770035982132
-39.48995292186737
-39.32175600528717
-37.301729917526245
-43.60953330993652
-28.840930700302124
-36.83835941553116
-31.075922966003418
-42.24684590101242
-45.817479848861694
-52.45118045806885
-39.58662796020508
-50.99609982967377
-35.8915833234787
-33.036816477775574
-38.260203778743744
-41.88945424556732
-22.50436693429947
-29.822163462638855
-23.883531510829926
-34.14098048210144
-37.14591625332832
-38.5406548678875
-37.08630782365799
-42.36328595876694
-34.21100026369095
-38.40163516998291
-31.123429656028748
-40.90612572431564
-49.49395877122879
-49.06749451160431
-40.92754644155502
-48.80284893512726
-35.16397923231125
-30.611131072044373
-27.705705404281616
-26.770790696144104
-51.9614577293396
-49.0313937664032
-46.710808992385864
-44.15989947319031
-32.97347730398178
-38.567068099975586
-23.030066587030888
-21.79615443944931
-29.61177771911025
-35.78670061379671
-42.49820411205292
-42.11542844772339
-38.82397609949112
-41.83967578411102
-51.49718725681305
-46.62978506088257
-36.55572235584259
-35.98938727378845
-48.64644634723663
-45.284374356269836
-48.795369029045105
-52.94062566757202
-30.59923017024994
-29.0493266582489
-28.784707069396973
-29.08703589439392
-46.77849322557449
-45.98664677143097
-45.651165664196014
-49.4824401140213
-35.67121207714081
-35.19124364852905
-36.48256856203079
-37.232990980148315
-41.83775621652603
-52.68805539608002
-33.531818985939026
-44.55526900291443
-41.586177110672
-43.905308842659
-34.749827563762665
-36.73464512825012
-29.17389577627182
-27.6152184009552
-32.05546706914902
-34.24485957622528
-30.654184341430664
-36.752600252628326
-30.02380222082138
-41.03720438480377
-22.699113488197327
-27.844088077545166
-20.32158601284027
-28.49079692363739
-34.55243945121765
-34.622730135917664
-32.40415418148041
-41.38960164785385
-32.47893190383911
-31.835642457008362
-29.8005610704422
-32.85219740867615
-25.242527425289154
-31.405497074127197
-28.229129195213318
-35.38505029678345
-36.00191557407379
-39.863669753074646
-37.10824906826019
-45.88598883152008
-39.421599090099335
-37.90018105506897
-44.68022811412811
-43.187633872032166
-25.29303252696991
-25.800724148750305
-32.195389568805695
-33.30110275745392
-26.404833436012268
-31.679491758346558
-22.1268672645092
-27.223796367645264
-42.72411388158798
-40.93377923965454
-41.44920617341995
-49.36113381385803
-39.59233155846596
-38.570010624825954
-36.95083963871002
-43.42184093222022
-30.54812127351761
-33.194143772125244
-40.38249045610428
-46.86784940958023
-27.477509170770645
-25.827218919992447
-25.836020670831203
-30.3105708360672
-34.391364097595215
-31.43935537338257
-35.467591285705566
-41.22602164745331
-30.357142090797424
-36.14246618747711
-31.522908806800842
-40.250766813755035
-34.53296548128128
-32.51368284225464
-41.11112034320831
-37.77056550979614
-31.9926216006279
-30.27268075942993
-34.00816732645035
-33.16562211513519
-38.864267349243164
-42.78958487510681
-28.220504382625222
-24.950772490352392
-27.314145752228796
-28.84613094292581
-37.05103409290314
-33.278167724609375
-38.772462487220764
-36.923935413360596
-41.9796701669693
-38.25133490562439
-41.20371526479721
-42.45388126373291
-36.18581539392471
-32.383286237716675
-34.07861602306366
-38.04946482181549
-34.51587337255478
-39.76444226503372
-26.582534819841385
-35.17594334483147
-39.86071419715881
-39.99078992009163
-31.61059135198593
-30.716739416122437
-34.07208967208862
-42.42003607749939
-25.71748161315918
-35.231352508068085
-33.856581538915634
-32.880145609378815
-39.84044474363327
-36.473658084869385
-35.2651624083519
-35.59987556934357
-29.068586826324463
-28.176539659500122
-53.0272331237793
-51.47237968444824
-43.55781674385071
-45.11017441749573
-40.76705211400986
-51.7018081843853
-25.749465063214302
-36.42420865595341
-36.08567452430725
-35.839925050735474
-31.352256178855896
-36.239696860313416
-44.071615278720856
-45.985543966293335
-37.52109879255295
-41.40641111135483
-39.09787583351135
-43.244606614112854
-34.726074516773224
-40.81841802597046
-41.49310910701752
-46.165727853775024
-42.27488958835602
-45.49952793121338
-50.50374835729599
-48.11442685127258
-43.13336002826691
-42.712411284446716
-23.217224419116974
-26.910290360450745
-29.242698043584824
-32.35938912630081
-31.022882997989655
-38.20943111181259
-38.12975800037384
-36.13664162158966
-38.676788568496704
-37.74880087375641
-23.594759225845337
-21.76410937309265
-29.127789080142975
-33.08188557624817
-32.0498508810997
-41.09898519515991
-25.341895639896393
-35.11234778165817
-45.84790462255478
-42.92641592025757
-35.358777582645416
-35.18542516231537
-34.84076923131943
-32.97892105579376
-37.433905720710754
-35.45615255832672
-25.407411515712738
-31.707825303077698
-27.31028962135315
-37.49882262945175
-38.80297017097473
-37.162482500076294
-26.951670229434967
-31.24283218383789
-26.578967571258545
-28.389277696609497
-23.10161727666855
-32.03325229883194
-35.36769726872444
-31.92348026484251
-32.79254771023989
-31.496180802583694
-32.999768793582916
-32.40245661139488
-36.00334882736206
-39.09985303878784
-39.59944987297058
-41.41741609573364
-30.24442148208618
-30.532987356185913
-35.40724182128906
-34.99796533584595
-29.579899489879608
-28.69081151485443
-36.696659207344055
-43.42751657962799
-48.190011382102966
-44.02927541732788
-47.06171476840973
-44.84855616092682
-51.37421429157257
-48.810081005096436
-43.071298480033875
-42.381665110588074
-39.691195249557495
-35.357526898384094
-36.9036847949028
-36.16857969760895
-30.632865697145462
-32.04805290699005
-38.69506734609604
-44.734692335128784
-55.05085551738739
-50.80159616470337
-49.56554102897644
-48.59294784069061
-25.462321504950523
-23.792693227529526
-35.962325036525726
-32.589174032211304
-36.133238673210144
-33.146275103092194
-30.838483899831772
-31.716393142938614
-21.09458428621292
-26.892083406448364
-26.251578450202942
-37.898195028305054
-31.786887168884277
-30.791794538497925
-28.53852391242981
-28.496437549591064
-46.52073734998703
-44.93090832233429
-42.330838680267334
-43.671303272247314
-41.6206488609314
-37.348323464393616
-28.782470226287842
-28.271503567695618
-30.270197451114655
-31.536827564239502
-32.11634659767151
-37.46553874015808
-33.18052577972412
-33.00924360752106
-18.921365678310394
-22.627934247255325
-25.603338181972504
-37.813353538513184
-44.33290433883667
-43.67970287799835
-38.45687937736511
-46.19272792339325
-40.261612713336945
-37.954426288604736
-34.40324920415878
-37.444453954696655
-38.92291343212128
-37.390960931777954
-28.46598207950592
-26.012442708015442
-32.3824068903923
-32.15326106548309
-40.2037969827652
-42.57884693145752
-43.376675724983215
-42.32789719104767
-44.42626082897186
-52.38497543334961
-35.17384845018387
-36.57761573791504
-26.190602004528046
-30.16162896156311
-32.02355581521988
-39.34893560409546
-21.83847850561142
-35.75813341140747
-45.10325741767883
-45.272319316864014
-38.13868844509125
-36.548396944999695
-46.36150270700455
-46.87599337100983
-41.040658473968506
-44.62066984176636
-22.123049437999725
-23.359083890914917
-44.64106196165085
-44.85416901111603
-37.38315165042877
-44.75446039438248
-44.21389877796173
-38.76203370094299
-42.54122716188431
-43.160022020339966
-41.00512582063675
-48.95820355415344
-29.10794997215271
-39.83689606189728
-32.435404032468796
-31.19416093826294
-35.61458033323288
-40.423271894454956
-34.569606840610504
-34.55550408363342
-34.84997093677521
-37.90910291671753
-25.69365257024765
-21.757235765457153
-38.338921666145325
-45.79906606674194
-34.903016686439514
-47.70318001508713
-26.48980712890625
-33.746532917022705
-21.30079013109207
-26.814830780029297
-44.16599625349045
-43.513938546180725
-32.54642295837402
-32.79646396636963
-37.539652705192566
-36.87323349714279
-32.05741736292839
-34.8913017809391
-26.18462485074997
-24.515416264533997
-28.61715203523636
-37.4601092338562
-39.513318836688995
-35.743075251579285
-37.431382954120636
-37.949021100997925
-26.15849459171295
-34.447887539863586
-25.15376591682434
-36.14334923028946
-31.45612120628357
-38.33727490901947
-26.781728386878967
-37.38342070579529
-42.8999040722847
-43.806074142456055
-38.46146433055401
-44.44865545630455
-48.45444416999817
-42.90151810646057
-40.793471455574036
-48.639840602874756
-18.13881601160392
-16.05390394059941
-22.770781415514648
-21.407751666847616
-37.87614822387695
-35.19250667095184
-33.61233043670654
-30.347230911254883
-40.03202927112579
-39.034852385520935
-30.445179343223572
-30.38073182106018
-33.95540976524353
-39.6402587890625
-51.44539159536362
-48.35824728012085
-45.15739279985428
-43.71129381656647
-32.53725600242615
-40.827295780181885
-34.28254887461662
-42.63819462060928
-40.82046312093735
-37.910205602645874
-38.2148722410202
-41.6115517616272
-39.17727446556091
-42.02418398857117
-30.52954763174057
-36.324264883995056
-44.19814306497574
-47.41197323799133
-34.505591690540314
-40.78043109178543
-35.72875680029392
-35.58518114686012
-32.871558114886284
-34.007258504629135
-28.596579432487488
-27.368824124336243
-28.398487508296967
-32.53182792663574
-47.571991592645645
-46.223271280527115
-43.02511665225029
-42.01624861359596
-39.00104629993439
-42.74198865890503
-35.23548275232315
-42.512809693813324
-34.62509036064148
-34.44600200653076
-42.53937804698944
-42.28567132353783
-33.458876967430115
-33.9395047724247
-33.841897785663605
-32.4466667175293
-36.416259765625
-40.85985028743744
-41.29279136657715
-39.407968640327454
-37.93493068218231
-37.49746930599213
-17.990134567022324
-23.998644720762968
-12.016658968292177
-20.64568923972547
-47.20442217588425
-46.73530185222626
-47.87530326843262
-46.82394862174988
-41.47977262735367
-40.619869112968445
-37.05199819803238
-40.54249358177185
-52.83784794807434
-46.6434201002121
-52.131202816963196
-50.7755241394043
-43.77426677942276
-40.88339126110077
-41.16450595855713
-43.78845411539078
-41.40840041637421
-37.01761072874069
-39.79602372646332
-35.30098515748978
-35.97550994157791
-41.85275840759277
-32.74098086357117
-41.8023726940155
-41.48588049411774
-38.728174805641174
-39.179416954517365
-39.976839542388916
-28.891440510749817
-29.20927882194519
-28.99142074584961
-31.293362021446228
-33.90061056613922
-34.910231828689575
-36.12837874889374
-38.52333652973175
-42.69909864664078
-42.080985724925995
-36.44364511966705
-40.24165916442871
-35.25490915775299
-32.587212920188904
-40.84783232212067
-38.938979625701904
-32.64971596002579
-34.32498645782471
-34.250428557395935
-38.842700719833374
-30.478292882442474
-29.043131351470947
-27.093698382377625
-30.402140259742737
-43.30730003118515
-41.32217317819595
-43.14637607336044
-46.25265979766846
-34.6049125706777
-31.88123609125614
-22.718943434301764
-24.338172807358205
-36.062283873558044
-46.75437593460083
-28.26458802819252
-34.73532098531723
-27.39039146900177
-31.351828455924988
-24.880868434906006
-31.447033941745758
-41.85578393936157
-41.047670125961304
-38.966425478458405
-40.69303095340729
-26.91240455210209
-23.803428262472153
-27.616700991988182
-27.135866031050682
-33.80190283060074
-41.579081773757935
-25.42208641767502
-36.59308907389641
-32.19638293981552
-34.71384334564209
-34.964935183525085
-40.82501131296158
-33.090306758880615
-30.429871559143066
-44.14033222198486
-46.370322465896606
-38.05737692117691
-40.84307682514191
-35.37296378612518
-35.75010704994202
-45.76108360290527
-46.756511211395264
-40.15352147817612
-44.279789090156555
-33.983874917030334
-34.449146151542664
-31.822118997573853
-38.638327836990356
-48.758285880088806
-50.07361567020416
-42.987998604774475
-41.38388109207153
-34.449761390686035
-31.496988654136658
-38.61634141206741
-35.481154918670654
-43.958514869213104
-50.8799204826355
-35.93488293886185
-47.71194124221802
-18.985328942537308
-26.639092803001404
-19.14569580554962
-30.098896622657776
-38.5244617164135
-37.324792832136154
-34.80875726044178
-38.91034357249737
-41.9733384847641
-39.62732648849487
-35.29403680562973
-38.04394221305847
-31.424400687217712
-36.7769316136837
-18.980864480137825
-29.65274339914322
-26.138586699962616
-33.46511387825012
-25.610478579998016
-33.348345935344696
-28.23281955718994
-34.99394464492798
-28.33980217576027
-39.199690103530884
-39.67868220806122
-49.60770803689957
-29.903425946831703
-38.97469633817673
-45.01219993829727
-43.452168345451355
-40.43562251329422
-36.82458472251892
-49.72236031293869
-50.18686902523041
-43.992854714393616
-48.06381440162659
-28.690508738160133
-26.13000889122486
-33.47827109694481
-39.65895454585552
-47.87459975481033
-45.3448691368103
-48.197066485881805
-46.96298027038574
-37.29025447368622
-36.93354511260986
-34.15318515896797
-34.51584577560425
-27.462555944919586
-27.72231674194336
-36.50888353586197
-41.86905574798584
-50.957536458969116
-54.579543590545654
-42.73255330324173
-46.060726284980774
-39.280157685279846
-42.01161241531372
-36.00524818897247
-42.55537223815918
-33.22680240869522
-40.347116231918335
-26.28500998020172
-36.521448969841
-37.81531250476837
-39.39680224657059
-38.88411909341812
-40.00636959075928
-39.08295249938965
-35.75982332229614
-34.78406381607056
-33.66378176212311
-41.895210921764374
-39.15789973735809
-39.99524140357971
-45.34344172477722
-36.447979509830475
-36.892139315605164
-39.81430226564407
-38.93981695175171
-28.017648458480835
-34.03300058841705
-39.72713887691498
-36.93208289146423
-46.81688642501831
-50.29401767253876
-38.97232899069786
-36.93094336986542
-40.92970269918442
-39.807855010032654
-26.0962131023407
-32.79977345466614
-23.32045578956604
-33.79568374156952
-39.60845112800598
-36.7553436756134
-35.67947328090668
-41.273494362831116
-39.19054311513901
-37.955132722854614
-31.43006604909897
-30.869768023490906
-29.53949636220932
-29.404513597488403
-33.34676402807236
-38.469868898391724
-51.3213010430336
-47.24073338508606
-47.587453722953796
-45.15753138065338
-42.01112651824951
-38.24660587310791
-44.070385336875916
-48.750643491744995
-35.50140607357025
-34.15266537666321
-34.431841015815735
-37.19669336080551
-31.31818699836731
-37.52734416723251
-31.030927538871765
-40.25374001264572
-42.15375804901123
-44.526833057403564
-44.39260083436966
-49.857125878334045
-40.601177990436554
-36.68977192044258
-51.152549386024475
-48.53353929519653
-47.077908992767334
-46.58331489562988
-45.548705995082855
-49.893314599990845
-46.610333263874054
-46.567951679229736
-41.66557031869888
-44.204967737197876
-37.9232856631279
-36.61054766178131
-40.4957874417305
-45.72759020328522
-44.410547494888306
-50.852238059043884
-34.00633159279823
-40.8771995306015
-32.70554184913635
-32.74082350730896
-28.270431831479073
-26.742120444774628
-26.527310134842992
-26.04891588166356
-22.375542283058167
-21.5226748585701
-30.5103360414505
-27.436352849006653
-51.33757960796356
-50.91887617111206
-44.50939863920212
-42.619027853012085
-30.229837268590927
-34.0562698841095
-35.465777933597565
-41.50614058971405
-21.075081672519445
-27.49481275305152
-19.47083160467446
-26.40029781870544
-30.757730185985565
-29.272399187088013
-28.615092754364014
-28.66013193130493
-37.89183306694031
-34.98861521482468
-34.34977874159813
-31.987273544073105
-41.631121039390564
-39.336228370666504
-44.9308779835701
-46.77336621284485
-46.263101279735565
-42.673559844493866
-48.43146765232086
-50.807076156139374
-40.63000416755676
-45.71282410621643
-36.92134356498718
-44.10003435611725
-43.57048541307449
-39.17043673992157
-44.430931091308594
-48.036508560180664
-44.983169972896576
-42.13315558433533
-45.526020884513855
-43.808708906173706
-32.97047299146652
-34.60746389627457
-39.30577838420868
-45.173075675964355
-37.842338651418686
-38.05868977308273
-32.08037826418877
-36.582101345062256
-22.936623722314835
-20.47803270816803
-32.20357173681259
-28.630080103874207
-27.60882192850113
-32.335877537727356
-43.850832641124725
-39.476802825927734
-44.634413957595825
-42.41873252391815
-47.82310664653778
-48.22532939910889
-36.70559507608414
-38.41636025905609
-23.980426371097565
-31.466236263513565
-23.4209765791893
-34.41195499897003
-51.75697606801987
-57.10004460811615
-44.88788002729416
-50.69921338558197
-36.08543157577515
-44.84378910064697
-31.45644176006317
-41.95622777938843
-45.27504771947861
-48.31314206123352
-32.479947566986084
-40.2926099896431
-28.302799940109253
-27.196527242660522
-30.782859146595
-32.419477462768555
-33.37950739264488
-42.81794309616089
-29.487946450710297
-39.608985900878906
-29.51687842607498
-25.33293330669403
-35.47316366434097
-32.79024212807417
-25.557849410921335
-31.401121485978365
-45.45848089456558
-45.065838098526
-38.87840461730957
-45.96793335676193
-36.692915201187134
-33.493414878845215
-33.82502883672714
-36.06770992279053
-29.2173929810524
-39.96397542953491
-53.00886678695679
-51.380563259124756
-44.94599485397339
-40.633331656455994
-48.84667420387268
-44.81790030002594
-46.7965173125267
-44.58160400390625
-26.490420654416084
-34.57473015785217
-27.195323944091797
-36.85908830165863
-42.952721297740936
-40.60813748836517
-46.68304634094238
-44.988566398620605
-44.31387561559677
-48.5117164850235
-40.623411417007446
-47.28346121311188
-41.86150419712067
-41.617453932762146
-33.8987455368042
-36.24490666389465
-27.20588231086731
-25.696283102035522
-22.877268135547638
-30.344880163669586
-34.79649329185486
-32.21489441394806
-38.707804799079895
-38.236043214797974
-29.99117523431778
-27.07618647813797
-32.329932391643524
-40.44876956939697
-23.410832464694977
-33.48066997528076
-47.994850873947144
-43.6632866859436
-43.852285385131836
-43.42752242088318
-32.78366231918335
-30.99524223804474
-39.84930056333542
-39.325156927108765
-34.55536699295044
-38.620593547821045
-39.28807854652405
-36.14270234107971
-31.25207805633545
-31.639063596725464
-39.364588022232056
-47.974376797676086
-35.18682408332825
-47.357662320137024
-39.88119465112686
-46.311280369758606
-29.720762133598328
-39.967796325683594
-30.335160434246063
-41.34422552585602
-24.082101106643677
-30.074929356575012
-44.625462889671326
-42.58133292198181
-40.94294595718384
-38.57473587989807
-28.279210448265076
-26.68933069705963
-25.257546842098236
-23.41532088816166
-32.588303953409195
-38.17572043836117
-29.401947379112244
-28.348073184490204
-34.502623826265335
-36.004657715559006
-36.707648158073425
-34.029884576797485
-32.92198097705841
-33.51356506347656
-32.03768615424633
-36.21943428367376
-24.16438265144825
-33.76671862602234
-36.57411777973175
-33.864234030246735
-28.37550601363182
-27.246846988797188
-34.456236600875854
-39.09213984012604
-39.32326954603195
-44.64705538749695
-33.125214755535126
-30.06805568933487
-29.25129207968712
-29.676397800445557
-33.73351228237152
-32.74325752258301
-29.38500279188156
-33.84682351350784
-28.360609352588654
-28.45564353466034
-30.068602085113525
-36.080265283584595
-36.31749129295349
-45.822948694229126
-30.574004530906677
-37.78725880384445
-28.296917140483856
-36.96544051170349
-25.719772815704346
-36.342726826667786
-41.54931557178497
-49.8152232170105
-36.18305540084839
-47.10359966754913
-39.633811593055725
-40.737627267837524
-35.43053662776947
-40.97633171081543
-51.68208509683609
-48.72361171245575
-42.89623433351517
-43.18248891830444
-42.4838582277298
-54.22093904018402
-31.06804919242859
-42.46446120738983
-45.04570537805557
-41.68617296218872
-39.45187932252884
-35.50616931915283
-43.44289708137512
-38.56302434206009
-45.874226570129395
-47.57328915596008
-29.37788897752762
-26.972647786140442
-35.908872187137604
-35.40667974948883
-37.872157752513885
-42.08556365966797
-34.32187217473984
-29.515802800655365
-40.97880107164383
-41.43689954280853
-26.328832685947418
-27.575638204813004
-27.049309641122818
-30.457735240459442
-43.64266103506088
-43.339269399642944
-47.57277637720108
-49.02256256341934
-26.129665851593018
-24.37161886692047
-33.051021099090576
-31.896088004112244
-40.93367964029312
-40.88211786746979
-41.0789549946785
-47.78115439414978
-41.89031112194061
-37.8255597949028
-42.152039527893066
-39.41458058357239
-21.10606747865677
-27.212962865829468
-21.335548788309097
-28.777580440044403
-28.516104698181152
-32.28459560871124
-30.05682510137558
-26.615259528160095
-29.609517097473145
-31.591291904449463
-37.70109337568283
-36.710631370544434
-45.740641713142395
-46.17279255390167
-46.38567864894867
-47.77575546503067
-44.09710696339607
-40.16319152712822
-33.31516234576702
-32.77565012872219
-30.587946832180023
-29.79940491914749
-39.501214265823364
-41.62262976169586
-24.788004219532013
-26.874094009399414
-22.82827126979828
-29.589751064777374
-28.390079379081726
-26.972222328186035
-33.10834813117981
-38.625734090805054
-33.3010168671608
-40.367974042892456
-44.51965171098709
-42.15431958436966
-38.76347726583481
-40.34010809659958
-31.146787405014038
-26.76565730571747
-32.861221849918365
-38.20944428443909
-37.80628943443298
-45.49628984928131
-27.36148726940155
-37.11282938718796
-45.427338778972626
-40.139965295791626
-46.68243455886841
-41.37643051147461
-25.193387046456337
-30.04091675579548
-24.245663091540337
-37.326450496912
-30.750612914562225
-41.585182905197144
-20.35910229384899
-30.714233875274658
-37.63045698404312
-36.12335693836212
-35.7297021150589
-35.03403854370117
-45.67708534002304
-49.928262591362
-37.55630439519882
-46.528991639614105
-44.41684353351593
-47.92543387413025
-42.668789744377136
-52.54012483358383
-34.24094378948212
-29.586461782455444
-36.910887718200684
-37.099400997161865
-32.9331157207489
-37.806694746017456
-29.9867285490036
-41.82794117927551
-22.67996959388256
-30.430155649781227
-13.844841178506613
-25.997379399836063
-35.15998458862305
-37.2886301279068
-33.43874019384384
-38.622209548950195
-24.77475744485855
-29.252665042877197
-23.627717703580856
-32.49631130695343
-20.12746897339821
-29.702444583177567
-39.43437319993973
-40.70971441268921
-30.594477474689484
-38.19887626171112
-20.266907215118408
-28.133422136306763
-24.24133586883545
-35.54769378900528
-34.41352128982544
-32.70209890604019
-30.333605259656906
-29.39196264743805
-33.98968547582626
-39.64957118034363
-32.79215168952942
-41.18910360336304
-30.64721828699112
-27.296162128448486
-34.282305002212524
-36.63793587684631
-36.589614152908325
-47.16961067914963
-29.51124918460846
-38.83315312862396
-38.271495163440704
-45.52810728549957
-31.33075374364853
-44.718115389347076
-35.965708911418915
-39.67579960823059
-33.018481492996216
-40.740819454193115
-25.119450509548187
-27.635335326194763
-24.5821750164032
-27.923036813735962
-34.69859862327576
-40.63640820980072
-32.90113268792629
-44.915597170591354
-29.331355392932892
-30.175184726715088
-21.793124735355377
-30.45098865032196
-32.242476880550385
-39.45978891849518
-33.093288004398346
-42.66755735874176
-40.13071566820145
-40.22685444355011
-31.364766359329224
-37.52380907535553
-32.596827924251556
-38.15720021724701
-29.566237166523933
-38.83206480741501
-24.14030835032463
-22.617353215813637
-28.862621068954468
-32.57031124830246
-46.8506942987442
-43.676594734191895
-42.16235435009003
-47.279807806015015
-30.59889268875122
-39.148191809654236
-19.8109210729599
-31.43188112974167
-48.2752491235733
-47.892757415771484
-36.28882300853729
-37.86140584945679
-33.438733235001564
-40.60179018974304
-36.3645122051239
-47.51318883895874
-41.69077795743942
-43.78798687458038
-35.03334838151932
-42.78822672367096
-33.84525316953659
-31.62727379798889
-32.23296141624451
-33.67954158782959
-49.54122197628021
-46.465142250061035
-37.323250114917755
-36.806456208229065
-28.106479555368423
-26.193233847618103
-32.74585968255997
-36.09492701292038
-34.51378279924393
-32.99201774597168
-32.243568539619446
-34.204527854919434
-25.27057771384716
-31.87697970867157
-25.882541060447693
-35.980731308460236
-35.93808180093765
-33.05959004163742
-28.584354743361473
-34.247469402849674
-28.907096564769745
-26.29323983192444
-29.882529139518738
-28.780407309532166
-30.87721535563469
-37.17009383440018
-31.742358326911926
-40.84075081348419
-33.8335394859314
-32.16217279434204
-33.359524965286255
-32.937741696834564
-30.91955077648163
-35.32272344827652
-44.39604318141937
-41.002187967300415
-38.11294174194336
-37.2094532251358
-34.94094431400299
-32.926008224487305
-31.348303258419037
-31.01828384399414
-36.02173984050751
-36.36685395240784
-30.321902811527252
-26.506324768066406
-32.89265462756157
-34.5952627658844
-30.28294026851654
-28.685224413871765
-26.928339958190918
-27.12396502494812
-57.09768086671829
-56.010504484176636
-46.206829845905304
-48.64882528781891
-39.02026867866516
-35.50895869731903
-32.76377111673355
-31.606773495674133
-34.78597289323807
-30.328633472323418
-32.78483644127846
-31.966792061924934
-40.46790301799774
-43.15812838077545
-39.899577498435974
-45.79174047708511
-43.53058683872223
-53.122111678123474
-36.521836042404175
-49.71277332305908
-27.908927011303604
-27.599189454689622
-26.132783408276737
-26.437911089509726
-36.95128434896469
-43.11766481399536
-33.39672648906708
-40.36925029754639
-31.71888703107834
-32.79379439353943
-36.787435829639435
-34.032644748687744
-38.66095393896103
-37.38818168640137
-43.308373391628265
-50.230491638183594
-38.17466312646866
-49.291843712329865
-42.895640313625336
-39.98224687576294
-44.477846562862396
-40.34023451805115
-37.385718166828156
-36.61801302433014
-36.13278663158417
-38.75842046737671
-26.062215328216553
-26.705604314804077
-23.60746991634369
-28.525511264801025
-41.83240032196045
-40.452147006988525
-42.25149953365326
-44.446887493133545
-35.41799610853195
-36.63381028175354
-25.517338156700134
-30.188039898872375
-30.046993523836136
-39.28407657146454
-28.233617648482323
-38.141194462776184
-31.10135304927826
-37.76618039608002
-28.117181658744812
-38.69670557975769
-54.988246381282806
-49.17156755924225
-48.10483956336975
-50.736512422561646
-19.85977929830551
-26.661181211471558
-35.30105686187744
-43.444369435310364
-37.86814600229263
-50.006895422935486
-38.780222564935684
-38.13328731060028
-43.12711414694786
-46.99085599184036
-42.290178418159485
-42.85599088668823
-43.27862560749054
-44.846890449523926
-34.7175073325634
-42.463903069496155
-21.65222355723381
-30.64087501168251
-38.65526628494263
-38.03482687473297
-30.214258313179016
-37.70362287759781
-37.37555709481239
-45.37898635864258
-32.88042613863945
-42.17668741941452
-31.573321282863617
-31.462334871292114
-41.082024931907654
-42.587126553058624
-44.81631588935852
-42.39497256278992
-45.70601212978363
-49.15474343299866
-34.71509450674057
-34.848020792007446
-37.173136949539185
-42.72077131271362
-50.073789954185486
-51.68812131881714
-40.99496376514435
-44.35748493671417
-44.124984204769135
-43.761258125305176
-33.70072949677706
-33.949355594813824
-32.10759177431464
-37.62886109948158
-43.291461408138275
-55.00003933906555
-32.568005591630936
-42.95992314815521
-45.63729763031006
-53.77543896436691
-32.25965619087219
-42.248239040374756
-23.465020060539246
-23.100438833236694
-31.056688487529755
-35.35239398479462
-46.47043317556381
-53.75227069854736
-32.5725656747818
-45.225396394729614
-28.34986537694931
-37.29333567619324
-19.94294172525406
-31.855529069900513
-32.72267073392868
-33.223127484321594
-34.5727716088295
-39.28897714614868
-49.52337300777435
-45.665029883384705
-42.427486807107925
-45.062411814928055
-37.475429613143206
-48.770949402824044
-28.630729431286454
-33.86828429810703
-26.614211976528168
-24.94372057914734
-30.34227102994919
-35.33833771944046
-32.95071429014206
-40.677534103393555
-32.23348146677017
-42.06981682777405
-27.784548461437225
-29.205556482076645
-37.70962452888489
-42.40480041503906
-45.30363994836807
-46.978904247283936
-46.488770484924316
-51.438374280929565
-46.26671004295349
-48.27039849758148
-40.488368690013885
-43.08711373806
-38.025298058986664
-36.026801228523254
-27.223882019519806
-30.41371774673462
-34.86615580320358
-31.3583801984787
-36.972213208675385
-33.472758173942566
-35.27690130472183
-34.06010216474533
-45.38217884302139
-48.603811383247375
-36.35439213644713
-35.15235219616443
-30.24059556145221
-28.347510863095522
-31.292550265789032
-32.576021671295166
-34.776427924633026
-38.827128887176514
-38.02370843291283
-36.21100705862045
-30.248712331056595
-31.87169513106346
-39.47587168216705
-47.772308707237244
-33.11911994218826
-43.16931927204132
-32.43642395734787
-30.94732016324997
-37.598931550979614
-44.37260681390762
-33.64086574316025
-39.87919628620148
-32.0608286857605
-39.778974652290344
-29.126829981803894
-29.34260058403015
-34.30710679292679
-34.34768891334534
-30.483480155467987
-29.22115445137024
-50.395117938518524
-45.72852611541748
-48.41653323173523
-53.337082743644714
-41.73571789264679
-38.45683264732361
-39.27497053146362
-41.29188287258148
-41.30768346786499
-38.32059645652771
-30.359195053577423
-33.14753293991089
-40.387384593486786
-40.2424476146698
-33.59765976667404
-37.57947689294815
-42.248625695705414
-49.00827467441559
-33.96811664104462
-41.64749056100845
-36.84873905777931
-46.378475189208984
-31.160572975873947
-43.567200660705566
-49.19631892442703
-51.65846252441406
-42.317470133304596
-53.965561866760254
-38.59328651428223
-39.867801040410995
-29.998180598020554
-34.988223522901535
-30.99326653778553
-37.014889627695084
-23.970519229769707
-32.770731054246426
-31.07228845357895
-32.01220488548279
-32.93564671278
-30.676536798477173
-51.21268433332443
-46.85448229312897
-43.65321326255798
-43.82569396495819
-39.068660616874695
-44.9984667301178
-31.494413256645203
-41.1851761341095
-45.07465869188309
-44.16881334781647
-40.568240106105804
-42.26878762245178
-26.435052886605263
-35.15008044242859
-22.81860238313675
-32.36969095468521
-32.53971606492996
-30.60754942893982
-33.230602502822876
-31.559571504592896
-39.0429652929306
-36.51941704750061
-33.77497148513794
-38.93910348415375
-32.86968892812729
-34.04570913314819
-30.321945130825043
-30.890013694763184
-29.12509334087372
-30.35122537612915
-44.114425122737885
-49.2283353805542
-32.399940609931946
-38.274942100048065
-29.858185291290283
-25.880021333694458
-29.34989959001541
-28.078080415725708
-41.7972577214241
-45.90956485271454
-36.70563578605652
-38.99681043624878
-28.55136874318123
-27.073765516281128
-30.963939011096954
-31.30987846851349
-39.954351246356964
-39.944494903087616
-32.780326783657074
-33.43314829468727
-47.06408727169037
-44.90957832336426
-46.36711800098419
-48.79941403865814
-41.03221946954727
-41.48731601238251
-33.64116048812866
-39.176002621650696
-33.568484008312225
-34.48113548755646
-32.68161082267761
-38.14002871513367
-25.17262238264084
-29.27126145362854
-26.50372189283371
-37.65448975563049
-32.71941536664963
-38.56742465496063
-37.29567492008209
-48.188704788684845
-24.519775450229645
-24.238804280757904
-33.15870529413223
-41.433540761470795
-38.4785635471344
-36.34696364402771
-36.553165912628174
-32.295018553733826
-32.181954979896545
-34.02374768257141
-35.81888246536255
-36.58837389945984
-37.409041583538055
-40.41928768157959
-39.291896402835846
-44.65805912017822
-37.11748206615448
-45.07053452730179
-40.47514420747757
-38.11045467853546
-32.32148629426956
-35.68691098690033
-33.19982385635376
-30.8566073179245
-36.57711774110794
-37.26196479797363
-24.777350425720215
-25.54397553950548
-30.852845638990402
-37.9361837208271
-37.99750065803528
-38.91210716962814
-30.53503441810608
-34.92116263508797
-38.66776567697525
-38.75215280056
-40.10086166858673
-45.66812539100647
-27.06637704372406
-23.977102518081665
-33.73152482509613
-31.90566086769104
-32.420726120471954
-31.730379462242126
-32.62382125854492
-32.42295598983765
-25.638566374778748
-31.54937756061554
-27.624472558498383
-37.89770436286926
-46.94822919368744
-48.81295371055603
-41.43042767047882
-48.327996253967285
-34.37440425157547
-34.12102711200714
-38.897422432899475
-40.9633948802948
-29.09875351190567
-36.44763684272766
-38.58237564563751
-37.3318333029747
-30.597154676914215
-32.66198122501373
-37.72792345285416
-36.96955871582031
-36.438136994838715
-38.71803164482117
-39.290241956710815
-36.121649742126465
-40.91996502876282
-47.67237329483032
-37.97213685512543
-46.68402695655823
-35.390213549137115
-45.76357686519623
-39.28216075897217
-49.820667028427124
-30.805750012397766
-39.3428772687912
-30.4959813952446
-30.27170568704605
-30.191797375679016
-38.629234313964844
-26.114121437072754
-35.899946212768555
-21.79051494738087
-19.48497797548771
-20.573586869053543
-24.664368201978505
-38.08058214187622
-39.28263545036316
-35.927468955516815
-40.25828218460083
-44.56034106016159
-43.82284116744995
-42.31818813085556
-45.616697788238525
-45.64452450722456
-45.52255980670452
-38.54268027096987
-42.77138974517584
-35.55019223690033
-33.509956657886505
-27.294693544507027
-30.315667122602463
-25.805222272872925
-23.222198367118835
-28.75356298685074
-33.47805428504944
-29.089319944381714
-28.85460603237152
-52.762551069259644
-51.12533116340637
-43.20532435178757
-43.90764796733856
-23.573106423951685
-24.08617619983852
-29.397979245521128
-33.6391800288111
-42.57879424095154
-43.94363033771515
-34.288923382759094
-31.662039518356323
-30.591752648353577
-38.48019862174988
-31.69913637638092
-42.569976449012756
-34.95620781183243
-40.29701507091522
-31.055776059627533
-41.256202816963196
-42.23571193218231
-41.25434350967407
-34.810352981090546
-39.32659602165222
-19.157874181866646
-26.719555467367172
-25.98782968521118
-34.95159184932709
-25.83484920859337
-33.30768084526062
-36.91833996772766
-49.53932523727417
-32.254050552845
-30.19490146636963
-25.660525023937225
-29.99789595603943
-36.8397313952446
-48.44032567739487
-29.302547931671143
-42.702546298503876
-43.914086043834686
-42.52092099189758
-49.781273663043976
-47.67472505569458
-38.29848235845566
-35.92054080963135
-34.60274517536163
-35.91732466220856
-41.858097821474075
-39.802293717861176
-29.095064133405685
-34.6627499461174
-42.09441548585892
-43.46162927150726
-31.02184098958969
-33.05968725681305
-28.420126855373383
-27.5437148809433
-38.5767537355423
-36.80221635103226
-33.88088259100914
-36.15977120399475
-37.567462265491486
-33.83176130056381
-39.94770348072052
-35.71166265010834
-21.476075306534767
-20.261332094669342
-30.889394462108612
-31.572087287902832
-27.94400906562805
-32.15659248828888
-29.712096333503723
-27.943795382976532
-29.0692877471447
-29.19469463825226
-36.3462835252285
-35.374069541692734
-41.80295646190643
-40.90848731994629
-26.285900712013245
-28.762634992599487
-32.191152811050415
-39.08486890792847
-27.22149693965912
-35.359216809272766
-35.82706010341644
-32.010462522506714
-40.31149132549763
-37.74836681783199
-37.16189558058977
-37.01875540614128
-24.485900461673737
-33.1033730506897
-27.52004837989807
-37.21673256158829
-37.57532924413681
-35.92660641670227
-39.10354954004288
-46.204704999923706
-43.65263593196869
-50.07934498786926
-34.705489695072174
-41.11181652545929
-45.14818465709686
-48.149420499801636
-41.42030042409897
-52.02238214015961
-37.04143959283829
-33.880510091781616
-33.98073124885559
-38.187968373298645
-13.934567485004663
-19.48036139085889
-12.64013337623328
-20.332256625406444
-28.65102255344391
-28.123334527015686
-39.51291799545288
-39.0834955573082
-43.90485334396362
-46.94675803184509
-44.475332260131836
-53.73919951915741
-39.884347677230835
-51.8843948841095
-30.74630957841873
-31.192283749580383
-31.292386651039124
-33.39286094903946
-28.052876889705658
-34.539196372032166
-30.136304259300232
-41.36065977811813
-47.8587207198143
-46.50564503669739
-43.19019418954849
-44.94197380542755
-47.848355412483215
-45.69688177108765
-41.59511810541153
-40.018412947654724
-36.1496479511261
-35.71636950969696
-40.60311621427536
-45.66424351930618
-33.71993640065193
-42.26234155893326
-53.65609049797058
-50.11165988445282
-47.540106415748596
-52.89264357089996
-50.81933981180191
-48.031126737594604
-46.89670753479004
-45.65640652179718
-27.52192059159279
-25.70306158065796
-28.709116399288177
-25.33366334438324
-45.73912566900253
-48.45484375953674
-34.50493538379669
-47.55197048187256
-33.06049191951752
-31.316959619522095
-28.695333123207092
-32.69256663322449
-21.13750123977661
-23.423872709274292
-22.77324289083481
-32.01256799697876
-39.0089892745018
-39.29357373714447
-33.08361902832985
-32.91841945052147
-36.18803642690182
-34.872774720191956
-38.06514751911163
-36.68777513504028
-42.32280516624451
-40.45001184940338
-32.500009179115295
-37.26879549026489
-28.006631016731262
-26.042120695114136
-25.72333472967148
-24.82598876953125
-53.02352410554886
-50.01456809043884
-37.85701823234558
-41.08900558948517
-34.11679618060589
-29.467473283410072
-41.93421792984009
-39.597296208143234
-35.46518611907959
-35.343751072883606
-41.20749390125275
-38.97819924354553
-30.703733563423157
-38.50854468345642
-31.21771591901779
-37.65203511714935
-41.46627974510193
-36.556198716163635
-31.94583119265735
-39.80925119668245
-25.68008658476174
-33.76323574502021
-27.668808221817017
-26.74960148334503
-27.35114675760269
-26.595918893814087
-51.01158809661865
-52.09669029712677
-40.39365291595459
-43.10590624809265
-24.501107335090637
-22.088823318481445
-46.22668778896332
-43.67005729675293
-41.36108845472336
-42.25387102365494
-48.49638891220093
-52.560370206832886
-41.09990656375885
-48.56384861469269
-34.69867396354675
-31.423904418945312
-36.9593750834465
-33.517340779304504
-28.968548834323883
-31.36842429637909
-44.38902723789215
-42.55874037742615
-48.00984877347946
-46.48574471473694
-38.43738842010498
-37.16268444061279
-27.800529897212982
-36.00086188316345
-46.707015097141266
-46.61704444885254
-40.823397397994995
-35.740355491638184
-41.93029397726059
-41.43459606170654
-31.731354355812073
-35.26128500699997
-47.49480551481247
-47.65283191204071
-41.09285771846771
-39.40654540061951
-40.28628647327423
-45.288765013217926
-29.671992599964142
-37.69279032945633
-34.632729291915894
-36.31406056880951
-30.277190029621124
-33.334455490112305
-39.67960250377655
-39.92477536201477
-33.23982781171799
-40.09033679962158
-28.628273770213127
-37.56828263401985
-27.100781500339508
-37.19606050848961
-43.736247062683105
-41.61573386192322
-26.32567036151886
-32.31697726249695
-41.574721574783325
-48.89044272899628
-32.02101916074753
-41.54963934421539
-35.92639493942261
-34.16632163524628
-37.71972906589508
-39.6528856754303
-29.497842609882355
-34.36057806015015
-38.54835307598114
-36.01131492853165
-42.28430598974228
-40.33668255805969
-47.09671676158905
-46.346731662750244
-42.37564492225647
-44.27472257614136
-29.842365473508835
-28.235756397247314
-29.59276306629181
-29.703449368476868
-43.70338128507137
-40.98789495229721
-32.912769973278046
-34.944716945290565
-33.047404527664185
-41.6488339304924
-23.580635488033295
-32.41947948932648
-54.40723806619644
-53.99631357192993
-48.71959501504898
-49.30105859041214
-38.190067648887634
-37.199517607688904
-41.83121943473816
-40.220314741134644
-29.35434877872467
-26.944468140602112
-35.47422593832016
-39.18353074789047
-43.86626958847046
-42.455209493637085
-38.77900147438049
-41.643540263175964
-44.41689306497574
-40.528563380241394
-39.461094081401825
-41.58433973789215
-21.32013463973999
-26.65041756629944
-46.554474890232086
-44.581270694732666
-45.9310964345932
-41.34333634376526
-46.733054399490356
-49.010287165641785
-42.090195298194885
-38.48975473642349
-36.155988931655884
-33.65893852710724
-29.84333050251007
-33.90857446193695
-35.41150265932083
-36.53033006191254
-38.134342074394226
-42.65389811992645
-27.400870874524117
-26.918547689914703
-33.86497205495834
-37.03798019886017
-41.77385777235031
-40.33594250679016
-31.862471103668213
-30.81221640110016
-39.29014015197754
-46.33417159318924
-29.111746072769165
-39.07524734735489
-39.48863762617111
-38.65734398365021
-40.49320429563522
-48.91788876056671
-22.376667618751526
-18.837944746017456
-23.283223628997803
-29.546948552131653
-29.495399296283722
-29.89698815345764
-54.55990570783615
-49.477028012275696
-39.84967386722565
-38.45985198020935
-22.96606147289276
-31.127647578716278
-26.14254453778267
-36.24830478429794
-31.425830960273743
-30.649494647979736
-32.81238067150116
-33.92116689682007
-43.39946883916855
-42.208321928977966
-38.793393552303314
-46.779698729515076
-26.639463365077972
-37.16904854774475
-22.4438157081604
-31.783389568328857
-42.62657195329666
-41.245081543922424
-34.981435775756836
-35.989254117012024
-38.12184190750122
-38.37443393468857
-26.88258248567581
-29.512402176856995
-29.249005913734436
-36.535952270030975
-26.321592330932617
-32.765350580215454
-46.084129214286804
-43.984344363212585
-41.091421723365784
-47.07249093055725
-41.33714032173157
-39.18154525756836
-40.4027940928936
-44.24156725406647
-33.37010884284973
-33.21797102689743
-38.05440229177475
-44.76164644956589
-28.771501064300537
-34.21540307998657
-30.221392780542374
-36.333353370428085
-49.51297849416733
-48.374396562576294
-44.71410691738129
-49.25912415981293
-34.605392813682556
-34.31473743915558
-45.94991850852966
-44.84734082221985
-36.84326756000519
-39.76590859889984
-26.026644349098206
-31.90842056274414
-26.071068286895752
-36.15799272060394
-34.521959722042084
-40.35279631614685
-35.46594798564911
-42.60924708843231
-37.774343848228455
-37.79294049739838
-34.22239226102829
-36.586151003837585
-35.32952415943146
-30.58364987373352
-37.76044535636902
-35.23580610752106
-38.46831566095352
-39.05976867675781
-26.97799825668335
-26.998230695724487
-23.209404945373535
-29.26864492893219
-34.3821496963501
-36.84138607978821
-36.58129566907883
-44.234490513801575
-38.10689926147461
-50.32798445224762
-34.40029937028885
-40.09209370613098
-26.21684741973877
-33.243870317935944
-49.21237498521805
-45.95478165149689
-46.69566887617111
-42.28550362586975
-25.520661771297455
-31.789289832115173
-42.415353417396545
-39.79548478126526
-30.699772000312805
-35.59836620092392
-39.93140643835068
-40.833608508110046
-38.741124987602234
-42.795732736587524
-53.225556433200836
-49.04255735874176
-43.00938093662262
-42.63514566421509
-31.91301429271698
-37.54639434814453
-29.600884556770325
-37.86753237247467
-28.837617337703705
-25.22460913658142
-36.61960411071777
-43.01278328895569
-32.6163015961647
-39.65279358625412
-51.22047573328018
-49.334514021873474
-46.76088726520538
-45.0173397064209
-33.91389185190201
-44.1246542930603
-26.762971937656403
-39.461414873600006
-43.23049837350845
-45.460126996040344
-47.45793551206589
-51.72036874294281
-41.392015874385834
-49.877697467803955
-37.69559547305107
-46.990421295166016
-28.12853980064392
-26.6641583442688
-47.783514857292175
-45.532249212265015
-46.865720212459564
-51.7897869348526
-44.79984927177429
-43.62484657764435
-38.27065145969391
-42.77829205989838
-34.97694528102875
-33.55735886096954
-37.80868375301361
-43.78187370300293
-22.795913696289062
-28.342801332473755
-23.95238760113716
-30.163960933685303
-40.08724397420883
-36.88869762420654
-39.54942613840103
-40.007256507873535
-37.1629473567009
-39.40979194641113
-34.60571593046188
-41.583242893218994
-30.078343272209167
-37.84609055519104
-43.312855541706085
-42.43140435218811
-39.88973939418793
-42.18741309642792
-20.398879408836365
-27.559753835201263
-27.59722203016281
-26.390705823898315
-26.768917739391327
-28.93694281578064
-34.450058698654175
-33.344472765922546
-47.60726237297058
-43.638524293899536
-42.46225184202194
-41.395900785923004
-55.528918862342834
-52.88204276561737
-43.157026290893555
-47.849892258644104
-33.82472773641348
-40.99140691757202
-40.65189927816391
-51.824495911598206
-40.68088537454605
-43.4879367351532
-24.839632868766785
-29.375108242034912
-29.056019186973572
-36.79206341505051
-30.07805109024048
-43.377345860004425
-34.79994434118271
-35.13717842102051
-39.50449734926224
-46.54672944545746
-39.3255974650383
-43.47728741168976
-42.70157438516617
-50.289423167705536
-37.48299366235733
-37.2579083442688
-39.69328045845032
-49.29101860523224
-21.092954099178314
-26.342154026031494
-42.73861390352249
-40.699514746665955
-34.33120083808899
-36.68399667739868
-24.79961884021759
-23.344281017780304
-26.969088554382324
-26.49949562549591
-32.985376596450806
-31.80703055858612
-31.03260236978531
-39.68845772743225
-35.744961738586426
-48.87123942375183
-48.252335369586945
-43.06886887550354
-44.813467502593994
-48.2860706448555
-32.04814791679382
-36.9481360912323
-36.49973091483116
-46.289578437805176
-31.82212746143341
-37.331711530685425
-30.784197747707367
-43.53076535463333
-41.05021667480469
-40.388108015060425
-42.73739302158356
-46.8418892621994
-37.64579480886459
-34.46945011615753
-32.35529959201813
-34.46772521734238
-32.49640679359436
-38.81615573167801
-34.68444627476856
-34.60608471184969
-29.638622398953885
-35.63159391283989
-44.62624716758728
-43.36930072307587
-44.55223888158798
-45.15017545223236
-32.095156252384186
-40.783846735954285
-33.57691240310669
-44.17070770263672
-39.42759293317795
-45.088072180747986
-33.82953244447708
-41.98553669452667
-33.042883455753326
-33.405311703681946
-34.4164320230484
-39.57518607378006
-44.82153308391571
-41.81714999675751
-39.40402340888977
-39.25998616218567
-45.64827901124954
-42.28168857097626
-39.89325678348541
-38.627209186553955
-42.467960357666016
-39.597509026527405
-30.908656299114227
-34.12157303094864
-34.97594344615936
-32.246026277542114
-34.98853647708893
-35.77141630649567
-51.108401000499725
-47.035162806510925
-41.261469185352325
-42.167481541633606
-31.78495889902115
-31.721208810806274
-32.86124861240387
-44.21090912818909
-23.91089391708374
-35.03392404317856
-45.633821070194244
-46.24605047702789
-46.311545729637146
-51.27430486679077
-29.275163531303406
-32.37494659423828
-43.249566435813904
-53.73172903060913
-31.8576158285141
-42.2221577167511
-18.996934241615236
-18.795035467483103
-27.03138913307339
-26.768313510343432
-41.03640902042389
-41.07259541749954
-40.43811100721359
-41.144282817840576
-38.604500114917755
-38.49437868595123
-34.56982380151749
-40.10783100128174
-30.71959027647972
-28.225451588630676
-34.547010719776154
-31.74215790629387
-24.884116530418396
-31.621798276901245
-29.48880124092102
-25.416727900505066
-37.052782475948334
-41.523226499557495
-44.31072270870209
-41.344953417778015
-42.490483820438385
-41.79487144947052
-46.58838081359863
-47.76670527458191
-41.749870002269745
-49.40428352355957
-49.21038818359375
-50.80022996664047
-53.23623567819595
-51.43885123729706
-47.30713766813278
-48.89295411109924
-36.95038276910782
-34.65817105770111
-28.612769037485123
-26.742610186338425
-33.71945124864578
-32.996713042259216
-29.91925311088562
-34.54047608375549
-30.82974636554718
-31.24582839012146
-26.97954159975052
-30.990999937057495
-40.26984399557114
-41.383995056152344
-40.64614075422287
-45.594192147254944
-29.940267622470856
-27.469366312026978
-30.28273057937622
-35.188005566596985
-28.223161280155182
-36.96492779254913
-40.98623168468475
-48.44989061355591
-29.35584670305252
-37.07713007926941
-46.71103048324585
-44.005221486091614
-46.732359290122986
-41.739938616752625
-44.915624260902405
-40.33137500286102
-46.89510703086853
-49.331690311431885
-38.14504861831665
-36.765018939971924
-45.910296976566315
-53.2499520778656
-55.66642838716507
-54.136746883392334
-44.50999736785889
-46.93865919113159
-44.608098328113556
-44.73597431182861
-38.56639355421066
-37.88515853881836
-35.10606932640076
-39.382137417793274
-44.36732542514801
-46.17210924625397
-39.86146289110184
-39.72395956516266
-32.03627675771713
-33.99615540355444
-29.251984797418118
-28.416061624884605
-40.40242999792099
-37.68704533576965
-40.92486071586609
-42.02294600009918
-42.823471665382385
-45.78608322143555
-36.71477127075195
-40.978897869586945
-39.61276292800903
-47.94416272640228
-35.80785295367241
-43.16978681087494
-45.114482164382935
-41.90794277191162
-45.417659521102905
-44.62039315700531
-38.644931972026825
-37.163441359996796
-39.93843334913254
-40.23494505882263
-22.715993384830654
-17.915407138876617
-26.49122721236199
-29.709006591234356
-31.85869312286377
-29.30644190311432
-25.453118801116943
-28.697903335094452
-45.063585221767426
-38.835142612457275
-43.846315026283264
-41.710861921310425
-35.37922364473343
-35.78139507770538
-26.009969413280487
-30.527724266052246
-20.532062351703644
-26.419039845466614
-24.458955109119415
-31.902887642383575
-30.271987438201904
-37.11534225940704
-22.58262687921524
-30.007456481456757
-30.449938595294952
-29.960148096084595
-30.01091992855072
-30.234033346176147
-34.96874590963125
-32.95477335900068
-37.977064818143845
-39.61830175668001
-36.20997563004494
-43.13343286514282
-32.58601485192776
-44.69535472989082
-35.18530625104904
-33.27707940340042
-33.553114891052246
-33.332677721977234
-29.03531065583229
-34.995855152606964
-31.02281478792429
-44.10915917158127
-33.75559565424919
-32.41185414791107
-32.11242398619652
-37.199723571538925
-41.02830070257187
-48.28303325176239
-38.514199793338776
-48.69537353515625
-37.532674908638
-35.185736894607544
-44.13301748037338
-41.40409755706787
-21.949215918779373
-26.41567027568817
-34.45770764350891
-32.943681597709656
-39.82397788763046
-41.01650130748749
-30.535270929336548
-33.65800595283508
-53.38326036930084
-50.75506091117859
-31.268774330615997
-30.779640793800354
-32.919265389442444
-38.73869603872299
-24.04799508303404
-32.7640323266387
-26.2065247297287
-30.76874929666519
-53.670412719249725
-53.701287388801575
-43.02649128437042
-45.74880063533783
-28.271391928195953
-34.40361416339874
-30.90832680463791
-38.214225471019745
-46.85819065570831
-43.23241949081421
-49.21656024456024
-47.60415852069855
-31.482255399227142
-38.22304058074951
-21.9217888712883
-32.349277555942535
-47.60639351606369
-48.57808470726013
-38.97124803066254
-41.02983558177948
-25.924832701683044
-33.02199161052704
-28.441089868545532
-37.67377316951752
-49.47877275943756
-47.38376593589783
-43.194856226444244
-44.87289917469025
-53.265939116477966
-48.72767961025238
-47.732887387275696
-50.1192524433136
-44.767694771289825
-50.5438517332077
-39.22504022717476
-46.33139353990555
-38.4167166352272
-35.696784257888794
-32.850980281829834
-38.021082282066345
-52.07534718513489
-49.98078292608261
-44.271916925907135
-45.54287946224213
-31.938223242759705
-38.249244689941406
-27.631259202957153
-36.84408766031265
-42.014080226421356
-39.71227157115936
-37.58674257993698
-38.93558633327484
-38.16260886192322
-33.87620937824249
-31.771812796592712
-34.03145033121109
-41.580587374046445
-38.46700598113239
-36.817203362472355
-36.0693150293082
-33.54880052804947
-33.53671216964722
-40.079822421073914
-44.95140612125397
-45.5983921289444
-49.354450821876526
-39.27507308125496
-46.82493019104004
-41.88533818721771
-40.79914212226868
-47.36728745698929
-54.9352331161499
-33.7772359251976
-30.54880118370056
-35.407527446746826
-35.251314997673035
-53.54911172389984
-54.060845613479614
-47.11172330379486
-51.08707797527313
-29.442802011966705
-30.65649974346161
-30.46708196401596
-33.10428023338318
-31.242344200611115
-34.460530161857605
-31.40820536017418
-39.70331168174744
-23.189195066690445
-29.93424290418625
-24.85490596294403
-33.20364439487457
-37.298245668411255
-32.45415151119232
-35.828993916511536
-36.59018564224243
-50.539376616477966
-48.74507224559784
-49.43337708711624
-48.74891245365143
-31.73993030190468
-37.84272003173828
-30.02121715247631
-39.113164722919464
-33.97926199436188
-38.536827087402344
-23.859689950942993
-29.503759562969208
-28.87658929824829
-37.31391245126724
-30.605104565620422
-36.82719540596008
-49.67929744720459
-51.02846002578735
-44.15858739614487
-47.46028518676758
-33.24528098106384
-30.39883315563202
-30.477750599384308
-39.16639494895935
-39.11226361989975
-36.99369215965271
-33.49785667657852
-41.36417239904404
-26.93211305141449
-26.273030757904053
-27.340865433216095
-25.785720109939575
-39.98506861925125
-39.98594570159912
-36.253719329833984
-39.635571241378784
-35.02843987941742
-33.75117099285126
-32.991528153419495
-33.75815051794052
-39.74504280090332
-37.82695710659027
-33.08037132024765
-37.32435929775238
-50.018330514431
-49.89225193858147
-43.80418434739113
-40.05943167209625
-39.03298383951187
-35.03138732910156
-39.43192023038864
-36.499792873859406
-38.331913471221924
-36.92281371355057
-33.74894228577614
-36.9918307363987
-30.573387384414673
-27.720497012138367
-34.768784403800964
-37.13839536905289
-29.029453337192535
-33.97612887620926
-30.511989772319794
-38.495155930519104
-34.13314151763916
-31.085762858390808
-35.53515160083771
-33.65553575754166
-22.468676460906863
-19.210106949321926
-30.946087684947997
-29.34153405483812
-30.233297765254974
-30.155964255332947
-24.630281567573547
-31.469921350479126
-24.789510905742645
-22.671431064605713
-42.52532970905304
-40.53946352005005
-36.95661103725433
-41.362568616867065
-43.143985986709595
-41.746755719184875
-38.04441636800766
-43.52832067012787
-29.22359189391136
-28.115890935063362
-28.650068797171116
-26.320087045431137
-31.021537363529205
-39.43325138092041
-33.48690649867058
-45.66823124885559
-41.51346945762634
-39.66229611635208
-30.58074788749218
-29.822363629937172
-39.33131939172745
-40.0301907658577
-40.60850918292999
-44.94314742088318
-26.899397373199463
-34.79233479499817
-26.668840885162354
-33.29878920316696
-46.27834331989288
-43.9688560962677
-42.15410715341568
-45.56879007816315
-43.31238889694214
-42.54610848426819
-38.831997871398926
-42.48739695549011
-36.668616622686386
-44.86612904071808
-33.70368176698685
-44.82381463050842
-42.37240123748779
-38.92511796951294
-43.57817453145981
-43.45489740371704
-27.08795964717865
-23.58776330947876
-36.43737173080444
-34.77703106403351
-41.06907916069031
-39.73285353183746