-45.69820490479469
-40.9228558242321
-48.50767716765404
-41.75608503818512
-47.954742819070816
-41.24878686666489
-50.553776919841766
-42.276107370853424
-41.356673419475555
-47.88633260130882
-38.19623899459839
-44.18764507770538
-44.227309852838516
-51.03938156366348
-40.63490837812424
-48.12340551614761
-25.009813480079174
-35.44263892620802
-31.728523656725883
-40.606584668159485
-26.99571865797043
-37.78746059536934
-32.2961622774601
-41.1318531781435
-39.47042873501778
-29.85791927576065
-32.75868806242943
-25.35707737505436
-41.90455058217049
-31.181665748357773
-34.573817640542984
-26.668436124920845
-35.25663761049509
-30.3217563778162
-41.127392798662186
-36.98468488454819
-36.98850517719984
-33.43098330497742
-42.12375871837139
-39.01368337869644
-34.37805235385895
-39.273283913731575
-31.239512145519257
-34.63339138031006
-37.6620973944664
-40.72704914212227
-34.25811839103699
-37.09599870443344
-30.24285189807415
-30.91041947901249
-35.04086470603943
-36.054228127002716
-31.06934005022049
-32.194564908742905
-37.5179885327816
-38.64543181657791
-29.864653408527374
-31.577665835618973
-33.710046142339706
-36.453670889139175
-32.90600875020027
-32.762488305568695
-37.785694897174835
-38.54688861966133
-35.6333202123642
-37.2604955136776
-37.31231200695038
-35.734598994255066
-39.22029301524162
-40.6287656724453
-41.1169548034668
-39.18897381424904
-38.332512348890305
-39.75343441963196
-33.920933574438095
-36.65028962492943
-43.80344784259796
-43.51473480463028
-37.85575258731842
-40.50642266869545
-36.77793475985527
-36.262430757284164
-40.49228256940842
-40.30144336819649
-38.09835711121559
-37.40407952666283
-41.897954910993576
-41.54690679907799
-40.974425703287125
-42.39611482620239
-38.61311736702919
-39.24348157644272
-42.49656191468239
-42.79075872898102
-40.778523713350296
-41.2216739654541
-29.21505033969879
-29.529749274253845
-32.34565258026123
-30.577892899513245
-32.152843087911606
-31.890342354774475
-34.08352768421173
-32.12082281708717
-30.359357982873917
-33.5328788459301
-25.741243302822113
-28.665090262889862
-33.23212715983391
-35.375231206417084
-28.241045713424683
-30.896954119205475
-26.321303367614746
-31.817792057991028
-31.703598201274872
-34.9057012796402
-27.58296838402748
-33.605414628982544
-31.946004390716553
-36.19539788365364
-33.957900404930115
-35.479144126176834
-28.98846262693405
-28.432643681764603
-37.451572239398956
-35.065085768699646
-32.57862541079521
-29.78294387459755
-26.932171404361725
-29.758290797472
-32.03050893545151
-33.49448347091675
-29.988017737865448
-31.60578814148903
-34.67807060480118
-35.60907235741615
-28.323355853557587
-29.80631360411644
-26.375735729932785
-26.968005001544952
-32.05599609017372
-32.06683027744293
-29.508773177862167
-29.822294056415558
-29.489567786455154
-35.20540264248848
-33.19695171713829
-36.88257813453674
-30.359342619776726
-35.94979855418205
-34.357946902513504
-38.489441215991974
-39.91290137171745
-41.45459398627281
-34.023422330617905
-33.57788026332855
-41.05697402358055
-38.55025067925453
-36.445588409900665
-34.00509712100029
-38.50742846727371
-44.72119498252869
-38.62937006354332
-44.91751527786255
-39.58506232500076
-46.07033860683441
-39.571842044591904
-45.687587201595306
-50.47957909107208
-46.38534080982208
-41.953364700078964
-37.65114185214043
-51.58448672294617
-45.91539993882179
-43.767293870449066
-38.70069807767868
-29.05795893073082
-28.455338805913925
-32.73089101910591
-28.29616904258728
-31.00843173265457
-29.62633666396141
-33.7593891620636
-28.950358659029007
-31.112917721271515
-35.06849756836891
-24.210620760917664
-28.416963070631027
-33.27171090245247
-36.1109020113945
-26.633373275399208
-31.371335119009018
-39.28719222545624
-41.19985884428024
-34.85276383161545
-37.822106674313545
-40.65267054736614
-43.01794885098934
-38.17054668068886
-41.36990004777908
-46.117840737104416
-47.16186937689781
-32.40706980228424
-31.127010226249695
-47.00838354229927
-45.29618537425995
-36.77942302823067
-34.16504222154617
-31.655600547790527
-38.83539021015167
-35.387244403362274
-42.031221121549606
-32.5155535787344
-38.951820999383926
-37.262299090623856
-43.65338569879532
-40.101219683885574
-36.244921773672104
-40.91065663099289
-36.842770010232925
-41.234888240695
-36.023218885064125
-44.205799013376236
-39.045768082141876
-23.92864491045475
-25.57295051217079
-28.620333820581436
-29.502632215619087
-30.259746313095093
-30.920872807502747
-33.895661652088165
-33.43042732775211
-28.501374661922455
-31.075873911380768
-23.297186076641083
-24.110799580812454
-34.0533547103405
-35.40870167315006
-28.061850354075432
-29.221193820238113
-35.79734328389168
-35.54010246694088
-39.43429160118103
-37.79418992996216
-36.569071263074875
-36.16063676774502
-40.73472473025322
-39.0981627702713
-36.57832354307175
-40.87500101327896
-35.313387870788574
-39.45229107141495
-37.60253402590752
-39.710370630025864
-37.12351605296135
-39.67501971125603
-39.163089483976364
-38.50253629684448
-40.84474179148674
-38.06471532583237
-39.96109554171562
-40.012600898742676
-41.854757741093636
-39.644418597221375
-40.40656426548958
-45.85395967960358
-34.15906125307083
-38.61785224080086
-43.81847506761551
-46.154522866010666
-37.769266694784164
-40.95306408405304
-30.23978477716446
-32.386141419410706
-36.25841689109802
-38.01239189505577
-33.031742334365845
-35.561286091804504
-39.19863677024841
-41.62461829185486
-32.10170242190361
-32.03683856129646
-31.727294832468033
-30.36918233335018
-37.579479813575745
-36.52633246779442
-37.141137301921844
-35.27554151415825
-22.08583441376686
-25.261545807123184
-30.219072222709656
-30.22968217730522
-26.850660026073456
-29.45428991317749
-33.41357931494713
-33.12538605928421
-25.66029119491577
-30.194879710674286
-22.65097287297249
-24.730561822652817
-31.400379955768585
-32.34315583109856
-26.895790606737137
-28.26098245382309
-40.63744634389877
-40.64968064427376
-43.63478681445122
-40.97945795953274
-42.424082815647125
-41.82345798611641
-44.738325864076614
-41.61488489806652
-43.56906297802925
-44.73984095454216
-37.93062922358513
-41.36632367968559
-46.20789161324501
-47.129914700984955
-40.54918001592159
-44.066616386175156
-34.740539848804474
-33.232381761074066
-38.225406497716904
-37.10094119608402
-38.68148446083069
-36.83857160806656
-41.5917966067791
-39.891811221838
-40.782469660043716
-43.85275721549988
-32.274861454963684
-34.03769049048424
-43.069082498550415
-45.25825262069702
-35.186084270477295
-36.63672572374344
-33.38540205359459
-35.1025555729866
-36.20169800519943
-36.94904541969299
-36.97498285770416
-37.94503879547119
-40.6227665245533
-40.99038279056549
-36.58817958831787
-36.683265298604965
-36.5525404214859
-37.1051185131073
-41.07745170593262
-40.174053609371185
-41.68708762526512
-41.77454671263695
-32.8996257185936
-38.576358526945114
-38.37129847705364
-41.77863124012947
-36.20735150575638
-42.128586173057556
-39.6130298525095
-43.60850179195404
-40.95303821563721
-36.37232959270477
-34.99172568321228
-32.99535523355007
-45.597894579172134
-40.070937156677246
-38.95583933591843
-35.79461434483528
-31.659830152988434
-31.54788601398468
-32.82177668809891
-33.12020245194435
-32.507491648197174
-32.227902084589005
-34.1296668946743
-34.39846959710121
-27.33450374007225
-30.883330047130585
-27.545016139745712
-29.399536609649658
-31.331833988428116
-32.7277492582798
-32.18513295054436
-32.626200407743454
-33.25126767158508
-34.961932986974716
-36.32753112912178
-35.18180125951767
-34.04634431004524
-36.55393669009209
-37.57808938622475
-37.256944954395294
-38.948680847883224
-39.91047376394272
-32.49126088619232
-33.97331286966801
-41.52114209532738
-39.975954711437225
-35.07841220498085
-35.234581619501114
-34.11978405714035
-32.98416694998741
-37.328944742679596
-34.90947061777115
-35.67760869860649
-34.413426756858826
-39.81707975268364
-37.47676166892052
-32.97706398367882
-35.67182546854019
-33.476457953453064
-37.39621293544769
-35.78214532136917
-37.50721347332001
-37.35231313109398
-40.24543532729149
-26.033645644783974
-29.94954141974449
-28.231553807854652
-29.469825372099876
-28.21874251961708
-32.47710371017456
-30.565947264432907
-32.26820205152035
-34.98679606616497
-34.09071823954582
-25.829423934221268
-25.001263231039047
-38.71842543780804
-35.163855224847794
-29.928090304136276
-28.277738347649574
-24.37143126130104
-29.975754529237747
-28.95112031698227
-30.997210294008255
-26.38683196902275
-32.009536921978
-30.680772602558136
-33.368462562561035
-36.01469102501869
-36.295194417238235
-28.628818422555923
-28.42501586675644
-38.68636077642441
-36.22884461283684
-32.84031540155411
-31.353038012981415
-36.83842741698027
-40.263757932931185
-41.85260742902756
-45.68190482258797
-37.70075636357069
-41.24195421487093
-42.859223902225494
-46.65562543272972
-42.140050396323204
-39.484233781695366
-46.30933928489685
-42.990251660346985
-42.96849501878023
-40.07849118113518
-47.63770493865013
-44.15649342536926
-33.09077610075474
-36.48020941019058
-37.76163712143898
-38.62804910540581
-35.81228917837143
-38.702902004122734
-39.017159551382065
-39.771583408117294
-40.143084451556206
-41.34270444512367
-32.350782215595245
-33.0035525560379
-42.83786900341511
-41.80960816144943
-35.16673398017883
-34.779045790433884
-34.14091032743454
-34.76520559191704
-38.70028695464134
-35.5249163210392
-34.117556035518646
-35.840632915496826
-39.028199791908264
-37.16814565658569
-39.74759352207184
-44.33020117878914
-32.505580335855484
-35.949557811021805
-41.6932335793972
-42.428820759058
-34.263994961977005
-35.99599441885948
-36.61811622977257
-35.76916453242302
-41.31543308496475
-40.02403104305267
-39.2366758286953
-39.14724197983742
-43.99956178665161
-43.29703390598297
-39.31113877892494
-42.468354135751724
-35.7832028567791
-38.99543133378029
-42.80379554629326
-43.60648229718208
-40.374048829078674
-42.54479357600212
-27.873703684657812
-27.676731334999204
-36.210084326565266
-33.27888671308756
-32.07420699298382
-31.047086162492633
-38.59563194215298
-35.41682454198599
-25.721906090155244
-28.39324977993965
-25.58723432570696
-29.2157741189003
-30.73576010763645
-32.43175346031785
-29.523419365286827
-32.9688084423542
-37.28212929517031
-39.357485096901655
-40.520410627126694
-42.52990245819092
-38.619999174028635
-40.48233978822827
-42.43247178196907
-44.61310377717018
-39.074502266943455
-39.43618716299534
-40.13252240419388
-40.59386560320854
-40.19163855910301
-39.5026086717844
-42.90793040394783
-41.68716987967491
-30.309450834989548
-32.59672576189041
-35.06533317267895
-33.817204877734184
-32.26501241326332
-34.28812634944916
-36.07282952964306
-34.97861681878567
-33.93146175146103
-35.81947894394398
-29.31649151444435
-31.967909514904022
-37.55728296935558
-37.39135393500328
-32.80725985765457
-34.63561436533928
-26.763432949781418
-37.569302439689636
-29.21339873969555
-39.87726807594299
-28.202165871858597
-38.79828941822052
-30.16877017915249
-40.342031106352806
-40.949364483356476
-30.937710911035538
-37.410620242357254
-27.191407725214958
-42.39032480120659
-32.627096593379974
-38.80304764211178
-29.364816397428513
-35.416078329086304
-38.921415984630585
-40.69333592057228
-41.85745882987976
-37.383877635002136
-40.57383105158806
-42.601481795310974
-44.09821966290474
-38.94721680879593
-39.71471852064133
-36.413569688797
-36.565253138542175
-42.53139212727547
-41.62686362862587
-39.71247610449791
-38.90087327361107
-30.156327944248915
-34.31082508713007
-34.91943174600601
-37.165767818689346
-30.669434424489737
-35.171615835279226
-34.55778810381889
-37.568676114082336
-33.659803591668606
-33.171275816857815
-34.243335634469986
-35.7090380191803
-35.60945846885443
-32.87219450250268
-37.035399466753006
-35.258715093135834
-38.59484485536814
-38.045081563293934
-42.986356891691685
-38.42512454837561
-39.17746216058731
-39.07919465750456
-43.49752961844206
-39.38277646154165
-40.59664040058851
-44.26048865914345
-32.8783195912838
-38.22963835299015
-44.96482738107443
-45.24517122656107
-35.33565233647823
-39.346649035811424
-38.874742574989796
-33.63237842917442
-46.381440460681915
-39.767286121845245
-40.19690650701523
-35.02818156033754
-47.268635392189026
-40.87714599817991
-36.856702014803886
-43.12181066721678
-32.37916457653046
-38.921043425798416
-38.50864179432392
-43.4166649132967
-34.975291177630424
-41.40122899413109
-33.04237040877342
-36.136443585157394
-41.299311101436615
-40.83782607316971
-33.783837258815765
-37.64233109354973
-41.94233223795891
-42.90487736463547
-37.89101332426071
-36.9669805765152
-37.426880449056625
-38.396000653505325
-38.75701954960823
-35.93247947096825
-39.34993454813957
-38.79684293270111
-23.66604669392109
-24.838863357901573
-29.92496818304062
-27.696946501731873
-25.886499747633934
-26.640868574380875
-31.901474684476852
-30.167468667030334
-28.23750239610672
-31.67301233112812
-24.910871535539627
-28.020986914634705
-29.778637766838074
-31.196677207946777
-27.16320687532425
-29.413700848817825
-29.323759861290455
-30.820675253868103
-36.30435670167208
-38.10694032907486
-30.710496440529823
-33.23978400975466
-37.864018961787224
-39.81830333173275
-37.19959445297718
-36.747856713831425
-32.21689356863499
-31.181184381246567
-38.56899406015873
-36.620421171188354
-34.15075060725212
-32.725136667490005
-21.90295533835888
-25.97349378466606
-24.766269478946924
-28.41508199647069
-23.93066769093275
-26.93450193107128
-26.000335719436407
-28.702870205044746
-28.303079448640347
-28.675356827676296
-22.568029396235943
-21.08601489290595
-30.55369509756565
-29.03435942530632
-24.82846838235855
-22.906435556709766
-25.146008670330048
-28.562995582818985
-31.80230423808098
-34.03971889615059
-28.393038272857666
-31.05307251214981
-34.891381919384
-36.7659909427166
-28.63998007774353
-29.369471609592438
-28.02103015780449
-27.43862822651863
-33.1005579829216
-32.13836723566055
-32.11076781153679
-30.67429107427597
-40.68074589967728
-40.05896273255348
-41.40777853131294
-36.833931401371956
-41.095891892910004
-40.9096502661705
-41.0139122530818
-37.254306331276894
-40.70742455124855
-42.8043075799942
-33.66292180120945
-37.46367543935776
-44.14377123117447
-44.56050154566765
-36.63239794969559
-38.94692201912403
-40.429492607712746
-33.48342464864254
-41.15206800028682
-34.63982936181128
-40.290302500128746
-33.97390179336071
-41.866149727255106
-35.788793597370386
-37.742130130529404
-45.05059380829334
-32.62477170675993
-38.83231107890606
-38.04432159662247
-44.655194491147995
-34.184463277459145
-40.45713882148266
-38.95308789610863
-36.11492317914963
-41.30516102910042
-37.79807202517986
-39.68309034407139
-36.43231779336929
-43.73450171947479
-39.67420709133148
-39.05505430698395
-44.305215924978256
-33.344159841537476
-38.29137867689133
-41.273905858397484
-45.38319432735443
-36.68701848387718
-41.144176840782166
-48.795414716005325
-47.80909940600395
-49.2379015982151
-47.54507592320442
-48.58094024658203
-47.40372675657272
-48.86538177728653
-47.59058749675751
-49.32396602630615
-51.44359490275383
-47.99391636252403
-50.745246201753616
-50.137102752923965
-51.379962146282196
-49.24514055252075
-50.89581322669983
-38.42474763095379
-41.91515003144741
-39.984841622412205
-43.09325320273638
-39.8900116533041
-43.12856809794903
-41.67451132833958
-44.856402188539505
-44.0264168381691
-41.56282635033131
-37.24240878224373
-35.182425275444984
-45.88655833899975
-43.337002366781235
-41.02494266629219
-38.78056275844574
-26.574192494153976
-29.328268319368362
-32.07754150032997
-36.01838481426239
-30.945625364780426
-34.49807633459568
-35.332168251276016
-39.90445280075073
-34.78076791763306
-34.056536585092545
-32.59157708287239
-29.48758289217949
-39.374732688069344
-36.548921659588814
-37.720349818468094
-33.095718294382095
-31.925205677747726
-35.04296973347664
-32.949108719825745
-35.5719752907753
-35.657050132751465
-38.79417806863785
-35.083237439394
-37.67494282126427
-36.86883634328842
-38.31547623872757
-27.843653678894043
-27.915364548563957
-42.83577525615692
-41.74882486462593
-32.62901523709297
-30.942587435245514
-32.312210872769356
-37.28251178562641
-37.77198165655136
-42.957557410001755
-34.468235582113266
-40.62380337715149
-38.971239775419235
-45.561923027038574
-43.91646592319012
-39.968752801418304
-42.33217439055443
-38.161178916692734
-46.656788647174835
-40.792880058288574
-45.62277492880821
-39.44691917300224
-32.60962688922882
-40.75869785249233
-37.111188262701035
-46.759761184453964
-32.818498983979225
-40.85479252040386
-38.433338195085526
-47.55664652585983
-43.91652378439903
-36.9290209710598
-46.35991644859314
-37.54050597548485
-44.281893730163574
-37.45444107055664
-48.2337863445282
-40.396496921777725
-27.051354348659515
-30.548417299985886
-35.17021805047989
-35.77496665716171
-29.943984359502792
-33.447283536195755
-37.71994626522064
-38.615134835243225
-30.424385488033295
-31.17393097281456
-29.87722696363926
-30.305678606033325
-35.24926695227623
-33.53645810484886
-33.693337470293045
-33.78530451655388
-29.555131047964096
-29.485824078321457
-32.022188022732735
-29.27492506802082
-30.484404057264328
-32.14279016852379
-33.050070479512215
-31.971184492111206
-32.23640328645706
-37.842226177453995
-24.329523533582687
-27.06515271961689
-35.903890162706375
-37.213684886693954
-28.41894581913948
-29.04603138566017
-32.40238055586815
-37.10376366972923
-36.36616516113281
-39.96265745162964
-35.576862037181854
-40.56141912937164
-39.09113946557045
-42.81166550517082
-39.18288606405258
-38.856618136167526
-36.035792857408524
-35.302310436964035
-43.739135444164276
-40.36364242434502
-40.71428495645523
-38.296451419591904
-22.76430542767048
-28.75223910063505
-31.299715533852577
-35.25642530620098
-26.1178397834301
-31.206047035753727
-34.65767143666744
-38.21644386649132
-28.685830786824226
-26.042020738124847
-26.43247376382351
-23.15784204006195
-32.937394216656685
-28.966498784720898
-30.923402547836304
-27.718949675559998
-28.63753381371498
-33.118939995765686
-30.61466720700264
-34.023524075746536
-31.603783130645752
-36.036669224500656
-33.19823682308197
-36.40087306499481
-34.793487310409546
-31.831245094537735
-29.31629967689514
-26.52006021142006
-38.8155682682991
-34.85267946124077
-33.45087668299675
-30.32714954018593
-36.254657447338104
-35.17373204231262
-40.272828459739685
-36.48822298645973
-38.1847702562809
-36.73757275938988
-42.277440935373306
-37.96931090950966
-36.671534061431885
-39.24135264754295
-32.33091053366661
-35.462058037519455
-40.827004075050354
-41.73563760519028
-35.29701009392738
-38.36628556251526
-29.88592329621315
-31.70745414495468
-34.02483928203583
-33.55781301856041
-33.97165647149086
-35.93762585520744
-38.283689349889755
-38.2464242875576
-38.317946046590805
-43.012805074453354
-32.648123651742935
-36.503748178482056
-41.93813633918762
-43.57043233513832
-37.173067063093185
-39.44436267018318
-29.312843903899193
-30.688072100281715
-32.61927339434624
-30.060341641306877
-31.762475550174713
-33.3010528087616
-34.88847127556801
-32.88768991827965
-32.587680011987686
-35.93466565012932
-24.09749475121498
-27.316717192530632
-37.202731281518936
-37.42061901092529
-28.48993092775345
-30.4419606924057
-25.79750829935074
-31.04494720697403
-31.384206511080265
-34.58208018541336
-28.3681623339653
-33.61075520515442
-33.10190214216709
-36.65264829993248
-34.914801090955734
-30.781925439834595
-26.879105553030968
-24.30143839120865
-36.65826824307442
-31.814770877361298
-30.370827049016953
-27.118124276399612
-31.088514789938927
-38.39762242138386
-36.516032323241234
-44.066459342837334
-31.932516291737556
-39.91322310268879
-38.38337180018425
-46.19733199477196
-40.640900149941444
-34.8257862329483
-41.39615601301193
-35.22424906492233
-42.14524103701115
-35.18652145564556
-44.316126734018326
-37.28736160695553
-27.333680845797062
-33.680773600935936
-32.50116039812565
-38.499579668045044
-30.450523242354393
-36.84097734093666
-35.32327553629875
-41.136369466781616
-38.47909924387932
-34.37777900695801
-34.67247778177261
-29.80647161602974
-41.482243701815605
-35.878105252981186
-38.140765726566315
-32.834988325834274
-38.177737426012754
-41.4948873706162
-41.31525209546089
-44.63368645310402
-39.92121219262481
-42.98900347575545
-43.92713665962219
-47.096045434474945
-40.49704936891794
-38.6553308814764
-41.77044606208801
-39.467446118593216
-42.38514573127031
-40.2530642002821
-45.318078488111496
-43.00094133615494
-41.80325619876385
-44.06492854654789
-43.139889389276505
-45.08978373557329
-41.024435594677925
-43.21297284960747
-43.550543040037155
-45.40636998414993
-47.15159812569618
-46.05042617022991
-41.38993984460831
-41.0203900039196
-48.28311941027641
-46.08430454134941
-43.81668356060982
-42.57692727446556
-30.14156636595726
-28.47557920217514
-33.444721817970276
-29.925561279058456
-30.83744588494301
-30.222558915615082
-35.38675341010094
-32.18194171786308
-28.27114710211754
-36.759048491716385
-26.067469149827957
-32.32518872618675
-31.100863814353943
-35.58149117231369
-29.686381340026855
-35.00101527571678
-44.77903777360916
-44.695455968379974
-48.80621674656868
-45.86447310447693
-46.94773429632187
-46.75358545780182
-48.899749755859375
-47.17055884003639
-45.59739136695862
-50.48359352350235
-41.243550688028336
-44.55746006965637
-48.30472919344902
-51.124996334314346
-43.710236340761185
-45.39162316918373
-37.442768692970276
-40.142857640981674
-42.6092472076416
-41.51209318637848
-38.64607501029968
-41.73468950390816
-42.97169816493988
-42.59597957134247
-41.41811794042587
-42.792567014694214
-36.6538320183754
-37.89617744088173
-43.49083694815636
-42.69982951879501
-38.172695726156235
-38.54626023769379
-31.16999027132988
-39.934042282402515
-39.159545347094536
-47.24062293767929
-32.03659338504076
-40.918237052857876
-39.715312868356705
-48.18427076935768
-45.29208126664162
-38.48295146226883
-49.090375900268555
-42.34570509195328
-45.074298053979874
-37.42822091281414
-49.74443766474724
-41.94842967391014
-35.41750520467758
-41.52100256085396
-38.000105649232864
-40.9862300157547
-36.98328983783722
-42.82303223013878
-39.27357351779938
-42.031225085258484
-45.57313108444214
-42.68104925751686
-37.88508027791977
-35.66221672296524
-46.498877078294754
-42.20393306016922
-39.64596489071846
-37.217967450618744
-35.93343406915665
-43.38372681289911
-38.71684221923351
-46.60098539292812
-35.099967032670975
-43.28694262355566
-38.602928817272186
-46.64770567417145
-48.355786472558975
-41.19025717675686
-41.72749434411526
-35.37569361925125
-49.18679657578468
-41.27245205640793
-43.176420986652374
-35.697084844112396
-33.96682417392731
-37.796994268894196
-39.02268597483635
-41.304670572280884
-34.85643255710602
-40.149334877729416
-39.12159413099289
-42.73182514309883
-40.781966894865036
-40.074834764003754
-38.739722937345505
-37.90829861164093
-43.81820893287659
-40.123760879039764
-41.86640015244484
-38.62815880775452
-36.27822059392929
-29.1534306704998
-41.3444758951664
-34.430559292435646
-40.41242927312851
-33.82413610816002
-44.15953066945076
-37.9444423019886
-31.25698944926262
-38.606541872024536
-29.938783317804337
-36.620103269815445
-36.35874128341675
-42.705601185560226
-35.114731192588806
-41.25863629579544
-38.25753174722195
-35.968349635601044
-42.124442756175995
-37.007868990302086
-39.05153289437294
-37.474440693855286
-43.2893992960453
-39.211832374334335
-39.07719576358795
-44.614087760448456
-34.27733767032623
-41.046763241291046
-40.61830046772957
-44.31422916054726
-36.94297382235527
-42.60235112905502
-33.024239897727966
-36.426336109638214
-35.58603176474571
-35.808376520872116
-36.24271720647812
-38.82504218816757
-38.609276950359344
-37.88321873545647
-38.15648487210274
-37.55304977297783
-31.838400304317474
-32.453172504901886
-41.35892975330353
-40.197593092918396
-35.16063338518143
-36.25648099184036
-36.536979883909225
-39.12758034467697
-33.16612195968628
-33.79581235349178
-37.100508987903595
-39.716670364141464
-35.372244864702225
-36.20351654291153
-38.03353488445282
-39.411004573106766
-31.6915283203125
-34.43512815237045
-39.53530538082123
-38.596488028764725
-33.574103862047195
-34.21063655614853
-34.30807864665985
-38.673781514167786
-37.35237595438957
-37.976897209882736
-35.86728733778
-39.51442587375641
-38.37595571577549
-39.03055337071419
-39.94338771700859
-37.080127358436584
-32.71227791905403
-32.19854882359505
-42.08555689454079
-39.23482543230057
-35.665573835372925
-35.335112512111664
-29.044923193752766
-32.09616433829069
-33.48024517297745
-36.109159022569656
-31.301682606339455
-34.499864131212234
-36.660666942596436
-39.49982267618179
-33.49129010736942
-35.11755432933569
-34.70374807715416
-35.85542470216751
-37.12340699136257
-37.51399590820074
-40.06691998243332
-40.00019067525864
-45.76719471812248
-46.440211191773415
-45.98673017323017
-42.83093860000372
-48.15552753210068
-47.364030972123146
-46.5127097517252
-42.55539491772652
-47.82348845899105
-48.992669969797134
-37.12035775184631
-41.46652893722057
-50.709785491228104
-51.86630776524544
-39.401710733771324
-43.78213323652744
-32.00576236844063
-34.63467061519623
-34.00776633620262
-34.541851699352264
-33.14721694588661
-35.986665576696396
-34.485146164894104
-35.63147762417793
-34.4451839029789
-35.92964106798172
-28.49364596605301
-28.812406599521637
-37.060956448316574
-35.88111910223961
-31.145320534706116
-29.884650737047195
-35.36268946528435
-37.718571204692125
-40.019859582185745
-40.918031841516495
-35.183321729302406
-38.092787489295006
-38.783093303442
-40.81027173995972
-37.086023949086666
-37.58006037771702
-33.29977908730507
-34.21185213327408
-38.68113752454519
-36.85920786857605
-34.855510503053665
-33.91390296816826
-33.45815709233284
-39.64426186680794
-37.24898174405098
-41.28000867366791
-34.15952092409134
-40.34603530168533
-37.86257845163345
-42.34108731150627
-44.53825604915619
-43.406284153461456
-40.13707962632179
-37.78300732374191
-44.98627254366875
-41.391053915023804
-41.37365418672562
-37.96226480603218
-37.82304907590151
-38.74006351083517
-43.635508030653
-43.96564355492592
-37.74234081804752
-38.985521994531155
-44.493736535310745
-45.08407932519913
-39.24043765664101
-40.58013954758644
-42.10366617143154
-43.97464647889137
-40.987951427698135
-40.81208297610283
-43.92432400584221
-44.47768819332123
-37.66833832859993
-38.40803852677345
-40.69406649470329
-39.72146862745285
-38.56152620911598
-39.26487457752228
-40.70812609791756
-39.79421678185463
-41.78142440319061
-43.48001345992088
-36.02419191598892
-37.26039472222328
-42.97634854912758
-43.72317209839821
-36.64708611369133
-38.01088836789131
-30.916617333889008
-32.71010559797287
-35.22184470295906
-32.92993474006653
-34.1213336288929
-35.94187372922897
-37.66655048727989
-35.66587167978287
-34.26649019122124
-36.96857392787933
-31.000595271587372
-34.69877767562866
-38.561715215444565
-38.83655110001564
-33.484892547130585
-36.75776034593582
-29.031279623508453
-32.030241310596466
-36.10926643013954
-35.51074095070362
-32.64355430006981
-34.849129378795624
-38.29454533755779
-36.93989436328411
-31.30019861459732
-32.76902982592583
-25.917378336191177
-28.11297182738781
-35.2904854118824
-34.756101578474045
-29.3016374707222
-31.277514725923538
-34.03357458114624
-36.97287639975548
-36.395701706409454
-39.88404235243797
-35.06721091270447
-38.439041286706924
-38.27772244811058
-42.442703902721405
-40.88452225923538
-39.36317566037178
-39.434280186891556
-37.35699021816254
-43.392454236745834
-40.62344408035278
-42.55617913603783
-39.41884505748749
-40.1226596981287
-42.84148591756821
-40.36169330775738
-40.70223755389452
-39.53498187661171
-43.07319074869156
-39.729858711361885
-41.10609017312527
-46.62539191544056
-45.84247067570686
-37.8810248374939
-38.43335960805416
-48.56004485487938
-45.400348380208015
-40.522664338350296
-38.80618694424629
-37.32685151696205
-36.0642064511776
-42.77123045921326
-40.644146114587784
-38.9618022441864
-37.858433216810226
-42.24743169546127
-40.39112031459808
-38.49361774325371
-43.71283122897148
-33.72149237990379
-37.04054436087608
-41.3168651163578
-44.383784264326096
-34.510161846876144
-36.66983273625374
-34.82443068921566
-41.612750098109245
-37.068905130028725
-44.92505629360676
-35.17718768119812
-42.45367443561554
-38.50277669727802
-46.65272510051727
-46.05049546062946
-40.17882114648819
-40.495630741119385
-33.75462818145752
-47.53602807223797
-40.67568442225456
-43.3889003098011
-35.708047181367874
-34.35524648427963
-38.47917798161507
-38.48234888911247
-39.2567834854126
-36.59673947095871
-39.86451178789139
-39.375068694353104
-39.678743958473206
-39.294621616601944
-38.91214907169342
-36.08558201789856
-36.24624219536781
-41.5198310315609
-40.440877586603165
-37.31316649913788
-37.643377125263214
-36.26910921931267
-38.384236097335815
-39.02844539284706
-40.52514851093292
-37.44135743379593
-39.46344232559204
-41.238396525382996
-42.905288964509964
-36.62273472547531
-38.587124824523926
-37.91948997974396
-39.748792201280594
-39.358111560344696
-39.06812509894371
-41.619739562273026
-41.3472803235054
-42.39964872598648
-36.93877837061882
-47.03435502946377
-41.065422251820564
-44.23218932747841
-39.22799488902092
-48.3663896471262
-42.86577731370926
-39.30888697504997
-45.68332242965698
-35.81660768389702
-41.87748159468174
-41.143895506858826
-46.58498030900955
-38.248362094163895
-43.90088330209255
-36.57078932225704
-35.107485577464104
-40.351621240377426
-38.352942943573
-36.82968710362911
-35.732911705970764
-41.27084827423096
-39.94495904445648
-34.48699754476547
-39.6649237126112
-36.716477155685425
-41.52211037278175
-36.41194945573807
-39.41993674635887
-39.495669901371
-42.11168918013573
-32.646359261125326
-34.93218702822924
-34.60721844434738
-33.5848863273859
-30.792957581579685
-32.86072663962841
-34.2190753147006
-33.350974939763546
-37.272294752299786
-38.799635633826256
-30.052725978195667
-32.89666672423482
-36.814496606588364
-36.50085696578026
-31.089982897043228
-33.05756403505802
-33.34905569255352
-37.20512530207634
-38.19510108232498
-37.86125421524048
-35.14954200387001
-38.774717807769775
-39.74040570855141
-40.021895349025726
-40.944605857133865
-42.92829538881779
-34.86956423521042
-36.92408859729767
-42.50952371954918
-41.91206952929497
-37.912469655275345
-38.69059470295906
-31.26910136640072
-32.885553136467934
-35.357667446136475
-35.30206587910652
-32.44607278704643
-33.59251245856285
-36.31167767941952
-36.14080014824867
-31.78758630156517
-34.237465515732765
-29.159963130950928
-31.865002647042274
-34.62225812673569
-34.9717501103878
-31.23282426595688
-32.91746002435684
-35.41411891579628
-35.227362006902695
-40.77366518974304
-38.2560841999948
-35.30279729515314
-35.12430512160063
-40.66555918008089
-38.22730655223131
-37.56575644016266
-39.82323795557022
-32.88768316805363
-36.59736546128988
-39.92444382607937
-40.31825549900532
-34.39691449701786
-37.41896405816078
-35.33074960112572
-36.16122689843178
-41.96016699075699
-41.264220148324966
-36.79656946659088
-37.571991100907326
-43.28001460433006
-42.59540984034538
-35.97673228383064
-39.54421505331993
-39.551782220602036
-43.879185795784
-36.58913776278496
-37.64338381588459
-41.0015814602375
-43.22885575890541
-31.291294157505035
-32.86381322145462
-34.95491348952055
-34.058571577072144
-31.218868017196655
-32.90617194771767
-35.54308807104826
-34.99520969390869
-33.98542979359627
-39.87879014015198
-31.933373298496008
-37.05059255287051
-35.572183072566986
-38.159663289785385
-34.37068513035774
-37.069810811430216
-32.866650491952896
-36.15215054154396
-40.22736944258213
-41.02909769117832
-35.795634388923645
-39.09906721115112
-40.04904381930828
-41.751608699560165
-38.44398611783981
-40.64668318629265
-33.675738751888275
-34.17248710989952
-42.454987823963165
-41.53043022751808
-36.07670220732689
-34.501843601465225
-24.645320162177086
-34.222068309783936
-27.76933690905571
-35.6448700428009
-26.294945865869522
-34.462525606155396
-29.757967084646225
-36.43884375691414
-36.7129870057106
-30.064158707857132
-31.714195042848587
-25.477507382631302
-36.04215443134308
-29.33545982837677
-33.4101277589798
-27.424649596214294
-31.273311462253332
-31.857644632458687
-39.60808873176575
-37.16567251831293
-33.34626503288746
-33.55156072974205
-40.75971834361553
-38.481557965278625
-33.44325748831034
-36.12297506630421
-28.599384382367134
-31.406275987625122
-36.4010401815176
-37.55965027958155
-31.02446049451828
-33.451133236289024
-38.48954054713249
-40.88419584929943
-36.910053461790085
-38.635427206754684
-38.983865320682526
-41.63860520720482
-39.15075173974037
-41.01108080148697
-39.3584668636322
-39.97395360469818
-35.421474516391754
-36.805410236120224
-41.863219022750854
-40.26956522464752
-39.23578268289566
-38.86162430047989
-29.870345324277878
-31.92734071612358
-32.21437221765518
-32.23725759983063
-32.03895837068558
-34.53312462568283
-35.23082137107849
-35.57314705848694
-33.08489203453064
-36.687654972076416
-30.481629818677902
-32.98873287439346
-37.95955842733383
-38.28006526827812
-35.12275171279907
-36.046788185834885
-30.99912914633751
-39.00881093740463
-33.49720358848572
-41.11874648928642
-31.055323094129562
-38.22913894057274
-34.24937188625336
-40.74314859509468
-42.05871939659119
-34.94170740246773
-40.91243812441826
-34.335555493831635
-41.65768852829933
-34.53419750928879
-41.27736034989357
-35.455632388591766
-39.502257734537125
-42.878151178359985
-46.18019196391106
-45.293912172317505
-39.584714472293854
-43.06584122776985
-47.20236927270889
-46.0196028649807
-42.221162021160126
-43.24781709909439
-40.65980762243271
-43.541338354349136
-44.83550468087196
-43.83918237686157
-43.43764716386795
-46.13437423110008
-28.900321021676064
-30.702827230095863
-34.79325395822525
-34.509334817528725
-31.919340066611767
-33.59119337052107
-37.67820888757706
-37.42490895092487
-31.820342272520065
-32.852092027664185
-28.826532274484634
-29.464001685380936
-35.012087896466255
-34.73541343212128
-32.43274863064289
-32.61232014000416
-33.24457388371229
-37.32779025286436
-37.32267341390252
-37.81469773128629
-33.87380540370941
-37.531190402805805
-37.85117246955633
-38.98654343560338
-40.214087054133415
-40.27587552368641
-35.117421582341194
-36.58375423401594
-42.13149546831846
-41.19234658777714
-37.66616349667311
-38.097201362252235
-24.21408288180828
-31.086193785071373
-28.888663351535797
-36.805622577667236
-26.90402476489544
-33.19822135567665
-31.718042373657227
-39.01480442285538
-34.01753357052803
-27.587846219539642
-36.016739189624786
-29.641155928373337
-35.067715018987656
-29.07098326086998
-37.93199849128723
-31.873542815446854
-30.101948708295822
-34.37935471534729
-34.45786938071251
-39.26589435338974
-32.03400366008282
-36.680182337760925
-35.723601803183556
-41.42128986120224
-37.96116763353348
-35.363645762205124
-35.96459826827049
-32.34847643971443
-39.20931154489517
-35.08696174621582
-38.1392842233181
-32.754137456417084
-40.63718083500862
-44.03301382064819
-40.43215802311897
-44.385902002453804
-40.93219667673111
-44.01014995574951
-41.81930097937584
-45.3219573199749
-47.06460174918175
-44.84442287683487
-40.85383531451225
-38.47729268670082
-48.913805931806564
-45.55212363600731
-43.094885379076004
-40.2096092402935
-31.524518460035324
-32.13306128978729
-33.28465783596039
-33.680369555950165
-35.308322727680206
-36.69402912259102
-38.481101751327515
-39.18242943286896
-31.514605432748795
-35.956169962882996
-31.762466460466385
-36.008025497198105
-36.21108561754227
-37.32024011015892
-37.58830985426903
-39.5937414765358
-30.395571500062943
-34.31450346112251
-35.08345168828964
-37.98953914642334
-32.932582437992096
-35.8388552069664
-36.75771749019623
-38.82953363656998
-32.836312621831894
-32.16448691487312
-31.111220091581345
-29.507425993680954
-36.195423156023026
-34.813403993844986
-33.51205167174339
-31.996024072170258
-40.23733985424042
-39.079104363918304
-42.55626145005226
-38.576155573129654
-42.9883773624897
-41.185470163822174
-43.88765874505043
-39.903591990470886
-43.13953548669815
-46.55808660387993
-33.879952162504196
-38.734001874923706
-46.353311240673065
-48.148854076862335
-36.34354889392853
-40.26034080982208
-34.19505488872528
-34.694901913404465
-36.192365407943726
-34.03457875549793
-34.891701489686966
-35.286751478910446
-36.888365879654884
-34.60460224747658
-38.67074120044708
-42.05000972747803
-31.741549342870712
-34.527408182621
-40.43274584412575
-40.522482842206955
-32.69561383128166
-34.765350222587585
-36.5037744641304
-39.883922308683395
-41.62432846426964
-42.344611912965775
-37.234788328409195
-40.327392280101776
-41.72635132074356
-42.24797743558884
-41.316008150577545
-41.34999054670334
-41.62377905845642
-42.32064116001129
-42.31733548641205
-40.978965401649475
-42.57310590147972
-43.1711083650589
-31.53219898045063
-34.889130279421806
-37.61022591590881
-39.56365767121315
-33.47838017344475
-37.17643614113331
-38.20726823806763
-40.52362594008446
-37.75603990256786
-40.387538716197014
-32.309731394052505
-32.01135468482971
-41.11792044341564
-40.218004271388054
-34.78652009367943
-32.92737036943436
-33.08273304998875
-33.58766686916351
-36.34507457911968
-36.87056094408035
-33.44770856201649
-34.607109770178795
-37.562319844961166
-38.69558107852936
-34.972578912973404
-38.35233296453953
-37.043388932943344
-39.8993099629879
-36.99487102031708
-37.91464579105377
-39.141101479530334
-40.210151106119156
-24.689998120069504
-27.487059980630875
-29.233347982168198
-29.39236295223236
-26.464811861515045
-29.22496724128723
-32.02363422513008
-32.47833716869354
-30.446424156427383
-37.451145857572556
-26.024385631084442
-28.71697586774826
-32.24251148104668
-35.501221895217896
-29.118775248527527
-30.320898801088333
-48.884148091077805
-48.78270235657692
-49.138147711753845
-49.05765211582184
-46.25347650051117
-46.9920057952404
-48.1571584045887
-48.77105139195919
-50.55212393403053
-52.26506319642067
-49.24433723092079
-50.99985000491142
-50.471204340457916
-50.45771259069443
-50.7386249601841
-50.86393761634827
-34.38731697201729
-30.771840929985046
-38.38162785768509
-33.28362628817558
-36.77045080065727
-33.381419241428375
-40.2879900932312
-35.25297451019287
-32.75088292360306
-38.708417773246765
-27.837943017482758
-34.01355388760567
-36.247006833553314
-40.236236214637756
-31.2197605073452
-36.17837902903557
-39.996190175414085
-40.118082731962204
-45.15700942277908
-44.860082387924194
-39.87685014307499
-40.527139976620674
-46.02416831254959
-46.45593759417534
-41.00008085370064
-42.16261123120785
-42.03811177611351
-43.17924752831459
-41.98994320631027
-42.04369379580021
-43.98266103863716
-44.30857998132706
-31.58161959797144
-36.49089661240578
-36.49750477075577
-40.580314606428146
-31.869763389229774
-37.3061266541481
-36.341867566108704
-40.56619793176651
-40.23448923230171
-36.74351850897074
-34.857071578502655
-31.47222262620926
-41.533361971378326
-37.383360125124454
-36.75831991434097
-33.08732354640961
-36.80993205308914
-42.09800121188164
-41.146527856588364
-41.891722574830055
-38.122615188360214
-43.18763589859009
-41.000236451625824
-42.525577396154404
-44.99185627698898
-41.76471036672592
-35.42765688896179
-35.205042481422424
-47.65851911902428
-43.75473102927208
-38.229686588048935
-37.048913061618805
-38.264648370444775
-37.84164775907993
-43.08464169502258
-41.16213297843933
-38.903158746659756
-38.91992908716202
-44.08312231302261
-42.15614688396454
-40.82787036150694
-43.58858162164688
-39.69524022936821
-43.22607001662254
-42.9656788110733
-43.85126516222954
-41.64438325166702
-44.15770834684372
-39.37055712938309
-42.08320954442024
-42.79870817065239
-45.29830554127693
-39.112494468688965
-41.976497024297714
-43.80607312917709
-46.171454668045044
-44.03066176176071
-44.97408410906792
-41.36548039317131
-40.93835213780403
-45.74510970711708
-44.72590705752373
-43.76395061612129
-42.64572462439537
-35.80942915380001
-37.083673283457756
-38.42381323873997
-37.938058257102966
-35.855453953146935
-37.303526386618614
-38.9011487364769
-38.93795782327652
-38.92919118702412
-40.28429289162159
-34.93842278420925
-37.758753046393394
-39.91617202758789
-39.5963928848505
-36.54669317603111
-37.98217287659645
-34.86098163574934
-36.22422528266907
-37.63575142621994
-37.02644595503807
-35.020843744277954
-36.85450494289398
-38.851557046175
-38.61772075295448
-41.42832453548908
-45.302288234233856
-33.00554037094116
-35.47700306773186
-43.50874325633049
-44.01679269969463
-35.18877437710762
-36.703324139118195
-31.13462656736374
-34.8171843290329
-35.18360263109207
-36.794063955545425
-33.83587858080864
-37.43767938017845
-37.21556901931763
-39.069305032491684
-37.731651574373245
-38.06966117024422
-32.79227814078331
-32.39910164475441
-40.712109446525574
-38.194958835840225
-35.339857786893845
-33.38412880897522
-29.054379016160965
-30.033455595374107
-35.08968314528465
-36.37596154212952
-31.19126805663109
-32.41422539949417
-37.585549384355545
-39.28723621368408
-32.76539525389671
-34.89954935014248
-36.36487540602684
-37.929459512233734
-34.31904810667038
-33.90517197549343
-39.48051315546036
-39.058525800704956
-36.352102279663086
-35.911554001271725
-38.89212316274643
-37.285400331020355
-36.69733903557062
-36.54003231227398
-39.23707690834999
-37.865906208753586
-36.92028543353081
-41.42851932346821
-33.87379598617554
-37.56924390792847
-38.55887432396412
-41.017831698060036
-35.836355805397034
-38.32364672422409
-25.42987025156617
-25.482876770198345
-34.90346127003431
-32.633190959692
-29.091893069446087
-28.948677621781826
-36.72501392662525
-34.586129665374756
-25.718467600643635
-28.651749588549137
-23.908241920173168
-26.59469874203205
-31.40238095074892
-32.34486770629883
-27.682583779096603
-29.68264663219452
-36.71849927306175
-38.307787120342255
-38.13151001930237
-38.373010367155075
-39.15874916315079
-41.21884471178055
-40.257469952106476
-40.66720628738403
-40.621214389801025
-43.170629650354385
-34.569346368312836
-35.84395310282707
-43.47701236605644
-43.17018303275108
-37.08797234296799
-37.239709585905075
-28.69014947116375
-31.39506359398365
-35.2334660589695
-36.102433264255524
-30.819425851106644
-33.77511201798916
-36.87865960597992
-38.172849863767624
-34.521685644984245
-36.537271589040756
-35.06239399313927
-37.446111887693405
-38.148240596055984
-38.014369651675224
-38.23667713999748
-39.16717404127121
-25.927890360355377
-28.421206831932068
-28.21044883131981
-29.08355924487114
-30.059535682201385
-32.84259259700775
-31.952067583799362
-33.449979931116104
-26.481485307216644
-25.85225722193718
-23.55526289343834
-23.496138125658035
-31.48731443285942
-29.81731879711151
-29.11567184329033
-28.466666102409363
-34.69939535856247
-37.99946889281273
-37.2792988717556
-37.47560462355614
-35.65645146369934
-38.8188242316246
-37.82975396513939
-37.94468545913696
-41.05996245145798
-40.556831389665604
-34.707735031843185
-35.43596491217613
-42.32819166779518
-40.57752302289009
-35.755647391080856
-35.94661432504654
-30.69213357567787
-30.466242730617523
-34.36388158798218
-31.99025720357895
-34.53862875699997
-33.35681700706482
-39.02260082960129
-35.77906912565231
-30.788208544254303
-36.034823417663574
-26.878956496715546
-31.323044657707214
-36.08278852701187
-39.52434453368187
-32.45081600546837
-36.88003885746002
-47.45453538000584
-50.76142376661301
-45.266733795404434
-46.559442430734634
-47.28297208249569
-50.86930161714554
-46.180322259664536
-47.51147732138634
-56.96611675620079
-56.09416435658932
-44.21811839938164
-43.98923981189728
-55.50803306698799
-52.839822843670845
-45.739171624183655
-44.622223258018494
-26.337219767272472
-26.56457595527172
-30.554611165076494
-27.25826819241047
-28.52477154135704
-27.52670092880726
-32.624294716864824
-28.519893050193787
-26.665447652339935
-30.77631539851427
-21.936065547168255
-26.16373048722744
-30.382468223571777
-33.59867596626282
-24.748314648866653
-29.16795776039362
-43.376186192035675
-43.37399259209633
-44.661932080984116
-42.826467245817184
-46.06308898329735
-45.89737358689308
-46.412896275520325
-44.58247563242912
-45.17738088965416
-50.55938184261322
-39.333600878715515
-43.52719947695732
-48.17624354362488
-51.315015971660614
-41.52114313840866
-45.11323919892311
-31.673401594161987
-33.21766069531441
-33.997287690639496
-33.6838790923357
-33.12550449371338
-34.81200870871544
-33.81144182384014
-33.347742304205894
-33.82305392622948
-32.981573432683945
-26.973016172647476
-28.21581071615219
-37.30356180667877
-35.83422037959099
-29.01723212003708
-29.3965163230896
-34.367654994130135
-44.44194570183754
-34.5366276204586
-44.23708549141884
-34.908814668655396
-43.96099179983139
-36.01425716280937
-44.5167438685894
-46.882087260484695
-37.837369322776794
-37.68816238641739
-29.10119378566742
-47.47954587638378
-38.94684052467346
-39.15581348538399
-31.683324843645096
-36.21753725409508
-33.74738758802414
-35.60020178556442
-32.43946245312691
-37.16817870736122
-34.90180715918541
-37.27159048616886
-34.86183050274849
-34.816454380750656
-41.69040247797966
-30.461667761206627
-37.62093284726143
-37.08471742272377
-40.72313541173935
-33.080467253923416
-37.334595680236816
-35.382338136434555
-38.429800271987915
-38.52451252937317
-41.66010692715645
-36.08240857720375
-39.39494961500168
-39.6185117661953
-42.64074155688286
-39.657302647829056
-38.18458071351051
-38.63408479094505
-36.61219307780266
-41.70666456222534
-38.82601299881935
-40.26932233572006
-38.00235462188721
-43.486575216054916
-41.783561617136
-46.47947108745575
-43.875127255916595
-43.527640491724014
-42.30978882312775
-46.62313812971115
-44.36153641343117
-43.850410133600235
-47.21913534402847
-41.706395238637924
-45.31084841489792
-44.37541922926903
-46.11293116211891
-42.6983540058136
-45.363281935453415
-25.4822169393301
-26.954371750354767
-30.14782853424549
-29.67068523168564
-25.26354268193245
-27.133269429206848
-30.49992725253105
-31.064146921038628
-36.95617699623108
-40.43805259466171
-31.235469490289688
-33.80182136595249
-36.39967957139015
-37.82600715756416
-32.193377524614334
-33.0800805836916
-51.65686371922493
-47.080805480480194
-51.31116080284119
-47.58269411325455
-53.0093894302845
-49.49113526940346
-52.437457114458084
-49.375915199518204
-53.591333001852036
-59.03024145960808
-43.80307534337044
-48.62401819229126
-54.98351761698723
-59.04106420278549
-46.08492410182953
-49.69032281637192
-29.82951134443283
-30.6221863925457
-32.532720260322094
-32.40337873250246
-32.59693130850792
-33.145850986242294
-34.3370546400547
-33.86545744538307
-30.951941281557083
-32.2400561273098
-26.67807650566101
-27.520085997879505
-34.56598046422005
-35.07788905501366
-30.013731375336647
-31.093376323580742
-27.055059164762497
-27.660283610224724
-31.006202593445778
-29.98672154545784
-30.131458818912506
-30.231879830360413
-33.85527919232845
-32.74726551771164
-30.922373443841934
-34.79329651594162
-26.369910076260567
-28.101396709680557
-34.204317539930344
-36.47536754608154
-30.234236404299736
-31.602419048547745
-37.57229392975569
-36.609935358166695
-36.33583376556635
-32.31092894822359
-39.904735535383224
-38.9188672080636
-37.337489396333694
-33.537901520729065
-42.05278792977333
-45.14380906522274
-30.332960948348045
-34.54349519312382
-43.584601171314716
-44.850304178893566
-32.206646770238876
-35.77105113863945
-36.79441964626312
-40.7230087518692
-39.15121841430664
-39.24890273809433
-38.659603536129
-41.994188368320465
-41.34308019280434
-40.70128074288368
-41.984928131103516
-40.9503410756588
-35.01640832424164
-35.50328400731087
-44.72759249806404
-43.559990376234055
-38.16761553287506
-39.09551599621773
-29.551152862608433
-36.785182774066925
-33.62962335348129
-39.280500531196594
-31.62825147807598
-39.04015266895294
-36.18459516763687
-41.71742382645607
-40.659609988331795
-35.072810634970665
-32.253938645124435
-26.90169867873192
-43.593756183981895
-37.28508646786213
-36.59004157781601
-31.20532512664795
-33.158875681459904
-37.04916727542877
-36.77254518866539
-39.00423291325569
-34.58781476318836
-38.44073757529259
-37.960952430963516
-40.10373556613922
-41.10285571217537
-38.79312425851822
-34.79424488544464
-33.13931465148926
-43.35249352455139
-39.608191311359406
-37.197081714868546
-34.95536035299301
-33.250806510448456
-37.12718480825424
-37.263037502765656
-40.14851772785187
-34.3819043636322
-38.44943827390671
-38.51445320248604
-41.542375802993774
-44.74941271543503
-46.66600555181503
-41.740592151880264
-42.370556086301804
-44.030787140131
-42.544863760471344
-41.9492130279541
-40.6989883184433
-40.11754831671715
-39.4622340798378
-40.18542744219303
-36.8105923384428
-41.249044835567474
-41.42848113179207
-40.038675993680954
-37.57415974140167
-41.61158564686775
-43.512927800416946
-34.451327204704285
-39.19138862192631
-44.15949288010597
-44.02365458011627
-35.73001313209534
-38.3247135579586
-37.02095240354538
-35.99950855970383
-38.48343884944916
-35.340470999479294
-39.371884763240814
-38.42019060254097
-39.311274856328964
-36.52498698234558
-37.4776830971241
-42.807903081178665
-28.603921115398407
-33.08375886082649
-39.88961625099182
-43.13653913140297
-31.281315326690674
-34.86020568013191
-32.66577982902527
-38.801090717315674
-39.992884546518326
-43.62747275829315
-33.10052469372749
-39.80938756465912
-39.791298151016235
-43.912146627902985
-43.82296895980835
-41.51505625247955
-42.818165361881256
-40.99868547916412
-45.13416340947151
-40.66266572475433
-44.0950243473053
-40.88124269247055
-29.2159104347229
-33.48834156990051
-35.92434832453728
-35.91350865364075
-31.57156775891781
-35.56463772058487
-36.740527242422104
-37.75608977675438
-38.40570229291916
-37.715121030807495
-32.23186293244362
-34.092847257852554
-39.41726538538933
-37.51366689801216
-34.381840497255325
-35.178032010793686
-32.31111058592796
-32.57738396525383
-31.04298597574234
-30.886302918195724
-34.0743388235569
-34.69981998205185
-32.03275316953659
-32.03818318247795
-34.97659111022949
-38.07694259285927
-27.724085211753845
-28.996354311704636
-37.27947610616684
-38.72514370083809
-29.570898681879044
-30.55097159743309
-35.999703757464886
-37.26304714381695
-36.03729600459337
-35.446232080459595
-38.00017833709717
-39.53868090361357
-36.93891881406307
-36.51177267730236
-39.89744479954243
-40.67111513018608
-31.03721223771572
-32.4199124276638
-41.78658124804497
-41.17586652934551
-32.709795877337456
-33.62184685468674
-34.26994505524635
-34.74100089073181
-37.393756091594696
-34.43034112453461
-37.65555301308632
-36.03555876016617
-40.47614933550358
-35.81288665533066
-35.207421004772186
-38.007677644491196
-31.334146291017532
-34.92809343338013
-38.410647839307785
-41.29967957735062
-34.1947486102581
-39.166619300842285
-24.73580815643072
-26.917780749499798
-31.92856401205063
-31.473890900611877
-28.169692501425743
-29.190280258655548
-33.47289216890931
-32.42777444422245
-27.571000024676323
-29.445908419787884
-24.709886699914932
-26.66480039432645
-31.552432030439377
-31.519368574023247
-26.53843817859888
-27.95378242433071
-28.014810010790825
-31.06806291639805
-33.94474260509014
-35.9289707839489
-29.920855298638344
-32.842445239424706
-35.66767060756683
-37.71083828806877
-33.24489235877991
-32.685458555817604
-34.6076774597168
-35.16305707395077
-35.02919518947601
-32.961592108011246
-36.76038861274719
-35.63034537434578
-33.04581207036972
-33.05614160001278
-35.086140632629395
-33.04934987425804
-35.03154644370079
-35.570614486932755
-35.034732677042484
-33.4787750095129
-34.04461896419525
-39.30836597084999
-29.269342079758644
-33.50991736352444
-37.80153673887253
-40.10308277606964
-30.429210007190704
-33.32294401526451
-31.403146982192993
-34.12251292169094
-37.854691833257675
-38.16523736715317
-33.60553178191185
-36.136206194758415
-39.50073251128197
-39.31463834643364
-36.73645706474781
-39.90752421319485
-36.86686781048775
-38.8084411919117
-39.57415729761124
-40.35127808153629
-39.0865044593811
-41.00290885567665
-34.27476543188095
-36.457338243722916
-37.868181109428406
-38.53739333897829
-36.38256721198559
-38.121953040361404
-39.43025452643633
-39.51056557893753
-39.799615412950516
-39.26824915409088
-36.49332728981972
-36.509219110012054
-42.30813339352608
-41.239883959293365
-38.567902609705925
-38.813306838274
-29.141175359487534
-30.73194858431816
-33.98818075656891
-33.86362239718437
-29.752611100673676
-30.64581125974655
-34.381439566612244
-33.80756360292435
-34.61279118061066
-37.40579015016556
-32.239355862140656
-34.093544244766235
-34.62693238258362
-35.68307521939278
-32.40426889061928
-33.71462509036064
-14.973655886948109
-19.446484446525574
-28.02358302474022
-28.45993299782276
-19.955993592739105
-23.72008439898491
-30.920382097363472
-30.91266079246998
-19.213626191020012
-19.691828347742558
-21.307413391768932
-22.480420917272568
-25.229110717773438
-23.669460885226727
-24.92527310550213
-25.806026071310043
-40.6575099080801
-36.47770546376705
-44.747890055179596
-40.558051615953445
-44.15264993906021
-38.52510288357735
-48.04036292433739
-41.94986432790756
-38.5720270127058
-45.769987270236015
-36.71440914273262
-41.62601402401924
-40.61947759985924
-47.88297060132027
-38.74769940972328
-44.72449138760567
-25.87569309771061
-30.13407751172781
-33.20778324455023
-33.73979479819536
-27.76751519739628
-31.459991082549095
-34.52278011292219
-35.059848204255104
-31.259488217532635
-32.86922284215689
-27.167089492082596
-26.68897471576929
-34.75963570922613
-33.76693871617317
-29.67184306681156
-28.967415742576122
-30.432455018162727
-34.670674957334995
-36.19995918869972
-36.29427945613861
-32.38438270241022
-36.58614702522755
-37.43103228509426
-38.67592126131058
-37.38972990214825
-38.809730395674706
-30.233074456453323
-31.181555658578873
-40.16457498073578
-39.01934617757797
-33.895283341407776
-33.64041739702225
-35.64050939679146
-36.12663713097572
-38.26124742627144
-38.14269030094147
-38.32341131567955
-38.59984368085861
-39.442820727825165
-39.557931661605835
-34.43252944946289
-37.842874467372894
-31.59942565858364
-33.02380767464638
-38.82747623324394
-40.424033015966415
-35.575827181339264
-36.47753667831421
-33.50922113656998
-32.87222895026207
-39.50692301988602
-35.19778051972389
-34.63748028874397
-34.48707577586174
-40.745103776454926
-37.38244754076004
-40.06860738992691
-47.344283163547516
-34.5791158080101
-39.88409706950188
-41.77000340819359
-45.96623274683952
-37.74637719988823
-41.81758290529251
-34.84833878278732
-41.52813567221165
-41.68088811635971
-41.952316135168076
-36.1010307520628
-41.79726204276085
-42.03686758875847
-42.04219979047775
-43.290075212717056
-38.69975173473358
-36.25549051165581
-36.221025094389915
-45.506334364414215
-40.4611304551363
-38.1358345746994
-37.827379047870636
-38.583931893110275
-42.08324870467186
-42.312317967414856
-45.4685395359993
-40.56108698248863
-44.3341284096241
-43.302810460329056
-46.681486397981644
-45.37705871462822
-42.95377919077873
-41.468930542469025
-38.64132916927338
-47.34213361144066
-44.45787447690964
-43.15707954764366
-40.1733580827713
-41.3620291352272
-42.18935984373093
-42.806745663285255
-40.11524724215269
-40.29313287138939
-40.802149906754494
-43.01607792079449
-39.65537079423666
-45.395527355372906
-45.04240473359823
-34.35391195118427
-38.39532469213009
-47.22535586357117
-45.90181362628937
-35.678423687815666
-39.50583307445049
-38.49755308032036
-39.64355248212814
-40.55008764564991
-40.358372896909714
-37.32778163254261
-38.52655750513077
-40.88883325457573
-41.40936017036438
-37.66627436876297
-39.745989844202995
-38.44665992259979
-41.89510774612427
-39.40366140007973
-39.25294454395771
-41.07770746946335
-42.35863494873047
-30.749865353107452
-33.91472816467285
-35.51725743710995
-36.062421172857285
-30.550605088472366
-34.05777004361153
-35.67863766849041
-36.708751022815704
-36.47770741581917
-37.1380529999733
-32.38099166750908
-33.737707763910294
-37.67926833033562
-36.36500659584999
-34.768492460250854
-34.95215606689453
-33.80114021897316
-37.78011938929558
-37.332446455955505
-38.74139657616615
-35.91131255030632
-40.16567751765251
-38.55354377627373
-40.3822246491909
-41.44736313819885
-40.905494034290314
-36.570201337337494
-36.46793746948242
-43.83993488550186
-41.316220343112946
-38.23061543703079
-36.99970009922981
-35.9406079351902
-37.94585341215134
-43.25537666678429
-42.92306485772133
-38.555534452199936
-40.68933394551277
-45.065637707710266
-44.830976605415344
-36.06401455402374
-37.254045993089676
-39.9719922542572
-43.026711225509644
-39.13027647137642
-38.9141855686903
-42.772428661584854
-44.43225339055061
-31.549556642770767
-33.13219657540321
-35.08476948738098
-34.43885663151741
-32.3000274002552
-34.183110892772675
-35.61927464604378
-35.08943352103233
-31.79641705751419
-37.03268605470657
-29.7878135740757
-33.26370486617088
-34.94087675213814
-36.33176431059837
-31.52121138572693
-33.658045560121536
-34.80963897705078
-35.51545277237892
-37.451454281806946
-37.32922840118408
-38.30605924129486
-38.96607345342636
-40.23183208703995
-39.73974171280861
-36.99063757061958
-40.368528574705124
-32.644419983029366
-34.27581351995468
-42.75161758065224
-44.137278497219086
-37.54187500476837
-38.44177067279816
-32.24904562532902
-35.38077814131975
-36.51880867779255
-35.60397054255009
-33.6024404168129
-36.317847803235054
-37.60678872466087
-36.897506296634674
-39.13067054748535
-38.47119836509228
-31.614990517497063
-32.12803474068642
-41.60047636926174
-39.53622278571129
-33.638115867972374
-33.629054725170135
-40.691653072834015
-38.72778803110123
-41.81426502764225
-39.90957173705101
-40.764432564377785
-37.834446638822556
-42.53816220164299
-39.99422624707222
-38.196865886449814
-42.536452293395996
-38.41969430446625
-42.55963498353958
-38.69201463460922
-43.054858922958374
-39.9518466591835
-43.70619094371796
-46.46073964238167
-48.33065116405487
-49.339791625738144
-48.84491938352585
-48.38122147321701
-49.656526654958725
-49.8086818754673
-49.16978079080582
-52.55290722846985
-56.090711534023285
-44.71203890442848
-46.987250328063965
-54.86948877573013
-56.15009590983391
-47.278100669384
-48.21331334114075
-44.23716574907303
-45.082397639751434
-47.842444092035294
-46.47574070096016
-45.06608945131302
-46.771672278642654
-48.29710108041763
-48.2137955725193
-49.729899644851685
-51.09814488887787
-43.00755971670151
-45.31374731659889
-51.32187169790268
-50.914683520793915
-45.76332566142082
-46.85562986135483
-25.015343576669693
-23.271799460053444
-31.67714224755764
-27.807391807436943
-27.480682104825974
-25.42404644191265
-33.87501049041748
-29.558305203914642
-23.95792843401432
-29.346405372023582
-23.612775713205338
-27.807678252458572
-27.942108497023582
-31.84523843228817
-26.713375955820084
-31.150054186582565
-33.69435128569603
-35.60625199973583
-34.41877595335245
-33.66409769654274
-35.700479589402676
-37.28238721191883
-35.86779768764973
-34.78953426331282
-38.26632638275623
-39.20448502898216
-30.970709890127182
-33.994980592280626
-41.55497641861439
-40.21146395802498
-33.77040410041809
-35.77216172218323
-32.118589609861374
-33.63178274035454
-36.236880257725716
-32.403193444013596
-36.2288356423378
-36.26216298341751
-38.676883950829506
-34.285147964954376
-36.56039384007454
-36.06598401069641
-28.519453674554825
-33.12003830075264
-38.96356129646301
-39.34220799803734
-30.691230595111847
-35.6025463193655
-30.78525123000145
-34.942590832710266
-36.60108581185341
-36.91805383563042
-30.62891137599945
-34.61360892653465
-36.712668657302856
-37.00823161005974
-37.472291737794876
-35.51894876360893
-32.79262727499008
-34.12894141674042
-38.64691478013992
-34.82044476270676
-33.80354532599449
-34.17116555571556
-42.010422974824905
-42.36144977807999
-43.65876856446266
-41.652237474918365
-44.52982997894287
-43.79804667830467
-45.07305148243904
-42.625858664512634
-46.057862013578415
-47.321899235248566
-38.16943830251694
-40.75707393884659
-46.99310693144798
-48.7033566236496
-39.50507029891014
-42.843951642513275
-27.750900208950043
-31.811740398406982
-32.65039263665676
-34.84078714251518
-29.646698236465454
-33.534835517406464
-34.18394461274147
-36.076633870601654
-33.86329820752144
-35.05064156651497
-28.770094573497772
-27.536125525832176
-36.3768335878849
-35.61226084828377
-32.30422595143318
-30.80394732952118
-24.428686022758484
-32.77395233511925
-28.062349930405617
-35.942667573690414
-26.460306406021118
-34.59037744998932
-29.664736658334732
-37.44978232681751
-37.524522453546524
-31.059414207935333
-31.113724052906036
-24.149955928325653
-38.65019232034683
-31.357111662626266
-33.37510271370411
-26.050214409828186
-47.22609582543373
-49.022266536951065
-51.65248000621796
-51.3333426117897
-46.85418936610222
-48.37156039476395
-51.39478027820587
-51.547758400440216
-54.03753700852394
-53.57690206170082
-44.01369532942772
-44.62263685464859
-53.73770818114281
-52.411230117082596
-45.40129119157791
-45.734044283628464
-26.583066999912262
-27.3736290037632
-30.09707248210907
-29.494915395975113
-30.110058516263962
-30.483529925346375
-31.81319972872734
-31.00593650341034
-30.697146326303482
-34.03025472164154
-24.24948939681053
-24.756587207317352
-33.97670343518257
-36.10175532102585
-26.906411916017532
-27.64262229204178
-39.12477442622185
-42.95830535888672
-39.82294672727585
-42.993695110082626
-40.61221566796303
-44.61056524515152
-40.70742726325989
-43.71182921528816
-44.42455157637596
-43.02148821949959
-38.410240679979324
-36.179394006729126
-46.84654688835144
-44.01363879442215
-40.61416691541672
-37.37919074296951
-29.38453307747841
-30.397012263536453
-30.087986558675766
-31.213034212589264
-31.745654433965683
-33.45388227701187
-31.60771071910858
-33.132028728723526
-31.65332129597664
-34.90547567605972
-26.159969478845596
-26.955612033605576
-35.83624503016472
-36.76753988862038
-29.46168613433838
-28.979557186365128
-22.430302917957306
-23.646036256104708
-31.17364192008972
-31.065234184265137
-26.10103878751397
-26.841801460832357
-33.963874846696854
-33.73713168501854
-25.77452279627323
-27.55524954199791
-30.146571040153503
-32.84683007001877
-28.55067104101181
-28.617729671299458
-33.29447382688522
-34.029040694236755
-37.0792131870985
-37.21472354233265
-41.85704933106899
-41.49350829422474
-38.292461574077606
-39.44701899588108
-43.035900831222534
-43.62178945541382
-36.29009848833084
-37.683860406279564
-37.801357090473175
-39.41475731134415
-39.43280091881752
-39.20678450167179
-40.957834005355835
-41.50429129600525
-34.84927141666412
-35.054281413555145
-35.53260079026222
-32.89997360110283
-37.01434701681137
-36.81469666957855
-37.35203176736832
-34.98744124174118
-37.53318589925766
-42.19610133767128
-29.91825759410858
-33.48183912038803
-39.22867861390114
-41.769917607307434
-31.452152729034424
-34.57644835114479
-34.81193760037422
-35.772051215171814
-41.462976306676865
-42.13647907972336
-36.64532133936882
-38.19537913799286
-43.4276447892189
-44.60942742228508
-39.54958152770996
-39.48034745454788
-40.39477580785751
-40.63383170962334
-42.70311877131462
-41.158551186323166
-44.56123077869415
-43.684761732816696
-33.20580197870731
-41.861222952604294
-37.610014736652374
-47.23495262861252
-32.383109509944916
-40.934743627905846
-38.269907623529434
-47.56690549850464
-44.147216752171516
-36.59011863172054
-46.620693266391754
-37.87619087100029
-44.41194674372673
-36.98416003584862
-48.30877333879471
-40.461960792541504
-39.550852939486504
-33.641061305999756
-41.74456277489662
-36.628532618284225
-37.283551037311554
-32.55432131886482
-40.252243995666504
-36.54298543930054
-34.00141042470932
-41.98668870329857
-34.8181129693985
-42.44283211231232
-34.3941105902195
-40.41599550843239
-36.826234221458435
-42.23372030258179
-33.762992560863495
-34.925300911068916
-38.277050137519836
-36.496993005275726
-34.746439039707184
-36.01641263067722
-39.86628383398056
-38.63316369056702
-37.51196926832199
-39.75229212641716
-31.272183179855347
-34.688902378082275
-39.62204083800316
-38.89456018805504
-34.272835582494736
-35.738940089941025
-38.25479018688202
-39.289369493722916
-41.02107098698616
-42.05196291208267
-38.31631848216057
-39.90276485681534
-40.25819259881973
-41.588615626096725
-38.860728710889816
-40.108915239572525
-35.77699026465416
-35.84868827462196
-39.721328139305115
-39.5457264482975
-36.29825630784035
-35.646988183259964
-34.092819437384605
-37.96884482353926
-34.92481551319361
-37.20087330043316
-33.7584782987833
-37.8140182942152
-35.36487038061023
-37.880582459270954
-43.18970109522343
-44.045221872627735
-34.94784162193537
-34.417010486125946
-43.69637009501457
-41.657600566744804
-36.63697336614132
-34.973839677870274
-40.196901470422745
-42.80214697122574
-42.42974770069122
-43.854453802108765
-39.88106945157051
-42.92906114459038
-42.46482464671135
-44.279227286577225
-43.11701011657715
-42.301678001880646
-42.90526786446571
-42.70294263958931
-45.74113214015961
-43.27809092402458
-46.181443870067596
-45.00856816768646
-33.36149060726166
-34.5728263258934
-34.5226528942585
-34.89107212424278
-34.142004638910294
-36.037259846925735
-34.43506222963333
-35.18438848853111
-34.20018908381462
-36.775070905685425
-29.07482585310936
-30.032436102628708
-37.67545589804649
-37.655745565891266
-31.997473508119583
-31.80823650956154
-29.76491153240204
-32.83331912755966
-35.855595618486404
-36.54233732819557
-31.952612340450287
-35.826142847537994
-35.87562099099159
-37.71606332063675
-34.746874898672104
-35.23469519615173
-30.295084059238434
-30.782480120658875
-38.08523869514465
-36.20920178294182
-33.166273444890976
-32.35257562994957
-41.7453538775444
-45.24721363186836
-46.21301743388176
-47.918698251247406
-42.08630147576332
-45.68975031375885
-46.30800327658653
-48.58303460478783
-46.59384050965309
-45.72768369317055
-43.4459425508976
-42.00376304984093
-47.913274466991425
-46.114609599113464
-44.545402854681015
-42.8025908768177
-30.97838319838047
-38.75499275326729
-31.958448722958565
-39.899656891822815
-34.10526041686535
-42.158760100603104
-35.540765181183815
-43.875701665878296
-42.269523710012436
-36.37296240031719
-39.19581136107445
-32.786195293068886
-46.425649642944336
-39.37337267398834
-44.07484671473503
-36.37362715601921
-39.74311701208353
-40.038026034832
-42.538520112633705
-42.94218197464943
-40.30017793178558
-40.60995863378048
-43.99067172408104
-44.361079663038254
-39.80792452394962
-42.469977125525475
-41.80049279332161
-43.820128470659256
-41.863508224487305
-42.9427744448185
-44.636298567056656
-45.35129937529564
-34.98992398381233
-35.60400450229645
-35.96142628788948
-34.46637608110905
-36.593042075634
-36.97031980752945
-36.33403553068638
-34.84972356259823
-34.19182735681534
-35.935102730989456
-26.49454352259636
-28.985255166888237
-38.15247219800949
-38.61924251914024
-29.57426807284355
-31.116697907447815
-43.598481833934784
-45.92457762360573
-45.029690980911255
-45.322043001651764
-42.12841308116913
-44.663906931877136
-43.300194412469864
-43.99790574610233
-47.15729621052742
-47.169476091861725
-38.854458183050156
-40.54676374793053
-47.52098372578621
-45.81537762284279
-39.99685534834862
-40.538887053728104
-34.39237630367279
-42.15931937098503
-34.76215706765652
-42.73452511429787
-34.82883469760418
-42.76953959465027
-36.59150840342045
-44.76440441608429
-43.21683955192566
-37.08558110892773
-42.42081427574158
-36.474163725972176
-45.46804019808769
-38.992141500115395
-46.351228505373
-39.632863998413086
-44.9826934337616
-41.006127059459686
-51.068299785256386
-44.84073640406132
-46.51837903261185
-42.392082422971725
-50.606297105550766
-44.65332806110382
-44.137734055519104
-47.75622007250786
-37.97051286697388
-43.372255861759186
-46.0140939950943
-49.56646990776062
-39.294798493385315
-44.788343995809555
-37.414061576128006
-31.918880969285965
-40.08259189128876
-34.888272762298584
-40.90625807642937
-34.50065499544144
-43.70858272910118
-37.07601463794708
-30.64428699016571
-38.29000073671341
-29.993212014436722
-36.56755244731903
-32.51425963640213
-39.56786060333252
-33.370188266038895
-40.444289445877075
-34.83200827240944
-43.52936154603958
-38.999684035778046
-47.89841914176941
-35.0770289003849
-44.828519374132156
-39.265242874622345
-49.082866847515106
-47.721182852983475
-38.57108777761459
-47.37896129488945
-38.94330283999443
-48.85823056101799
-38.73022583127022
-48.99404749274254
-39.48743775486946
-31.84718333184719
-34.36244493722916
-35.57199504598975
-36.84701572358608
-31.904295176267624
-34.985158026218414
-36.95040177553892
-39.024535953998566
-43.0411896109581
-46.25171646475792
-37.585130378603935
-39.41957123577595
-42.61422747373581
-42.380859196186066
-38.82416611164808
-38.41304522752762
-23.41088728606701
-24.227983593940735
-31.667735442519188
-30.312760442495346
-27.15756905078888
-27.98760049045086
-33.69227585196495
-32.46217256784439
-23.06832292675972
-26.14904898405075
-22.418229341506958
-25.70533622801304
-27.441203698515892
-28.492799922823906
-26.665338963270187
-29.38522596657276
-30.149401016533375
-30.16858420521021
-36.13982526957989
-31.50810094177723
-32.181372813880444
-32.57230631262064
-37.809511952102184
-34.08424150943756
-32.60045683383942
-36.34896790981293
-25.824890360236168
-31.182681798934937
-35.696459367871284
-37.42568427324295
-29.45164719223976
-33.775362476706505
-41.13408540189266
-37.52693596482277
-41.802607387304306
-38.69797667860985
-42.27470777928829
-39.58459755778313
-43.11025512218475
-40.83155593276024
-34.41876170039177
-40.676737040281296
-34.38868746161461
-39.732296258211136
-38.344330698251724
-41.94305509328842
-37.844875544309616
-40.78073093295097
-33.16272586584091
-37.501405745744705
-34.41098675131798
-36.84466654062271
-35.83058288693428
-39.493144035339355
-36.62440085411072
-38.27855575084686
-39.602836579084396
-37.56473994255066
-33.27918663620949
-31.716516613960266
-42.0651014149189
-39.2300363779068
-35.930602073669434
-34.50211551785469
-33.52776122093201
-33.67184263467789
-35.36867272853851
-32.07113340497017
-35.25536572933197
-35.282768070697784
-36.847897440195084
-33.90814524888992
-38.051233381032944
-43.53961271047592
-29.617678076028824
-33.89697054028511
-39.91472426056862
-43.25679153203964
-31.54292020201683
-34.9382004737854
-32.27023296058178
-38.91163228452206
-35.735586166381836
-42.332341983914375
-32.66066139936447
-40.2341476008296
-36.97554591298103
-44.26904386281967
-43.041296884417534
-37.223039746284485
-34.57593962550163
-28.921100080013275
-44.96513253450394
-37.850105464458466
-38.36961767077446
-31.286308333277702
-40.71972957253456
-44.42255303263664
-38.655064061284065
-40.985739797353745
-40.319569796323776
-44.31672251224518
-40.05804893374443
-42.902591317892075
-46.011520087718964
-45.74529555439949
-40.23719719052315
-40.66294965147972
-45.336160480976105
-42.37692967057228
-41.40356943011284
-39.44069069623947
-46.845541536808014
-43.28394305706024
-49.97823902964592
-45.65110635757446
-47.19225215911865
-45.270997136831284
-49.974049627780914
-47.678526639938354
-47.72785806655884
-50.584213227033615
-43.71780100464821
-46.68312609195709
-49.28700429201126
-50.979624181985855
-46.16844126582146
-48.0558799803257
-38.69436463713646
-42.39586538076401
-36.46608704328537
-42.85499465465546
-39.761345624923706
-45.04101324081421
-36.29241240024567
-44.04039332270622
-42.952603071928024
-40.06474530696869
-37.11803510785103
-31.981622725725174
-46.33559641242027
-41.4245411157608
-39.7311452627182
-32.8489887714386
-48.72994536161423
-46.56248182058334
-46.805277682840824
-42.05524370074272
-49.335064858198166
-47.000066101551056
-48.857258558273315
-44.55104619264603
-45.88535621762276
-51.432582437992096
-40.136643558740616
-46.8760624229908
-47.03191435337067
-50.884415328502655
-41.77470877766609
-47.01876936852932
-25.80537486076355
-29.411841571331024
-32.08524990081787
-33.7612439095974
-27.57397696375847
-31.625638246536255
-32.68311643600464
-35.156653106212616
-32.706003189086914
-31.670495182275772
-29.834079146385193
-29.297069936990738
-34.130421072244644
-30.635027945041656
-31.490988582372665
-29.107598781585693
-45.548513650894165
-46.47666035592556
-42.96603149920702
-41.75745151937008
-45.53425073623657
-47.33270302414894
-44.94691474735737
-43.921032309532166
-51.01418387889862
-53.26650929450989
-39.548675149679184
-42.38544850051403
-52.12512135505676
-52.062782257795334
-43.17134231328964
-44.9169687628746
-34.33730645477772
-32.0986557751894
-35.28306832909584
-29.979344323277473
-34.646880224347115
-32.682222209870815
-36.39717736467719
-31.52245483547449
-35.947203785181046
-41.38438179343939
-27.351325750350952
-34.96120409667492
-37.62380722910166
-41.001823388040066
-29.79499612748623
-36.243553683161736
-41.62646287679672
-43.39370805025101
-43.28218066692352
-44.56789988279343
-42.07557475566864
-43.736588180065155
-46.23805233836174
-46.95882645249367
-45.142639845609665
-45.34351724386215
-43.62978112697601
-44.53078380227089
-48.12594693899155
-47.11858132481575
-47.634574472904205
-48.30362391471863
-38.53541103005409
-48.19868919253349
-37.692794144153595
-46.888687431812286
-40.33576941490173
-50.57654109597206
-38.84511670470238
-48.219901233911514
-51.30157560110092
-42.25005081295967
-43.638413071632385
-35.24270707368851
-54.2324233353138
-45.907949447631836
-46.001954436302185
-38.20921841263771
-29.037640005350113
-31.88470306992531
-30.98720610141754
-31.611387610435486
-32.407785803079605
-34.922821164131165
-33.60365518927574
-34.14192506670952
-33.769544899463654
-34.55381706357002
-26.716616719961166
-27.24897462129593
-37.58539608120918
-36.14680176973343
-30.44146916270256
-29.870070934295654
-37.95009982585907
-36.508016884326935
-39.048671171069145
-37.35940447449684
-39.78303214907646
-37.72286432981491
-39.67185114324093
-37.28787298500538
-38.90649265050888
-42.432169049978256
-31.762157380580902
-34.133635595440865
-40.93569952249527
-44.38965302705765
-33.2721563577652
-36.09970623254776
-30.725080341100693
-30.166873157024384
-32.489657340571284
-30.38865675404668
-30.682449102401733
-30.401421904563904
-32.869194474071264
-30.936795853078365
-31.225374907255173
-39.23407423496246
-27.110215164721012
-33.97618418186903
-33.09720954298973
-38.18711602687836
-28.67899315059185
-33.30758960545063
-27.02598524093628
-32.68356969952583
-31.663489691913128
-35.43518730998039
-30.46004170179367
-34.91124430298805
-33.85931599140167
-36.680866062641144
-33.14226934313774
-30.494944840669632
-30.237169414758682
-27.903234779834747
-36.85368037223816
-33.124359250068665
-33.79630157351494
-31.52916157245636
-28.2703647762537
-27.71173944324255
-36.64731188118458
-34.59723272919655
-30.818736225366592
-30.053691998124123
-38.09645840525627
-35.96557159721851
-28.881623655557632
-32.40381978452206
-28.31120429933071
-30.06473182141781
-31.446503579616547
-34.283833995461464
-30.415982723236084
-32.73509230464697
-26.564144879579544
-27.751930058002472
-30.98333102464676
-27.992562234401703
-31.166739642620087
-31.64171552658081
-33.43854606151581
-30.475721269845963
-28.61939612030983
-31.925161004066467
-22.614645212888718
-25.25445708632469
-34.22373455762863
-35.787631034851074
-26.786621868610382
-29.6968851685524
-39.93598674237728
-42.26954124867916
-41.940118342638016
-40.607796773314476
-41.839735105633736
-42.34692817926407
-43.36617500334978
-40.6314252614975
-43.971210926771164
-46.298766046762466
-36.76068463921547
-38.47887201607227
-44.95983022451401
-46.59028026461601
-38.567504808306694
-40.6178258061409
-40.676800549030304
-42.719365775585175
-43.67847293615341
-42.858923107385635
-40.83050975203514
-42.940887212753296
-42.91973131895065
-43.01354083418846
-46.176199585199356
-45.273716509342194
-34.684547275304794
-36.2837395966053
-47.40729796886444
-44.61365804076195
-36.99299678206444
-37.41404139995575
-41.682980090379715
-41.23739269375801
-42.07856419682503
-39.06709134578705
-41.02385073900223
-41.13855090737343
-41.01322489976883
-38.82022652029991
-44.078878343105316
-49.6121871471405
-36.240829050540924
-40.53786289691925
-46.77365505695343
-48.56270810961723
-38.098035395145416
-40.93998998403549
-26.70868005603552
-29.89434913545847
-35.00643138587475
-34.72685591876507
-30.040666341781616
-32.98001096397638
-36.402133628726006
-36.178420662879944
-28.60114509612322
-28.63049140572548
-27.299240961670876
-28.255111142992973
-34.244544111192226
-32.455445893108845
-31.452760845422745
-32.193623170256615
-28.10188864171505
-37.50059203803539
-31.786383226513863
-39.33458059281111
-30.411768183112144
-40.092983700335026
-32.979337215423584
-40.90760288387537
-40.759465634822845
-33.45320609211922
-31.768679946660995
-25.67009475827217
-44.308867648243904
-35.494154676795006
-35.441830068826675
-28.241399109363556
-31.705975890159607
-32.9711639881134
-36.72778970003128
-36.61763617396355
-33.00946044921875
-33.894882559776306
-37.400066912174225
-36.83265009522438
-29.439843773841858
-32.741418808698654
-31.837859630584717
-35.5316204726696
-31.493049263954163
-32.79505705833435
-33.45180079340935
-35.73975348472595
-27.87791357189417
-36.50919545814395
-33.62068474292755
-40.7323057949543
-30.653415963053703
-39.3101524785161
-35.36168536543846
-43.23077276349068
-40.85337316989899
-34.04298157989979
-42.01824137568474
-36.62728253006935
-42.40528219938278
-34.902923569083214
-44.189125925302505
-37.52198964357376