-28.15342691540718
-31.19466459751129
-16.67408157326281
-26.012253791093826
-37.57490664720535
-38.714649230241776
-23.779105961322784
-27.759628266096115
-13.417080163955688
-19.660534739494324
-16.501355815678835
-20.167670626193285
-20.48722080886364
-28.668400287628174
-13.808904901146889
-17.759734988212585
-30.08866000175476
-33.088055193424225
-28.459467321634293
-28.97160169482231
-9.868274522013962
-16.0806642472744
-9.776568092405796
-15.611360847949982
-30.76382514834404
-29.637519389390945
-9.01504162279889
-15.952883452177048
-24.501199543476105
-26.93431243300438
-23.995381742715836
-22.76737231016159
-15.929162472486496
-17.85724040865898
-30.662271797657013
-26.772500425577164
-17.49250239133835
-21.002747535705566
-9.981895949691534
-18.210167706012726
-26.60948473215103
-29.96710854768753
-26.35811671614647
-27.053640723228455
-9.285964656621218
-15.338190853595734
-22.71224781870842
-16.74526545405388
-25.356140434741974
-29.84377858042717
-12.60359075665474
-15.3739532828331
-27.486664921045303
-29.419255644083023
-19.368345022201538
-20.361838430166245
-9.038152324035764
-17.335248559713364
-20.898450640961528
-22.928344007581472
-19.777761086821556
-23.571095496416092
-12.426520943641663
-14.22250360250473
-27.679103136062622
-29.727019131183624
-30.418825030326843
-30.41317093372345
-31.216757714748383
-30.22408777475357
-33.521285235881805
-33.83181446790695
-22.096780598163605
-28.65641298890114
-35.731395959854126
-38.143242955207825
-23.766227930784225
-29.734175235033035
-18.128733843564987
-22.367188900709152
-41.80191117525101
-36.6755408346653
-33.042140424251556
-32.951453775167465
-16.066553965210915
-24.285207122564316
-38.66538551449776
-33.000356525182724
-24.464838340878487
-27.054256170988083
-28.880196839571
-27.325174540281296
-29.488816767930984
-28.211047530174255
-13.075135678052902
-18.5806106030941
-17.779397875070572
-25.088546603918076
-21.200007535517216
-25.128302484750748
-6.154634240549058
-13.786595046520233
-28.446295768022537
-35.63377168774605
-23.87228336930275
-28.04181832075119
-26.78754961490631
-23.936461865901947
-28.4774589240551
-29.705975234508514
-27.44161480665207
-20.648564785718918
-29.574206858873367
-28.04425647854805
-25.43672078847885
-27.634648025035858
-23.94605177640915
-30.262949585914612
-26.634286373853683
-22.77141234278679
-34.54759529232979
-34.43361300230026
-19.39151480793953
-28.851779580116272
-22.76975418254733
-26.836425699293613
-26.818778306245804
-30.252414971590042
-20.724036931991577
-24.950938284397125
-24.838530994951725
-28.769212067127228
-19.154333889484406
-17.63014116883278
-17.487431317567825
-21.180675834417343
-33.268685549497604
-34.470355570316315
-22.401783764362335
-22.500634044408798
-10.26614522561431
-15.558962672948837
-22.875084161758423
-27.257229417562485
-27.292407274246216
-26.38566341996193
-28.40391430258751
-31.728396236896515
-25.0063114464283
-24.245043843984604
-24.462693959474564
-33.34325975179672
-26.335701406002045
-27.107216835021973
-26.917984515428543
-26.283989161252975
-24.2929068505764
-25.25081354379654
-18.22580787539482
-23.936461865901947
-29.14608845114708
-34.55102649331093
-20.155593246221542
-21.042241126298904
-23.148485220968723
-25.80457615852356
-24.750477761030197
-24.525492787361145
-15.19410702586174
-16.612419933080673
-23.006333082914352
-27.69942307472229
-23.468801081180573
-22.86860167980194
-10.109313424676657
-16.534280687570572
-29.165865540504456
-33.396558076143265
-28.263080924749374
-26.594448059797287
-14.691912926733494
-23.151671916246414
-25.329197078943253
-27.39529785513878
-29.942134201526642
-29.468284755945206
-22.495728343725204
-33.190574407577515
-33.477974355220795
-34.54975673556328
-32.306281208992004
-38.40932607650757
-28.10032321512699
-31.11740392446518
-15.266891121864319
-18.3237364590168
-25.3377346098423
-20.67672237753868
-29.34877234697342
-28.400147825479507
-24.933740442618728
-28.915721029043198
-18.422190308570862
-19.573846250772476
-14.845158874988556
-21.45616728067398
-12.088238516822457
-16.722343042492867
-28.964233577251434
-30.51176679134369
-16.4670379627496
-26.28944218158722
-30.231268256902695
-30.739278435707092
-27.96279603242874
-25.044666975736618
-8.885445276275277
-15.689679831266403
-28.483170360326767
-36.51384052634239
-25.125417351722717
-27.78912189602852
-11.720503821969032
-16.241772949695587
-18.43926376476884
-21.61100171506405
-30.542587012052536
-27.006473869085312
-14.371534451842308
-18.387928128242493
-23.72013384103775
-24.560402363538742
-28.865833550691605
-29.167958557605743
-17.080033976584673
-21.459488082677126
-28.71013107895851
-29.069639414548874
-36.7911619246006
-34.59538531303406
-31.53170734643936
-29.429795533418655
-13.927210666239262
-19.907075077295303
-23.165261387825012
-28.478295385837555
-25.857858806848526
-26.230158984661102
-33.56495648622513
-34.113002836704254
-20.46913704276085
-26.283989161252975
-31.836264222860336
-29.60161781311035
-20.680010557174683
-19.452827513217926
-15.867388993501663
-19.432010859251022
-24.439726650714874
-18.036370366811752
-29.41835853457451
-33.356760919094086
-22.479255631566048
-25.79487980902195
-31.179057002067566
-30.765279084444046
-10.799596421420574
-12.642438627779484
-24.3982073366642
-24.369520038366318
-15.96826907992363
-21.661773055791855
-27.044699877500534
-31.04692029953003
-28.225461542606354
-24.670611798763275
-28.81105226278305
-28.91082873940468
-23.499675154685974
-28.833927661180496
-28.730996668338776
-28.99957862496376
-29.126488029956818
-23.46542438864708
-28.45914563536644
-28.654661387205124
-13.263067692518234
-17.66050437092781
-24.397517144680023
-18.036370366811752
-18.487788915634155
-19.774972319602966
-12.786096025258303
-19.95937329530716
-27.104916602373123
-29.21696111559868
-32.01861050724983
-29.08607965707779
-19.540846899151802
-21.931182146072388
-17.8683463037014
-21.766212314367294
-29.46316435933113
-28.968229085206985
-14.95601236820221
-18.517098158597946
-29.35921999812126
-27.80930644273758
-29.44483608007431
-33.68797793984413
-29.41009721159935
-28.408847004175186
-11.466166526079178
-16.208393901586533
-25.349899888038635
-25.77418851852417
-22.315937489271164
-25.881576716899872
-13.945966184139252
-7.505542606115341
-29.39701908826828
-26.613210827112198
-10.661952648311853
-16.18539759516716
-28.854387670755386
-33.93164736032486
-17.64179313927889
-22.156412303447723
-6.56553072668612
-14.162984848022461
-29.94972625374794
-33.687498688697815
-30.410585701465607
-29.223590552806854
-14.411767676472664
-16.899724930524826
-19.188207030296326
-29.17955619096756
-22.15771010518074
-22.939446330070496
-14.681763127446175
-22.912269681692123
-25.999070465564728
-29.207458049058914
-28.433852910995483
-30.69132536649704
-19.54196923971176
-25.95585259795189
-28.249472707509995
-20.089353770017624
-19.91964879631996
-21.1042500436306
-30.620756655931473
-29.379212737083435
-26.403529912233353
-28.58689832687378
-11.792049124836922
-14.461864084005356
-29.85162916779518
-25.432764649391174
-36.73374244570732
-36.38290086388588
-21.501987725496292
-31.396791219711304
-28.931760251522064
-31.457985818386078
-24.118456035852432
-25.03570431470871
-25.546786785125732
-27.626708269119263
-31.657847464084625
-28.00205770134926
-32.831580489873886
-32.95629981160164
-23.717544466257095
-22.538875311613083
-29.197600781917572
-34.35152128338814
-23.034500181674957
-29.156701982021332
-7.124856644310057
-16.908352494239807
-23.965092483907938
-25.85904312878847
-27.483078479766846
-29.349721550941467
-15.503357917070389
-19.360344141721725
-25.813593238592148
-22.83117002248764
-21.071278929710388
-20.96005880832672
-10.089222368318588
-19.32914063334465
-26.138179540634155
-28.693528950214386
-24.93770432472229
-23.755355060100555
-24.764714628458023
-26.042561948299408
-29.720183819532394
-30.510989874601364
-9.129422433674335
-12.869181677699089
-21.1781887114048
-20.63941726088524
-8.430470340885222
-16.729723691940308
-29.907738894224167
-28.24715769290924
-12.48270227201283
-20.12497028708458
-25.531365275382996
-28.442344695329666
-26.959578692913055
-26.45149850845337
-30.984733164310455
-37.023566871881485
-25.470093190670013
-23.95344939827919
-25.739405751228333
-28.00944682955742
-30.167793333530426
-29.51820996403694
-30.630881309509277
-33.13757425546646
-22.912317723035812
-22.25811178982258
-12.021415574476123
-18.021437644958496
-37.749431788921356
-33.822419345378876
-22.464728891849518
-25.41210412979126
-11.846756136976182
-21.725213587284088
-28.179899781942368
-31.075308799743652
-21.638083145022392
-26.872082084417343
-21.269123792648315
-21.661773055791855
-14.947392761707306
-16.688337177038193
-25.32381221652031
-22.53723508119583
-26.712866008281708
-28.462579160928726
-15.810077607631683
-26.825392812490463
-28.902094423770905
-28.19367891550064
-31.19555029273033
-33.395179867744446
-32.94727951288223
-33.48217073082924
-31.768858641386032
-36.07032382488251
-16.95196971297264
-15.846100121736526
-12.098836654797196
-16.510249882936478
-18.425743952393532
-23.782874047756195
-28.30556669831276
-30.31019288301468
-17.25726228952408
-19.264848917722702
-30.964833676815033
-30.10867628455162
-24.340113312005997
-28.45488491654396
-23.299042463302612
-23.360848993062973
-12.560765206813812
-16.641763538122177
-32.16510617733002
-32.826549738645554
-23.275912135839462
-27.999704241752625
-37.08031079173088
-38.00744545459747
-29.283153742551804
-30.832031965255737
-16.08251503109932
-20.079924076795578
-20.705669462680817
-30.881497740745544
-25.873462051153183
-29.243025720119476
-34.61567682027817
-31.04554322361946
-28.205399587750435
-35.51496198773384
-13.85616609454155
-23.794119238853455
-28.611295610666275
-20.089353770017624
-27.236352771520615
-34.88868063688278
-30.536456912755966
-28.285067975521088
-12.001859785057604
-18.482568323612213
-28.911366909742355
-19.09435060620308
-19.90880659222603
-24.48758837580681
-28.364101231098175
-27.29522454738617
-15.246518731117249
-19.44758015871048
-19.162061989307404
-29.41750007867813
-30.31865581870079
-28.43078750371933
-7.943970934487879
-16.854890078306198
-30.430770367383957
-19.37479966878891
-27.841300010681152
-27.009648621082306
-8.226660437881947
-18.00974401831627
-17.125115647912025
-23.48716101050377
-30.962148189544678
-33.87579834461212
-29.699784249067307
-31.95050835609436
-19.426301449537277
-28.110661298036575
-38.01703882217407
-43.053505539894104
-25.299730733036995
-25.654280245304108
-5.6538834776729345
-16.12925097346306
-21.148470878601074
-27.43118804693222
-28.42810022830963
-27.872466325759888
-18.363882303237915
-21.503413885831833
-23.251962155103683
-28.005434066057205
-23.4041286110878
-27.932882398366928
-23.116003215312958
-33.41044721007347
-20.302262395620346
-19.56773018836975
-21.836055874824524
-25.672177001833916
-19.179597169160843
-25.38276320695877
-24.19261309504509
-16.312729984521866
-24.17759707570076
-22.456122040748596
-22.926897764205933
-26.013695687055588
-29.78999750316143
-33.799599319696426
-38.06827899813652
-31.84821704030037
-25.17385882139206
-23.547067254781723
-25.625145971775055
-18.766683250665665
-26.49675664305687
-25.544051587581635
-26.62272971868515
-31.01104724407196
-23.76608908176422
-22.45737999677658
-12.58231982588768
-17.42566591501236
-28.643262594938278
-33.636093735694885
-24.536959767341614
-25.51664173603058
-18.068610288202763
-28.275057077407837
-32.05357548594475
-28.792556434869766
-29.685560822486877
-28.42540067434311
-25.294180020689964
-28.510948792099953
-20.144678741693497
-22.671533405780792
-32.449370980262756
-33.09443578124046
-23.741214469075203
-25.28582924604416
-24.857262313365936
-24.220917224884033
-36.341265976428986
-35.40425345301628
-22.83039230108261
-24.433039635419846
-26.057351529598236
-24.13550838828087
-27.00669029355049
-26.15406197309494
-20.053360521793365
-26.087988816201687
-25.24692213535309
-29.19077432155609
-28.352069199085236
-29.845321893692017
-29.389298141002655
-29.809816628694534
-27.130029797554016
-26.008523523807526
-23.948950111865997
-24.289769619703293
-22.28274580836296
-29.186690598726273
-26.15628319978714
-26.642707347869873
-27.47524580359459
-35.74491712450981
-14.578310579061508
-18.39422243833542
-26.21329414844513
-25.356903672218323
-29.402409076690674
-34.82194349169731
-18.04186463356018
-22.481468081474304
-41.72947096824646
-38.509690314531326
-14.320742443203926
-19.12065753340721
-35.87664169073105
-35.62144273519516
-21.998376309871674
-22.843087047338486
-15.329365015029907
-19.831328809261322
-33.606664299964905
-35.00092840194702
-25.984508454799652
-25.93301174044609
-12.950670450925827
-23.748685151338577
-16.479910492897034
-9.889885038137436
-14.475473076105118
-15.224267065525055
-18.327117424458265
-21.89875291287899
-27.58758917450905
-30.12826970219612
-21.598186194896698
-26.779282063245773
-22.068702071905136
-25.31330695748329
-22.04760232567787
-20.512263476848602
-14.579457640647888
-18.28333070874214
-24.558158546686172
-29.3975947201252
-24.36343663930893
-22.406358659267426
-26.95811253786087
-30.474388509988785
-22.243712440133095
-27.755785137414932
-28.486393928527832
-19.37479966878891
-17.212495267391205
-18.92915853857994
-27.140378087759018
-26.875994116067886
-11.04982203617692
-18.762319058179855
-15.653483226895332
-20.216888785362244
-25.850202023983
-26.77791115641594
-10.042511701583862
-12.642438627779484
-16.532256513834
-15.549320936203003
-21.43973606824875
-25.72727882862091
-20.552977114915848
-22.120362877845764
-19.867890387773514
-11.92298674583435
-31.251471757888794
-33.14052751660347
-30.522555738687515
-33.510900378227234
-22.299514591693878
-22.186226278543472
-19.077496632933617
-23.799819588661194
-22.969146966934204
-30.059420973062515
-34.84560441970825
-31.014065623283386
-25.856758534908295
-26.555038303136826
-34.95775207877159
-39.368610590696335
-21.597278028726578
-25.40885955095291
-19.00923651456833
-25.582617312669754
-19.114427536725998
-26.88870245218277
-15.281368434429169
-20.08144238591194
-13.32303187251091
-17.587982326745987
-32.97756311297417
-34.09803196787834
-22.523884147405624
-23.12604984641075
-39.058243840932846
-37.844669342041016
-33.97408747673035
-31.765501379966736
-31.65550172328949
-33.54237058758736
-22.707346752285957
-27.590365409851074
-34.460656493902206
-33.25195041298866
-26.126831501722336
-23.747959434986115
-27.453119039535522
-32.55765753984451
-28.30443051457405
-28.198222249746323
-22.09378731250763
-19.791547864675522
-22.394889932125807
-22.574574947357178
-22.469838082790375
-26.33274146914482
-26.48047810792923
-33.40192213654518
-24.850641518831253
-29.552649646997452
-36.58585301041603
-41.68208536505699
-30.486486464738846
-32.69701027870178
-26.737398765981197
-28.493923723697662
-24.31119406223297
-23.7619411945343
-32.37922605872154
-22.63027521967888
-26.634833455085754
-25.61163693666458
-18.010423183441162
-19.703086584806442
-29.830970346927643
-33.708386182785034
-31.413086235523224
-30.69867095351219
-28.728901267051697
-29.906027913093567
-24.953105837106705
-21.44345471262932
-21.754172384738922
-14.895978152751923
-31.57460367679596
-33.60945716500282
-16.56889051757753
-26.330367624759674
-37.86722195148468
-37.06156533956528
-33.947238475084305
-32.24641299247742
-20.450962871313095
-20.255450576543808
-30.641418755054474
-31.262191236019135
-14.454037787392735
-23.980136811733246
-28.498894155025482
-20.659421771764755
-20.42710393667221
-19.724585354328156
-28.570767879486084
-29.9620344042778
-27.949744403362274
-28.31101256608963
-25.51759174466133
-26.394719421863556
-33.98646432161331
-33.52634632587433
-25.52172538638115
-23.40186181664467
-32.12011969089508
-36.93821960687637
-24.30560152232647
-26.78279795870185
-24.987146228551865
-25.207847595214844
-22.10165873169899
-20.89693957567215
-22.53214740753174
-19.87045270204544
-25.080683439970016
-19.60680791735649
-33.830950319767
-32.392688512802124
-46.21399074792862
-41.9694906771183
-27.06678780913353
-27.71839091181755
-19.373353719711304
-18.831215977668762
-32.54612532258034
-33.557058930397034
-23.017948515713215
-24.437477692961693
-32.673877477645874
-31.201716154813766
-18.43386670947075
-24.716110467910767
-29.263953059911728
-33.028580367565155
-23.31844499707222
-25.74635425209999
-30.36115410923958
-26.707751005887985
-28.100082635879517
-28.417701065540314
-24.322617888450623
-22.47380554676056
-28.427591651678085
-28.31782755255699
-31.07187658548355
-33.80325701832771
-26.605545684695244
-28.978496313095093
-33.15287783741951
-38.28950306773186
-29.267918646335602
-27.422004371881485
-22.814235985279083
-30.74679133296013
-36.11959293484688
-34.12572145462036
-32.50181433558464
-36.32987451553345
-29.520456463098526
-29.654389411211014
-25.934496074914932
-22.991796016693115
-34.68114495277405
-35.612189531326294
-29.604269325733185
-26.181791335344315
-29.463059097528458
-32.29685127735138
-35.87635397911072
-38.87431675195694
-34.57693254947662
-34.643791168928146
-31.098733872175217
-36.134497702121735
-23.862387120723724
-26.387519985437393
-22.208718180656433
-16.92593476176262
-32.77702635526657
-33.28580293059349
-25.369215115904808
-31.382186979055405
-27.845197707414627
-32.46240171790123
-31.178270518779755
-33.68797793984413
-26.3670774102211
-27.36917409300804
-26.00331401824951
-26.943322747945786
-28.85443663597107
-28.530061036348343
-29.483574360609055
-33.51536402106285
-27.04285505414009
-26.806703478097916
-27.61690589785576
-29.48053315281868
-23.252353817224503
-20.97654291987419
-23.078735411167145
-26.580919325351715
-24.164388298988342
-23.49406611919403
-36.89734706282616
-33.538277953863144
-11.522959128022194
-14.79818132519722
-33.85638755559921
-35.81119132041931
-25.967306226491928
-26.67476060986519
-26.6472285091877
-24.676328778266907
-30.30835595726967
-35.12766844034195
-34.53330847620964
-36.746772795915604
-21.54689198732376
-22.83671399950981
-27.239288687705994
-28.095492511987686
-15.933659378439188
-22.696772038936615
-19.514859825372696
-21.361485719680786
-9.869214875623584
-18.66670197248459
-28.519251823425293
-31.544311493635178
-31.077556252479553
-31.122193098068237
-37.550927102565765
-34.78630289435387
-24.693626165390015
-31.080928415060043
-41.46470004320145
-36.81050544977188
-21.992164433002472
-21.699301332235336
-27.784013271331787
-26.15016832947731
-20.509022444486618
-19.486066073179245
-13.539897128939629
-17.310356844216585
-27.74096530675888
-26.06033504009247
-18.174455165863037
-24.28231093287468
-30.849461048841476
-28.878906935453415
-17.98337960243225
-20.727628722786903
-27.01147997379303
-29.251661002635956
-24.963105857372284
-28.303280353546143
-25.686086863279343
-30.74679133296013
-27.020821660757065
-29.358977407217026
-30.508842319250107
-30.646906822919846
-14.972880244255066
-19.55209144949913
-29.29914127290249
-32.26536822319031
-20.762424344196916
-27.906401872634888
-31.6587196290493
-31.489411294460297
-29.141659319400787
-27.184661269187927
-30.29336529970169
-29.541084229946136
-23.74836751818657
-31.07709690928459
-23.883092522621155
-27.357800513505936
-26.33975836634636
-29.795889914035797
-29.133455961942673
-29.40881636738777
-22.328639805316925
-25.901788890361786
-28.847807735204697
-27.826415836811066
-25.122988760471344
-26.18788042664528
-22.311985820531845
-24.892714709043503
-13.81710858643055
-21.41240617632866
-22.83505789935589
-24.699274629354477
-33.0200734436512
-32.24796789884567
-29.741120904684067
-23.46542438864708
-20.412252590060234
-24.211350679397583
-30.92176178097725
-34.91142871975899
-18.09445208311081
-20.25585427880287
-31.716297149658203
-33.30914855003357
-28.632559448480606
-28.643421679735184
-26.55391150712967
-25.434761852025986
-21.36422787234187
-28.412568479776382
-25.678365737199783
-26.851647436618805
-27.40643635392189
-22.92908900976181
-20.862606093287468
-23.02587792277336
-26.4932142496109
-29.13794043660164
-30.303138613700867
-28.754450798034668
-12.21041327342391
-19.85713666677475
-24.83226388692856
-34.74452632665634
-29.21257534623146
-29.117481410503387
-23.670311272144318
-23.761878818273544
-27.713069051504135
-30.517344534397125
-33.06879511475563
-29.163232445716858
-20.398824214935303
-25.028717935085297
-23.725063264369965
-26.096313536167145
-31.329500913619995
-32.606076031923294
-31.22952538728714
-31.141543209552765
-31.076745182275772
-28.535085678100586
-41.643379390239716
-40.082907021045685
-18.63028760626912
-22.49846374988556
-28.401524394750595
-29.526287317276
-29.700654298067093
-26.819016575813293
-28.09819585084915
-32.24598702788353
-9.744141867384315
-19.886495649814606
-13.584071725606918
-20.006939589977264
-28.72689440846443
-29.83665895462036
-24.35702219605446
-29.119681656360626
-20.045181583613157
-24.682672657072544
-30.196343034505844
-30.77411586046219
-27.741043835878372
-33.50647580623627
-21.22437933087349
-22.3976671397686
-20.558194775134325
-22.478069245815277
-28.443226620554924
-29.417788237333298
-35.44653072953224
-35.41285625100136
-20.166181154549122
-24.093468874692917
-33.53353080153465
-38.91015210747719
-29.730798482894897
-21.807247430086136
-34.11590027809143
-35.62029284238815
-30.688580811023712
-28.46843919157982
-15.207785904407501
-15.186254411935806
-16.211292408406734
-21.068249613046646
-19.858535170555115
-22.453381717205048
-20.812672078609467
-13.322006464004517
-17.219342678785324
-22.030297487974167
-32.63400140404701
-30.58423414826393
-18.065898017957807
-20.982730820775032
-31.7875397503376
-29.962051063776016
-41.08494368195534
-38.509690314531326
-30.903281182050705
-34.26581713557243
-37.613430857658386
-33.16585427522659
-20.27669033408165
-20.046721547842026
-22.75295001268387
-30.521378874778748
-26.12475299835205
-23.753818213939667
-24.10674098134041
-25.671603471040726
-25.64756128191948
-23.25746461749077
-33.587347477674484
-24.493263870477676
-26.094052389264107
-29.328810662031174
-38.15446040034294
-35.81119132041931
-21.60363671556115
-27.577636241912842
-6.716511756181717
-12.30594590306282
-32.46306312084198
-30.86629655957222
-30.64780831336975
-32.48569768667221
-25.539318054914474
-22.73313894867897
-28.97313302755356
-24.519897311925888
-21.142185270786285
-23.30136400461197
-24.61377215385437
-16.568476259708405
-26.164003759622574
-32.22498604655266
-22.687589645385742
-26.5359365940094
-26.86732268333435
-32.96196010708809
-38.97224137187004
-42.077494233846664
-30.318933218717575
-30.281538635492325
-18.615490406751633
-21.13381788134575
-19.02761435508728
-14.132517367601395
-17.64437535405159
-10.846303135156631
-33.04977208375931
-35.39322066307068
-25.762993574142456
-35.048288613557816
-23.566171139478683
-27.011394947767258
-20.672911405563354
-22.355072051286697
-31.38989818096161
-29.241145223379135
-35.47734519839287
-28.023885667324066
-33.417300552129745
-32.591512352228165
-17.962873946875334
-21.04794915020466
-21.222325176000595
-23.354175120592117
-13.478945389389992
-15.809108078479767
-26.89700236916542
-26.956114798784256
-22.124673426151276
-23.27374568581581
-25.404544681310654
-25.701331347227097
-26.275334864854813
-20.876534521579742
-27.250243589282036
-32.141923278570175
-32.8630368411541
-33.45269614458084
-20.147202789783478
-23.039498180150986
-22.701772302389145
-23.506721287965775
-20.59826760739088
-25.031670540571213
-31.276312798261642
-29.673669934272766
-36.27082243561745
-37.98373520374298
-30.17959377169609
-31.179818779230118
-19.812553003430367
-23.549326986074448
-22.49595919251442
-25.897876501083374
-39.28493845462799
-36.81050544977188
-26.50203439593315
-28.216985672712326
-17.04446730390191
-20.402796752750874
-25.83043758571148
-32.342125207185745
-35.379159569740295
-38.37543672323227
-28.547236055135727
-30.579952895641327
-35.704026609659195
-36.476362347602844
-35.4464285671711
-36.34049254655838
-28.854605317115784
-34.74329164624214
-22.672823160886765
-21.434044986963272
-32.31763198971748
-35.048205345869064
-31.223022013902664
-30.0353981256485
-18.35241150856018
-20.025211602449417
-31.983399629592896
-31.979055494070053
-11.881094266660511
-19.530340313911438
-23.82581314444542
-27.150195986032486
-25.965693831443787
-17.453794687986374
-22.380746841430664
-20.318122148513794
-23.05032914876938
-24.0670465528965
-16.160577960312366
-19.237720549106598
-17.855839632451534
-21.092925041913986
-24.564823538064957
-24.918033629655838
-30.725526571273804
-32.62091574072838
-31.297583758831024
-36.057101994752884
-19.3123559653759
-21.799387991428375
-20.547221161425114
-22.633028641343117
-28.947867333889008
-28.972867339849472
-12.99222119152546
-22.0764240026474
-27.540863305330276
-27.446918547153473
-29.620843321084976
-33.92023214697838
-43.36948415637016
-40.407806277275085
-28.9860577583313
-30.438034921884537
-26.031072556972504
-24.90623465180397
-28.78073677420616
-29.827402651309967
-23.367084175348282
-16.74526545405388
-21.272495716810226
-25.143271684646606
-19.407045394182205
-21.871203124523163
-23.535707756876945
-26.944652557373047
-29.453478962183
-23.425798326730728
-25.200946152210236
-27.125197023153305
-26.391758054494858
-29.9620344042778
-25.40652433037758
-25.80259418487549
-26.699827551841736
-36.87083476781845
-29.07294201850891
-28.105742156505585
-36.43716570734978
-39.039034992456436
-27.11590600013733
-26.90163666009903
-28.72929099202156
-36.76748701930046
-28.617065638303757
-26.57377925515175
-18.78294140100479
-21.540138393640518
-28.869783520698547
-33.220804154872894
-40.03550806641579
-42.91377612948418
-23.619179368019104
-22.447030782699585
-18.406444013118744
-11.30584466457367
-18.1078859269619
-18.874867647886276
-21.3064227104187
-25.07148575782776
-24.073615044355392
-21.801749527454376
-21.760082006454468
-25.182268887758255
-23.372334972023964
-24.191705584526062
-19.58595535159111
-24.079802066087723
-29.81781315803528
-27.570254296064377
-33.90960082411766
-36.05543923377991
-20.265284806489944
-19.853611171245575
-22.57574751973152
-20.25536972284317
-34.56731101870537
-34.22069516777992
-46.31646290421486
-42.37524348497391
-26.946476697921753
-27.356616616249084
-36.19517457485199
-35.12733134627342
-27.19364309310913
-25.254032790660858
-30.25178810954094
-27.741459906101227
-31.987953811883926
-34.19771412014961
-38.48089560866356
-40.42328867316246
-27.056039676070213
-33.85141095519066
-33.8440238237381
-33.237679213285446
-34.599759727716446
-28.61465072631836
-22.927084892988205
-25.728244721889496
-28.001103937625885
-28.035962611436844
-30.308310866355896
-29.119798213243484
-20.16233104467392
-21.78315556049347
-33.63225403428078
-31.294090926647186
-27.324096709489822
-29.462101727724075
-30.51803630590439
-32.12830474972725
-28.27163255214691
-26.804749488830566
-22.946691662073135
-22.424458622932434
-24.73281693458557
-26.380620419979095
-41.23938599228859
-44.2319720685482
-26.253044307231903
-25.862656950950623
-27.255832336843014
-29.07421649992466
-36.861257284879684
-36.18033158779144
-27.827505469322205
-29.46848413348198
-31.894634246826172
-30.178561568260193
-27.836079508066177
-35.71830001473427
-23.365830972790718
-24.789989590644836
-14.58213198184967
-27.100220888853073
-22.64369097352028
-27.81611967086792
-22.945858597755432
-22.60909876227379
-13.029038161039352
-22.19278946518898
-31.62270799279213
-34.379438281059265
-28.92546248435974
-27.700579315423965
-28.77766889333725
-30.88990280032158
-29.33658692240715
-27.153939098119736
-28.847018241882324
-27.687056124210358
-17.799255836755037
-19.37845467031002
-31.688925743103027
-33.491281777620316
-33.94878241419792
-32.865543872117996
-23.940231442451477
-26.300234407186508
-21.77064222097397
-24.38950851559639
-16.128149777650833
-16.560798913240433
-24.88467761874199
-30.571523159742355
-33.005809396505356
-30.959145218133926
-26.407610520720482
-30.863698422908783
-32.76665785908699
-34.8488133251667
-20.367502868175507
-19.629359513521194
-15.397573627531528
-23.230641722679138
-33.274584740400314
-31.229164123535156
-14.759705811738968
-23.26736816763878
-26.629661947488785
-29.78503319621086
-31.073461592197418
-30.59398901462555
-25.264021784067154
-22.984055310487747
-21.70167075842619
-24.657775908708572
-29.026945501565933
-33.232227474451065
-25.930757492780685
-18.515944927930832
-33.85933002829552
-30.486520618200302
-10.213150525465608
-18.202693104743958
-31.61100259423256
-27.663927972316742
-29.763644874095917
-28.848749965429306
-28.3892542719841
-35.14813423156738
-19.63742220401764
-19.08571633696556
-32.90100187063217
-34.59538531303406
-28.86068969964981
-26.92965042591095
-25.149640530347824
-19.002546906471252
-22.115316092967987
-22.352958649396896
-24.85942503809929
-28.666524171829224
-16.726481676101685
-19.873258113861084
-27.478907108306885
-23.46542438864708
-23.085995942354202
-26.150430768728256
-27.840391784906387
-35.048288613557816
-27.630791187286377
-25.85328009724617
-24.991121470928192
-28.281612426042557
-20.6653254032135
-21.44100821018219
-44.89428660273552
-40.716381788253784
-27.15358617901802
-28.734879344701767
-26.09077227115631
-30.201820492744446
-13.00872878730297
-14.939382076263428
-19.72854009270668
-20.740933060646057
-32.793668895959854
-35.074393540620804
-34.92188256978989
-36.92409101128578
-34.603049248456955
-34.28200936317444
-37.892851918935776
-38.28871950507164
-27.197300016880035
-25.83495381474495
-26.899674713611603
-32.10616600513458
-22.532664112746716
-25.72365427017212
-18.996316254138947
-23.392768919467926
-34.802016884088516
-34.78402554988861
-38.91770800948143
-39.34777370095253
-22.469001188874245
-25.754320591688156
-24.583082988858223
-28.412568479776382
-26.827442049980164
-26.841292142868042
-24.490407028235495
-29.260121934115887
-26.72672440111637
-29.45737451314926
-28.63160878419876
-26.94717624783516
-30.1755148768425
-37.73106351494789
-21.427609235048294
-24.80178612470627
-26.996236383914948
-28.43524017930031
-26.99338185787201
-24.51844334602356
-18.535259500145912
-22.509952813386917
-10.992125801742077
-14.085199430584908
-28.062396377325058
-29.16096329689026
-17.0891036093235
-16.29064044356346
-28.060790330171585
-30.048605412244797
-29.295251592993736
-32.30828559398651
-29.59304803609848
-28.7858507335186
-30.015262216329575
-31.396791219711304
-25.81014111638069
-29.014233827590942
-27.070957273244858
-27.285519510507584
-25.15969344973564
-24.672899454832077
-33.80671399831772
-34.59538531303406
-27.76172462105751
-29.09177589416504
-14.010969310998917
-25.212481141090393
-19.179276913404465
-18.47322392463684
-29.6683529317379
-28.417189240455627
-21.142445862293243
-21.59619238972664
-27.347132802009583
-19.765128761529922
-29.815966099500656
-27.4868024289608
-21.884443163871765
-25.080864369869232
-33.24374121427536
-29.614442765712738
-22.50190369784832
-20.19347931444645
-29.451865643262863
-32.96011430025101
-24.856246262788773
-24.140342742204666
-20.759634107351303
-22.12993437051773
-12.622793128713965
-15.506023198366165
-18.25132717192173
-21.266486525535583
-19.018164843320847
-22.128882721066475
-28.049748420715332
-26.03984847664833
-26.688976854085922
-29.55027174949646
-20.923109531402588
-20.48543292284012
-19.368635296821594
-21.624096900224686
-32.31729778647423
-30.95030841231346
-29.907143026590347
-33.980787605047226
-30.074330747127533
-27.37707233428955
-30.203607112169266
-32.513656347990036
-13.333550460636616
-17.42589956521988
-32.91442668437958
-31.118065863847733
-37.412870675325394
-39.748183608055115
-28.3161683678627
-30.02052217721939
-23.229483872652054
-24.86030426621437
-23.966292157769203
-29.480783969163895
-18.262714594602585
-22.124018400907516
-27.07976269721985
-25.820858895778656
-28.13142243027687
-25.975305169820786
-21.173335939645767
-20.731972247362137
-29.124214351177216
-30.831030130386353
-17.026903986930847
-21.188396692276
-15.970383733510971
-15.11133548617363
-24.04871878027916
-23.169461369514465
-20.73329523205757
-23.79136347770691
-33.347029358148575
-25.9257230758667
-20.126113951206207
-27.832200825214386
-27.225553542375565
-29.76791700720787
-24.1901196539402
-28.37289634346962
-26.873660564422607
-25.005328238010406
-32.5024935901165
-32.889703929424286
-19.010343961417675
-25.8664813041687
-31.01983016729355
-24.81876328587532
-30.186898708343506
-28.110661298036575
-19.33840176463127
-20.829736590385437
-25.048582151532173
-26.02454501390457
-18.215545147657394
-10.846303135156631
-26.732255697250366
-25.04819944500923
-29.181338042020798
-24.301056057214737
-17.385099858045578
-19.011053919792175
-12.951464653015137
-16.853647232055664
-28.242548644542694
-27.854721009731293
-24.829722613096237
-25.141222804784775
-26.92562860250473
-24.48054140806198
-28.170998007059097
-29.05478462576866
-23.84132093191147
-30.2344251871109
-29.169193863868713
-28.27279707789421
-21.811198115348816
-24.29116576910019
-28.57140126824379
-26.92423376441002
-20.860735535621643
-28.41959622502327
-30.98568657040596
-28.582267552614212
-30.77796670794487
-31.11241814494133
-23.482368156313896
-28.84820881485939
-28.670274823904037
-32.59052920341492
-22.31734526157379
-22.392375469207764
-18.060401380062103
-20.787743031978607
-20.61282879114151
-24.897496700286865
-15.585100140422583
-15.809108078479767
-28.323925971984863
-28.090103030204773
-15.62670835852623
-22.03900435566902
-28.58619251847267
-27.07749378681183
-29.86909130215645
-32.732341557741165
-28.925139605998993
-28.40778288245201
-27.641390830278397
-27.885004460811615
-13.369175240397453
-21.527720749378204
-25.194987058639526
-25.40177720785141
-25.60029846429825
-26.04608905315399
-22.599488019943237
-28.005434066057205
-13.885066539049149
-14.12614294886589
-30.305266618728638
-34.08291703462601
-27.589396953582764
-38.40558660030365
-27.528257459402084
-25.699422627687454
-38.112280547618866
-37.49736261367798
-25.040608167648315
-23.305680721998215
-26.7127642929554
-22.837726593017578
-30.218188166618347
-27.76311308145523
-31.55136638879776
-30.22834324836731
-26.90775555372238
-25.4839688539505
-34.580698400735855
-31.82396799325943
-28.3740476667881
-32.160235941410065
-18.046976774930954
-21.018858820199966
-27.511679649353027
-19.652093082666397
-17.484993070364
-18.733652591705322
-37.67158627510071
-34.19602796435356
-28.271321326494217
-29.624297529459
-29.608543068170547
-33.41380533576012
-29.791103035211563
-30.821253657341003
-12.552109837532043
-15.130291074514389
-32.64054751396179
-28.932266801595688
-26.20621883869171
-27.763185799121857
-18.626019209623337
-21.571807473897934
-24.7099190056324
-24.43671625852585
-26.18395471572876
-27.537464320659637
-34.73022612929344
-35.2014063000679
-24.311830908060074
-21.39707738161087
-21.48823434114456
-28.844602018594742
-27.556714951992035
-27.56646290421486
-35.66807410120964
-34.78630289435387
-28.02621963620186
-29.10474243760109
-23.214527040719986
-23.89545503258705
-21.8653377443552
-25.124881386756897
-12.324222207069397
-15.580554723739624
-30.199504911899567
-29.114850401878357
-31.108699142932892
-29.345227003097534
-24.897199720144272
-26.14759510755539
-20.248278975486755
-15.235961318016052
-27.745798587799072
-27.387733906507492
-19.919591452926397
-20.982730820775032
-22.015210032463074
-13.322006464004517
-27.83397574722767
-31.89888072013855
-30.53362312912941
-32.171561896800995
-20.44667086005211
-17.42566591501236
-26.872303396463394
-20.648564785718918
-28.97729456424713
-29.05561715364456
-34.03800094127655
-29.29358795285225
-29.387782841920853
-27.950575351715088
-31.28884592652321
-36.222077906131744
-32.58085960149765
-33.835863053798676
-32.556739032268524
-37.71164172887802
-26.600232362747192
-30.1829292178154
-34.12861928343773
-36.653165370225906
-22.222018778324127
-27.958679229021072
-25.481619030237198
-27.666728734970093
-25.663741916418076
-24.47818112373352
-28.170084834098816
-26.13714149594307
-29.548071652650833
-28.660519272089005
-21.02265438437462
-21.627012759447098
-17.58219051361084
-11.92298674583435
-22.520886838436127
-26.369004637002945
-10.971164651215076
-14.034066507592797
-26.71944959461689
-32.003550589084625
-26.592684864997864
-30.985772788524628
-35.04425656795502
-36.66593524813652
-24.315873324871063
-24.796996980905533
-20.119601398706436
-24.575418889522552
-21.511206954717636
-28.01448827981949
-28.18510341644287
-32.20800217986107
-33.357553988695145
-31.115249425172806
-22.75921568274498
-15.862402021884918
-31.81842976808548
-32.42111825942993
-18.784780591726303
-17.83958864212036
-27.28618896007538
-26.223871499300003
-19.848924845457077
-18.473692059516907
-23.58443632721901
-22.44452938437462
-27.908682137727737
-29.058088093996048
-27.593366250395775
-30.285074949264526
-21.287689864635468
-20.990013360977173
-24.813682317733765
-28.200206100940704
-34.74943205714226
-39.801643669605255
-30.211677968502045
-28.42462795972824
-12.532897479832172
-17.45011967420578
-27.852252960205078
-23.323729008436203
-24.86950558423996
-28.48162132501602
-11.855505768209696
-21.653435230255127
-30.788584619760513
-29.681495487689972
-32.643354296684265
-34.900745153427124
-24.478461652994156
-22.45703887939453
-19.794867493212223
-26.808545798063278
-25.909832894802094
-26.358912140130997
-27.592646718025208
-27.719371676445007
-28.7187522649765
-30.471897274255753
-29.965561628341675
-33.51622438430786
-16.496973648667336
-19.21316573023796
-18.14422419667244
-27.248346507549286
-18.846564888954163
-19.182816952466965
-24.25415477156639
-24.88420107960701
-24.51765427738428
-27.330291241407394
-23.59455680847168
-22.061224073171616
-29.582159399986267
-28.886270880699158
-28.654480695724487
-35.33474126458168
-32.99935394525528
-24.689165771007538
-19.132700711488724
-19.049491673707962
-34.23170605301857
-35.52955746650696
-26.5362950861454
-23.80642080307007
-28.223826080560684
-28.255132406949997
-26.791202813386917
-26.920336306095123
-28.416432112455368
-22.159315705299377
-23.837280988693237
-25.880265206098557
-24.123245239257812
-25.99158400297165
-23.794647932052612
-21.41240617632866
-30.51263403892517
-29.163232445716858
-23.32473048567772
-22.007809683680534
-19.66049208678305
-22.28083898872137
-25.115407049655914
-28.766059160232544
-29.646834701299667
-33.91077616810799
-13.265547882765532
-20.44391844421625
-34.81713715195656
-33.61170440912247
-30.5315642952919
-31.71037220954895
-40.07066920399666
-35.2014063000679
-25.982252418994904
-25.725429326295853
-25.496785640716553
-26.323260635137558
-34.37199282646179
-29.836195081472397
-21.900407284498215
-29.277166843414307
-25.25151151418686
-27.2463261783123
-22.476920992136
-20.560383319854736
-28.194251537322998
-32.334349542856216
-24.433283984661102
-23.70229858160019
-7.103949934244156
-13.627761289477348
-32.277830988168716
-33.25195041298866
-26.073931246995926
-25.327180325984955
-29.53874734044075
-28.156971484422684
-40.39093080163002
-38.47658613324165
-24.47257888317108
-30.33219614624977
-27.529174745082855
-31.268616646528244
-31.739614725112915
-30.757124096155167
-24.72388607263565
-24.102039724588394
-23.62796199321747
-28.69393941760063
-38.32637545466423
-35.2014063000679
-14.391396969556808
-7.505542606115341
-31.006060034036636
-34.8457165658474
-28.02951666712761
-36.83859899640083
-27.891086876392365
-26.28755033016205
-31.62159898877144
-28.632371068000793
-13.737783581018448
-14.424718171358109
-11.937973350286484
-18.401459604501724
-29.92848837375641
-29.632732838392258
-30.654723167419434
-29.087362706661224
-22.425136506557465
-22.542875081300735
-27.11832293868065
-27.03987929224968
-27.77670592069626
-28.417976766824722
-30.685981035232544
-32.5069001019001
-25.172140687704086
-25.07571455836296
-23.119318187236786
-14.306464046239853
-26.7484949529171
-25.64884102344513
-32.5913907289505
-33.54237058758736
-17.567059066146612
-19.620230631902814
-30.289184123277664
-31.106656551361084
-35.05648663640022
-30.25065529346466
-29.992751270532608
-23.276254504919052
-27.668725818395615
-27.332656681537628
-29.531454294919968
-21.807247430086136
-33.67865386605263
-31.542581796646118
-32.80022594332695
-33.538277953863144
-24.77734938263893
-25.060382306575775
-23.082682251930237
-17.99264931678772
-15.995957911014557
-15.832233279943466
-22.816900104284286
-25.97266459465027
-31.39119976758957
-30.99794241786003
-27.653567224740982
-29.677679538726807
-37.03681671619415
-36.01573437452316
-43.28060573339462
-41.9694906771183
-31.966972053050995
-29.225127667188644
-30.828712791204453
-28.39093914628029
-24.000160604715347
-17.210423469543457
-19.964836299419403
-22.876338213682175
-24.09732410311699
-23.583851993083954
-25.56302972137928
-34.48939645290375
-21.752742171287537
-23.698855251073837
-21.826512962579727
-19.231383591890335
-23.05168280005455
-19.666142344474792
-26.88714310526848
-35.06608375906944
-27.823906391859055
-25.25502708554268
-27.40292662382126
-26.559914499521255
-29.266857773065567
-32.899438232183456
-22.957272231578827
-20.604300767183304
-26.42498689889908
-27.605447679758072
-28.31798341870308
-30.10227718949318
-27.436701089143753
-34.64435389637947
-10.330256778746843
-19.17467051744461
-16.56779444217682
-15.351486653089523
-19.235714860260487
-19.35126617178321
-33.731644451618195
-38.5350715816021
-25.014780946075916
-27.594976097345352
-29.957044780254364
-29.452968895435333
-13.786353155970573
-18.2087222635746
-28.41059124469757
-28.700286000967026
-22.37475930340588
-26.004009544849396
-25.587839424610138
-30.351019740104675
-26.3326513171196
-30.985772788524628
-28.54557380080223
-31.247702032327652
-29.535324096679688
-33.11499857902527
-20.74397212266922
-24.750928163528442
-17.13700968027115
-9.889885038137436
-18.136493414640427
-27.277740985155106
-28.432677775621414
-30.601807445287704
-31.52246928215027
-29.85889694094658
-28.12889865040779
-28.477799773216248
-27.54881101846695
-33.35322779417038
-31.223309248685837
-30.90785551071167
-26.766426861286163
-29.57048761844635
-24.50258830189705
-27.34582793712616
-19.871177196502686
-22.427187144756317
-12.055354446172714
-15.995277807116508
-25.128425985574722
-23.752497643232346
-31.47871208190918
-30.499112516641617
-23.57513776421547
-26.247094333171844
-23.912636399269104
-26.36454701423645
-16.547400534152985
-21.18417888879776
-32.18198639154434
-32.28552234172821
-18.94191588461399
-21.90511953830719
-27.18425101041794
-26.057396173477173
-27.652285665273666
-26.636037528514862
-41.18952292203903
-36.934352189302444
-31.93877613544464
-34.30215248465538
-22.8650022149086
-17.17999905347824
-26.86630579829216
-26.591943621635437
-19.556991159915924
-21.91353929042816
-36.82976087927818
-33.25195041298866
-18.93613502383232
-17.059412121772766
-17.085064321756363
-9.889885038137436
-32.761835873126984
-36.936251282691956
-38.4816330075264
-40.67723539471626
-24.616157799959183
-30.45119881629944
-28.609689738601446
-29.276817724108696
-17.237364679574966
-18.917738527059555
-28.59333184361458
-28.9634730219841
-23.271082133054733
-22.5384039580822
-37.770203560590744
-35.81119132041931
-26.404749155044556
-28.90498298406601
-21.066651675850153
-22.328949123620987
-23.767662942409515
-27.0878826379776
-14.791608281433582
-22.155997335910797
-26.9526047706604
-27.80071070790291
-30.545095294713974
-28.86278548836708
-36.69952601194382
-38.77566874027252
-25.28107315301895
-25.813525050878525
-32.57989066839218
-29.48906946182251
-22.892706602811813
-25.97217035293579
-29.700028955936432
-30.376641273498535
-29.417295664548874
-27.631960153579712
-26.23509833216667
-31.189744114875793
-42.841551929712296
-45.071906715631485
-30.102409958839417
-31.137191146612167
-25.85433256626129
-27.71677654981613
-34.48643413186073
-32.42098847031593
-16.325238585472107
-27.31534191966057
-32.99866309762001
-32.682506531476974
-41.09024879336357
-47.30118998885155
-32.28697711229324
-32.37121272087097
-25.619230479002
-27.366478204727173
-22.503692403435707
-28.623712956905365
-25.197206526994705
-24.77090299129486
-23.984990537166595
-25.180843710899353
-22.445658683776855
-22.242707431316376
-22.612748861312866
-27.739270985126495
-23.382668495178223
-21.29798474907875
-20.160466641187668
-25.982119739055634
-18.429507791996002
-18.222307056188583
-19.22010624408722
-20.916257917881012
-18.291997969150543
-17.51090183854103
-37.791236728429794
-35.41285625100136
-32.82291319966316
-30.204943627119064
-17.63286229968071
-20.490858286619186
-27.610524892807007
-29.429407954216003
-20.30996036529541
-24.593586951494217
-31.68249425292015
-34.04595082998276
-29.082381278276443
-29.353713005781174
-32.18095037341118
-38.66288784146309
-31.278249114751816
-30.796612471342087
-21.913504779338837
-17.724863439798355
-22.187045991420746
-21.923419922590256
-10.673971740528941
-16.66630920395255
-26.40512788295746
-27.07166439294815
-18.301062017679214
-22.74555191397667
-26.564580887556076
-26.402753978967667
-25.543407324701548
-29.53687535226345
-21.8985665589571
-26.704209960997105
-15.259236991405487
-16.066255658864975
-41.06905871629715
-36.934352189302444
-16.374507881700993
-20.94073587656021
-24.147334665060043
-32.25212875008583
-15.823052614927292
-19.24757319688797
-12.794613689184189
-13.084328353404999
-18.970732182264328
-24.970981866121292
-24.951719373464584
-23.852697432041168
-29.92431266605854
-35.01362535357475
-35.132575780153275
-35.921372413635254
-22.81854823231697
-24.213090240955353
-19.829502791166306
-25.252954840660095
-19.977991566061974
-23.026749551296234
-17.806040555238724
-17.38276720046997
-24.804072439670563
-27.019754707813263
-31.19588914513588
-35.8992158472538
-37.85814544558525
-38.143242955207825
-24.4612497985363
-28.195936292409897
-32.854302912950516
-36.81359913945198
-31.97872620820999
-34.321916967630386
-34.70737090706825
-26.214244961738586
-33.157199174165726
-32.824506640434265
-27.486823678016663
-30.20728114247322
-29.229307949543
-34.17341044545174
-28.859637707471848
-33.72421047091484
-29.85534480214119
-21.807247430086136
-28.464873403310776
-27.624083548784256
-43.35779967904091
-40.716381788253784
-33.45962852239609
-32.88874068856239
-33.03581020236015
-33.550435572862625
-29.67252790927887
-30.239563018083572
-30.03350731730461
-27.075424879789352
-38.241071194410324
-39.85700061917305
-25.373312771320343
-28.55164662003517
-18.685417652130127
-11.92298674583435
-25.10850703716278
-25.899508357048035
-12.577827632427216
-21.340595722198486
-28.306857585906982
-25.65359339118004
-20.872211791574955
-24.400482326745987
-24.57269760966301
-27.611304074525833
-21.164648860692978
-12.105476975440979
-33.762432903051376
-32.07430064678192
-25.43657299876213
-30.428113669157028
-30.227754831314087
-28.294809758663177
-26.72362905740738
-33.396558076143265
-26.630004703998566
-27.892157703638077
-31.94483283162117
-30.365597784519196
-37.47591269016266
-39.48662140965462
-17.94808094576001
-16.71835023164749
-29.839226484298706
-30.832103431224823
-28.844363063573837
-32.171561896800995
-20.471459209918976
-19.16404953598976
-22.934777319431305
-27.739270985126495
-22.946445137262344
-31.502926886081696
-33.6343896985054
-34.5654074549675
-35.2019847035408
-35.921372413635254
-26.934811741113663
-29.539319306612015
-14.9277154058218
-20.07063566148281
-28.68138501048088
-26.21484398841858
-23.631241381168365
-20.24856609106064
-30.466783314943314
-33.71041515469551
-30.22188428044319
-34.64435389637947
-38.46797049045563
-34.59538531303406
-25.87707944214344
-28.912215054035187
-29.055074155330658
-29.2228344976902
-30.49173766374588
-33.73173940181732
-41.673702239990234
-40.716381788253784
-21.80718332529068
-25.422745943069458
-23.023091226816177
-23.240145534276962
-30.254472106695175
-27.427223533391953
-36.98664793372154
-35.41285625100136
-16.604727268218994
-19.036161810159683
-19.24002044275403
-22.28083898872137
-17.990157544612885
-16.58717831969261
-20.620288088917732
-19.63173747807741
-29.484375029802322
-30.43615186214447
-39.64912882447243
-36.934352189302444
-32.356138586997986
-36.21383744478226
-19.551067411899567
-19.54207271337509
-21.464323461055756
-13.782749205827713
-27.120313853025436
-25.22467476129532
-29.858406215906143
-33.93164736032486
-31.14283835887909
-34.80011922121048
-29.24401405453682
-34.14900401234627
-36.08400002121925
-36.50640407204628
-31.24398958683014
-36.05780774354935
-33.26939156651497
-33.92350545525551
-26.363471776247025
-31.85146737098694
-31.86648118495941
-32.682020872831345
-28.8194480240345
-33.99221548438072
-36.89449363946915
-36.44416502118111
-26.443018704652786
-29.96064817905426
-29.78710639476776
-28.041382372379303
-18.66294552385807
-21.32425105571747
-21.74642524123192
-26.58276343345642
-23.821498155593872
-22.5962395966053
-20.1013952344656
-22.80396243929863
-20.586274668574333
-25.18859839439392
-25.798324286937714
-24.187415778636932
-15.943657368421555
-20.909937240183353
-33.329930514097214
-34.77540570497513
-31.60088214278221
-28.71279776096344
-22.576420068740845
-21.70357683300972
-26.607049256563187
-28.510450929403305
-25.757830649614334
-26.669447749853134
-30.093174904584885
-28.55116492509842
-21.24305459856987
-24.647410333156586
-28.226360619068146
-27.683875739574432
-20.370947778224945
-19.88558581471443
-21.717629969120026
-24.926581978797913
-18.671087190508842
-22.897429913282394
-23.538710922002792
-21.758203774690628
-23.508204072713852
-34.228725284338
-21.481232911348343
-27.085238605737686
-31.725918769836426
-29.832935631275177
-22.261476695537567
-25.73209086060524
-23.968283474445343
-27.257229417562485
-23.89692622423172
-27.063037872314453
-25.81185634434223
-28.004520893096924
-29.43267312645912
-28.90240803360939
-27.14995586872101
-27.154532998800278
-11.024560291320086
-19.034154951572418
-32.40785685181618
-38.28950306773186
-20.991388708353043
-26.02729633450508
-18.00612309575081
-22.298516303300858
-21.807591199874878
-24.220716416835785
-21.545118659734726
-14.586609840393066
-30.91134688258171
-29.704263120889664
-26.418906211853027
-27.654264360666275
-31.088988333940506
-32.29041135311127
-27.70355287194252
-28.672716289758682
-32.47183284163475
-36.114893049001694
-22.602235853672028
-31.884559333324432
-30.032257437705994
-28.289732426404953
-27.161916315555573
-18.393577754497528
-33.75185018777847
-31.284805327653885
-29.202483534812927
-27.406881719827652
-19.73275578022003
-19.620345175266266
-24.895189464092255
-27.77543818950653
-15.268528450280428
-15.31494715809822
-31.792834997177124
-30.23943918943405
-24.69075295329094
-33.980787605047226
-38.93737968802452
-34.34897971153259
-31.95416894555092
-31.44316065311432
-28.855077981948853
-30.940971821546555
-20.19263982772827
-26.671430379152298
-29.453481018543243
-31.623894840478897
-34.175154477357864
-26.214244961738586
-23.585436433553696
-23.86076784133911
-23.249939382076263
-21.375504732131958
-33.383312821388245
-27.52814871072769
-22.821057856082916
-32.16279178857803
-28.741102516651154
-28.309980034828186
-17.058073192834854
-18.698332279920578
-35.9274043738842
-34.09803196787834
-23.06579378247261
-25.297981202602386
-24.959863431751728
-25.39493563771248
-26.8380109667778
-28.255132406949997
-27.427438408136368
-30.911990493535995
-39.672021955251694
-36.81050544977188
-33.08960661292076
-36.18247839808464
-22.992507588118315
-25.949952829629183
-21.28746223449707
-21.411435946822166
-29.175106048583984
-31.69563439488411
-30.674674689769745
-28.271750658750534
-26.84420281648636
-24.461030662059784
-19.043358109891415
-21.614451751112938
-29.501170843839645
-27.265015065670013
-23.570628494024277
-25.514939308166504
-22.233560413122177
-24.044570833444595
-19.23674112558365
-16.208393901586533
-22.391988575458527
-22.98578017950058
-21.71355914324522
-21.772648245096207
-27.505001425743103
-31.154745280742645
-35.21057316660881
-38.28950306773186
-21.610038995742798
-14.895978152751923
-18.438390508294106
-20.309257864952087
-19.772835582494736
-22.67725944519043
-24.390063136816025
-28.98645806312561
-15.465465009212494
-17.516860395669937
-35.742162108421326
-35.88584715127945
-19.329084187746048
-16.87433362007141
-22.963269889354706
-29.99234104156494
-28.639517933130264
-31.162626147270203
-24.81427675485611
-21.81342539191246
-18.159427225589752
-20.119946867227554
-31.903993844985962
-23.932249128818512
-18.722091160714626
-27.86374118924141
-29.385931253433228
-29.563917189836502
-19.455018222332
-24.503943294286728
-27.936456710100174
-38.40558660030365
-25.393941551446915
-27.020979583263397
-26.294198393821716
-30.501274168491364
-27.209343671798706
-31.92829141020775
-26.70711348950863
-34.410008519887924
-30.966466665267944
-36.105128556489944
-24.569396138191223
-22.098341435194016
-26.926801323890686
-31.01104724407196
-15.45416471362114
-16.961275726556778
-20.87729725241661
-25.64965483546257
-21.135157361626625
-22.501261681318283
-33.33946147561073
-32.18807104229927
-27.77088576555252
-29.9620344042778
-30.235845535993576
-29.126823514699936
-27.833087235689163
-34.28080606460571
-30.959080934524536
-30.16420951485634
-30.6290924847126
-31.929271429777145
-24.197282448410988
-26.55280575156212
-22.359618455171585
-28.066249400377274
-18.435294792056084
-22.255295738577843
-28.538914620876312
-30.227000176906586
-18.551840841770172
-18.92915853857994
-28.830685555934906
-31.550965785980225
-36.06903290748596
-26.214244961738586
-34.723195284605026
-28.541465610265732
-30.613324999809265
-27.458517491817474
-25.07564577460289
-35.17355540394783
-24.36837139725685
-30.918364375829697
-28.36068496108055
-31.382409304380417
-34.09258234500885
-36.471209555864334
-29.733291685581207
-33.40192213654518
-23.037291079759598
-22.27319300174713
-22.497331857681274
-27.963448792696
-34.70211538672447
-34.164261907339096
-24.385138750076294
-17.17999905347824
-23.137324407696724
-29.027678340673447
-32.12841048836708
-33.4619824886322
-38.35135805606842
-36.6755408346653
-24.293530613183975
-24.492400616407394
-27.969941288232803
-26.628133833408356
-17.948102355003357
-19.6071614921093
-28.066751211881638
-34.28063556551933
-21.312773793935776
-19.478227198123932
-29.136617720127106
-25.961863696575165
-22.600003242492676
-15.862402021884918
-30.126166820526123
-29.869800686836243
-32.81916785240173
-36.05350321531296
-24.11325964331627
-32.25212875008583
-15.598298251628876
-14.790717214345932
-23.743095949292183
-26.906777173280716
-23.348832167685032
-26.004009544849396
-26.996918827295303
-31.666178554296494
-17.47642508149147
-20.26574844121933
-22.991867661476135
-26.2557193338871
-27.53510159254074
-24.746302515268326
-17.08382335305214
-23.23057934641838
-18.85024181008339
-26.655168682336807
-24.411141961812973
-22.199784100055695
-26.92723199725151
-32.03338956832886
-27.258626252412796
-29.489661067724228
-41.74126419425011
-38.31178829073906
-25.855591252446175
-29.040266752243042
-21.411902859807014
-21.96029841899872
-22.278464376926422
-14.895978152751923
-23.76999381184578
-26.43641209602356
-18.023906603455544
-22.65219357609749
-22.543307781219482
-28.655847549438477
-29.67753979563713
-29.7721666097641
-37.52093607187271
-36.92409101128578
-22.125157564878464
-23.83539292216301
-17.25783282518387
-10.2578684091568
-27.231866419315338
-26.87046006321907
-27.051813513040543
-30.983710020780563
-26.435057997703552
-29.07196694612503
-17.91534575819969
-21.815156042575836
-32.031686663627625
-30.28652885556221
-36.670667350292206
-37.87700256705284
-22.4459125995636
-21.834469825029373
-21.075521394610405
-23.031490564346313
-32.45500868558884
-32.00234913825989
-32.7327561378479
-39.7420517206192
-29.060625821352005
-29.37382999062538
-9.67124043405056
-13.839361742138863
-26.999122351408005
-24.34717094898224
-23.252639263868332
-23.356450736522675
-18.92267095297575
-20.93112863600254
-30.237937539815903
-34.070792615413666
-17.576663106679916
-23.065553963184357
-34.922458201646805
-35.19009414315224
-22.243625044822693
-24.22583296895027
-29.559661984443665
-31.968460232019424
-28.38503870368004
-30.350178748369217
-28.77325478196144
-28.91241291165352
-31.80210092663765
-27.833870887756348
-21.44279408454895
-23.842320531606674
-29.16633576154709
-32.45005118846893
-21.062121629714966
-20.99870839715004
-24.0232155919075
-29.586344480514526
-13.884585693478584
-17.043476194143295
-24.107311725616455
-30.97532817721367
-10.332621231675148
-14.671303421258926
-21.60664191842079
-23.679798901081085
-22.936041206121445
-26.928657084703445
-27.798874408006668
-26.955229371786118
-23.353631556034088
-22.297070384025574
-31.00711977481842
-33.76513829827309
-21.635529398918152
-27.718537747859955
-27.796362042427063
-25.523802489042282
-28.06094640493393
-22.075859040021896
-27.573956966400146
-25.297977566719055
-31.691843628883362
-33.538277953863144
-28.689294755458832
-19.09435060620308
-20.601790875196457
-21.89392524957657
-26.590710878372192
-29.442058593034744
-32.25520458817482
-33.80308571457863
-28.922378301620483
-28.913494884967804
-24.13307924568653
-31.72981497645378
-25.208420902490616
-28.135945975780487
-30.037652999162674
-28.850192099809647
-15.75963032245636
-18.282254427671432
-26.965558379888535
-29.70890599489212
-29.386760503053665
-20.970175236463547
-28.17580759525299
-29.609987795352936
-28.98101332783699
-34.21157056093216
-32.92724159359932
-30.97996285557747
-23.438162595033646
-26.77668696641922
-26.693418085575104
-25.365587055683136
-34.58226126432419
-34.31514412164688
-34.92215347290039
-33.826231956481934
-32.955018013715744
-30.12461557984352
-31.39252868294716
-33.75803101062775
-27.013457655906677
-28.684428453445435
-18.28793476521969
-24.977776646614075
-28.5699522793293
-26.802257925271988
-18.184766083955765
-21.515856385231018
-30.73259249329567
-25.659652143716812
-18.014753103256226
-18.25318494439125
-15.480685502290726
-9.93442016839981
-13.963162869215012
-16.322753220796585
-29.048015356063843
-22.075859040021896
-28.93356543779373
-24.01111227273941
-27.308326363563538
-31.22996887564659
-21.05293044447899
-21.503413885831833
-25.43689724802971
-26.103246301412582
-39.56127402186394
-35.88584715127945
-22.763066947460175
-24.068200767040253
-26.126301553100348
-29.276817724108696
-29.707505017518997
-30.61009556055069
-16.119271010160446
-14.958627194166183
-30.768552839756012
-29.611561745405197
-22.94019341468811
-16.533078014850616
-32.164831310510635
-38.87817648053169
-29.452468663454056
-28.3497157394886
-24.143399000167847
-28.32367917895317
-23.36290806531906
-22.50629171729088
-25.558844804763794
-35.0931022465229
-32.6047303378582
-30.921407163143158
-20.75011895596981
-22.598680704832077
-20.103523448109627
-24.83298772573471
-29.928810209035873
-28.85552477836609
-28.400752872228622
-27.76313105225563
-14.368266016244888
-14.773991912603378
-23.71056431531906
-31.211021274328232
-20.105811774730682
-30.53765395283699
-30.48419365286827
-28.414195716381073
-31.968897759914398
-34.82297211885452
-20.399760127067566
-19.783660620450974
-33.55415689945221
-34.683111399412155
-25.429888293147087
-34.4833889901638
-31.05690398812294
-29.229671090841293
-32.99604418873787
-30.084934681653976
-15.179350640624762
-20.06347417831421
-15.607428163290024
-15.433242410421371
-22.51284086704254
-23.184582352638245
-26.540251910686493
-26.059573262929916
-15.030569702386856
-15.651842504739761
-22.362331062555313
-25.41049525141716
-13.54401683807373
-18.416295498609543
-31.84271627664566
-29.318319618701935
-26.715377271175385
-28.516789108514786
-27.841356933116913
-20.192246079444885
-36.48701351881027
-37.64634442329407
-34.879646718502045
-36.68178182840347
-17.46803805232048
-22.91381424665451
-21.890805304050446
-20.644382148981094
-26.96258318424225
-19.002546906471252
-30.761819541454315
-29.255160480737686
-27.57185009121895
-35.30049994587898
-18.444129019975662
-20.106898844242096
-24.30606770515442
-17.759734988212585
-28.29279613494873
-26.977941781282425
-23.385813057422638
-19.288643807172775
-31.182879477739334
-29.686918884515762
-28.21671563386917
-30.185980945825577
-29.330503076314926
-35.040394335985184
-31.453298419713974
-27.162417382001877
-23.5419240295887
-24.17364513874054
-27.655880376696587
-31.785114645957947
-28.574070669710636
-30.495800495147705
-34.86154234409332
-24.493263870477676
-27.05397719144821
-29.48054039478302
-31.431674420833588
-35.58923491835594
-38.74130603671074
-30.93210729956627
-35.82609522342682
-30.303229123353958
-26.81351003050804
-25.866528153419495
-28.92340123653412
-30.114724904298782
-26.940552204847336
-24.6088809967041
-26.072265595197678
-26.04952973127365
-19.894421488046646
-23.437513262033463
-27.200383961200714
-27.77961978316307
-24.12154732644558
-25.36718337237835
-30.445114105939865
-30.629823803901672
-29.67606657743454
-33.35379073023796
-28.28931501507759
-26.09794807434082
-20.730752110481262
-19.482047200202942
-10.581310659646988
-14.475105851888657
-25.023413479328156
-27.753294676542282
-17.272071421146393
-16.729852735996246
-16.241573721170425
-16.010313600301743
-24.52155441045761
-27.429126501083374
-32.01869225502014
-29.747402161359787
-14.80404344201088
-17.067894250154495
-23.32974398136139
-27.490090310573578
-38.456328362226486
-40.09494152665138
-16.519552528858185
-21.44641274213791
-29.28540349006653
-19.652093082666397
-26.144155383110046
-28.268489092588425
-23.451869785785675
-18.645545333623886
-24.679171293973923
-28.311187237501144
-32.94119203090668
-25.919573068618774
-30.933763563632965
-36.725816428661346
-32.1458842754364
-35.05134105682373
-29.595015078783035
-31.01631611585617
-21.9776349067688
-23.659841924905777
-21.828982263803482
-25.034076780080795
-29.805221289396286
-37.569637566804886
-40.3473140001297
-40.716381788253784
-24.879754424095154
-27.032421201467514
-13.621993971988559
-17.283036023378372
-32.51593080163002
-34.11509519815445
-29.9851211309433
-31.852890014648438
-27.56025779247284
-26.599369138479233
-31.107790023088455
-33.687444388866425
-20.85555137693882
-25.472538515925407
-20.761114865541458
-25.158879309892654
-29.933463752269745
-29.98698303103447
-31.712532699108124
-33.969877779483795
-23.64982634782791
-22.431682467460632
-32.80233773589134
-29.889212667942047
-32.909535348415375
-34.66126108169556
-25.57913565635681
-25.385244965553284
-17.047085523605347
-10.846303135156631
-30.77572926878929
-33.88769581913948
-29.824459195137024
-30.47963571548462
-39.74241319298744
-35.88584715127945
-25.06329181790352
-27.274138748645782
-30.778678804636
-26.7842278778553
-10.511704489588737
-13.58440288901329
-23.948653887957335
-31.801820993423462
-13.822249621152878
-15.76538673043251
-17.748509507626295
-23.077445209026337
-22.339644491672516
-20.333813339471817
-33.50575456023216
-33.96374237537384
-23.998295456171036
-23.389933794736862
-22.820786595344543
-24.59528538584709
-19.879222482442856
-20.459932327270508
-19.67057314515114
-25.95030701160431
-31.647537380456924
-30.61501231789589
-17.52361625432968
-9.93442016839981
-22.32935658097267
-21.283308416604996
-32.32279324531555
-34.28941497206688
-29.80680051445961
-32.48438948392868
-26.36308327317238
-25.509904593229294
-26.93947857618332
-26.892476439476013
-20.903108924627304
-24.986340671777725
-17.125505059957504
-23.02493840456009
-28.669297963380814
-26.11769026517868
-23.955981701612473
-24.47841051220894
-30.90302273631096
-31.90503254532814
-34.834771394729614
-35.13954621553421
-23.499277472496033
-24.533530205488205
-29.62776294350624
-29.47516357898712
-16.47462397813797
-11.30584466457367
-15.15360015630722
-16.16145184636116
-25.98036766052246
-27.153939098119736
-25.33540280163288
-34.16620895266533
-33.8034747838974
-33.018570989370346
-29.045366048812866
-27.21585515141487
-22.394611060619354
-32.562746316194534
-31.436623841524124
-31.30522909760475
-23.751035034656525
-26.78279795870185
-21.48410528898239
-24.50810471177101
-25.469209279865026
-27.049454662948847
-25.97504884004593
-24.34002995491028
-21.63360360264778
-20.132644146680832
-24.328187108039856
-25.641081392765045
-23.036468893289566
-22.260145723819733
-39.44380721449852
-43.420705050230026
-16.09237763285637
-10.2578684091568
-36.58455690741539
-40.263611406087875
-35.49479451775551
-42.86834156513214
-30.89712554216385
-30.580101907253265
-35.700475454330444
-31.159513682127
-20.572721242904663
-22.533439874649048
-21.07279586419463
-25.02477090805769
-31.151945918798447
-29.86101871728897
-31.548301547765732
-34.91142871975899
-24.304819956421852
-29.597199380397797
-32.339758455753326
-25.49882411956787
-30.530586004257202
-29.211164861917496
-22.298129439353943
-20.70037668943405
-34.32510086894035
-35.45278772711754
-27.181625351309776
-33.15535295009613
-19.07438090443611
-22.497457951307297
-32.476898074150085
-32.65502128005028
-27.320450633764267
-32.14533203840256
-18.985908776521683
-21.427295744419098
-35.6786387860775
-35.86018127202988
-26.064434051513672
-30.70498961210251
-26.141530632972717
-26.290645092725754
-17.329286754131317
-22.063625872135162
-27.472141683101654
-30.681618839502335
-31.093582570552826
-20.483388155698776
-31.094554603099823
-31.607184171676636
-18.714556723833084
-24.21729013323784
-32.32212182879448
-30.1581609249115
-22.806654542684555
-13.782749205827713
-31.062957257032394
-37.293341398239136
-24.188261434435844
-26.836425699293613
-21.57144472002983
-22.0015672147274
-24.276973456144333
-24.510341584682465
-27.062966257333755
-25.789079129695892
-18.65789743885398
-19.37845467031002
-35.72764980792999
-33.25195041298866
-30.30839642882347
-27.862749844789505
-23.67559140920639
-23.97150582075119
-31.116553515195847
-28.96858474612236
-25.372696548700333
-26.1486656665802
-14.330571919679642
-17.53385853767395
-25.959536254405975
-28.9860198199749
-28.40117645263672
-22.075859040021896
-29.759507805109024
-29.322844177484512
-24.37820264697075
-26.39688539505005
-25.419632852077484
-31.75701868534088
-31.47190970182419
-31.27384090423584
-30.553332448005676
-29.579457312822342
-24.467054784297943
-24.695090383291245
-26.61665192246437
-28.318518966436386
-31.261580646038055
-40.71952122449875
-19.140604957938194
-29.219208538532257
-32.75446707010269
-33.781083196401596
-16.505105152726173
-25.769160628318787
-24.911945700645447
-17.453794687986374
-27.272772431373596
-27.153939098119736
-29.153922021389008
-29.538998544216156
-17.01147171854973
-11.30584466457367
-30.032664597034454
-30.181152045726776
-31.23290467262268
-39.635850340127945
-24.59025229513645
-32.964891731739044
-32.03520184755325
-28.67637723684311
-31.05295303463936
-27.598107546567917
-24.695070385932922
-17.210423469543457
-17.368707567453384
-18.224130034446716
-12.22492378205061
-17.831001311540604
-24.315311044454575
-28.09006530046463
-19.305652290582657
-23.102962166070938
-26.3451646566391
-26.842894077301025
-28.46851736307144
-29.260956406593323
-21.45829476416111
-27.262941658496857
-32.87500813603401
-22.82610195875168
-28.31896886229515
-36.21900689601898
-16.957858622074127
-19.55100652575493
-38.99241852760315
-35.75245514512062
-24.11080738902092
-27.817927956581116
-18.058946937322617
-19.497124828398228
-26.391515225172043
-29.207984060049057
-22.962795078754425
-21.838708996772766
-18.59852436184883
-21.91353929042816
-25.470803271979094
-32.22977361083031
-18.44406908750534
-19.163139790296555
-29.605820894241333
-28.027552664279938
-23.857203722000122
-26.533601850271225
-22.359770953655243
-29.56826823949814
-21.992331504821777
-26.36639165878296
-13.888604044914246
-7.505542606115341
-19.380856350064278
-21.076890617609024
-20.750307343900204
-24.391500413417816
-25.107012301683426
-26.55913582444191
-19.80863131582737
-25.27077841758728
-26.172397404909134
-29.325340285897255
-22.878880858421326
-21.251538813114166
-29.830952793359756
-27.636560797691345
-22.644966423511505
-20.64048060774803
-33.6770658493042
-38.07409739494324
-26.20413728058338
-28.69692176580429
-21.472485691308975
-24.64977541565895
-26.817789554595947
-28.471865326166153
-9.303349260240793
-12.126971960067749
-25.605403661727905
-24.964971035718918
-29.57216078042984
-29.639530688524246
-26.654849410057068
-28.630051165819168
-16.62652525305748
-19.24980276823044
-20.504797786474228
-25.820998191833496
-27.356491923332214
-26.287990868091583
-23.963889986276627
-30.266404151916504
-29.69491621851921
-36.54492577910423
-34.343229442834854
-36.46583491563797
-21.607255071401596
-14.22250360250473
-31.012179642915726
-34.44165262579918
-35.00015899538994
-33.550435572862625
-24.014020264148712
-30.74679133296013
-27.440723925828934
-27.19314381480217
-32.50546050071716
-34.46592444181442
-23.780696362257004
-22.638576954603195
-29.836404472589493
-32.237904369831085
-32.979549050331116
-31.33693978190422
-30.39556658267975
-29.42240685224533
-17.340227097272873
-18.484802812337875
-14.458534210920334
-14.848683178424835
-28.115687638521194
-29.96064817905426
-33.414714723825455
-32.98659813404083
-30.354350447654724
-30.560546159744263
-21.197738528251648
-29.239587545394897
-16.00709018111229
-21.184364199638367
-30.417077988386154
-33.65550121665001
-32.625002443790436
-32.64283299446106
-27.739900827407837
-33.40192213654518
-24.845092087984085
-23.25589644908905
-21.461477279663086
-29.4406179189682
-26.114311188459396
-28.475906938314438
-20.58491677045822
-21.196333199739456
-28.40797221660614
-32.10639023780823
-25.608679220080376
-32.553016006946564
-26.122834533452988
-23.695986658334732
-30.335810720920563
-27.885434687137604
-31.931600093841553
-30.692891895771027
-24.856293737888336
-23.02886652946472
-24.443959027528763
-29.998490929603577
-22.05825656466186
-25.18756239116192
-25.68704515695572
-24.724081128835678
-15.151516903191805
-20.19442968443036
-26.43850114941597
-28.030225425958633
-31.392304062843323
-33.647718876600266
-18.47452698647976
-23.75052973628044
-35.61137095093727
-38.65588539838791
-20.547991186380386
-21.335942536592484
-23.104047387838364
-20.336135536432266
-26.959755092859268
-31.823941111564636
-29.73259563744068
-34.2871418595314
-40.35167130827904
-41.31284785270691
-29.95901331305504
-31.380962163209915
-28.00147232413292
-31.61033484339714
-36.031665563583374
-36.95570448040962
-31.016988277435303
-31.860461503267288
-24.318274676799774
-23.396243274211884
-23.072151347994804
-27.771752893924713
-21.233959391713142
-28.57475659251213
-17.072539314627647
-20.432460874319077
-17.23369038105011
-15.497520357370377
-25.15903753042221
-23.711659252643585
-27.673033088445663
-19.765128761529922
-21.43535614013672
-23.698855251073837
-29.536579430103302
-30.330587476491928
-21.71601214259863
-24.600065618753433
-24.051442369818687
-25.56288805603981
-23.920672684907913
-28.563006728887558
-30.981655597686768
-31.205740958452225
-16.517964512109756
-19.28584498167038
-30.391506671905518
-28.20563831925392
-21.04450821876526
-22.455113403499126
-26.478977262973785
-25.128001987934113
-22.81103065609932
-29.37323671579361
-28.17863556742668
-29.00299820303917
-20.680794179439545
-19.131694674491882
-32.715916872024536
-37.1152840256691
-26.49770301580429
-31.59000140428543
-31.00935935974121
-36.16707542538643
-25.054088473320007
-28.536194324493408
-45.10623097419739
-39.34777370095253
-28.591820657253265
-28.56386411190033
-31.68664640188217
-25.665939420461655
-23.117232471704483
-26.082422614097595
-27.108037412166595
-28.02254569530487
-42.237820118665695
-45.75271338224411
-26.823401033878326
-26.752122968435287
-22.612540759146214
-25.9860842525959
-28.088173389434814
-31.89581009745598
-23.380787760019302
-22.756187438964844
-24.32950732111931
-24.970348238945007
-26.10731589794159
-35.469471246004105
-21.18719621002674
-24.080558374524117
-30.549962908029556
-32.140029191970825
-38.08553159236908
-38.31178829073906
-32.123523861169815
-34.37556964159012
-29.303871154785156
-34.351031839847565
-19.678748089820147
-26.314288526773453
-24.952042281627655
-23.851474940776825
-35.076668947935104
-40.81477028131485
-18.724696591496468
-26.722740173339844
-22.582874953746796
-24.2192824780941
-29.23490795493126
-31.08568313717842
-11.78665093332529
-15.032921358942986
-22.253706961870193
-19.903630018234253
-35.1293982565403
-36.27820301055908
-25.837747782468796
-27.084793984889984
-30.61138579249382
-32.96329028904438
-28.465318232774734
-26.441337645053864
-31.1714349091053
-22.63027521967888
-28.620261311531067
-28.907948911190033
-28.892791986465454
-22.9620298743248
-21.025763884186745
-21.71326994895935
-30.819289296865463
-29.24158787727356
-23.9990254342556
-29.483478486537933
-24.674915105104446
-25.562867015600204
-21.680169492959976
-29.26901826262474
-27.2998206615448
-27.436544626951218
-27.214845538139343
-19.37479966878891
-23.95415821671486
-19.3087777197361
-26.303663104772568
-23.193315386772156
-29.023181438446045
-33.0630079805851
-21.277045100927353
-25.350904762744904
-28.53847512602806
-27.70054030418396
-23.272900372743607
-21.852655172348022
-17.74534437060356
-19.49923637509346
-32.98491561412811
-33.664386570453644
-32.75247314572334
-36.50768139958382
-32.73215648531914
-32.42148658633232
-29.473377287387848
-27.68085354566574
-14.163699358701706
-25.546867817640305
-24.42331075668335
-27.71871843934059
-30.644634574651718
-37.050908505916595
-27.760945860296488
-30.243931081146002
-27.20699793100357
-25.844845443964005
-22.495283365249634
-27.23114314675331
-31.673117756843567
-31.405554682016373
-27.514445185661316
-32.74101468920708
-20.18474918603897
-28.944841116666794
-16.51185992360115
-15.721251308918
-21.665099799633026
-28.900483787059784
-21.485298991203308
-13.782749205827713
-30.688942164182663
-28.531007200479507
-23.634126901626587
-25.5421005487442
-19.080793105065823
-22.539214700460434
-29.875158488750458
-31.909295350313187
-19.980088025331497
-27.99038925766945
-21.911566615104675
-21.666698038578033
-34.97034192085266
-32.30756628513336
-28.962223380804062
-25.718758761882782
-23.39708834886551
-28.900483787059784
-34.44140949845314
-37.695154935121536
-23.771376118063927
-29.520720690488815
-26.070770367980003
-31.218053817749023
-26.732172787189484
-26.88966952264309
-20.65794962644577
-20.097125373780727
-17.99698932468891
-20.82144057750702
-19.970408856868744
-22.23449444770813
-24.123768746852875
-23.938814222812653
-24.392375648021698
-14.598132252693176
-29.13889768719673
-33.45409247279167
-35.987570732831955
-31.11783394217491
-19.55009178072214
-24.51954773068428
-25.826474010944366
-29.335907965898514
-29.368082344532013
-30.159950256347656
-30.089461892843246
-30.026071161031723
-29.253254890441895
-31.2377889752388
-18.58338315039873
-21.769622936844826
-20.73204857110977
-22.475144743919373
-23.311534523963928
-22.374860167503357
-25.952177345752716
-26.96431678533554
-25.232191532850266
-20.36484783887863
-18.830140560865402
-20.63225731253624
-25.620743453502655
-23.845515340566635
-23.169574677944183
-25.49347549676895
-31.427101463079453
-29.878564059734344
-36.05915105342865
-34.99525770545006
-28.709857493638992
-28.721273809671402
-33.52961674332619
-33.44485145807266
-23.268133968114853
-20.789453506469727
-32.44823032617569
-29.704263120889664
-11.079452812671661
-18.280076920986176
-24.185372561216354
-25.110606342554092
-30.12392407655716
-31.0539248585701
-29.33941039443016
-28.281921178102493
-27.683275401592255
-33.415377110242844
-20.559741139411926
-19.915486574172974
-23.90428003668785
-25.932149052619934
-25.183255165815353
-24.533530205488205
-25.14224276319146
-22.850049540400505
-25.60434952378273
-27.758483797311783
-31.02897173166275
-29.39302110671997
-39.187659740448
-36.610046684741974
-21.977071464061737
-23.249177038669586
-15.371657192707062
-19.126188531517982
-31.253168791532516
-31.811172395944595
-34.344555616378784
-29.693748027086258
-26.896309107542038
-23.781067550182343
-21.700068473815918
-26.39754331111908
-28.932194858789444
-27.0015929043293
-26.792138814926147
-28.435817271471024
-25.51452285051346
-27.644420713186264
-18.364778131246567
-16.685203939676285
-31.0505028963089
-33.1724054813385
-17.967680556699634
-19.066868752241135
-16.22364592552185
-19.648099809885025
-19.673228323459625
-20.875503808259964
-31.872742474079132
-29.845321893692017
-26.939900994300842
-30.408172696828842
-28.851868450641632
-28.162469416856766
-23.930810034275055
-23.668899208307266
-12.34891515597701
-17.337428279221058
-25.51751959323883
-31.580545037984848
-16.844475463032722
-22.50743591785431
-19.8404158949852
-26.393377393484116
-38.83739683032036
-35.75245514512062
-32.17337539792061
-33.030041724443436
-25.61829176545143
-33.04103088378906
-31.68956783413887
-31.8540221452713
-20.374379590153694
-25.190571777522564
-19.803663730621338
-19.358922451734543
-29.73929214477539
-33.321730345487595
-27.910522878170013
-27.660695552825928
-30.246409386396408
-31.179503113031387
-31.70978057384491
-29.10892763733864
-22.10253956913948
-29.520089477300644
-26.80915927886963
-27.403292328119278
-29.564629763364792
-29.601857781410217
-29.5044826567173
-31.05238652229309
-28.133471429347992
-27.148467361927032
-22.141486078500748
-26.39754331111908
-23.656378209590912
-25.943043529987335
-29.976193338632584
-27.302136451005936
-29.6931771337986
-28.825898826122284
-35.64222386479378
-26.214244961738586
-29.41161009669304
-30.04617214202881
-31.159564912319183
-26.96431678533554
-25.2593502253294
-32.22194331884384
-27.783702105283737
-29.229288667440414
-23.143794804811478
-28.216824799776077
-20.650986939668655
-19.56535604596138
-33.98391669988632
-32.874921411275864
-25.937016010284424
-33.46367272734642
-27.881910413503647
-32.21819046139717
-25.61575224995613
-26.18788042664528
-28.207865446805954
-32.97366365790367
-31.270753800868988
-29.19217523932457
-31.436205327510834
-30.31113713979721
-26.462135404348373
-29.05855944752693
-22.799559742212296
-25.74037978053093
-29.559374451637268
-31.28669422864914
-32.250455528497696
-31.088544487953186
-30.91393482685089
-34.46440729498863
-29.111086010932922
-28.956902265548706
-24.98357293009758
-26.72962474822998
-37.13896286487579
-37.2630275785923
-31.833386033773422
-30.12883472442627
-18.114878982305527
-21.240104258060455
-31.55609431862831
-30.367809385061264
-17.117675244808197
-15.674561113119125
-27.565383791923523
-31.859513729810715
-34.74259239435196
-34.71370956301689
-27.739136258140206
-29.64617507532239