-103.22912051854655
-111.6561885966803
-119.01067066725227
-137.74649911327288
-85.89727711677548
-96.51126432418823
-122.35452968941536
-123.298006526049
-73.59264401365363
-72.44456459580351
-64.82093987986445
-69.43884240090847
-66.63784661138561
-68.54219551753522
-66.8359039593463
-71.95383085310414
-101.59502432640875
-106.24681645608507
-118.61091846227646
-133.21215377748013
-82.8408253788948
-73.94904693868011
-103.46854916214943
-94.60676789283752
-77.93115939199924
-76.9339766446501
-107.3871279276209
-91.1269323527813
-71.53932842612267
-69.2473365329206
-101.01750316959806
-88.8614411233284
-100.65153363347054
-95.49543427722529
-65.0452556522796
-88.7282587569207
-102.518593467772
-106.5300403572619
-116.43103271062137
-108.84126449347241
-81.25438319612294
-78.81571753171738
-75.90069687366167
-86.87935078143948
-63.74478220549645
-70.06798636682652
-74.3658995310542
-79.69033896781912
-97.5327738339547
-93.47461124847177
-119.52364106866298
-124.91672980761541
-85.72335124015808
-85.18938821554184
-81.6790357530117
-83.52865806221962
-64.37152326876821
-70.75201768177794
-52.5567712058928
-50.745941107321244
-41.643294095032616
-69.01688897609029
-49.910522429934645
-64.14193642139276
-116.93935036659241
-117.8589703924954
-69.79916938766837
-90.44792351219803
-79.43873645733674
-74.70156001967916
-82.16571625144024
-68.91350321663776
-83.21291455626488
-77.77318635984557
-79.91204639337957
-82.69581704272423
-78.93704867456108
-63.517177079867906
-89.93532614200376
-85.6559818922542
-95.01355397701263
-97.83931386470795
-91.5181143952068
-91.52633024193347
-69.06194080922705
-69.40063103578996
-87.39995303795126
-89.2105659822546
-84.50073933535668
-87.9465395210209
-97.2805672879366
-99.22183179851515
-93.52979396283627
-88.63990938212373
-111.31597840771428
-104.01338958686028
-72.45378074490145
-70.3600677935101
-92.40735533150882
-94.08337417663046
-83.30626708432101
-84.22784508857876
-106.28018827736378
-88.27293735742569
-74.20474338020358
-62.83763739999267
-72.02929320640396
-64.71201539350659
-78.8339239996858
-99.90009241178632
-82.27401792992168
-100.05937966608326
-97.1736398935318
-109.01626759767532
-106.95573085398792
-98.42485561873218
-86.81758567166924
-94.67800559953321
-88.64745641893796
-94.62071678865323
-59.925379936105855
-65.61168828044447
-103.00167250616323
-124.1620104312849
-82.47814593324438
-87.9275817759335
-108.92343067163893
-94.94001664407551
-93.5462943315506
-92.11253482988104
-97.87053299881518
-97.76546109002084
-76.2778024588473
-65.71220709476518
-76.47449008375389
-69.67596167325382
-122.41663380878163
-109.3889234457165
-125.71753733977675
-117.5632645636797
-76.03093099548278
-82.94088077545155
-100.63308465476348
-110.47133982181532
-81.35069561350974
-82.08403486674615
-86.95440572030384
-83.5710628535586
-92.75192523002625
-97.36048227734864
-106.55751458927989
-110.97130344249308
-79.54443032923155
-76.78844246882363
-104.67202138613357
-93.924242496425
-62.69309669500217
-69.74994377157418
-49.53387536158516
-60.10974295923188
-82.25271200369389
-75.36042937428647
-93.83633303635543
-89.60977042032573
-86.98445886513218
-78.30240154266312
-98.56720089895498
-94.8405301555722
-93.21604120711345
-108.61567643564194
-117.23118126389
-106.41488706781092
-62.38389568385901
-64.51199579251988
-71.79340347805555
-69.60421548892373
-98.52932617801707
-91.49301297729835
-127.0142171382904
-120.12004852294922
-66.07633570581675
-92.17732925526798
-66.95136618008837
-79.26348265996785
-81.12935396283865
-81.22815894323867
-94.0676896572113
-86.05369086563587
-85.27483179420233
-84.35367602109909
-132.94969964024313
-125.4613461951376
-93.53560227155685
-93.2347079217434
-80.10813810676336
-77.43980080168694
-89.68874733895063
-92.5001367200166
-117.95839580148458
-112.01895140111446
-64.14771711803587
-66.59503400401445
-72.25928343826672
-77.49491742453392
-77.21361809954578
-79.37244904032832
-101.18386536836351
-105.07791280746437
-70.81114695221186
-74.52347341179848
-80.91662424057722
-82.29140766710043
-87.80037081241608
-96.86130952817803
-94.18574881553647
-99.1119027091845
-81.68061208724976
-85.23010623455048
-89.0925530930981
-78.91789869777858
-76.13728753573378
-81.36907071989845
-65.57768309482435
-61.68787383338713
-100.10595214016939
-90.12201012379956
-94.35718911880258
-88.3310271492117
-64.79965627094134
-81.00756728609304
-73.69744400680065
-67.02422430878505
-85.22150325588882
-89.41903099184856
-97.00261044500985
-91.37141180038043
-59.27059684576125
-58.242013154642336
-70.06993617871558
-69.91651795588223
-73.8548597916024
-81.64341698604403
-122.09937715444175
-112.27254927156355
-56.255616463895414
-61.454102501162424
-72.69544217921776
-70.37057768852173
-95.02817130088806
-93.3442042581737
-93.0638494442901
-92.5151325816696
-78.6243191435924
-84.06369044087478
-57.38562137691724
-59.61431193221779
-102.00152179831639
-104.23438448199886
-135.45275582373142
-130.92874396545812
-53.91441558434326
-53.244936755527306
-72.78173704082997
-69.11045578213339
-87.05803170800209
-88.65234548374428
-86.55001508672285
-85.9370480773614
-51.350374051049585
-55.52023690653732
-49.2117391865977
-55.80250156803049
-64.84106717194663
-80.07291406390914
-75.41364204661659
-76.45771417149626
-67.09675645828247
-55.31668075174093
-80.868114287965
-77.03854490909725
-62.65319373921375
-68.9409522991482
-64.87013402796242
-59.253036958347366
-93.87276366958395
-95.71494750678539
-113.71439230273609
-114.86731010674475
-83.58362001372734
-85.4950144791801
-72.77896344234614
-77.80067646408861
-87.50012076750863
-97.2552647573284
-108.8404872904066
-114.23694325704128
-104.91467637289315
-104.92175094690174
-85.5453594028022
-99.1296826600983
-93.24568674294278
-104.21836322173476
-83.35411667806511
-99.74131488627972
-89.84911950305104
-84.97680246728851
-84.92618268728097
-76.5136555433271
-113.64802283444442
-122.53549470880534
-106.26001786161214
-105.91648279249785
-92.22281561442651
-100.32344448554613
-119.67695081233592
-122.23457347509975
-51.03907468914986
-56.340039474889636
-91.13930343172615
-92.252195238485
-89.39536298811436
-91.45034132618457
-96.551678866148
-101.37497377023101
-52.02219116683955
-74.21551262542198
-108.57256805703219
-118.39255854961812
-68.80881259315356
-68.3261058936805
-79.49656878691167
-87.11787423910573
-66.51130922310858
-69.3756626852155
-63.110993602189865
-65.80445211011829
-82.74918437778251
-77.03226324170828
-91.65911039279308
-82.10272707040713
-92.55459164828062
-101.73997381958179
-92.17930436134316
-105.67072904109864
-71.77956045336032
-66.54765354247706
-72.55175839307776
-71.80213992856318
-93.57831311691552
-98.28730173513759
-105.49202886223793
-105.87755525670946
-80.55704312026444
-80.30887386387803
-75.99679540004126
-78.26419413087979
-77.08014845312505
-76.86189110530495
-92.5169514401963
-90.47871413383427
-78.85066966025624
-78.53273294260725
-102.75854539871216
-102.53966617584229
-84.37357725203037
-95.42124566904386
-103.32495927606942
-108.66866874679727
-74.36316207051277
-79.82030899543315
-92.82145362952724
-100.30604555469472
-74.5355840055854
-69.98944823189231
-81.27615744439572
-77.50207149840026
-47.86018575439812
-51.33687867663684
-67.67337186633722
-70.55808721482572
-100.05175167322159
-102.7463632163126
-125.80438731610775
-116.01759652793407
-80.34337012842298
-93.26271553174593
-106.55329310662637
-111.31500136821887
-81.34159488976002
-88.02893924713135
-74.35480166482739
-88.09560012817371
-73.7847864309224
-74.82745621714275
-80.1551741939802
-79.04935627521263
-83.3804664760828
-78.78185843070969
-71.93630772680626
-75.19292340485845
-57.13902615077677
-62.65077031109831
-90.87989999314595
-88.72849541797405
-78.96599014737876
-73.88914771337295
-121.1042032985988
-121.90443110461183
-71.22688499635115
-74.61592895266949
-90.41814610327674
-87.87667618034357
-69.26753369177459
-76.2330757696891
-74.59536543174181
-77.75958608300425
-83.42473660595715
-96.09186414431315
-81.05844217537378
-77.77166909663356
-87.39254766982049
-99.8666567413311
-103.1549015044975
-99.49548852443661
-86.91970548033714
-92.48309990018606
-110.12997146788985
-99.9443659640383
-71.98632395640016
-95.47955332820129
-82.02595138549123
-90.35815560817332
-84.36753427725489
-83.96920859813656
-117.6852605547756
-104.63923716535828
-90.38989720983955
-84.52799140870775
-78.43020772212185
-90.13188528995852
-72.16438994547298
-75.6469727603835
-88.16865457881431
-86.31240892544156
-89.97090071439743
-88.80632400057948
-77.35217988491058
-70.19114483101293
-68.16238211090422
-69.67503904829209
-79.98816716670763
-87.01446330547287
-67.38269076232973
-79.32735556301122
-68.7824854774567
-74.75520741912442
-75.18367721133654
-79.80296114310477
-88.00967204954941
-89.28080164670246
-85.66124875833339
-75.92265744789256
-78.71517019621388
-82.03418903894999
-39.10322399211543
-44.58272989516399
-63.046764983744424
-59.355064481917
-66.06880185008049
-76.32713443040848
-40.959875141401426
-47.613187028095126
-88.95485285663563
-88.64060949995473
-122.29706311185691
-118.45827317236581
-92.85076605755603
-91.22224600420941
-48.71656944742426
-58.374342486436944
-72.41924424190074
-71.1525128952926
-78.01720600253611
-73.85888221045025
-81.33169730330428
-88.10226460208833
-84.78841236422522
-91.92516723051631
-90.00483675301075
-98.05028815334663
-123.3799423888413
-128.96049904823167
-88.75191562436521
-89.1569575847243
-100.20386242307723
-95.4166372155305
-99.77892564237118
-100.70247244209895
-97.0530497913278
-94.3791036602397
-96.05038046836853
-102.23336581885815
-79.06721240817092
-98.64259872026719
-83.19086981751025
-77.87760099006846
-84.048941593559
-77.64919966715388
-44.7112155406212
-49.423845635894395
-43.24745893300678
-51.248294319220804
-88.09613659745082
-84.34757370792795
-96.18524885177612
-95.80953550338745
-91.9215306090191
-79.82868240121752
-123.15966198779643
-120.10038235411048
-67.14126604383637
-67.96527925126429
-69.85547430766746
-78.37624152482749
-61.38573781548803
-73.4000696207404
-81.30160328003694
-83.33715519982798
-70.39675576146692
-66.94878337578848
-98.03092135473344
-96.93166521380044
-68.37931883335114
-68.28924871049821
-85.65152251801919
-89.94777818769217
-69.06649815962373
-72.0860294724771
-79.80907547467996
-82.55041448840666
-80.60039215069264
-83.53926684847102
-105.03550696369075
-106.52018696069626
-92.38858643174115
-95.95022857187178
-108.29578464012593
-95.59634244040979
-99.50722117722034
-115.34541273117065
-98.84021140821278
-101.16436297725886
-75.37953103677137
-76.51804649146652
-80.37386702556978
-75.59124572576548
-58.85660615045117
-69.29823088253943
-101.80004198625284
-88.34897153718339
-76.57667243853211
-90.30014815865434
-100.59203065698966
-96.70409547281452
-100.22847044467926
-98.55697765946388
-77.37945363740437
-71.33535050514911
-111.5414970042184
-107.79155595251359
-109.52670823957305
-107.86502935085446
-74.7641833666712
-78.06155659630895
-99.94457769393921
-106.79548525810242
-91.59813732746989
-97.11444614920765
-98.99094820010941
-106.72723674765257
-72.07847520709038
-98.52476469660178
-67.18889785499414
-71.8396139740928
-82.99632143974304
-93.47706615924835
-89.86476433277113
-101.56786882856977
-86.2224559634924
-91.19685034698341
-115.84763265494257
-109.31793071128777
-71.07925740223436
-82.70709544417923
-101.17677306942642
-103.52739296463551
-90.12359716929495
-84.44684171199333
-83.64494764550909
-82.9658528115342
-78.98383297771215
-82.7347652465105
-104.91971898078918
-110.01566174137406
-93.61230013635941
-97.96628625760786
-98.77814675075933
-94.76994204520543
-59.64418835542165
-63.71838231230504
-59.55008837944478
-67.50358106971254
-71.64605486392975
-79.737917304039
-78.81896202464122
-81.27731162146665
-94.34431100916117
-108.60429035913694
-112.37575236242265
-115.30930531021932
-71.313272674568
-77.80792444013059
-91.73497314265114
-106.51521000510547
-116.85269701480865
-125.39277096744627
-121.39626210555434
-122.79956070473418
-80.83193564414978
-76.48900562524796
-84.18035012669861
-90.60628464398906
-102.58142415131442
-105.50669896601312
-115.14647626876729
-102.41123150801286
-84.26760229717183
-96.91602694801986
-94.3267443180074
-89.94428205490112
-71.69726278632879
-81.15603926125914
-124.1838736551581
-126.95778803862049
-54.70428116293624
-56.726821063202806
-92.34312485996634
-99.50334714259952
-99.42724680900574
-96.96834552270593
-96.11472543666605
-90.13019843905931
-79.05911207171266
-71.72661399633944
-111.80431055510417
-117.65038433833979
-77.01911318022758
-86.02524220943201
-93.46573026748956
-91.39871977329312
-52.928992158674646
-62.43759648821606
-81.65805766818596
-71.72263833411125
-66.62403701113908
-60.84044396103127
-94.91595172845791
-88.21677541724057
-86.1316187191751
-86.58581313481409
-82.9650723896857
-74.29966507072822
-65.56502162502147
-76.31456483740476
-82.04024580907935
-89.98432508443148
-96.9253866821524
-99.18695866316534
-126.6439827673712
-119.90481519640161
-64.3339399471879
-78.50443618930876
-100.28873325139284
-103.85095547139645
-99.47893688827753
-101.98718796065077
-139.6076543319432
-126.23762488365105
-66.16086804773659
-65.36658981972141
-57.15614097860089
-58.27081295914195
-71.38364346259186
-80.83040732144718
-106.54669106006588
-108.14048266410828
-69.52402310445905
-72.73891608344275
-76.08782070875168
-82.02616463601589
-75.63486170364195
-74.80741750914603
-86.6728132404387
-75.46734193642624
-94.58942088484764
-91.6504866903706
-114.33243917592335
-127.31327767833136
-73.62780225677125
-71.39464512749691
-71.27081726965662
-76.9825518819988
-104.09168666601181
-99.0109917637892
-136.81239624973387
-123.90293275358272
-100.04225385185055
-99.81395077561683
-100.84567942842841
-89.07739366404712
-76.72235192358494
-74.55757979676127
-52.47684583661612
-54.561163537058746
-76.77769427839667
-98.45669869566336
-81.05250627550413
-82.54367220011773
-68.13672274301643
-77.28637476207223
-62.18796982659114
-65.5062638811105
-74.72998202370945
-81.27654070220888
-110.74946881830692
-100.55379878403619
-78.76975196599278
-79.2139699123536
-102.8933918028224
-100.1424946462912
-81.13895916938782
-77.38955139927566
-88.8521169424057
-84.34699121117592
-82.8098712269566
-79.03673585411161
-81.25652320494191
-80.18897208815906
-40.06462635938078
-44.14299302268773
-90.12367912387708
-90.35521849407814
-96.08885884066694
-108.51030173280742
-92.28534081950784
-80.62610589849646
-98.11741507051374
-106.73121714586523
-110.7369811236855
-105.35196641087214
-84.76163526624441
-79.38274971954525
-103.159188747406
-109.04014325141907
-61.11433080304414
-62.145917020738125
-59.427445381877305
-62.25341327487604
-83.54550623893738
-91.68335510790348
-115.19661849737167
-122.46839515306056
-63.60226085782051
-64.44122339133173
-89.13674337789416
-91.80969101563096
-89.4186530683146
-80.79198114528117
-56.82952064058463
-59.163860577275045
-87.75791436433792
-88.85402330197394
-93.80008377158083
-84.44720320065971
-81.02515356170625
-71.52506685038043
-81.51251436535676
-67.91633105200162
-51.59339042566489
-48.04544135042124
-54.97344911059918
-43.665142058471076
-90.60565078258514
-94.91159648355097
-109.69772752863355
-114.10733759021241
-71.69843029822368
-58.49543427224853
-67.32279598570494
-58.70138951824538
-89.26648489572108
-88.29071173793636
-113.75629546667915
-106.51599109196104
-78.65647929906845
-82.51916968822479
-102.13122396916151
-105.6328090429306
-78.69447207450867
-79.0481333732605
-94.12072423100471
-86.37024520663545
-100.78121564537287
-94.83239425718784
-121.29032368212938
-110.88037643581629
-78.2747994361307
-79.72519588331852
-82.52311718178544
-89.78922331272406
-50.707357165403664
-54.59898152455571
-76.74458162560768
-69.17211372617749
-67.58187053391885
-80.23557472211178
-94.70997593991342
-92.30569716438185
-106.35895216411882
-114.04049730300903
-132.76545205712318
-131.70357691589743
-80.1115639260779
-78.96836578831062
-84.89954998716712
-78.7809413378111
-60.44826989247871
-58.89709828759226
-79.58087217806394
-69.14973890778992
-66.99708651452966
-72.63524198171945
-79.27264010906202
-73.51751291751384
-80.98320020828396
-94.88422653962334
-128.66429518163204
-111.52268933132291
-116.10133031010628
-122.46307623758912
-107.80100822439817
-110.25319492811286
-108.21264512185007
-107.564043703489
-90.82272031901175
-75.24191361643716
-59.487123987489554
-54.69414994871477
-65.94524041886598
-67.30954181991274
-98.79746704176068
-91.10854396922514
-104.30021073573153
-101.01323238166515
-83.58802266400016
-85.10576354939985
-69.67608960816597
-69.86668598047117
-95.12357857823372
-90.08158521784935
-115.52141880963427
-105.0343780515941
-74.54869189858437
-70.06778806820512
-97.40639916720102
-109.4756006755415
-81.66714702526224
-98.86500751966287
-106.37615745305084
-118.92280500670313
-87.09127691744834
-75.58075304077647
-93.56078816947047
-86.81776363804238
-77.2545907497406
-84.57618503272533
-90.59721279144287
-92.01488435268402
-109.5617009356647
-122.40415755487629
-78.65444646262677
-88.12065899925801
-89.68787135416642
-84.38792145248681
-102.74893832206726
-95.73758619371802
-77.88057409640169
-84.97229098651587
-103.49121414124966
-88.20021951198578
-83.54102540016174
-78.28639203310013
-75.73879737779498
-61.67411489736696
-54.21450165425995
-59.82995541264336
-39.61782354263687
-43.408383706233394
-83.60280478000641
-81.8350834660232
-96.04580654203892
-95.24981727841077
-66.81240904890001
-66.38520868861633
-100.4793612062931
-86.35183901642449
-87.83055599685758
-103.19850855902769
-94.12369152531028
-85.68678939304664
-85.45201598107815
-90.58487697021337
-85.64922168082558
-83.47561296320055
-67.43387854093999
-73.59056959900408
-84.04851968610001
-73.51104581242907
-96.65295195579529
-107.9594464302063
-93.33790218830109
-90.75100093707442
-82.67417799250688
-77.68498750799336
-89.72369205884206
-92.2446127034923
-83.43710028348141
-79.50277218221936
-86.7113317847245
-84.9715590457854
-79.14425183326239
-79.78972350872937
-97.7779120967025
-100.93252338806633
-75.040325475391
-78.68228487587476
-66.61001658432633
-67.34170886874074
-90.57204160105903
-95.57294366814313
-97.8930212892592
-109.1476616859436
-102.69706308833611
-114.47082602977753
-120.77867674812478
-122.02976906177355
-84.30169367593771
-90.45777964591639
-104.69961559094372
-104.22017884252045
-67.92315397411585
-90.66607627179474
-82.04980239184806
-91.56482612118998
-62.49397542901443
-62.899047977585724
-65.2300738618319
-68.54566801783403
-73.02143913693726
-77.9834898384288
-90.11547755348147
-88.8674476127635
-92.03492598117737
-78.18147381817835
-79.32355612471292
-69.59873340257036
-78.13457766920328
-77.39546751974513
-74.63493023806495
-67.47396851622034
-94.73894321266562
-92.13009841286112
-115.0115710827522
-115.66967626009136
-100.51773470640182
-106.38494920640369
-140.66900264285505
-121.21639764681458
-101.73672144860029
-98.50188428442925
-98.63996698212577
-100.45509299190599
-64.08712834864855
-66.42664618371055
-80.14207548092236
-72.39273014850914
-55.22141857747886
-56.576369635274204
-64.82844237982044
-61.560343620227286
-103.03650572709728
-97.0969978538069
-97.60992343141629
-86.95407420355855
-74.44507257058285
-84.17979941953672
-88.50454075913876
-82.78454255917677
-65.35833708674181
-70.24187862174585
-82.39704951643944
-88.51248878240585
-99.60319084112416
-110.15411933418363
-105.17376387082004
-96.49578763605678
-91.28042270988226
-92.72720624925569
-105.27499157807324
-110.89562798984116
-88.84687812067477
-95.41575038433069
-103.34763836858883
-114.79692828655152
-57.29471510172334
-63.14676626083565
-47.36506993044529
-53.16469302535549
-89.37756790267304
-95.36792819655966
-72.97251356176275
-70.460186798824
-88.13046459946781
-97.48310366581427
-67.52178951865062
-73.65644093975425
-90.08647906252008
-95.7056702308546
-106.21014809574626
-113.55321670969715
-67.79309689902948
-78.79458736782544
-69.54044794195215
-63.02948260132689
-98.41155728220474
-95.96104018599726
-81.33589107073021
-76.70812901037425
-98.70641386508942
-91.78389830514789
-102.52338121749926
-100.99929332624015
-86.83209911739687
-84.44327664344019
-108.0283954101833
-100.4141482101113
-67.49478154699318
-76.91217136381692
-89.09933960207854
-94.40316951241948
-41.77729688572026
-51.479453174499206
-67.58201952755917
-72.38691347642452
-92.55841847509146
-100.70987784489989
-93.17364267725497
-103.23211056832224
-65.19247562397504
-63.29329751431942
-69.25737796293106
-69.86943218106171
-70.5235523879528
-77.42300738347694
-85.32959657534957
-90.44853343706927
-99.92976170685142
-106.39747149823233
-116.4674273673154
-124.94341754909692
-85.21039816737175
-95.35164723778144
-104.38631416205317
-104.17793613488902
-71.90704739154717
-73.45216101767437
-71.32828506218607
-61.174144504168225
-85.11238018469885
-104.29278434067965
-78.67743445001543
-90.78318699635565
-51.667958917714714
-54.10540374203265
-60.37660267959291
-65.05115709516667
-64.38083701018968
-67.86553217840265
-65.90591968408123
-58.589570936332166
-94.4642704129219
-102.1379155383911
-123.92023286223412
-123.97730473149568
-75.20650326646864
-71.52946967832759
-95.55053831450641
-87.64058816723991
-90.57732565701008
-94.9135919525288
-115.1172132936772
-114.96754414588213
-94.0942968129898
-107.31944382186066
-134.92431163650326
-131.8797422561329
-67.75196798966488
-55.71387633122501
-71.7985522888084
-68.73565871661413
-108.77763468027115
-91.99771910905838
-120.11369518513675
-115.79847590252757
-86.60489922761917
-80.68621924889158
-74.40283756237477
-66.72904108278453
-39.642081856973164
-48.09649829165937
-47.15391305505318
-49.46296645297787
-59.965131115401164
-71.28967779754021
-81.94748682377394
-98.20768201349165
-97.47420312464237
-91.78829773736652
-100.05216302792542
-88.1207305185635
-62.557056576013565
-73.65370166301727
-79.94100090069696
-88.6963761763327
-53.78065598011017
-59.92739666253328
-77.12954095993337
-74.42533071979415
-134.27593502402306
-113.84315177053213
-127.52543186970797
-112.57575392692888
-81.55077081905802
-85.280993580815
-98.0744161603634
-97.5618483875005
-83.91437112567655
-95.26269769668306
-102.84410119056679
-110.89468514919281
-96.77906632423401
-103.50797989219427
-90.125423848629
-95.36500551574863
-103.4447993907379
-92.2850802791072
-110.36873499676585
-99.59136854216922
-79.49900310230441
-86.27022944178316
-108.4519655785989
-116.46156439153128
-65.44889284296403
-62.50111180087606
-92.30197012406279
-79.33920673665034
-100.85552453994751
-85.75400279462337
-116.62078375171404
-113.37759821198415
-82.8520903494209
-88.60147052287357
-109.81937754149112
-103.75086367129688
-71.35800160095096
-70.83323305752128
-86.86227355990502
-77.65809399844102
-82.70834131166339
-88.81869097426534
-86.29059324978152
-93.95739171015884
-103.76947033405304
-79.65299441106617
-103.25323926960118
-80.87348246548208
-64.06122115533799
-65.21696935612997
-55.93428169446997
-56.40654501505196
-87.56289620604366
-80.61655676359078
-77.9148600817789
-90.51998740804947
-83.67271174862981
-99.04690339043736
-107.77801797863503
-103.481996878254
-98.07325271554873
-94.02444114908576
-106.76012754440274
-94.14674138829287
-69.74672819673742
-78.0456633493186
-78.82885806797276
-71.603596418503
-74.00679558512275
-78.26875534649662
-79.85197508334909
-83.69175440055722
-95.66793052887078
-88.44046445086133
-94.1284769445956
-80.95001018975745
-85.99422511411831
-78.0403004726395
-80.6819513655646
-73.42118910391582
-84.57460558414459
-77.24606418982148
-99.62300624093041
-95.03481232815102
-77.47035405003408
-75.30997045654658
-75.9072616079502
-85.44544135981414
-95.40901769697666
-100.19045446882956
-112.3374707698822
-95.35583329200745
-94.62135696411133
-108.2641931772232
-104.50596897676587
-113.00998228788376
-86.78879626886919
-85.88537809858099
-89.63559243187774
-89.8848191741854
-85.39405626058578
-79.45657699555159
-75.27731173485518
-66.95095054619014
-99.44962143053999
-96.74444949605095
-108.75455033264734
-94.91788363416526
-96.10244529217016
-92.57078560069203
-97.5519850278506
-100.46227772254497
-50.2018900867497
-57.11162657982459
-52.77166653831955
-61.77716247772332
-83.50042536750698
-80.34730069007492
-99.11412709951219
-84.80717847306096
-94.23115730285645
-93.89290598034859
-94.10907148942351
-85.36109851779474
-62.3616394994242
-65.26996874807901
-89.53143484890461
-96.3289594501257
-81.78056998550119
-87.43597482139194
-65.88990956416785
-54.76976215628861
-98.60352945040358
-92.21765601633888
-99.18628776032892
-91.02446758648875
-81.90169536453323
-76.54602168881684
-81.56280889201935
-71.7444723188164
-75.42590320009185
-81.08638012326628
-92.78426241847956
-84.59121406075155
-83.34512758254971
-74.39775280649155
-80.7760691642761
-62.62093083560342
-90.0041568777524
-93.47482250274334
-88.14108175085858
-95.27588601829484
-69.69866812224245
-70.2017393112119
-70.529547589831
-75.21557546406984
-72.5342078804756
-68.19435536382662
-66.1140069514513
-70.98001662641758
-64.12762152592768
-64.93711712909806
-106.56839059619233
-114.20635856676381
-88.83825179189444
-88.0866378955543
-113.78145610704087
-122.7865503653884
-110.91228032112122
-100.51602411270142
-135.2484186924412
-126.15171881997958
-71.80877483719541
-68.00794299596373
-79.07262070778233
-77.72238552185445
-68.69348843715852
-73.12415339448489
-126.44264948366344
-114.73582112789148
-70.43419960141182
-78.93352562561631
-90.64766472857445
-83.83168288366869
-81.9971170425415
-84.80247769248672
-71.66109835822135
-79.35365080820702
-88.15882903652164
-76.24097421413171
-82.40454120275945
-79.97003095657419
-80.8310299217701
-76.34961450845003
-62.63013824819336
-70.25540043412548
-60.31346887180962
-53.15371676880159
-66.69672937990981
-68.21274387672747
-103.0825877182906
-105.09689243262983
-102.78891228500288
-83.5250618015416
-82.61370876803994
-92.98734347522259
-66.91798490285862
-76.0082893371573
-70.20779502391815
-76.93625803809846
-110.98069441316511
-99.42381775311515
-96.60107278823853
-85.2449921965599
-90.56441870704293
-81.17722330614924
-96.05296684894711
-93.34645810752409
-107.75579296349315
-108.29085814916289
-90.860915414989
-80.92615580558777
-105.30894142491161
-97.27763582579792
-114.7452597618103
-103.89822292327881
-103.44784569737203
-100.36720506515121
-98.65582129067116
-85.07743047519398
-116.4744269549301
-99.8295143825489
-65.71506023197435
-78.82644846080802
-105.01264965533437
-109.6627280912362
-59.83689853354008
-56.35321494636082
-58.5174237932888
-61.788753978813475
-63.08888063079212
-61.57245816895738
-95.60881979297847
-79.87563266605139
-84.07673232257366
-85.17977637948934
-87.06210492551327
-85.7809695922333
-72.04374319314957
-77.86672332137823
-74.25433984398842
-79.78346120938659
-73.2183948744896
-70.05131542672552
-57.512026662254016
-49.00344048642387
-83.566172266379
-83.88250050971874
-90.77367129828781
-86.29338770254981
-81.19782520504668
-77.85738734807819
-96.44789087789832
-98.71062450204045
-53.79927912156563
-45.08591398556018
-90.99296421720646
-70.1704650586471
-87.11802597437054
-90.69131421944621
-92.79250407207292
-85.69469820255472
-101.34019147907384
-92.56377844656527
-102.70913720130875
-91.09201356254925
-83.64157241361681
-87.45733072428266
-112.00017621717416
-108.87238181009889
-87.0210153311491
-90.87711741775274
-98.85440090857446
-92.27433483302593
-91.90000439155847
-81.39185773185454
-114.76362954665092
-107.24653587410285
-54.91519815311767
-59.615794919547625
-81.49773972794719
-81.10125802717084
-68.61070132046916
-71.76430070174956
-87.73018062104074
-89.85356029064701
-73.48357880458934
-71.55441996885929
-83.94064709506347
-83.1479281355605
-82.98163005709648
-87.17679810342088
-84.18581259250641
-80.01803100109095
-79.85846507549286
-78.8941111639142
-72.09626435166865
-69.77686413908668
-116.91082423209446
-111.9103082416641
-95.49280058588374
-99.99345171446566
-80.77225056290581
-93.53097864794836
-102.75776016553209
-97.63339102268014
-116.21432612277567
-88.2663009164371
-106.48721225559711
-104.0003037028946
-117.30718886371324
-100.52652192097048
-82.2596348914085
-84.7927242480946
-129.239094736462
-127.34191799163818
-82.54893305711448
-85.96589668017987
-129.02071356704982
-117.07412862468482
-63.54490365926176
-75.22066211133279
-91.18351507885382
-95.2383177075535
-68.19373694049864
-71.55819715408506
-81.62443625756333
-78.67506881858537
-96.14340859651566
-89.32427938925684
-106.817621383816
-98.12738725543022
-108.10108558833599
-105.13231259398162
-103.33879199542571
-93.00040749250911
-84.87230709940195
-90.25258785590995
-80.5994189108751
-88.11437475594721
-85.01318231970072
-88.77988671732783
-75.04072641395032
-80.18791767698713
-85.08781512547284
-87.05044900747453
-107.91109548445093
-103.34776639902702
-50.7230428361072
-56.69678176745947
-75.75847458707358
-71.7704678500013
-85.34718281030655
-76.5616599470377
-99.65660077542998
-90.79112529940903
-96.1989537216723
-97.78519492410123
-117.44051839015447
-116.42565038104658
-63.764490446322725
-53.42886464681942
-73.09477136780151
-69.6145619085217
-79.32095669981209
-69.75897825008724
-81.26538660008691
-75.91944016689285
-72.88411249639466
-66.26652986498084
-86.6856553251564
-83.97438520181458
-79.33311116870027
-84.23066139189177
-95.86563337175176
-96.96809876291081
-76.21738735120744
-65.44577214120955
-85.94984661741182
-73.82180046272697
-53.772740887223335
-52.96741893325816
-70.08111275974443
-60.94947433880316
-111.9135191417081
-123.78873598572773
-116.45526540273386
-119.39660730957883
-98.9139081086214
-90.51724300108617
-98.43511629094519
-85.89383562971454
-62.13944512558919
-55.36873245204333
-49.57209478083587
-51.68671724021249
-88.52101757552009
-86.89640352874994
-95.89633243958815
-100.83702881945646
-42.8701064492634
-49.14415916521102
-75.71192056528525
-72.94065662226058
-101.6903219781816
-125.65679371353144
-107.70065612409962
-124.10465228556905
-64.83430602308363
-69.46112906932444
-85.7094196081161
-87.52387928956978
-75.16857385262847
-79.7860961248225
-108.15799882956708
-113.95674595259516
-79.71243884475552
-88.94361275330448
-79.16265979153104
-88.32892427756451
-69.22365852308576
-73.53314685310761
-111.19461259257514
-118.34986507811846
-82.11498304075212
-79.97645300993463
-68.34710090840235
-69.95951912283635
-80.04331105942856
-69.81044924005073
-74.00968160785123
-72.84799312172345
-77.48481750488281
-84.7336140871048
-86.4699493413209
-99.14375875987753
-86.6680748462677
-83.71340858004987
-93.24312883242965
-80.21247871732339
-75.42839601568994
-78.96084104003967
-72.14727258509436
-72.80296873778161
-66.61116855964065
-83.66567486006534
-72.31490194797516
-76.06946400180459
-70.18759968318
-70.35957036018954
-53.27102511709313
-55.54723547694812
-82.86050827801228
-84.35088389809243
-82.77310156273961
-88.1613802860902
-98.71154718101025
-98.62164995074272
-108.59543135762215
-105.47261652350426
-80.91070258361287
-80.5556757418235
-86.27151751517204
-94.66729903216765
-91.10586298583075
-94.58588510588743
-101.83720421361795
-105.19251083768904
-88.50117635726929
-89.37401989102364
-138.93545285461005
-138.83931112289326
-88.33510047674645
-81.36980812743786
-77.97761110657302
-64.39725419733054
-101.82478332519531
-99.05350768566132
-116.7419563528274
-112.67074990264518
-119.82196214422584
-121.96733752451837
-96.83594328723848
-113.93886421062052
-85.09448897454422
-93.32951807975766
-115.0666663506272
-101.65082931506913
-76.59305374039104
-83.57801425456944
-88.614966653171
-85.1515914201733
-69.4764695216436
-69.47751772173069
-92.43481476977422
-93.81603747606275
-85.48593925405294
-91.92376863955724
-119.58085943368496
-134.7292890547069
-91.98545956332237
-85.40605827744002
-102.09981399142998
-100.18349419007427
-96.90777948408504
-95.74484653561376
-88.17714370748945
-81.49658363761728
-97.64755523125132
-92.86798786898726
-122.99180269240924
-118.82796478270757
-64.98906319239177
-73.63277732511051
-91.87724669606177
-102.7456077933175
-53.01083404954261
-52.49798070429824
-67.18256300224311
-65.33167827075519
-54.72640960616991
-63.767311447103566
-71.41634652973153
-64.17478258250048
-76.0852687356346
-89.67425167539295
-109.69904992575175
-114.18322924053064
-73.02139424346382
-75.19398194900623
-76.76412838289889
-71.27253719977966
-67.67319191184652
-67.88463487617264
-55.483453627743074
-67.79357041593948
-78.0078255534172
-71.7158170468756
-77.12519313814119
-74.61199567484437
-72.00857792794704
-68.62144184857607
-100.35909076780081
-94.22526321560144
-81.92675002546457
-72.14361168256437
-86.88432666058361
-85.14118947928
-73.81862604139314
-100.61979509075172
-83.58433890307606
-93.38338673041653
-111.13690048456192
-94.38594882562757
-104.00716850161552
-104.68342472007498
-58.869819625469006
-65.19414548492887
-64.4135659894373
-60.29579628859938
-85.8036260008812
-90.43566759675741
-90.35307810583618
-93.26070508762496
-83.58248692750931
-94.0200137346983
-98.89012429304421
-88.6250607133843
-66.3955726474511
-62.99267031618729
-86.42351187765587
-77.4249565303262
-93.70771473646164
-103.50498980894918
-117.60477686289232
-112.2747745924571
-62.129755828478665
-73.23835944594248
-66.80397996460033
-59.89907465692886
-107.9931872477755
-106.44272537452343
-98.40113349250169
-84.85588863695739
-85.78929917342612
-75.71046348317759
-77.54717031029918
-69.05098182520555
-77.98134015034884
-80.84848964214325
-84.32877773045766
-82.69183192074706
-103.58706596295815
-101.0679135314349
-114.14480700690183
-101.29479050635814
-78.35254717612315
-76.35247273789719
-64.97778263688085
-72.65031151077642
-56.29490744321083
-65.49811657108512
-87.88422036356747
-79.9353957833082
-75.64611302835692
-66.94477188005112
-83.0672127005273
-84.87663256343512
-62.24047143277062
-63.58483070483908
-75.36041732504953
-71.37715560197557
-79.37055571842939
-76.06779783219099
-87.84334756457247
-97.61746170619153
-93.06748807430267
-105.30139667820185
-114.58128461241722
-103.53407419100404
-79.04536583926529
-98.5034538506552
-82.99041967093945
-102.49858117103577
-74.65589792281389
-71.33952400087446
-97.31842885864899
-89.18969178942734
-105.7338929399848
-106.8249784046784
-66.49705508345596
-56.28298469784204
-58.038130348329105
-61.87614899660548
-51.03789388628479
-62.13818251934845
-114.08995008468628
-119.10257579013705
-121.72634831350297
-121.61054091714323
-106.1333795785904
-119.9421450085938
-131.9032500802423
-126.05903965598554
-65.55884325353327
-66.78073239326409
-70.81012630459554
-66.77946767210955
-71.06648108363152
-82.55023581720889
-79.90568527032156
-83.85064783366397
-91.9963949918747
-87.45903672277927
-86.72447925805989
-83.9016749708735
-80.93786089494824
-92.95031604962423
-87.94724249299179
-91.8805268718861
-70.94155643192056
-78.91626324457638
-72.56819755455035
-87.33027582419345
-79.57038135826588
-82.38502588123083
-79.34761223103851
-74.64587597548962
-67.76027334862738
-77.86781391547993
-68.7496675811708
-69.20038915926125
-88.50074994564056
-91.8161930461647
-111.33509185863659
-107.95307110063732
-85.00586449261755
-87.96387722549844
-116.4644012588542
-112.67496775835752
-87.41796811670065
-101.95647174498299
-90.49752461910248
-88.8593580587767
-76.94144513920128
-74.62450894336325
-66.85438399753593
-68.13418018492621
-117.58059944212437
-125.1377748970408
-125.27837571772397
-126.28248723223805
-68.15319593630556
-78.82021109304333
-90.16821274151789
-84.96917000567555
-88.39784091675938
-92.50806822784944
-69.10879954593065
-61.20279545513404
-100.12826560158283
-95.96172618865967
-103.41802483581705
-104.1572790070204
-76.31466603213812
-72.0952266151171
-79.85546195506922
-73.96933525797476
-93.66175502538681
-84.38904190063477
-91.2808973165229
-94.44648229889572
-85.05983805656433
-95.40385282039642
-131.54619878530502
-124.24232488777488
-82.37890219688416
-88.58202601969242
-96.98059117724188
-94.13703218108276
-100.99512529373169
-109.42108447663486
-119.22333597869147
-119.60199022289817
-57.113937978028844
-57.41649455518382
-63.96472904545408
-62.47713179640914
-98.65194901823997
-95.9755096687004
-91.33741131587885
-94.83298833668232
-74.56024010147667
-68.16295741067734
-87.41935798339546
-85.52185582008678
-72.7297613483388
-83.36569756557583
-94.18444123491645
-87.55739657953382
-75.45124278962612
-71.43558523058891
-77.25437401607633
-72.5234703400638
-83.17264004278695
-80.5764557410148
-86.27673196682008
-76.62596341819153
-93.89826990710571
-95.04814539157087
-114.08558693923987
-104.17522798174468
-84.5932115772448
-90.26911147205828
-97.22680365458314
-102.61054369699224
-95.8282143662218
-103.52541050501168
-94.09178575105034
-84.5487369297407
-80.92600804567337
-78.07131426746491
-88.73809805512428
-84.50886520557106
-103.8033409245254
-92.06515800921807
-105.82646583765745
-89.95387839950126
-64.39032947440137
-70.39829358390125
-95.81969097201363
-101.50425308942778
-103.86932890769094
-107.74149607378058
-129.06520402068418
-116.0181986829557
-76.11064153909683
-69.73380529880524
-99.4564088433981
-101.41711261123419
-65.68667646274844
-74.35766109434189
-68.76809173822403
-67.16071839630587
-67.56497998535633
-61.56248030252755
-66.80833078469732
-50.578579905675724
-79.29543451964673
-72.9338487684513
-77.92980837807391
-58.76648715673787
-68.79886845991132
-64.96092118791421
-66.46811693388736
-72.5626633345164
-60.69825034702262
-52.42151049207314
-79.50288858378099
-93.28644729220832
-67.58721982344287
-69.65189182825634
-74.35995079573331
-70.86323657345929
-69.17851377814077
-74.76514060981572
-84.92441931995563
-92.36682190001011
-76.87375346035697
-76.74359875817026
-61.5448320954456
-69.03793234909244
-83.64320974890143
-96.47836894210195
-79.88842411153018
-95.1879508226557
-93.11312237754464
-105.40173632738879
-79.96264207275817
-86.30722519589472
-60.63463094830513
-72.2662426205352
-84.9562751725316
-94.84230867400765
-85.32760258426424
-90.78314220699758
-100.95122167179215
-105.68981599709514
-81.53380605578423
-79.85749590396881
-73.75177362722388
-74.89336911106511
-65.88991970571033
-66.16162847307714
-83.66198280988783
-77.08508095205252
-75.4351277523674
-79.74667151086032
-104.40893699461594
-114.07150381430984
-78.2162508070187
-78.41934655385558
-94.50038068345748
-90.68797495611943
-36.35020660958253
-41.5204696650344
-54.232782727350695
-58.71651983723632
-53.666960714705056
-56.399715933715925
-77.41294136848592
-71.76184872991485
-88.74243545532227
-85.01830606162548
-101.48961602151394
-108.82848736271262
-100.49630126726697
-91.16643568861764
-102.17557961738203
-85.03664494914119
-85.55636595851684
-83.20993540249765
-90.72124159324267
-81.19035279445961
-76.31802624464035
-72.69625389575958
-104.88750422000885
-97.63964587450027
-94.96876952052116
-87.95094433054328
-118.00730895974084
-129.92858946108026
-73.82311991602182
-70.85802775411867
-82.44611364603043
-92.40173322707415
-87.97407746314684
-98.24007329306187
-91.56765632517534
-76.8298317380195
-93.78673458099365
-93.81471198797226
-88.75332036614418
-96.74582222243771
-60.756638604507316
-64.6476949451644
-116.29749822470694
-129.2626720666873
-60.60109179576921
-56.80387121428703
-68.70336252977359
-55.847492135706716
-98.76730346679688
-111.75555608421564
-102.14399003982544
-104.59698765724897
-109.06867837905884
-116.4754588007927
-103.61833702400327
-101.43777905777097
-65.44196295809388
-59.93167114229618
-59.886908842467165
-60.70285396213626
-116.01560632139444
-94.44360219314694
-85.70972293615341
-89.4257128238678
-89.0774008021981
-78.81501368455065
-61.50469055663018
-60.30865632082714
-62.46564252115786
-67.12968014727812
-64.60271654900862
-70.28321796295859
-94.10652732849121
-112.78772272914648
-106.21174790896475
-114.69944437674712
-58.99862907456918
-63.068104296922684
-68.87842893181346
-59.44484243029672
-82.58711004257202
-70.24026247859001
-80.24077074043453
-94.59030055926996
-92.51929391559679
-101.32151445001364
-138.5474891960621
-138.76285011321306
-86.84204486198723
-108.9847703340929
-85.60348458511362
-76.89126986239717
-100.13859438094369
-107.56716577860061
-75.94569740303268
-81.58186033880338
-43.67913689557463
-47.368547681428026
-67.47755745053246
-61.88207172602381
-94.18561145663261
-100.73871299764141
-120.39178871072363
-118.49775743874488
-96.30666119838133
-94.47347605373943
-87.83642318099737
-92.18750091269612
-77.70207095146156
-85.98847240208988
-74.92440175979118
-83.24999797271016
-62.660888061407604
-53.691407322778105
-86.50430011748995
-86.6532397269184
-84.25245525408536
-84.18335405882681
-95.09905310464092
-97.94499263493344
-96.23626978695393
-104.73896639235318
-121.71286422014236
-126.06500786542892
-98.70009994506836
-95.61322975158691
-85.46785949722107
-87.40896984149003
-102.99075964093208
-105.59914473327808
-107.46444904804139
-110.74867284297909
-57.14878951384662
-60.13493676584767
-74.78897936255635
-69.46824996805299
-81.31793894339353
-80.45452451640449
-91.61093607544842
-101.73546719551084
-88.00756525993347
-89.8898401260376
-87.07565285183955
-85.62491158745252
-79.43774008750916
-87.09735968708992
-125.35229635238647
-113.35931634902954
-55.97919246600895
-58.90782153564351
-76.72618639469079
-77.81452476227787
-79.42795270213901
-78.50336340459762
-75.94914810579849
-79.95696033724835
-76.88740783921821
-78.34744900458554
-80.09082051273094
-81.85909744663127
-89.8733617067137
-101.440567851065
-108.913106203079
-96.15783846377371
-99.56880712509155
-105.20488254725933
-100.16376969323028
-99.84021462569945
-96.2226523172576
-88.31610491147148
-87.00176829309203
-82.92791110109829
-57.712573263794184
-58.199322561733425
-71.09356513991952
-69.5024208240211
-100.3992241024971
-100.28601183486171
-92.76408528815955
-87.54536266150535
-97.12123417452676
-99.60659682260302
-93.77946313170833
-94.05590042081894
-56.77990485964983
-52.93200828131194
-70.17348810871977
-61.20352288093477
-71.69726662702942
-69.09070940020683
-105.54889990319498
-95.76739498550887
-104.1660082268063
-101.35215201729443
-103.62448378527188
-102.06617065763544
-93.33313307911158
-96.89272393099964
-90.12716704339255
-96.21691695775371
-75.33111557224765
-77.32221037847921
-58.39148041592853
-59.49129631262713
-82.1259343624024
-83.97577632931643
-74.73755447566168
-57.18226290477833
-85.22967088222504
-79.91618076432496
-92.37128376960754
-90.02245913818479
-75.01786632661242
-78.79171345796203
-104.49983722670004
-101.30467347661033
-46.20615442468625
-44.50076528844511
-54.11912682860384
-60.94592942281088
-75.38464656006545
-78.3014464545704
-75.3618114590563
-69.85124863870124
-67.21242369128777
-70.02813650955068
-73.55939567065161
-66.87236114883842
-71.80503712214704
-67.78528816992184
-83.95818987116218
-75.86443578731269
-70.48379350826144
-72.87190380608081
-74.81126070022515
-82.11397890746588
-80.0483925822191
-70.74454273030278
-93.09534098475706
-85.50340584748483
-83.05388398014475
-84.53303301276173
-118.88974535460784
-115.09682786464688
-91.85958144068718
-88.46918879105942
-103.91856329143047
-102.78437942638993
-81.22455978265498
-93.5783682433539
-65.93688763119277
-74.20282939055687
-94.00597137212753
-85.36720211803913
-123.84686666354537
-111.1901984079741
-64.1920195807952
-68.97231288770126
-82.92094922060687
-74.62408625907665
-69.28083123262786
-75.63796964379435
-67.35019601866588
-73.14841236055872
-105.92983492091298
-102.57156004454009
-98.97217321386324
-96.99362139304503
-99.4820537418127
-89.89472576975822
-102.9776122290641
-91.26046554744244
-98.16450212904601
-105.40263901611615
-114.10341560820234
-109.55567252810579
-58.56851607933186
-66.6317522623417
-33.304974977121674
-35.533610823882555
-86.00921678543091
-85.05966931581497
-81.72514212052556
-93.83185560017591
-78.55212446612859
-68.88833312568022
-68.81238705794203
-58.458494242159304
-52.74629872839614
-55.0112600865541
-90.90574368675698
-83.50045112651424
-96.95570731163025
-95.34035179857165
-107.8293096870184
-104.3856940716505
-78.81746101379395
-69.5805125311017
-106.2674030829221
-83.52468731650151
-70.83781342185085
-69.49497858946938
-90.77854925673455
-95.54998241493013
-93.29126319289207
-78.74051770754158
-88.67417588084936
-75.09476728085428
-102.47374790906906
-88.71233227476478
-75.48931532746792
-72.11713519552723
-80.3135079679596
-73.69030421422985
-68.55374643020332
-72.09995031281142
-66.31145808799192
-66.07493185946805
-92.73351244773949
-97.74626088079458
-135.6038060188189
-132.34719288349152
-109.54471879266202
-95.98691308498292
-109.77307139625191
-113.34862422936567
-108.57311039790511
-112.22956165747019
-122.34291218523867
-115.58839106396044
-89.163585182323
-102.10318183898903
-89.55136405965459
-93.79331753746374
-64.81748595496174
-67.76754868600983
-82.61825179308653
-59.519996020011604
-71.32636384107172
-71.71921245241538
-121.8315739245445
-115.18992869090289
-103.1730724889785
-109.2072532834718
-102.39867758432229
-101.35832381241653
-86.95099477929762
-98.81760596708045
-93.90672633203212
-100.06121217645705
-86.79703442752361
-88.37689767219126
-93.00034044950735
-83.25555312459255
-82.76666116155684
-85.47824227064848
-93.32443636655807
-79.87435190367978
-106.26605157367885
-88.66106232107268
-94.33296409295872
-91.76166200719308
-100.29665657086298
-101.2897563065344
-87.5393178910017
-83.63875635911245
-102.14378025196493
-93.51116044167429
-72.15860365889966
-88.35695457417569
-78.63822746129154
-88.01409161090646
-72.57525169849396
-72.00313445180655
-82.2577543995576
-71.94424368801992
-78.85303448839113
-69.96993398587074
-95.72772817200166
-94.26577244652435
-73.64934322622139
-72.79153673059773
-75.00818216800684
-64.01141130924208
-92.35907274484634
-79.97265680343844
-98.51711794685616
-85.83786034574132
-75.86984402453527
-74.68442586436868
-88.52109092473984
-86.15433182567347
-89.39636564254761
-86.82254630327225
-76.42456072758068
-77.15746375219896
-76.3849917864427
-92.36348519200692
-74.84127705555875
-78.06142152100801
-89.21425592221203
-90.07277405020432
-102.02118811297987
-113.99508750229143
-94.77978381299181
-83.99982321211064
-91.88781368569403
-89.43971787124997
-101.58215532975737
-100.74001133243291
-116.1402555703944
-111.28680622478714
-92.09102511405945
-98.44217157363892
-67.83051729202214
-82.16776192177713
-91.30446477234364
-90.59825109456142
-92.47630731486424
-81.82388401031426
-83.44093191623688
-84.23533296957612
-107.49573615938425
-113.25528789497912
-96.0281505244202
-98.88004028716387
-108.34049487072298
-120.89056110377987
-71.35311520693358
-73.02392613872689
-72.37869310377255
-90.30483508084399
-83.15683209616691
-92.30770730386575
-78.88567008404061
-74.4143691051795
-80.91220914572477
-86.50766302883858
-77.82021389529109
-96.37013132113498
-101.23752523958683
-94.41981931438204
-104.38237404393294
-116.77566823946836
-78.71111438742082
-72.33614228455326
-87.00992017844692
-81.8121833410114
-55.01384247838314
-63.713893359524945
-72.48711056605043
-75.93772258044282
-70.29189709418552
-68.69737002510374
-77.06786826757252
-71.08484932240845
-61.22992172621343
-58.29309306907271
-82.5772566045107
-79.03958146578225
-93.54810652881861
-100.69788989424706
-84.83079551756964
-94.50349801327684
-65.64436319289962
-64.81615134212188
-59.88676491123624
-65.57118119178631
-88.80722267483361
-97.30627164617181
-112.20015227056865
-110.90117725625169
-67.45948642858002
-70.00529716566962
-76.53330099575714
-69.54569840408567
-102.2443839632615
-107.43813798762858
-98.65674413765373
-90.34381568428762
-70.35797899030149
-79.42886570841074
-66.67670380882464
-65.74446121742949
-82.21100634336472
-87.66415577911539
-91.95268484391272
-86.07230663265182
-88.62440844252706
-94.36050766182598
-75.2227184138892
-76.72244564667926
-101.40340718626976
-103.06237630499527
-109.70241165161133
-125.69921350479126
-76.35188463330269
-81.06719343317673
-98.94209313390093
-86.86265003681183
-94.05298280708303
-104.19638347624095
-122.5248377323087
-122.24429041147187
-77.68629487371072
-62.0075535280921
-92.73100378034724
-78.83272692013998
-68.4633409082889
-56.4008748087208
-94.98387009089538
-82.62805616741252
-96.47402730584145
-99.4698718264699
-79.14245792943984
-82.1475430453429
-99.98497244282044
-92.54413965207641
-111.4707591123879
-103.31812746077776
-106.12048995867372
-95.87761341035366
-93.77548669790849
-98.2493435125798
-93.08222229778767
-94.81435885187238
-106.31651447713375
-97.60992284119129
-92.3749829530716
-87.80816853418946
-110.47143340110779
-88.40517345070839
-47.989385252818465
-58.59418177604675
-68.06198114808649
-72.22900903085247
-68.1872087419033
-71.49598659947515
-97.27528423038348
-94.16165346268099
-60.75638684723526
-78.51993638355634
-72.0296086287126
-68.91156341321766
-101.0915516295936
-112.85459219677432
-104.74556312301138
-115.2805321017513
-81.07273650169373
-70.83209601559793
-86.63650497421622
-70.69330724561587
-73.1988041009754
-62.29298623278737
-85.8675810097393
-81.72674886949244
-59.63639678531035
-63.33221673673688
-88.35883080894928
-79.33216010051183
-55.97291111896266
-53.98144887854863
-74.15864431260707
-71.26530671001456
-89.68665242979841
-91.81807572743128
-95.94815017096698
-87.57714546192415
-85.3801716548951
-84.13430499983951
-103.46839957952034
-81.20964359276695
-69.69516123831022
-67.05053555951781
-91.8805577240746
-81.80870288390724
-91.11085330904461
-86.68793315795483
-81.41861056828202
-68.47697566483475
-54.897884833437274
-65.5958446227014
-83.16694358541281
-96.75503086252138
-59.02318156105139
-66.56819514083418
-61.84879998126689
-61.8126838530834
-93.66294719651341
-87.35572420268727
-93.61695456504822
-87.29256475483999
-87.85476541519165
-91.36646914482117
-97.71659664215986
-88.73336000367999
-81.92345333489357
-75.93676434434019
-89.08603794616647
-85.33936819061637
-75.7881199400872
-83.81814337335527
-83.02459429390728
-83.50828957982594
-83.05712342262268
-78.40109276771545
-97.93480790685862
-97.42803142822231
-73.72113704192452
-86.68180321959517
-62.713199136451294
-72.05069208143959
-87.02408365294104
-94.41995374392718
-104.86803066723769
-106.24722260609269
-85.31447094678879
-87.06606207974255
-90.2148442910111
-86.86822199635208
-82.20553544908762
-68.99885591119528
-97.84623067011125
-90.7911482292111
-71.4553928328678
-74.6856874586083
-123.48483276150364
-114.97520637470552
-59.15591906131158
-63.675091383167455
-50.6955751654873
-55.707204683319105
-133.14839333295822
-126.05539744347334
-110.96484909753781
-107.20106617888086
-44.51223464868963
-52.87130913254805
-85.05434278826579
-77.76043154112995
-85.80346415936947
-88.0047084633261
-116.40755116790024
-100.54589757481881
-77.83116153115407
-80.49465279380092
-76.51001715272082
-74.28276400701088
-60.78676149624516
-57.334552741158404
-59.10077661091373
-57.001831549296185
-94.7902099302155
-107.53307488923838
-99.90558441053145
-101.97940406638372
-60.18723239615065
-58.229790816039895
-56.289055099488905
-50.925208155663086
-91.77031826972961
-92.25011677591829
-99.61028301157057
-115.50416619289899
-82.43305971472137
-80.67035703163128
-82.63388742709503
-81.09810923341138
-88.55199648439884
-89.53213269636035
-102.6407980918884
-99.10956178605545
-73.38139152526855
-57.68388596922159
-63.81379792932421
-60.45725241443142
-115.18589961420003
-121.8338246345329
-143.96480345725877
-153.12057876586914
-77.12099254108034
-78.31906771659578
-113.3860967081273
-101.75773119910446
-65.5768693820346
-71.91971227435351
-54.840319838287314
-59.56911073412766
-100.39631626009941
-97.13770294189453
-77.34250292368233
-79.71718836389482
-72.64017728622184
-67.18132674176377
-83.45843319163987
-79.08714389704801
-66.84013941345984
-71.65573870823391
-66.75468703771003
-68.70768639573362
-105.15415287017822
-105.64638171624392
-141.04417356359772
-136.44974744319666
-96.40122556686401
-106.56332302093506
-106.80768916937814
-116.42761202849215
-79.81293381543946
-91.40874946097574
-63.305847551655916
-64.23525066295315
-85.3426564335823
-86.26514581136871
-100.91970466567727
-104.97586691038305
-101.65168315265328
-85.05246541643282
-101.07485132155125
-100.50248014867611
-80.78825089707061
-75.22994516788185
-62.35396884311922
-59.78018857627376
-112.65569108724594
-115.37516024708748
-108.49506078759441
-108.35532903596686
-44.557678234996274
-49.14983107504668
-70.62485138967168
-75.73743455670774
-82.62506860098802
-92.60626619505638
-112.78395096072927
-124.2102102979552
-57.12911844248629
-62.51340989768073
-93.56246959906002
-95.51696044062328
-85.2564914226532
-81.4288484416902
-85.41408358514309
-91.11958963423967
-66.78341160342097
-82.61101076594787
-88.89971686154604
-96.40511761640664
-74.11175450318842
-64.60004636697704
-69.72309623699402
-72.3966385383792
-66.77939808362953
-78.47331243723784
-86.7420722544141
-91.41730145208567
-74.88863338649207
-75.05363420553476
-52.64577608493528
-64.211450329733
-70.48054377739027
-70.88981258868307
-88.41020035743611
-85.38506805896236
-60.60907094085269
-63.27776692979387
-70.12565443899803
-72.10318218262728
-88.63290666161629
-96.64742491568904
-100.74304866789953
-105.53253707819385
-79.13355549424887
-81.23777451366186
-105.05019480362535
-100.4680064599961
-73.71696024463017
-69.02244809665558
-88.37540841432156
-85.47503316362872
-64.46148047606403
-58.03878275659736
-53.93843841145144
-52.521273109532785
-119.61860828194767
-120.28614810854197
-117.79060344393474
-111.03243517874307
-81.70164493471384
-73.93550637888256
-87.176467936486
-88.3636326212436
-96.14176377281547
-90.23342742025852
-89.13590448722243
-77.39175670593977
-96.99671877920628
-85.62231533229351
-112.07088182587177
-108.4363905522041
-85.17300219088793
-80.44094654941
-95.84335255507904
-98.1992942093475
-87.77965410052457
-80.55012111635733
-82.72207051751309
-69.53873503178602
-85.88573366670607
-98.51185261334467
-68.82014039540798
-66.63146381947433
-71.55378035549074
-73.6896104811185
-96.65699886655784
-91.49316227433064
-75.7230072021407
-71.6389257027754
-65.7897608272524
-55.20089345746965
-71.27863891137531
-84.0267898402526
-84.495272397995
-83.36608277872438
-89.94516873102111
-79.54965090744281
-112.98382649658015
-97.63792944373563
-86.53828840889037
-89.6238877204596
-104.59408223152423
-96.834356427089
-83.56039440510722
-81.85737812509342
-89.67391300002055
-84.28228485584242
-75.646524548446
-66.70948064326853
-97.08383703227719
-98.31365311132504
-49.80789085854576
-53.82103316938583
-81.89706811856013
-85.92012411712858
-70.36310645262711
-72.73184826038778
-78.61019945142925
-81.05372237312258
-76.39616766665131
-90.94215666867967
-80.96703330427408
-86.76338904071599
-84.07004976272583
-98.56731787323952
-84.26213178411126
-84.57702698744833
-77.65876525640488
-78.41124001145363
-57.655095415706455
-57.604237295061466
-88.20424509048462
-89.90215967525728
-89.38844385715493
-87.00948561727978
-81.73997111618519
-89.44531912310049
-120.24557120192912
-115.33613441881789
-73.56988282711228
-66.23211677471352
-82.92394195443177
-77.88389682673
-76.23338834941387
-80.01059757976327
-82.61865228396164
-82.28770351409003
-43.602777046817664
-44.768115569742804
-92.84723722859053
-94.7857450456504
-79.60978608459118
-71.9119579307735
-108.49261128866783
-96.70686912236121
-81.8918939307332
-84.50287448614836
-51.245582664334506
-61.6197135020775
-74.63864862119954
-69.76717134495266
-77.67752038651452
-72.12267015754333
-73.35845347493887
-77.49990747123957
-89.16517345793545
-88.76433075964451
-68.40433416038286
-72.35343105079664
-93.32348519004881
-87.31752538308501
-71.69446146837436
-75.7542229733699
-86.49557324075431
-78.08425362478738
-57.88892161464901
-48.56915847751952
-51.80428913136893
-45.262673596889044
-61.339473666332196
-69.84210841229651
-87.33376507088542
-83.42033859342337
-85.13705456249318
-104.11076569551915
-94.14732766149655
-100.44947445387697
-70.91202120465823
-74.33200853577728
-55.85910565209542
-55.09188440697881
-79.12384970579296
-88.71470772779867
-83.31110130985326
-78.55174858387909
-93.08567622490227
-95.99514385176008
-109.06603262957651
-114.76390373701724
-66.43955945964922
-81.28855166156427
-105.1237101284787
-105.83214095386211
-80.48665860295296
-84.65283574163914
-128.43800327181816
-129.58218661439605
-97.08205661550164
-90.7300352883467
-117.43402764201164
-119.49278677813709
-54.91837905421562
-71.265313863752
-86.91197499260306
-80.14839375356678
-86.16464873217046
-82.73159950575791
-115.57203624985414
-117.95172255986836
-96.31938141584396
-88.23598855733871
-104.44326147437096
-92.8647523522377
-106.24902077391744
-98.13748216556269
-118.76395583017802
-103.67905795560546
-94.23333241482032
-97.53278282779502
-135.268019400537
-126.53687835857272
-68.89362615346909
-73.42722451686859
-91.1918771872297
-83.09380310028791
-57.70928857155377
-58.543043148018114
-57.845347721688995
-48.44426814031954
-85.71167061128654
-92.45347730140202
-75.99769392609392
-74.46352625624786
-91.73169720172882
-84.55969217862003
-98.51665545674041
-87.6424303650856
-61.00407463281954
-78.57940036058301
-63.72317130804004
-64.41633659592298
-91.7410899028182
-98.89597044326365
-68.314161504597
-80.52097164090628
-98.0450465111062
-85.0133548155427
-117.99652266502378
-101.34931969642616
-55.69490754604135
-69.59226185824082
-100.82123550772633
-105.99995578079961
-86.20719243586063
-82.37956146057695
-94.37888848266448
-99.80135899502784
-77.55847910042576
-72.65801131714034
-109.31094101816413
-82.89263715222376
-87.19248029573828
-81.96455251588486
-75.80855259974476
-62.68285588606523
-97.85084151104093
-103.41410569433356
-98.80134128667123
-105.02491356304381
-96.64250016212463
-103.39277809532359
-87.03500866889749
-89.60417711734567
-78.83459232002497
-97.66927894647233
-90.46759576152544
-92.90415656544428
-76.47549498081207
-82.5761587980669
-89.55878921691328
-74.92674574255943
-86.83574867248535
-73.39437784254551
-92.68340745568071
-77.9910686386902
-65.07757269963622
-64.39418748021126
-104.35463051591069
-98.51339292814373
-60.68385124858344
-62.9433249793683
-72.93362502753257
-68.52590470014684
-76.51519078947604
-81.93701855145628
-83.75424263687455
-81.2569728847593
-96.64616875071079
-93.3915482594748
-99.58971063187346
-89.2078389218077
-68.27803711593151
-63.50701890976052
-95.23017597015314
-86.5480271575849
-63.16449460334837
-53.6852444848646
-68.61698646842444
-61.844814896515345
-66.22920545190516
-71.50913422733902
-76.0895112786402
-71.76007810404008
-57.81996360565245
-53.109467354486696
-90.27571201950195
-89.66651218922925
-79.2284222622983
-74.41257522033993
-73.19088528153952
-72.44935001195881
-102.4257652303204
-107.01320492103696
-106.58953947364353
-98.9390983581543
-72.91030123649398
-75.27259917969332
-110.68084291549167
-107.67244095087517
-70.5108645639666
-73.3207195540017
-63.22373396152011
-57.37910519788966
-68.42437650797092
-73.99638009002774
-68.68328219648811
-73.75039268978429
-81.53581994771957
-85.27353590527491
-105.48276793955893
-95.80828773974781
-78.41507587920569
-77.6161178946436
-104.5755096673945
-102.46454370011907
-67.91109395027036
-59.181130632750865
-89.0974231958387
-79.33512160414375
-60.908356903120875
-57.69744774582796
-103.68822357652243
-103.86078832327621
-73.90207892656326
-88.50272488291375
-88.52791266236454
-84.79507681867108
-74.52575117349625
-76.98488941788673
-82.12838085740805
-84.423324406147
-71.2736632338956
-74.12664963676889
-89.53102338314051
-95.03426468372288
-111.16934156417847
-108.60946422815323
-98.15527509780077
-99.37189541713451
-69.61005531711999
-68.62334173092677
-62.48616570414492
-54.31735060005394
-96.36382985115051
-85.12219167291187
-103.99399111047387
-93.79184226877987
-100.08294318988919
-95.21615396940615
-104.5933374715969
-93.18649462494068
-72.20994052548804
-72.16402915766048
-76.81569544784722
-69.49889123811795
-59.99426759034395
-64.59823563694954
-96.69994765520096
-110.74060535058379
-107.58602738182526
-104.22631677304162
-83.44383902847767
-80.64400893636048
-66.97098672026186
-81.79846593708498
-122.13184332847595
-108.42052128911018
-103.0387959470354
-98.42322638618316
-100.02795946543483
-102.26857423781803
-93.68932222071453
-92.50396156309898
-84.37181735038757
-76.71646731160581
-115.650077030994
-128.338950548321
-76.79026013065595
-76.08678400175631
-70.62906980839398
-63.67158977822328
-114.86871528625488
-119.95361280363068
-125.23638987519735
-120.01081514280304
-78.40977708011633
-79.87984179460909
-83.54387140899416
-77.33861401895092
-76.19801502444898
-88.80487272012397
-140.18419466912746
-124.52531908353558
-65.70446184003231
-71.69602214302176
-62.327737807784615
-62.2539450514862
-61.029409856535494
-66.17357705533504
-104.7391340204631
-90.78427831828594
-72.1608315706253
-80.9417142495322
-101.55786642816383
-88.14536878373474
-80.46685325354338
-88.2461168614409
-84.0757992267607
-89.57313905469618
-52.798036141786724
-59.53889124770649
-74.63298184959058
-74.98047078905074
-80.43872314691544
-90.95950919995084
-95.85522344999481
-100.71605131568504
-58.809532046318054
-61.426666766405106
-102.63493018038571
-100.042255607259
-82.42819361388138
-79.41693295533514
-78.46579969912045
-65.433236563028
-69.59075796345132
-79.47852776873333
-53.7549383521
-74.20524549260881
-45.10532112547662
-49.783901449642144
-66.56838095186868
-64.76009277948197
-76.6354125140806
-76.60383205115784
-82.95762873464264
-78.67396938381717
-85.05424311966635
-71.34339641418774
-67.00818610205897
-72.97998908389127
-104.19934804271907
-110.17185720219277
-107.970872618258
-116.74407334066927
-107.96178754791617
-113.16704423405463
-106.78713212709408
-111.46788128186017
-86.46204394008964
-90.46790569004952
-96.98592853092123
-96.37116388449795
-57.67590982346155
-50.28242765137111
-60.305921173522165
-54.87372383099864
-84.69127130508423
-89.66038167476654
-91.24678022344597
-91.33504425444698
-65.34314119815826
-59.33147081360221
-81.27338062163108
-77.63259287911933
-100.86150142550468
-88.87521789316088
-108.94303766172379
-105.90137528871855
-73.44561159610646
-66.28153467177708
-98.80159766681027
-91.02278443446266
-77.04034227107331
-98.31586647030417
-79.76934074610472
-88.92197068300447
-61.61636545491638
-81.65678140331147
-60.446917956163816
-68.89070793973588
-100.6150037497282
-97.93264424987137
-91.90996290405747
-98.92962725623511
-95.61015003919601
-99.01867935061455
-69.92960748635232
-81.1964804911986
-95.04100167751312
-97.30870540440083
-114.97517920657992
-110.80858306447044
-56.62059164047241
-56.449184238910675
-63.13298769132234
-58.59352958202328
-69.9316483612638
-72.75122334063053
-78.79007386043668
-58.81529490184039
-60.466205689284834
-65.02940483333441
-71.8502689039451
-74.35830795762604
-86.3673990109819
-99.39422958530486
-110.11217814683914
-104.84684395510703
-86.82491582606417
-96.325657891226
-122.5621536970138
-111.08447349071116
-57.93062757649386
-58.43754344503395
-80.59193438422517
-84.27715869572057
-65.57192481110724
-66.86907935015915
-60.33205472677605
-69.3471782989559
-72.09069103933871
-89.31856628041714
-71.45307645108551
-73.65509495069273
-75.1970394124146
-84.7135529940424
-57.214140606694855
-68.43128027417697
-69.35839771060273
-73.17601907253265
-70.44862709904737
-80.1809818744614
-92.9521679468453
-93.74905755498912
-69.16659504073687
-69.40189695318986
-97.02215682342649
-85.94287847727537
-109.42821243987419
-102.34739338391228
-87.11028542381246
-84.96412545334897
-104.43627355404897
-90.51851786952466
-108.62647342681885
-106.51796600222588
-113.70295968465507
-93.86043501226231
-67.44171828031472
-65.08346407485351
-92.21192890403245
-94.62598466872964
-99.55016910991253
-108.59244394296093
-107.77428591232092
-116.73434495925892
-71.48018255307397
-68.83983677410288
-75.1441725668119
-80.59092208156653
-63.22390644205734
-67.50728173227981
-63.209015206201
-66.86618892941624
-100.76248918834267
-103.33754452494395
-92.03652170998816
-99.45714386855093
-97.05858500115573
-99.85071069380501
-97.19592690434001
-103.25683879292046
-82.04362943768501
-91.93527508620173
-106.53754278225824
-101.89216736564413
-84.23380966018885
-86.88246647204505
-76.17088040453382
-77.23613679407572
-74.43640266358852
-92.8461897186935
-74.62734585648286
-81.4340627503334
-50.797421582043164
-53.67114955064591
-83.9343971013891
-83.97169041956636
-85.74665094166988
-90.95572465656551
-91.64357256671792
-82.58013451098225
-85.5864412971132
-85.63861012511188
-54.7170961126684
-54.52815039455885
-105.76401443965733
-106.12968299491331
-77.0112744756043
-88.06250822463335
-110.99506982334424
-96.78801987122279
-60.726083165049204
-64.60477237797932
-48.73544955069883
-60.81313162339575
-66.12533158054976
-59.16472779482865
-74.96979432167791
-63.166146865629344
-87.48670137673616
-89.10589586489368
-103.81046780943461
-106.38733255863187
-70.89073034236208
-73.7808099091053
-97.4466816242716
-104.78244633972508
-68.10991642430326
-71.91835977439769
-100.2254494577644
-106.33985792625026
-73.6538602411747
-79.06391427690687
-87.01634181290865
-99.21630352188367
-81.10626289248466
-72.34743183851242
-77.22687086435144
-69.96434086016961
-52.60057508859245
-60.54586195928459
-77.41317164897913
-73.73448419570741
-98.19018592266366
-101.06298685064576
-68.77014005182309
-63.93848925828479
-80.78750431537628
-93.1499301996082
-69.71352296508849
-95.60139770526439
-91.54605074226856
-87.05976850818843
-95.9082128703592
-116.38002443313417
-88.8949853486265
-78.26052545992934
-87.323343038046
-79.93582784794307
-87.92765152477659
-82.53813635314873
-89.58004220947623
-93.30622636526823
-86.68899118900299
-85.26038169534877
-86.48352627351414
-85.32960674328933
-78.98605534226226
-75.83141327626072
-80.08185644633159
-68.68138005947549
-93.39003320038319
-93.52727070078254
-100.00598621220706
-87.65661513705345
-77.3852493721688
-82.68704735908614
-74.45409965488943
-80.35901871915848
-63.21120786646702
-70.66680472770531
-84.95641575521677
-91.45760630393124
-74.7456865113636
-79.19594978165696
-70.62079219170846
-71.9782639669429
-73.88465373758663
-73.05268107452866
-75.18983083584499
-76.41529308595636
-68.92906542119908
-71.07513439100148
-83.04601813350337
-83.27817928790228
-82.44413168448318
-79.33293271342063
-90.20912133582738
-87.75224086768594
-83.33579442487098
-81.60445481805073
-55.151384628325104
-57.1896887756011
-70.93294730782509
-82.06570314452983
-69.8606097754091
-63.44715481996218
-76.70982327312231
-66.31331932544708
-60.34761586913373
-79.06881527598762
-65.86015918198973
-81.27277485933155
-121.23009601980448
-115.6481788828969
-74.15250028535957
-82.45715260505335
-73.67466549947858
-67.59844818710508
-66.51187741756439
-71.94545384123921
-86.2337771654129
-89.02461084723473
-80.91949091723654
-79.2590001609642
-105.35034402442398
-116.14195799799745
-81.28728073462844
-86.81127310381271
-91.13744564267108
-89.82902388571529
-62.13391306356061
-50.950702067886596
-63.71342691958853
-57.86824008391454
-79.7108213895699
-96.41034936528013
-99.13362562656346
-102.04221963882446
-95.4568341954946
-105.23515713213692
-104.07095259707421
-103.79005089402199
-60.81893594563007
-72.29944240851182
-77.40770184993642
-77.61318957801632
-102.7294190172106
-117.87942899856716
-126.39546012847677
-122.53050863742823
-89.3451180215925
-92.00661094672978
-85.78644272481324
-85.53547525743488
-82.99296808242798
-88.46967069990933
-89.96435573989584
-86.80080923424794
-81.09715498657897
-86.27585315244505
-89.85333584761247
-92.68725638400065
-84.74313368904404
-73.01403921516612
-94.12477044634579
-86.58841317717452
-75.91979223230919
-80.43942341045249
-68.40151982660859
-76.88922620978974
-81.86165261268616
-84.52356290817261
-121.39777755737305
-109.88550233840942
-82.71134178340435
-69.68529757112265
-105.33092759177089
-95.65799286530819
-80.29054009884021
-83.27294492721555
-99.49940776480798
-107.19703233237124
-51.257379584014416
-55.241257561021484
-62.440568504389375
-49.83147458406165
-107.6886971811764
-119.05213868131978
-104.98750471745734
-103.65221809348441
-65.72059865243364
-63.96774478905718
-82.9629525189157
-82.18248991021756
-71.18048385505017
-56.60074692670605
-71.57403872532814
-73.27016727925002
-77.99240136146545
-76.94263923168182
-110.42222586274147
-111.67260642629117
-75.01722852879902
-65.24204327910593
-88.0071035027504
-83.03972911834717
-66.75553677153945
-60.346418493587066
-98.22245132032913
-87.74406178990716
-88.33592112344013
-82.67172396906972
-86.87923383712223
-80.60556028253632
-64.5092935149296
-82.29138856545615
-61.98054191960318
-72.39836010763247
-63.03415504825898
-65.16948772541946
-87.28034903038679
-96.11435318101849
-60.95339927502209
-61.415556175634265
-44.58873985246464
-50.75599164344021
-95.824710965147
-102.06025671919997
-115.2284184867749
-112.75770532518072
-61.48255789279938
-86.50098323822021
-76.84304577112198
-89.29968130588531
-111.69099275878398
-104.79648933872522
-100.0561903482303
-105.90447092050272
-69.51245352625847
-66.6123466193676
-72.50056770537049
-74.06288108276203
-77.35618245144724
-78.98966978857061
-94.58932420046767
-96.27340602716504
-83.19884988633567
-89.60304322090087
-69.86967350166651
-58.53955916862833
-78.68311196564127
-77.37882295290183
-82.10312139470989
-83.05943357204524
-64.83335137169342
-67.60362136329968
-71.67108411341906
-65.28632929001469
-101.47462580353022
-98.66687122080475
-94.57059726279113
-102.76627246489807
-96.44395330548286
-110.2889222271042
-97.48111558833625
-108.39635539590381
-68.50849027186632
-62.96397330518812
-89.94215101748705
-103.97353689186275
-102.74880790710449
-103.40779784321785
-99.07918226694528
-91.63855516910496
-93.59399972920073
-84.78689209237928
-95.02227651141038
-86.93889439063241
-67.9499129652977
-70.82416873419425
-87.51752781757386
-87.17464560242661
-72.35637590941042
-63.800978599116206
-77.26846738154381
-65.74374616831483
-61.36971786102367
-70.86391918358777
-94.22280936222523
-94.74419755963027
-53.12427582101736
-47.84174416879614
-28.474812658726023
-34.43592098820909
-93.53744201443624
-79.16318291891366
-79.70670224656351
-85.3260282042902
-91.80348895723
-77.9482129451062
-87.11716921534389
-78.97698400146328
-65.03416235596524
-59.81110061041545
-76.48149156135696
-71.44566570650659
-67.45709178590914
-63.007158660679124
-77.85938737952438
-82.89040719699551
-87.47960324585438
-85.33413398260927
-111.51430454850197
-97.38513933996728
-74.35897289216518
-93.45960847428069
-88.82061475515047
-88.93183934688545
-86.72694844781654
-95.44816756248451
-93.0728133013472
-87.45070973007569
-71.28765273094177
-72.20393300242722
-75.51936841220595
-67.4114484693855
-66.72806972579565
-80.74843941834115
-56.06450478732586
-59.265249427757226
-69.53251221799655
-73.67327403932359
-111.85721310973167
-102.77567487838678
-60.314527466893196
-58.9825934022665
-87.7451570611156
-80.66723575501237
-62.1608761920088
-77.20897213607168
-54.37246237528416
-55.07636156443459
-79.75331568082038
-70.67032790122539
-118.58190453052202
-120.67751657962782
-104.6332718282938
-100.45851421519183
-110.20739161652455
-109.91610121701342
-90.68451008199463
-81.27943377316114
-84.48454880911595
-73.10436854043837
-83.53953274060041
-83.97664024680853
-119.03191010619594
-102.93301548054478
-66.63515141605853
-68.78382493139361
-72.16878515294138
-68.05219723991104
-90.78738631960005
-95.61830842285417
-105.20416152477014
-104.93570299926796
-75.47346230223775
-67.21146273612248
-66.11856747651473
-67.5891902446524
-70.53525083139539
-83.22415942579391
-93.1844776365906
-93.15374099090695
-74.94557844186784
-72.18131230635481
-84.55277112004114
-88.21100455430496
-74.09162244852268
-77.20528028919944
-87.93722867770339
-77.9243546706175
-113.41067570075393
-113.97776257831356
-110.50115715868014
-104.23461293838045
-67.45892196796922
-60.95990872179391
-120.25699698848803
-112.32702532397519
-57.77536140602001
-72.34072229849153
-78.7053880585172
-87.14268398171043
-70.30751574039425
-73.96547915039719
-106.00776399858279
-95.0031689759312
-88.8221987709403
-77.8477098941803
-107.48263216018677
-93.95787167549133
-71.55755878658965
-68.46652295651802
-99.61237972741947
-94.0485352599062
-70.61933572689304
-69.56189164757961
-76.53264891078106
-76.33198981892201
-69.35341867854004
-76.34146142004647
-95.60602390748682
-99.42808687683919
-51.006968320391024
-67.71923198923469
-62.477962736040354
-76.29359398037195
-81.20446049422026
-84.30385824805126
-102.03899127757177
-100.97065378539264
-88.33814819730463
-85.35794995324943
-77.82007023954063
-80.66700552029806
-62.43372419258958
-66.81905046615884
-76.93312805890969
-85.92297804355496
-71.93001314043067
-83.20973975170637
-96.68801432847977
-91.39039206504822
-71.08937046292704
-68.243917375803
-113.42344689369202
-104.43764949589968
-76.68829023838026
-73.47511875629425
-87.5639148950404
-83.27341985460225
-86.39413637493271
-96.30067169591348
-114.37298753557843
-121.32654642256966
-93.3500145971775
-108.45968555322906
-114.79602205745232
-125.32750486691657
-78.13862027786547
-63.64891444883051
-87.02706597838494
-60.894026085728456
-82.48352918028831
-81.0153250693038
-112.76118996553123
-95.88583026023116
-65.81405687331608
-72.63695609569544
-85.13190686702711
-83.70897531509354
-58.95720946788708
-57.15999684205053
-77.6441562137934
-62.50122356336033
-67.0247950553894
-70.69136452674866
-105.75815653800964
-107.03721648454666
-46.11820285916565
-51.64780399691767
-72.42606358602302
-69.74872720241001
-80.70653808116913
-78.84755992889404
-99.28719975240529
-94.7345343530178
-85.93270283204038
-85.90549023498897
-96.28453338891268
-97.12691050139256
-84.59998122416437
-86.52448777260724
-91.63779473304749
-89.64441347122192
-106.34397960221395
-111.68622680628323
-117.33280793426093
-97.98583542984852
-94.25192415714264
-94.62622427940369
-100.9221967383055
-100.37532278749859
-92.34930497780442
-82.4744150909828
-92.74507343760979
-86.78779554366793
-94.96770894510155
-87.30348080280237
-99.84296637558873
-88.03492161707254
-80.04847860336213
-76.19658652311864
-85.76126676797003
-90.66932040445954
-68.7964056134224
-68.5735361725092
-106.14152291603386
-91.09012082940899
-68.82143558628741
-73.11795428894402
-50.4031174977099
-43.85976955041167
-56.46354539501226
-58.385212476432116
-69.70030372191832
-79.54503486053727
-91.38291086256504
-94.79115013871342
-91.33010454755276
-93.70238320919452
-88.94458138481423
-90.94188536229194
-111.05558938340982
-95.4682483059587
-69.3333123922348
-88.2083583928179
-83.34282203821931
-76.64394748205268
-80.50249949097633
-79.13325245911255
-128.6308845281601
-112.39910721778867
-55.88930867612362
-48.03392872773111
-72.71935653290711
-64.77258880939917
-62.16453292075312
-68.9445004722802
-94.12683686614037
-102.12587408721447
-58.101470420719124
-59.47020688394696
-78.88267552841171
-60.937238335575785
-64.73642121138982
-65.91856863442808
-55.11068857117425
-55.40494472167484
-69.37430313113146
-69.40731253474951
-75.6705361045897
-81.17791472375393
-50.14455610211007
-47.48006431222893
-63.39343025353082
-49.39972555724671
-91.88781666196883
-102.7412822857732
-105.89744329452174
-98.40855649071636
-86.1355994194746
-77.12066483355011
-87.06408945686417
-80.63304162211716
-76.89103399962187
-98.1968981360551
-100.28143448525225
-106.40731269944808
-69.2314598113237
-71.17904448505874
-94.76780744339294
-89.09896572305979
-109.43333838507533
-99.84292509061925
-86.29791640490294
-70.69186381006148
-112.14073534215277
-108.12448860844586
-89.76374124223366
-90.28883441764629
-86.08003435320279
-70.57944463161402
-54.25348676740441
-68.1151488516125
-79.2668188810348
-81.8554527982933
-78.05790268190322
-87.43687712922838
-69.01445871591568
-78.32273376733065
-83.71136078602285
-83.90131044378904
-100.22496442895499
-84.8221187739473
-97.64372432976961
-103.41382019338198
-114.6911284896778
-114.41935682269468
-84.4643964767456
-90.73195350165679
-105.3561115264888
-102.0934480428657
-70.5031092066638
-72.86854815323386
-73.94509267801004
-85.89986926316578
-85.50219626538455
-86.6653294096468
-110.34406563462107
-111.88806029967964
-94.45083180861548
-89.82756949786562
-98.83556900173426
-86.04701915383339
-102.14504210650921
-103.9948843778111
-59.23991462560116
-65.93142778053493
-59.62409792980179
-69.33967143949121
-94.83919786081242
-103.08493101453496
-78.25743942987174
-77.7967512786854
-71.66065872262698
-78.36341418477241
-74.32140847295523
-73.35149902303237
-110.55877326952759
-116.40730199590325
-57.02312707193778
-59.66277632094079
-80.44029940521386
-75.9722716817871