-65.37491617743126
-97.80371952056157
-44.661527970318275
-59.56721066595492
-61.63497512618778
-74.03683593380265
-50.105899814214354
-69.37741650083808
-85.0056820968166
-75.383897946449
-41.09832959454957
-50.38072998879784
-76.3358786160934
-93.91120521351692
-44.47513480812597
-62.54478151761211
-45.414391924627125
-73.91032858542167
-32.37282079286524
-46.12964634921809
-44.49644830969373
-84.53472793101719
-42.423702441599744
-65.55384775442508
-82.8204262094805
-103.5562999224785
-63.34256010404988
-91.75473122183757
-83.94587531709112
-73.87732234946452
-47.790718297279454
-70.01519022866432
-65.84694094443694
-92.51982736773789
-49.42724687544978
-70.57930027769044
-72.9034656276126
-73.90900504589064
-65.29812539517297
-69.06564434617758
-68.11410130552122
-80.18551838397661
-41.03717049442503
-63.89222758402525
-80.98006104816977
-104.9030756741704
-43.70095117053279
-51.88002382464765
-50.36531852764165
-77.37010467015898
-46.06531094442471
-53.71913228799531
-20.703470515651134
-36.7887433303772
-12.845707677010068
-34.034285500361534
-50.577531760416605
-54.97848703339696
-33.698784723869494
-47.7341644540179
-59.41136776306661
-70.28958302596584
-25.850134548439996
-45.88450531807007
-45.00703952496406
-80.94920909214852
-34.911427134270525
-49.0705652124916
-68.85520104641182
-83.1358198724879
-36.78717783706065
-56.588894817163236
-69.76139475990203
-88.25900089738616
-55.956206738439505
-82.91585475204465
-42.23617580725113
-53.87103926225063
-63.12218570971163
-80.81501265917905
-45.210827046539634
-61.95720750071632
-13.602033848973974
-32.879033595177134
-63.79129325551912
-68.31974047422409
-45.10312454466839
-63.89222613907714
-38.01625486997358
-61.04880750179285
-24.711658131651348
-36.04837596748257
-74.30944622255583
-97.28599878461682
-61.83645838778409
-69.07358515842498
-60.975735783344135
-75.97085077688098
-41.117799524539805
-60.032212988007814
-66.14823035069276
-91.02248403057456
-31.39665362407277
-52.59421263288368
-74.76141084988194
-83.7910722457018
-47.28756262869137
-85.25385294295756
-73.16468450246612
-76.13437779247761
-57.6748026888763
-60.93062376671878
-56.11389639310073
-73.03956913937145
-49.12212775123771
-71.34777344629401
-68.03421718627214
-89.12701422843384
-42.24697079301538
-50.66344884263697
-82.29909142793622
-99.7602219003893
-39.890148278922425
-47.65942322185583
-71.66560581186741
-93.13159665465355
-38.30876422806955
-81.83411229896589
-68.22514190897346
-90.01070532192807
-39.586019913855125
-53.405784762013354
-63.1502423685306
-76.60210242893663
-55.21482230997299
-71.93118998364662
-70.28455195159768
-99.03368877794128
-34.321583387437386
-58.77502872085404
-73.2810506390706
-67.03926867598784
-44.97829486086266
-53.98261008085683
-85.12990321030566
-114.65638028648391
-57.814979728245646
-72.19846680730643
-73.33383321761812
-71.16193091868831
-48.263926029903814
-62.788972687441856
-55.25968587119132
-77.23874400906789
-38.941640632887015
-56.15123548793645
-71.20388108491898
-68.00611541979015
-41.89450463606045
-59.12996399390977
-40.93941974987683
-53.90435288104345
-91.84412426690687
-93.8031510094952
-60.29492333903636
-78.71251197718072
-57.72196339978109
-67.63224419664766
-42.77843995634793
-73.69242267578369
-53.37607899493423
-69.14040225744156
-54.25418423113206
-65.14388196144682
-51.32162033955683
-57.225009286812565
-40.808221768433214
-41.176342201293664
-79.87449295171967
-82.14743374281352
-35.11234836602304
-63.51969191418266
-57.74582273606211
-73.01051289471798
-31.868386509957418
-51.33357173875265
-65.64433622267097
-88.194277793722
-47.79738032817153
-81.62399750202894
-68.90401225863025
-68.63445765362121
-61.13900894142489
-61.101375727374034
-64.18086608313024
-73.12371149100363
-48.61921840798436
-74.41226319456428
-72.80372411755161
-79.64863224116516
-41.16839096174226
-54.78120513632893
-47.77961436496116
-69.00171826773385
-42.82151053776033
-80.36959472671151
-58.77324006953586
-107.11232545848179
-30.383810013115635
-61.70267397132761
-51.835992237588016
-78.46780809711709
-48.77241966145811
-73.50454409292422
-57.27985761933087
-69.70667205449718
-24.4869701256099
-43.76627910015941
-73.94899721465481
-108.42643797378878
-34.9154895781935
-74.19981857215203
-66.91170404463583
-95.92304250597897
-61.6124067282617
-91.26768411695434
-62.508928059975005
-72.54579084168654
-43.53158125967093
-49.19511272722593
-57.11711286351772
-74.85427691525544
-36.42257824331682
-47.33908809318382
-90.4582713169948
-118.91602769121528
-53.0048803697282
-82.94992165394069
-58.45628439121356
-55.56109169963747
-49.88322310948536
-59.590796074417085
-57.61274447715539
-99.89058434862815
-31.692947467789054
-68.0518881510942
-80.36581354972441
-91.76681500859559
-65.84963280928787
-80.62442490056856
-78.2270234603202
-90.08687378996547
-45.50011035057469
-74.04198882813125
-73.98432928993844
-89.21810354959479
-35.51812895742475
-65.3002585258655
-61.189719216517915
-85.20599305394717
-26.684644355787896
-65.76480863380857
-28.089861475589714
-62.78836599178612
-37.508619205178206
-73.00106418043094
-52.49529718852136
-73.80414536237367
-34.649758742645645
-56.772532957140356
-70.38689024047926
-93.39702205639321
-38.01063161788534
-66.75461611179344
-67.1071024100529
-81.84050032589585
-52.29377157567046
-65.20095641846638
-64.62657834042324
-90.77461099476204
-38.79299494780343
-52.676820666732965
-61.759175444953144
-102.2343287471449
-41.07187106522633
-64.16527005331045
-69.78817772819093
-96.39722267957404
-56.3428333412885
-82.27216347091598
-40.57217792468134
-76.00179263896939
-27.925722862724797
-75.91820022504544
-91.67370146185567
-101.25639644637704
-65.89700067014564
-84.9729723001874
-89.03115480393171
-96.6404165897984
-49.35403200855944
-71.23752032080665
-82.83848885446787
-90.5651845894754
-50.89270743122199
-75.05299308672511
-51.120388875947356
-67.37070165843028
-51.50104574381294
-72.04616889126555
-88.75386276905192
-90.42511052452028
-39.35676909224276
-45.36762893688865
-65.54462562638582
-77.68848077952845
-46.89007620426122
-41.80822608937888
-63.610745027894154
-97.6776710744125
-42.66089041970189
-57.39961342605011
-31.133417518343776
-68.82106533722254
-23.799367893952876
-48.83342247481778
-87.06929874025809
-108.23395264247665
-82.68235602953064
-100.26498730480262
-69.76366566853721
-87.46362422599486
-48.327504228346925
-59.484979633683906
-60.869276696790166
-80.32962208332447
-39.792821742128524
-47.31959237903345
-62.604846575297415
-71.03003115858678
-48.27418859930174
-48.45192008185677
-77.16889289516985
-88.61586619145237
-64.1894821380265
-79.50759192579426
-50.22661606967449
-83.80943148676306
-52.71764110584621
-93.57698556641105
-62.267800867557185
-85.8093202114103
-31.957151467905533
-58.95085831009783
-59.93735772182117
-75.21277311873564
-56.36156115878657
-73.45412660303191
-65.43764264647689
-77.09118312760256
-54.123360998878525
-69.36287182517844
-75.06624686135893
-92.83300969278204
-69.96610862668479
-68.67164799384756
-77.08728830328619
-91.13327000290155
-47.39029086604933
-65.64865942264441
-49.50323820987251
-81.35480499196638
-38.59443594913955
-69.8405019077627
-68.95218139770441
-80.82030355818279
-39.45677688805972
-57.37577164835193
-66.5492490628385
-83.7500455500558
-48.12275242768919
-83.07527563720942
-91.87044036388397
-91.64159325044602
-64.92628683672228
-87.81132848223206
-61.602564519613225
-76.69455113183722
-52.078195568174124
-64.16144364885986
-78.0976114679288
-80.36958920803227
-62.88507103860297
-78.19987032087977
-59.596406437965925
-94.91644667420769
-40.965381571994726
-68.2434992669514
-82.54121200339432
-86.7253907834529
-42.141832436202094
-64.54458836652339
-81.63856574031513
-89.37989449217946
-56.65945461636858
-72.10656608169666
-57.24759493690999
-87.81975653767574
-48.384883599093875
-49.92743563224178
-57.232844553276664
-76.47204291188973
-44.73603632927734
-65.5438687046244
-67.06534324604581
-90.68219986598706
-70.39250541606452
-86.52970619808184
-97.13009810820222
-92.50973443686962
-71.35944709985051
-78.40702002937905
-69.95989840303082
-75.73774357140064
-27.390135077061103
-42.815381173113565
-49.10878928654711
-86.57162129825156
-43.9438579720445
-72.82193343888503
-64.34555432933848
-74.66540977917612
-41.47294663136199
-62.3743584814365
-78.89278634138282
-103.76356636898709
-63.31111218681917
-92.23445684849855
-63.88736170041375
-89.0578605189803
-36.574106508775685
-73.17995368064749
-72.73701970251386
-100.8143608160317
-41.577175363418064
-59.71419962879736
-88.11810083314776
-101.23450005520135
-68.86144996061012
-82.83849339758672
-92.06559830649348
-96.83338209823705
-45.66177811079251
-57.89704605937004
-120.17537212371826
-113.31722584366798
-77.07328917125324
-61.04508500101656
-64.5791239477694
-76.58144559618086
-26.002227449659983
-41.94512165480592
-79.56653223535977
-91.28080382186454
-34.89309372776188
-55.10036180012162
-61.65276857139543
-74.8880731984973
-65.56739070243202
-70.54441508594755
-45.97865896904841
-76.53056976688094
-45.026769932002935
-56.01068855153426
-41.81728426551672
-71.32273709621165
-39.671402964217066
-67.66377458582065
-63.256627320253756
-92.80948736134451
-40.597388348214736
-73.38358965684893
-78.17687302827835
-75.390908151865
-44.082320586183414
-54.96061988598376
-63.59648513792581
-91.00802135460981
-40.63770078523521
-67.0440272714477
-80.43121516006067
-95.57074546255171
-71.52840467143585
-76.92601883057932
-102.86943028820679
-97.80672010139097
-72.25406681024106
-65.31518607782345
-56.43343594070757
-75.9391686603085
-31.053823943978387
-47.272429721429944
-59.133814834523946
-73.37519538394281
-51.02380828947287
-58.494532751254155
-43.3323963090661
-63.282885763735976
-38.80619299269438
-50.152729182183975
-62.12240343290614
-85.51864742975158
-36.49691734424414
-66.65619859237631
-68.5403855217155
-73.88214057404548
-54.458189910132205
-62.55099181814694
-89.47718331430224
-108.88353938423097
-44.31901825611203
-77.33536460278992
-67.67550238408148
-78.63324687071145
-27.792604971836198
-38.145885007010065
-36.334060217253864
-66.31726685113972
-48.330416318143534
-61.42728511698988
-53.71934443927603
-71.7331430958584
-48.57415261187066
-65.76835639360888
-60.19631326477247
-74.81551794040206
-40.794567876379006
-64.89175622001903
-64.66566305005108
-80.16069944240007
-45.813377373779076
-56.30597415220109
-54.97736369818449
-61.40707316994667
-22.867769192736205
-32.24387742420731
-79.08294476568699
-95.12280602823012
-36.84457419409944
-68.42222964904795
-57.69325552037208
-53.91719567775476
-44.285095024926704
-57.4627587547875
-55.12880706042051
-81.92749039642513
-59.64442455768574
-64.44983541964962
-70.42600136995179
-103.34082311390875
-44.351241793308645
-48.908860702335005
-60.94377801998053
-71.33118985586862
-47.56844025101324
-48.97382419527594
-51.99751932505751
-67.65273388091009
-51.10474469438486
-69.69147531455383
-77.40019551850855
-80.39912406494841
-44.18238455192841
-64.37395091321378
-69.1092817720928
-77.54944038090616
-34.38687544120512
-45.792599131578754
-68.49597490479937
-82.46910578713869
-45.260608747391416
-51.38916788512506
-49.847421624461276
-77.4666422603168
-30.008349284292308
-52.37030502745529
-41.71008760481391
-64.50799313177049
-53.24677615130258
-79.67234849840676
-55.98368187062442
-78.86095552146435
-49.889158690055865
-41.053461258612515
-63.24900843248906
-68.37870068685152
-44.29524158053198
-51.903372411441524
-61.29793491602686
-80.9992659835716
-53.12557645456036
-57.40885107390295
-77.55004271914368
-94.8088578824536
-28.72869873120453
-56.327748750234605
-70.58294198743533
-97.13457866199315
-42.08971656273934
-63.375044391606934
-73.69814393119304
-103.49526118773065
-45.72156231637723
-57.40767206408236
-60.10224434262045
-73.73278533096482
-21.083391879539697
-46.13269649000722
-72.35320395929739
-95.66669690608978
-49.67203514650464
-57.819126196205616
-53.46783214508241
-69.83034668650919
-28.658336907217745
-60.43752557708649
-56.094205735813375
-71.08721047524523
-41.47810175505583
-59.02290058322251
-64.58415941961721
-85.20940069240169
-50.09235870203702
-73.09668252708798
-58.78988132500672
-91.53894458338891
-58.88602353324677
-71.716253519975
-46.580049871416065
-98.46144552750047
-39.30978168849833
-50.33624992746627
-108.24630225053988
-108.21532282233238
-68.80665394660173
-84.98897039087024
-93.88335130951964
-114.78560097885202
-41.76590236549961
-51.99186465371349
-54.05229798168875
-64.09060764312107
-42.301654572737334
-51.52761762978844
-70.10651875194162
-80.66272737085819
-22.94280361580968
-45.03281305413111
-80.3589877455961
-87.92386078811978
-73.64971405239885
-64.00556904926088
-59.20259461151545
-82.72263956713141
-38.2955300408355
-69.53436565393167
-69.93439949082676
-79.18615014664829
-43.023964822792095
-57.09943671030487
-41.67478761909297
-84.18162107247917
-38.861660587038386
-64.06931645142322
-76.33444827289168
-110.03933643724304
-46.426129899428815
-74.5399923279474
-85.4876136657549
-104.39780456013978
-46.39120296910551
-69.86400851327744
-47.59514839935946
-77.68811352548437
-19.67966840509075
-46.003390836296596
-65.53564654223737
-91.69713484687236
-56.7821176297291
-78.64209020136514
-75.89785420703356
-92.58298890362494
-44.86052809521516
-43.08903025356267
-94.25284936558455
-106.45165335800266
-49.785327508244336
-74.76946995824983
-104.1250778195681
-119.11987062776461
-70.20957599580288
-82.01103425084148
-78.92614344926551
-97.06048961408669
-50.337912266288185
-80.23499183071544
-60.275796900939724
-75.22955450153677
-40.18870730331218
-63.67656818497926
-64.88595297001143
-95.53139852068853
-45.17333458830399
-62.06188604794443
-58.10388519236585
-65.42346292664297
-36.481045170366315
-45.47900165949249
-46.033683631557324
-57.88923171146962
-44.04780100952121
-57.92957064533402
-53.58821194909979
-72.95748916867888
-57.73362957743302
-78.67609883612022
-70.28559642232722
-89.99337873456534
-42.60081760381581
-51.976927130890545
-64.83075828325673
-82.25894139800221
-46.034134382112825
-55.27435620757751
-37.02900571841792
-54.3609109382449
-32.66958269709721
-52.881657950696535
-64.22415833151899
-91.27554678827437
-44.543901367111175
-69.74409192737585
-118.21980490756687
-130.8352748528123
-74.3166795305442
-89.81622775527649
-82.03027372894576
-115.10112917031074
-49.14083620114252
-66.2899431760743
-43.722027210453234
-50.690400358333136
-28.73706356655748
-39.7031902067028
-57.4909325686458
-74.00568496483174
-17.093993396448127
-35.16301676921921
-75.07283385144547
-93.0260695759207
-17.7397817126475
-34.90209456672889
-71.21660721203898
-107.37884531862801
-35.169882201895234
-56.85513305471977
-64.24944170004164
-82.34786796478875
-40.55309834325544
-81.5188242194381
-56.40649656835012
-66.6158810404595
-45.0567839016303
-49.32485532050487
-62.865257016446776
-63.60245309997117
-52.23078942198481
-52.127348063804675
-82.77489034044902
-103.79823380657035
-71.82249061585753
-95.11297581326653
-62.88362429084316
-64.12861313456904
-70.93309430847876
-87.91973438486457
-64.01314210886449
-72.81191113548266
-75.47921777743613
-96.81252962723374
-42.15913074403579
-55.653828550246544
-68.35845098873324
-76.63500353810377
-33.15430824674331
-51.18550200597383
-94.6350783074522
-109.80325062994962
-59.743059689644724
-85.78214021446183
-63.507266868138686
-92.1520379568683
-47.454228917131104
-67.16400050337688
-105.82706396959838
-100.43753880262375
-62.26246423320845
-72.92380530945957
-64.53063764109521
-89.60744007676772
-53.55482438877516
-67.18892695009708
-89.97244584560394
-119.62899524800014
-53.274947776642875
-75.91789036976115
-67.6475277885329
-89.72940216958523
-54.61819310442297
-61.70175991020278
-73.14781475442578
-100.2915133125789
-41.13671687698752
-60.239542384952074
-77.11923174362164
-85.50968346651644
-45.156550351472106
-63.721047384664416
-57.19330441285274
-78.26633883445174
-46.95473771463003
-63.29693125782819
-78.74767109379172
-97.06741344827606
-49.905641185883724
-84.5828868522367
-54.592531772563234
-73.58658080676105
-46.955400901853864
-57.547298159050115
-103.57849564775825
-90.72983608394861
-74.22520662206807
-93.55051093967631
-94.93471307119762
-104.50561445884887
-43.04699650534894
-64.82903672772215
-96.09194128989475
-97.29742806777358
-48.91815626518883
-54.82984588854015
-67.30895352736115
-76.40827661147341
-31.52272537035492
-49.09256829395781
-45.22393931954866
-53.664057567482814
-40.40808203461711
-67.75378665233166
-49.984277448791545
-60.84287634390057
-40.58924575711717
-37.73870102626097
-54.602188700379884
-66.58280856549345
-45.914640597986136
-56.24542523366085
-89.95293853362091
-103.93928980158671
-43.552589862112654
-48.14112629229203
-55.61556644833763
-83.0103353218619
-36.33412438246023
-49.57242688664701
-72.90742400614545
-92.30610524432268
-55.61167731523892
-70.4088943968527
-102.03787446746719
-109.76853838120587
-45.50422926878673
-66.65683197317412
-101.31157117332987
-80.05529939484404
-60.04284206633747
-73.22893794905667
-87.18131117196754
-81.5596151293139
-36.04885576380275
-40.579097710742644
-63.51968370428767
-74.68441474280189
-41.529063511506365
-61.75582807979981
-68.24375359900296
-98.92250255544786
-46.225564917724114
-68.24899923964404
-86.82772393524647
-111.28029544558376
-64.62613398542453
-75.52433174182079
-65.57943484559655
-84.39251931756735
-45.88740288034023
-56.72800467621619
-89.75146162498277
-102.42096815624063
-77.707374895057
-80.110280509949
-83.57663431688707
-90.32522345302277
-54.40942391418503
-79.3801715198897
-72.14686032035388
-102.923510431865
-50.19466858683151
-62.983168233946344
-56.54074460052652
-85.22959232003996
-41.711679059349535
-65.33164907702303
-90.12964241486043
-96.3825015714392
-50.30291074188426
-68.61115871742368
-76.76740539789898
-88.17134665339836
-33.056378692155704
-65.94279637640102
-62.37333585345186
-83.41964903852204
-35.055496379733086
-67.99288007008727
-71.03076302587215
-101.73274245003995
-25.14775487346924
-58.76186087048234
-74.8309550252161
-89.70156446294277
-37.83157807527095
-49.27089835252258
-100.38936656154692
-103.44582416675985
-71.48134073595975
-83.51338791846365
-63.76650055180653
-67.29628836172469
-45.057468577608205
-57.89921800326555
-39.06356364331077
-84.45221144950483
-42.903761724286596
-65.067263900135
-47.546849113624376
-68.40505707038392
-45.06553916021696
-48.03689329838272
-97.72562764710165
-113.14371824114278
-78.58894568663982
-88.29252501070823
-76.96330811761433
-95.48778616399795
-34.07741665648538
-49.70108011320781
-56.59537940107293
-86.1776854990876
-49.979749388235064
-67.95272520218077
-64.15298026864184
-89.0891424313595
-46.55763287919217
-64.6274328953732
-54.82106713646681
-81.60840121604264
-42.72245987046335
-57.304734885066864
-43.69237878008062
-51.38713967788317
-52.90457840701492
-49.88316132889304
-78.29896461927274
-100.32704591751099
-34.301651598339504
-56.29832265704317
-104.83655256029397
-102.62856256166197
-67.33067235628414
-73.5757835973618
-50.75419502274235
-74.95967343740631
-40.483172527014176
-57.62889050836384
-52.45544183254242
-79.782217502594
-68.61681901244447
-97.04482647404075
-98.72409272193909
-99.05175799131393
-56.83413286785071
-77.52047533163568
-76.54572287912015
-80.35853788442907
-26.68128546065782
-37.795350575728634
-68.64176496025175
-97.40066243101955
-27.697496453358326
-57.95125930373598
-49.533055635751225
-68.41032587628433
-45.58548660832406
-65.869145069073
-58.350902196593324
-90.13705422630298
-56.86902646550061
-83.64337860910791
-74.03248179552611
-85.09509552549571
-34.551835033341604
-40.87260249843894
-62.912363493815064
-73.1638627992943
-40.761773302796655
-58.22004972783657
-64.94570497714449
-68.23418853036128
-47.73780182200562
-53.16326632934306
-84.28886687458998
-106.1418228149123
-53.185571719886866
-92.05752660157259
-65.30586849572137
-94.67142667341977
-49.20592951752042
-56.60096745563533
-53.34717424958944
-76.27232129871845
-19.206650603401613
-45.399651617916334
-79.55974063482427
-94.66145626455545
-36.355923166693174
-61.2698762429136
-61.17943516373634
-101.31575497612357
-57.15561272201376
-92.42767214766627
-56.78973298182609
-83.52434432476184
-42.16025382942461
-54.82510863923858
-49.254747353406856
-65.62310949416133
-39.290933254639185
-43.79646184566445
-51.073344714939594
-67.95568135729991
-56.151072873704834
-71.63753788615577
-62.527118102642135
-87.18950137170032
-21.082732663783872
-35.24323558101969
-96.47807417846343
-124.74786102733196
-58.99519357430836
-94.4772742226487
-35.408683316569295
-64.5883737038821
-40.36776588081193
-54.56568813331978
-40.677412894086274
-62.34055717757633
-51.869297856675985
-57.201226668897675
-38.58112430945039
-49.115651892498136
-35.969044360455655
-57.02409664471509
-49.48245150301955
-55.7000289718992
-36.34356398586282
-51.76269689757759
-68.91449523915071
-87.88130315585295
-46.85199386323643
-58.84355862760458
-69.7721947603859
-106.00079812144395
-57.91301399056101
-102.93087530136108
-69.61464821791742
-90.12338518694742
-44.80576087710028
-67.98905942276951
-61.935858599317726
-75.5229147381906
-43.40403970963928
-45.17380340130512
-70.46036126127001
-88.86877204757184
-28.92590171711163
-69.4770389901746
-70.9083416131325
-105.40922884189058
-57.30970135734651
-77.55524635597246
-67.52181863639635
-89.93171524254012
-52.01141570531763
-66.86709093257377
-53.0345079570543
-71.80728629161604
-45.69987553338569
-80.50741591356928
-48.49824696625683
-52.97783760237371
-44.34743274545866
-44.54701697731264
-65.73699981606114
-66.29080464948765
-30.508608759666686
-42.35687780939042
-53.511000268577845
-89.46361777186377
-63.04448903191951
-74.24346206395421
-71.96240168478835
-88.29682075508754
-33.83592455298094
-55.638355184782995
-64.21565645298688
-74.35611283281469
-53.31025751742891
-57.58344253704104
-97.17140605914756
-98.6681697316817
-74.15088882575083
-93.00325075956061
-75.25050021917559
-85.37165251350962
-46.94373139374147
-41.56464705147664
-64.68842068304002
-89.56629842492111
-40.91993942973568
-51.34176074581046
-73.22734296295675
-111.86895179748126
-48.21898834970443
-83.57145275118819
-53.909929804038256
-66.83420192659833
-41.45422393046829
-39.94482366019906
-51.83204939565621
-70.58909615129232
-30.480111035195932
-29.826922467316763
-81.45626061735675
-92.66772941499949
-31.493629511321046
-50.05935687426245
-46.14906456065364
-88.09031127841445
-46.703062389045954
-85.38593751657754
-71.54085711739026
-93.73084829887375
-61.31647813703785
-76.61581229589774
-68.13910848274827
-76.46094235777855
-31.133911369266343
-39.1473612693012
-70.03689110763662
-84.42791506531648
-31.353802039287814
-63.56454729475064
-44.63143603503704
-53.4884925528313
-45.91758377855149
-56.474421370327036
-74.96947166114114
-95.20961848949082
-33.302038132722146
-62.23582142376654
-48.08679689546989
-85.39143272224464
-24.625243823295023
-47.661590831652575
-64.1985069780635
-87.00417077541215
-51.85037262132391
-63.61894541307197
-69.95898686983855
-91.37410620186711
-36.06808766402378
-49.077292950198114
-61.88302897242829
-99.64660370344245
-24.281469444523964
-62.69131544424363
-48.85332685626781
-65.92750822997914
-45.79847894203294
-52.57406949918368
-72.40886804834008
-90.5308200083673
-46.72624376355998
-65.11923214683702
-83.12351795192808
-75.92497816309333
-66.78762073569305
-74.56172778597102
-58.64135260693729
-74.0626674015075
-50.665007233573306
-61.07847213562491
-70.56230679210421
-95.99950304534082
-50.06484589353181
-52.044138498603274
-64.2830574900097
-80.30623013822674
-25.37514185475652
-47.754212836707666
-47.177402394561796
-63.34555960819125
-46.213888469836036
-64.05855995948514
-67.82114452346923
-77.41426101303568
-29.345847602165122
-44.07068552070632
-57.997043121024035
-94.6111803010208
-62.16031912714209
-71.84105454339442
-69.65811447566375
-82.36425361502916
-35.37982841833491
-51.73509566080611
-45.60048644310518
-65.36154696217272
-59.012617847498404
-55.865893408555166
-49.50279715633951
-78.41026389239414
-44.77455916561303
-91.81982288294239
-99.52047156635672
-116.86245879068156
-39.267987254941545
-52.21740234995377
-58.24022365309065
-90.27085351198912
-40.22860114740979
-69.3539259537356
-69.35851420860081
-82.56727071251089
-51.64028408735609
-61.439588211796945
-63.62172065216873
-68.10514791123569
-47.77501283916354
-69.47138217231259
-99.02780809043907
-108.5451700425474
-33.95374152890872
-45.39180564880371
-54.67828736943193
-88.97074854164384
-61.29753531989991
-91.07266131631332
-76.5877619896255
-94.0943880080954
-69.95906881422343
-71.53423916811153
-68.75548641368368
-89.83069511456392
-66.87632084671623
-64.59425468741483
-66.64303308542003
-96.9337316006422
-35.88204597757431
-62.369781471730676
-73.72773423772742
-91.88048236295526
-44.088835595117416
-67.38424671173436
-74.0614038426429
-95.58938240702264
-53.07822426844348
-76.05075244107866
-71.06328066601395
-87.17456420511007
-43.517525391012896
-59.81724104177192
-55.31054471726384
-67.83798236818984
-25.331849470472662
-62.729162884905236
-34.124016424242654
-57.8227089300035
-68.00931312712055
-70.89772390294803
-38.999328064674046
-53.39399348128063
-53.183725264447276
-78.07964396476746
-41.65500640242499
-59.875733411405236
-70.92107598148868
-72.89217741973698
-56.00096805777662
-70.20530724054333
-53.78836948075332
-105.68654073349899
-45.20075339084724
-64.55840000929311
-57.88284566253424
-71.16219889931381
-40.398897901992314
-49.57143691519741
-65.41705857159104
-71.61762213141628
-43.829464860803455
-58.46261820287691
-95.51950903673423
-92.25208004377782
-67.55750096961856
-89.3180421628058
-39.22510473243892
-58.70190313778585
-41.14583702796517
-51.24279698940518
-48.420478457118975
-76.12546133993783
-46.293574733288494
-56.56844964839797
-65.36734310165048
-75.92646828200668
-48.52611376855657
-54.086957767023364
-69.86792031105688
-90.45215201371047
-43.81133187172941
-60.87174396685418
-50.301010293879244
-66.04473770316008
-33.923782692356326
-36.846355775801385
-70.188297685625
-94.8387145252309
-27.153504563755178
-51.2341695389914
-66.17736927513033
-75.18091446984909
-48.398932217742185
-79.31775319797453
-68.73386184638366
-88.0657703448087
-40.842366121767554
-64.61813366538263
-64.80305139673874
-89.42724793963134
-52.5661804074748
-46.41979057476419
-88.87170094251633
-99.21711503714323
-55.16685747844167
-77.7298179268837
-33.04855648559169
-58.6823691847967
-37.53828332414514
-49.31155101954914
-48.560597174240684
-57.73534499516245
-32.37537688554721
-45.057267928897545
-66.90020595668466
-96.46462285473899
-37.65234617681563
-63.11184529554157
-67.1425996111243
-76.68184933066163
-48.634289173875004
-64.42615797184408
-60.412840678885914
-68.57493543623377
-47.63778396577981
-65.69763953855909
-68.62925262731369
-76.36145162580806
-36.08869993220969
-57.11724924945793
-54.28207405656565
-84.99953088629991
-31.79126965329482
-46.00565541359708
-67.14267748696875
-80.59551361190279
-38.32342426890682
-60.81796561235751
-69.84814520180225
-81.24590156041086
-64.74212867987808
-80.81501265917905
-79.19957338634356
-97.62460405379431
-40.54821815450714
-59.144589506377315
-81.50619587113033
-92.73330295002233
-52.42851791407156
-56.72925336118533
-77.14174100130549
-77.89238538290374
-30.44689940121998
-45.49558866092411
-48.26793601224688
-58.18960292544011
-35.280465623101804
-45.49514178223762
-63.553019627928734
-105.58072192879627
-53.384591302342415
-59.3327775907087
-50.07138662741272
-64.2541911774315
-54.61174439126626
-69.02490864275023
-89.44782397826202
-102.66823457676219
-72.53848714474589
-75.80649030485074
-70.05844285958665
-81.76878651242623
-53.015882981020525
-47.89491804902514
-67.17986763478257
-82.89089357014745
-32.007180330576375
-68.9189488235861
-36.06701263964351
-62.546114318072796
-49.463450966013625
-75.44813291675382
-55.52756627309009
-81.84331190580997
-51.38648673057469
-82.13753846578038
-56.5176963564445
-94.1665435207542
-41.9873290043069
-69.12216353263238
-63.797496062354185
-99.65431427955627
-41.09560784592759
-68.34940170077084
-75.84671863057883
-96.41303372586844
-32.88294820928286
-41.285341815295396
-51.31999257532879
-81.33299213333521
-28.85603719575738
-42.73927429580294
-105.63931093970314
-111.23670076915732
-48.773554855906696
-65.10508836223744
-102.98060637898743
-86.17945615202188
-66.31797620054749
-59.746040817321045
-62.60773453841102
-103.46943175666092
-37.79510886385105
-71.08281084144255
-66.24435105848534
-85.60763649729779
-42.747119291137096
-51.99776007390028
-90.3402713635005
-106.39284458430484
-41.6917160216326
-61.43266247026622
-58.820942007272606
-74.57881288666215
-68.18769707402339
-78.44272656209063
-56.06429389025999
-50.95447838306245
-35.42172304527003
-49.24934192995579
-75.87276714865948
-93.41695213317871
-45.97939153792686
-65.3261490969453
-53.94279521284625
-78.31977066211402
-28.51516423002795
-71.94058040971868
-71.03713683600654
-83.2446634768994
-46.58397293829603
-55.77435010391491
-77.51494894528878
-127.87310393957887
-43.363060108515356
-78.44606998475865
-101.24350094676993
-114.59360480304167
-55.26682025101036
-96.05862101983803
-57.20209172894283
-87.95023658412174
-58.614649277467834
-86.81420285905097
-47.8575158308667
-45.3004942528205
-53.77246608573478
-69.77595320378896
-81.22101049526827
-83.40491614946222
-53.17244000518622
-56.261134202068206
-107.05660996492952
-129.56945466122124
-61.19319602113683
-76.21895968780154
-39.743057429748546
-64.41878312825816
-66.18948475865079
-82.52494001388547
-41.55962111041845
-52.27560964494111
-109.03233589761658
-128.17210119590163
-66.48030747870189
-78.55014830293248
-75.7318629684305
-91.20451406459324
-27.946194045910488
-51.37980317498659
-70.5583315952681
-105.32440386002418
-36.420741032296036
-68.17257804793189
-85.48587714847235
-60.93922465847572
-40.99053206294775
-52.91556238468547
-71.40114101563813
-86.93513002851978
-51.89482693526952
-71.04227345950858
-87.9220004704257
-104.41539106519485
-54.98838930796819
-78.69501497107555
-40.444937493652105
-64.47415999165969
-53.258791586822554
-68.44773601905763
-66.11677859426709
-103.34102850197814
-48.65004062163621
-71.38581763487309
-50.7523937103997
-84.74684166852603
-39.554120929438795
-63.99832070211414
-44.72171884670934
-92.38378905835907
-30.756651604661783
-55.169724502193276
-97.68855751678348
-106.5328130077105
-52.8388174151396
-73.92618697858416
-42.70310273020323
-74.45945305597525
-29.47283064466137
-41.69023821701194
-52.22918806178495
-84.22075361080351
-35.267813392253174
-61.23236327251652
-87.40270436170977
-88.35337876342237
-45.88870459908503
-72.1694949772209
-64.14105271021799
-87.46781718721559
-47.82679627207108
-54.107361037356895
-66.44460155266972
-70.34996505956224
-33.84732072934219
-41.05374447419263
-68.27234935728848
-80.61612904364301
-52.00566397533794
-62.8810423013183
-52.86692550730368
-73.41573984047864
-41.78169000658568
-74.44568871380761
-72.2697062187035
-74.03849328307979
-43.553903501676814
-49.16400060252633
-60.06678273799116
-79.85228586185076
-34.22031535877602
-55.048860877519246
-63.55793869857007
-79.90400339802545
-63.84906347608193
-60.7667995294247
-79.56259254264296
-107.22662548377411
-39.27944502343394
-53.85098278249234
-46.54024430087884
-63.000632227864116
-40.47285736897902
-53.07231029846298
-65.29518115887186
-81.98918485178729
-52.783746337267075
-51.40924059511963
-72.07222631279728
-89.78233639523751
-50.69917693654338
-59.778214475721825
-56.75620388437528
-77.59688042465132
-72.79524455900992
-84.91683493655728
-41.984245839776115
-49.016705297362876
-40.454718444787375
-76.07917922284776
-27.2276829321454
-65.49288764486843
-53.28605148018687
-74.05445509846322
-47.73559240705458
-45.32628075630055
-78.3242683649878
-83.18045600198093
-61.48302722051267
-87.59140255840612
-60.094146926036046
-86.32758717809338
-54.764126082882285
-70.71358461864293
-35.39285803985592
-58.268444269031534
-59.96082364973699
-83.94410931929087
-34.21794726961522
-47.36018197686644
-61.04769434442278
-81.65866646993527
-35.61528533999717
-70.56782569442862
-62.65153426853976
-78.95076083689491
-30.794823632450857
-52.96378070185165
-63.63831309388473
-79.0396048426627
-28.925714346911263
-54.57121681064018
-49.85756381426472
-74.30563174793497
-30.20136991655454
-40.069053798681125
-72.43709264870267
-83.52923439629376
-34.51084419902577
-51.32038015031867
-73.0210233893522
-105.37867175601423
-53.80977693141904
-68.79432407468607
-52.267131682318215
-54.49438283259451
-76.5484302766854
-89.53385323952534
-48.634187987307996
-76.21578550306731
-59.017252260353416
-73.5940870044542
-46.52536600128042
-64.40945140882104
-65.94565451140534
-74.13074791431359
-41.93957561161369
-54.20301558218489
-61.264012375542734
-88.76288157142699
-32.76370458571
-51.130313912064594
-58.80735921042651
-89.38374828865199
-56.079722567294084
-69.7636616913951
-88.49055394838797
-81.37982522822858
-66.66408336133463
-75.33432780878502
-41.064170783356076
-43.8486281271189
-34.062325288127795
-59.9056050927602
-67.63626259192824
-88.56053924533262
-27.316589483516502
-49.45203100655897
-62.23343154229224
-102.68999590002932
-61.46709418121782
-77.46286511409699
-57.74677218183933
-82.17459171859082
-33.683721934152345
-75.95593468948209
-82.86356454335237
-106.42312681670955
-54.99555997939024
-72.76973184219241
-79.34598186954099
-82.69133622210938
-59.26211386107025
-73.92618697858416
-96.25506053655408
-104.66467809410824
-77.23817525023878
-85.29723047465086
-77.47165878774831
-92.85734098870307
-35.7586506283842
-52.49655300966333
-74.41218126006424
-87.47472014155937
-75.68898037821054
-95.81299076788125
-31.462502332171425
-45.238005354892266
-57.52192222874146
-83.76157947658794
-54.039014621161186
-79.39742734743868
-68.0255910062042
-80.93314763685339
-40.83744655830378
-70.40147226583213
-73.36999169441697
-87.75562395609447
-42.298543300597885
-69.99239467343432
-107.6229525100207
-112.10201630322263
-63.33269756307709
-61.67297482255708
-53.19599845784251
-82.52476783849124
-48.194241759012016
-58.7694004528239
-62.21321911923587
-61.88571589440107
-44.65176361778049
-44.798254680143145
-59.528615472183446
-93.78677519410849
-38.96020235778769
-69.18093290265597
-86.13374324751203
-99.08411601840635
-69.77772331897722
-83.31251942797098
-66.9231551392877
-81.34365931311913
-46.51591827059735
-53.62466339065372
-46.826384437736124
-73.46693643182516
-58.472839132515105
-54.87815484068415
-50.98351687649847
-54.53975722688483
-47.30903985234909
-66.11163625832705
-67.90575018231175
-84.38042734190822
-75.65187856740909
-100.29582333564747
-57.33865679032169
-69.47138217231259
-60.09532658234821
-78.40120332880178
-40.41239282354945
-57.10052178191836
-58.55624311187512
-87.02256878301341
-39.264922473579645
-60.212680892668345
-57.104194268758874
-70.29738075712726
-33.1433172593097
-44.81405315686425
-76.00031039808528
-103.31632065705708
-35.300075517443474
-52.25642931179027
-68.15622771997005
-84.96673391145305
-51.07832819008763
-67.27857339800539
-66.05616283114796
-79.33454389672261
-30.69885516387194
-53.73996383658414
-71.07512341770052
-73.26432310465316
-40.924111995087515
-57.462759827962145
-75.24845011532307
-83.97777432622388
-49.81750727256073
-66.23894161006774
-34.90484276258485
-72.57269921246052
-55.46208548732101
-80.29005437221917
-64.26993780001067
-74.3080787761719
-55.376706274487674
-45.34276444136759
-64.38891336889355
-87.14345532316656
-47.72983947279863
-68.00510990579824
-50.67319965202205
-68.41444048283478
-47.894345546749946
-70.20652518230418
-53.365089704360344
-79.11530196664296
-35.13588128064066
-58.981229245617214
-62.81157481676166
-73.81297588167092
-47.37832971129774
-74.00551295569312
-71.2764307554844
-82.85111141046582
-41.01292931864873
-48.963433965961485
-56.7914073941065
-99.94805882697983
-26.63981220136793
-52.35080785465652
-71.57699972075352
-98.41397809013142
-57.01263606151747
-66.96074870587108
-54.47675411206728
-80.71780979632877
-42.2261291042646
-56.77402169821835
-59.24959346704418
-67.45284437728697
-27.86630297184456
-38.85082191694528
-66.97018451761687
-77.11642252553429
-69.74916044465499
-89.1611126693897
-60.10539216006532
-66.53182829436264
-57.4120748909545
-69.37586970831029
-65.91080646414775
-82.78957197326235
-62.63953666994348
-77.98454185802257
-63.12305135946371
-77.29851172486622
-28.943375424854814
-43.117893368614205
-55.25581969169434
-80.08019756749854
-59.98906719682756
-88.94179725553838
-67.86780886515044
-92.78214103728533
-41.44331039831013
-83.65343419246346
-62.80650213435001
-91.86911790288286
-18.974691593544776
-51.032529391348135
-54.79257847256076
-77.48604583706401
-37.61833847267229
-59.18159717632739
-63.49261349429253
-73.3882579771016
-48.39507693240921
-82.76214328070233
-72.95900654792786
-100.09220039844513
-55.50620426842943
-86.0074926247471
-51.66178425910732
-76.91197179723531
-25.64252203297235
-63.67118763922187
-65.31291477373088
-72.29418122768243
-26.71857811845257
-47.97907979061711
-71.81452794167853
-84.92651170142926
-36.264356142779434
-55.77813857595902
-83.26264061778784
-96.33471771329641
-62.708932835041196
-80.47361930547777
-110.75118825188838
-117.98920035335505
-58.901826674591575
-68.21545824408531
-83.39772662427276
-84.47628425656876
-55.14210457475565
-76.72754704207182
-64.85345519206021
-73.06603979831561
-43.83302872506101
-69.65642810237478
-52.17282499372959
-82.02849141508341
-9.765309961835555
-28.06915482132581
-64.12603089876936
-70.2334939228731
-21.14007017765107
-43.24995070488876
-47.5930540535482
-60.38643138665054
-50.31849003862317
-77.9191320178794
-78.63961235521128
-105.60485665476881
-75.84962429478765
-95.32793889340246
-24.716465236694603
-68.76086824048616
-46.157087148360006
-56.03034994182508
-55.04398431966547
-64.53490089723346
-30.85994021585634
-61.86389376302577
-59.752050635708656
-77.5302042925614
-16.9041292784068
-38.04492407612253
-57.87576202332275
-63.75234089791775
-53.57017482367337
-60.03923811949562
-54.18941979528995
-73.05844631965738
-52.659414512687135
-92.43447356088564
-36.96659439348127
-65.78632003763869
-76.1710046636872
-86.47473675474794
-55.274315125469
-52.12042284564791
-90.90160424401984
-96.81555078737438
-54.73565428820348
-76.73454521456028
-76.54710890703427
-106.39737096981844
-59.292761500473716
-96.43727415137982
-75.5865167372026
-88.10045610762484
-41.42434890860841
-55.618723389816296
-63.33460948918946
-101.59023720744881
-42.60881605823852
-78.20722281726012
-56.36550321425784
-61.54996061034035
-48.953348155351705
-61.14974505810096
-52.820909989008214
-102.8172178529203
-58.33616718929261
-57.42150281635986
-87.85038855625317
-98.09251071885228
-77.63244542916073
-91.32329632260371
-47.30573965233634
-69.34147429446239
-28.398729917510536
-45.20960211087731
-85.46126429736614
-108.64160140696913
-50.571145824418636
-69.15247939777691
-89.41909861430759
-77.137750685215
-35.41619406342943
-41.667145321145654
-67.42300366100972
-81.30692819925025
-20.97159910931805
-34.080211906013574
-56.21834054548526
-82.77502007284784
-29.31806344018014
-63.70631015216395
-56.69228849968931
-58.466711632905344
-44.83683511387426
-45.630393192433985
-69.27652406587731
-81.6324062561298
-84.67716038227081
-90.38876724243164
-45.496733281819616
-66.25015250121601
-97.07218442351541
-94.31540014606435
-39.69522291105659
-50.70690644270644
-87.22014021527139
-90.82465505599976
-44.17218696021882
-62.772816822107416
-65.37925510422247
-94.31986897433148
-51.28094970981692
-65.82216940323997
-89.20041657052934
-102.96762093430152
-45.058471905638726
-66.16495057640077
-69.31388731834704
-79.10258048435207
-71.52759809515555
-78.6717130963807
-60.56841798583628
-86.83734642341733
-65.4232050057035
-101.3365931068547
-56.56602447479963
-64.15239561977796
-47.39484018710209
-70.49797926691826
-50.4315046032425
-69.91917997971177
-94.04546606539589
-114.47804653593266
-48.01147549546113
-61.87800997413433
-64.60992833226919
-88.1305399001576
-67.22224998473985
-76.82748983064084
-59.3682959319558
-85.46725013671676
-58.32849456300028
-81.95979250199156
-43.28648897771018
-67.28613893346846
-89.59394158050418
-97.53083446482196
-42.51969096443827
-83.16327152341728
-60.59549769315345
-76.83750999346375
-55.320326196815586
-66.2957049505203
-41.14769653386429
-78.38197968338318
-64.82937728079196
-76.15098489075626
-36.37221872755663
-44.50254126883692
-57.1791679430753
-79.35607928037643
-28.173296052385012
-58.88098070065553
-47.64789723075227
-69.30511781912628
-26.87288692773018
-47.55499685630639
-64.73747100465698
-84.61155199033965
-48.22137172866496
-76.31382380204741
-61.12381113041192
-99.97493459345424
-46.50490609876533
-62.32918740248897
-68.51066122080374
-95.9392056464194
-36.23271815547195
-58.775027884537394
-70.3150220595544
-88.98061337499166
-25.095487141742517
-57.87838135395168
-64.70393028820581
-77.34323835369287
-47.73486440477882
-72.91565084708054
-55.07772039993142
-75.28435516520301
-49.86854536529813
-79.49448474154633
-51.6632601078598
-86.16201469162479
-63.55975739657492
-67.90968620757849
-34.39173991855202
-63.74853252418529
-68.85527348373148
-64.34004241227922
-37.08258988160583
-46.40031689354089
-46.4885182515136
-65.50810815021396
-39.33105323964264
-61.54746917152079
-48.79509001621045
-63.427618980407715
-35.61969037508044
-58.91386156158842
-82.38619373737129
-93.2741502309027
-79.05161416056626
-79.94518150352087
-83.51440763659775
-90.2547295987606
-46.18528187257468
-73.70042915555314
-74.472058897838
-90.02488176478073
-58.13382951144922
-62.003616309763856
-72.69893517946548
-104.87771260608861
-61.46874468016904
-77.33838431816548
-74.13238187284878
-85.61435302680184
-37.101784476340974
-66.63249197545514
-71.03416961524636
-76.25207255128771
-30.909895579745353
-52.15641868390594
-74.08116048002921
-87.68661730206804
-51.97339626199391
-60.15106424456462
-55.98230230133004
-80.25768709181921
-30.94886920940916
-52.30611685228723
-58.62175885703982
-71.2469568249362
-47.10118530251043
-69.24191996430477
-81.75735382157472
-88.48867833606982
-55.99626575578803
-66.55214656030819
-76.17032767552882
-99.08367227483541
-45.05799830188482
-65.57782077571483
-53.08925651444588
-66.41905423124263
-27.001159949453154
-58.268444269031534
-34.1236068487633
-50.61922857258469
-30.516174730815692
-62.72080753951741
-111.72542709112167
-110.24098047465668
-71.73762695198093
-55.112719631513755
-73.39302847976796
-72.17434981960105
-46.07117472673417
-50.963373803133436
-77.78828089055605
-80.06639625946991
-53.765810044096725
-71.7904081940651
-87.5167733336857
-93.62283611269231
-80.92312246342772
-80.43991813855246
-58.99367097346783
-82.60116219507199
-34.25854978358211
-47.0599100009494
-63.246980148833245
-79.42455790610984
-49.656296203509385
-73.33044767918182
-40.909551256132545
-60.99765765306074
-30.874772643554024
-51.86123934283387
-63.716082805767655
-76.95418207207695
-32.07702517054895
-45.47503222406931
-62.90682107492455
-111.00726388727253
-39.48251083138891
-67.70952198837858
-86.15031090192497
-103.45199472032255
-35.91510505377664
-54.057173082619556
-81.7748389772969
-106.1122612903273
-59.42294730809226
-80.64385426044464
-74.97411918126454
-90.89060817915015
-56.636573063009536
-87.08966814163307
-69.4072357714017
-64.10658056422835
-34.42526949450257
-58.38239943186636
-67.56325138756074
-81.86716580386565
-28.932285901973955
-80.58863838943216
-67.65589410765097
-79.40782342894818
-43.40099633308225
-60.522813548530394
-89.96755668520927
-92.99756288086064
-35.397821163836845
-42.07770190453718
-75.93733448907733
-84.23896896652877
-52.67534248461743
-83.04610598087015
-66.38143992726691
-64.771077172074
-52.26589264345512
-72.96449193908484
-70.58979411411565
-108.3654108941555
-77.41753860184872
-102.5310864443453
-74.29542443342507
-94.52069888828191
-50.68428321805186
-66.85820028703893
-75.53261910362744
-91.34172451495806
-40.87805827518548
-38.051160147945666
-75.21837470673927
-96.27049621404149
-49.47127731133514
-60.379346907099716
-58.53418822051026
-70.00452546775341
-22.43602411226493
-40.923174479077716
-70.48150926618837
-115.346905260114
-59.432126074728785
-85.89553153496854
-51.981002783199074
-72.51992369443175
-20.58413046475016
-40.229791685396776
-66.95282728038728
-91.68556636455469
-55.98948573786447
-65.63469788394286
-58.635683047934435
-91.40169586209231
-41.518385409808616
-59.33489152162292
-49.49366939160973
-57.899476408492774
-42.92045803612563
-48.50168493797537
-76.27376503728738
-81.93524250633163
-59.605473371477274
-84.4619115323294
-95.37936323488975
-95.65421447961126
-54.952129234108725
-64.16565084383183
-60.46242935024202
-84.18124029040337
-28.23874857521878
-51.49062967598002
-56.81481784567586
-75.31430888085015
-69.56795383721328
-83.28912292700261
-65.387616621505
-105.16333082094206
-54.49997345241718
-67.1485020508153
-51.74323504469248
-69.02827350143343
-69.58998436608817
-75.42990435205866
-45.39045955834081
-65.94179394020648
-67.92283563722776
-80.59145719814114
-47.045247557980474
-66.45408908464015
-32.716843502731535
-46.4905760847613
-84.28801537196341
-104.25137197963522
-48.760767569143695
-71.99141005932324
-58.078202761705825
-65.85180473327227
-47.16192224538827
-68.93030578270555
-48.97473094672023
-69.34849601899623
-32.23598565779571
-57.01925673256392
-86.6259208916199
-79.2668980360022
-71.58459105191287
-73.01645493553951
-76.61545179661334
-106.43612785229925
-25.437993163439387
-60.61642261085217
-61.16511062061045
-71.6774609596456
-30.820044097592444
-54.496916060335906
-44.68698197044421
-72.67757391737746
-33.85613790323259
-38.28627236261215
-76.79459270916414
-102.15211398465908
-60.31064977038295
-75.13178804440122
-77.08392379205873
-113.13344156684616
-55.18131860066134
-57.767499746953035
-48.47584128111339
-78.54986166860908
-29.612516095664887
-50.25030839404508
-77.47369611227987
-85.70980739591596
-49.78454405015111
-63.3671580539667
-71.79928577499231
-90.73571204955806
-55.22141641374117
-63.781165193409834
-68.69232459785417
-71.63253851793706
-43.51463662556489
-55.464659552442754
-56.876959143788554
-66.7218659967184
-55.01711762044579
-67.72407660732279
-69.92559026289257
-91.43095004458519
-39.73097953314891
-62.026654212986614
-55.014035423321275
-88.03171801562621
-23.10363094866625
-56.48822232236853
-64.41375386476284
-86.78784317779355
-40.20749985205475
-64.57799017353682
-57.95928781909953
-91.78862845887568
-36.37860788567923
-61.663297312970826
-55.7878862839425
-69.58823874290101
-49.34680756562375
-62.88731962410384
-69.18380519368293
-89.255170113036
-18.09661131492703
-36.423855645844014
-64.14396359934472
-97.43381678778678
-47.26772461940709
-57.44675062148599
-57.634889001594274
-80.28444989748823
-42.814155596621276
-64.26751276845698
-88.58708772208684
-86.62006864952855
-37.68039182515349
-32.84179193887391
-64.5637417850703
-83.08727481961091
-45.48458791221492
-69.69626362619556
-96.72201049121577
-92.72340384042036
-67.1793033904778
-70.2948957402225
-111.93690761757898
-115.33491125889122
-81.51856472901181
-82.0962226390775
-38.240781258521565
-43.9773467157338
-74.46858872681514
-87.66903889644891
-46.722011772915494
-74.23830534331319
-56.82947620470077
-78.08492329374712
-47.94826810014956
-68.56259514950057
-77.7758601307869
-78.42945300322026
-35.01269722764482
-49.15902600068512
-71.09889418065723
-79.91791555634694
-37.00344310047512
-34.9020944475196
-83.50557987670481
-85.18346445838665
-61.30542116030102
-65.0740837398989
-81.47005242831074
-93.68125067246729
-66.92668174719438
-93.55051570758224
-55.57702684402466
-81.2887709424831
-40.46560218739978
-68.91354023140934
-63.0958882952109
-83.43421617150307
-47.01254604905262
-69.21608519222355
-41.641029243841786
-60.55913194023924
-63.99489585364063
-88.1672780499157
-54.81272489542607
-69.97847259346963
-76.70348225478665
-89.17245685309172
-68.35498399943026
-106.81730926028104
-45.575014087290356
-56.31025654373798
-98.15297480262234
-109.87502229210895
-55.22645773168085
-68.8355720480888
-63.250098544638604
-91.49059573246632
-37.08717050688756
-64.65016389913217
-77.31363087891805
-113.10929884959478
-46.38280728622317
-68.40017360686761
-45.12315084716826
-64.44744543581271
-30.47098427831952
-60.97878136474537
-65.58991922438145
-83.29361784621142
-48.69609896882321
-62.761667485843645
-99.15643938165158
-105.29551822156645
-69.90420805534814
-88.37153735288757
-37.931619913782924
-49.2465719236061
-23.78461050695205
-41.94512165480592
-65.22048551868647
-85.34211361047346
-40.51034021064606
-66.69319625582966
-44.69651874777992
-66.55728128545888
-53.898029558599774
-61.619923940103035
-87.48195210082122
-97.50037491315379
-61.27973914371921
-70.60084404104418
-60.73447756562382
-81.42214557528496
-29.669995282632044
-63.94346754984167
-76.53827545547392
-83.46897302195418
-73.7259521111846
-86.29714434966445
-77.27353083346861
-87.72072108391046
-54.52536800568487
-49.1979084646664
-55.85070218279543
-75.88366703466454
-52.341374049938054
-88.04136305162274
-78.2838763282225
-107.5844389215199
-55.06286697865653
-72.09366091816446
-38.67119557002479
-69.20596920256276
-39.68475050456345
-64.8795330524307
-36.945796375279315
-75.3724496801151
-22.174242027103872
-53.18561883563598
-68.04134771717963
-72.98617557180057
-57.729573106975295
-68.4366011605016
-62.31965873669833
-84.81831682380289
-54.134665059311374
-69.07202337571653
-15.98248635750224
-48.977814191574
-74.87917829840353
-91.20976447546849
-43.18854167363497
-70.99622497334917
-65.8664240000071
-83.82817271351814
-45.805696681607515
-80.05815343360882
-46.90148806565685
-56.51796823739949
-35.373023868125756
-40.93478511680587
-63.13378978506444
-60.6854731788917
-50.149778652673945
-79.50154567540812
-85.52562447544187
-119.5280824887559
-34.1619225043537
-59.21684097479098
-87.55455399044877
-93.83217969457837
-45.88169348006659
-64.52614742563833
-99.81283426070149
-99.73569881767617
-61.15021015186721
-72.7880458865111
-38.55290373713066
-80.72265995267617
-57.03360402583667
-56.23413991801135
-59.24609402404161
-85.61760185955791
-42.285602035051824
-72.81157358721777
-68.70865154226158
-100.79387724398475
-57.69437178852968
-72.25555217266083
-87.42460115067661
-86.94753149710596
-43.66845422035112
-63.94741712906398
-66.08639267081344
-86.78444178402106
-59.27550528640859
-84.81128027743398
-87.6004504807861
-100.41186681335967
-43.84055505772267
-62.98778104033772
-57.830483247409575
-76.48252123896964
-33.203228081692934
-40.137668422772094
-95.95786027610256
-130.00955367087977
-50.51330590602447
-76.0153632147485
-52.95430688576744
-64.94626234605494
-44.03140565668491
-62.074911951756796
-49.19460922770651
-57.910583870107075
-23.107342894145397
-38.43341966058506
-48.98176181968301
-79.28226382023422
-51.33564011747262
-78.96630891631082
-71.07566973904613
-88.98269326984882
-35.4522813436397
-67.7802231297818
-52.32766519616416
-71.72801005768997
-19.28176572096072
-41.52723164050258
-40.380543710431084
-75.679522513954
-76.72183925821446
-86.91404824424535
-53.812669757491676
-70.04871929407818
-103.39995666983305
-121.72136615868658
-53.89481439656811
-60.37407336756587
-69.87363815773278
-100.56291611120105
-62.895234882700606
-76.12832522206008
-50.446210991158296
-77.61533144193527
-71.57541801371553
-89.63133015009225
-64.91291926241956
-72.1656038442161
-57.18226731139839
-55.427893642725394
-81.81115837254129
-85.39917375135701
-29.006342349637634
-38.18753212504089
-81.86079771441916
-91.60380540783626
-38.729094535577985
-51.25908136600606
-53.202496997726485
-63.86039048406201
-39.632266548136386
-47.81602605978594
-110.78710039146245
-91.46912144403905
-68.95444027257099
-83.26056477180009
-58.07963728765384
-86.00286865234372
-40.5590441208974
-46.2887849735107
-98.30669045509421
-112.1602293184551
-54.30808277129836
-78.56328672112431
-76.376156270504
-94.57438035681844
-20.957282958114092
-52.102964578054525
-76.61256910231896
-72.08185191545635
-44.470864053435434
-69.66231626780063
-67.38575018712436
-90.57832561407122
-48.058379575143135
-72.85777669789968
-44.57276516950458
-63.38441393397807
-35.10800739051757
-52.691315517760806
-54.055752103632926
-71.67828188973238
-24.846991302188115
-30.706279669861942
-60.20530841499566
-77.16403588652611
-29.173752579101233
-36.74844375859698
-52.18560347156017
-49.25403182154696
-46.973798163709944
-56.97403745909105
-45.75739344125395
-70.91854512689906
-33.57310173839778
-48.640939877484925
-61.0126852344838
-83.88901156187057
-56.299308552504954
-82.34638244612142
-58.85710474344705
-66.80808894051006
-37.18787588205214
-59.40110179815724
-72.76088482886553
-88.8412227742374
-50.40825436900923
-68.73934696403921
-51.21099848032463
-76.6993603084702
-39.02044661756099
-60.76186187167332
-63.65311137540266
-83.06545480759814
-59.5358339084878
-69.8087959876193
-58.960650040568
-74.58300707674061
-58.45265247969655
-56.91106387693435
-57.30191883444786
-68.54178436100483
-32.077172807010356
-51.27629424544284
-60.670806884656486
-76.99027788621606
-38.506532571291245
-57.81087916518118
-41.1069766053929
-62.411213988623786
-43.54889354854822
-63.73123012855649
-36.12338037812145
-55.98361158612397
-34.69075771385633
-63.94614008706412
-20.970296049345052
-48.2311671426628
-81.08120859970222
-102.72141265828213
-43.09624540287905
-70.72286085727433
-50.906639156572055
-85.25865554685879
-47.75580452941267
-58.86550202965691
-51.980933003622226
-92.55371687316801
-31.91249618904726
-56.22019465680569
-72.03135807067099
-107.76214442402124
-36.62264495664385
-56.22019465680569
-61.341900740691926
-87.1181075470522
-50.65607170233076
-67.51671869200254
-51.934842774644494
-85.77826658892445
-47.9442091272212
-46.99358649935857
-54.0625848519121
-70.852293311229
-26.736127439277872
-50.78342282723679
-86.3470886843279
-98.56325953779742
-59.990731209516525
-79.40760803595185
-45.88624364032535
-76.16159179806073
-76.05107607180253
-93.17668838892132
-57.06449913157843
-85.5409140858828
-87.69377910812182
-95.36510800477117
-75.09155032302351
-73.42243559053168
-67.01145441365952
-78.39231253787875
-50.387836258727475
-61.24326841439415
-52.572114403010346
-62.09097003912211
-41.650556390872225
-64.65016389913217
-52.027442660020824
-75.28985400266174
-88.19934354167344
-78.73007637899718
-38.69545820699551
-41.23980153721823
-50.63052064906242
-56.226953997996816
-51.83814680303475
-59.209940703247185
-79.29968883479887
-102.57517825106333
-52.4645465354879
-71.39071413325291
-67.89362740516663
-87.66807319410145
-53.925172596937045
-83.4501376748085
-77.77428376662829
-101.55721819400196
-42.24173341411506
-63.851021293809026
-51.22009187609365
-90.06924528222225
-40.83412484908331
-69.61530192427745
-65.64203441141353
-74.10701251024147
-23.99861784066877
-43.97685684337739
-84.6680449694395
-101.07332157430938
-42.79327087018555
-58.62789581054608
-47.05558179318905
-65.59378773253411
-49.14931846176478
-70.8576963612577
-82.90555222332478
-98.94866488735715
-30.9006908860174
-74.65006493379042
-65.15069641545415
-79.55469477642328
-39.92878065786863
-67.31995305645978
-47.70073839445831
-68.1624848768115
-39.51232619294842
-55.37533007673798
-63.16682713548653
-83.35936752078123
-31.17120454414635
-37.99952934065368
-63.27428613859229
-76.93448340333998
-45.083868783557136
-36.572716816241154
-60.824121206952434
-81.13922374288086
-87.92742250149604
-99.30547920343815
-47.81328303570626
-66.89946289439831
-57.1544830967905
-67.74878524869564
-46.20163493177415
-63.72891933695064
-101.85071566190163
-123.28981672774535
-54.584244831679825
-91.75473217551189
-59.03722504498626
-81.59942030905174
-64.31038350498403
-57.16554720475665
-51.53653783883965
-73.32111365324818
-50.06809947709394
-65.88756027496856
-56.314856122065976
-79.31944569441839
-40.5783076457069
-48.93192028798512
-58.73421872087056
-71.13062596316286
-55.57146517204819
-78.01203173294198
-52.524941557087004
-70.80263231368733
-39.1817688662959
-61.22284442674936
-56.84167415783486
-85.23827028272308
-37.4882701599181
-70.7286689255551
-66.8008616771549
-95.37815694138408
-57.27603155482575
-67.98079557929304
-57.72406898419649
-80.32325851910264
-39.04247939051129
-73.50571453367593
-37.21455806490849
-59.9702717011678
-27.655065227510477
-56.31181194253077
-69.65507075190544
-92.17953965924971
-49.96674974099733
-74.88057496538386
-61.795073698879605
-105.30523608677254
-21.073326381854713
-49.227646420571546
-60.38993335476289
-87.2283259599933
-34.489422093480215
-59.47703996655764
-46.53524779563298
-80.23331603969564
-23.37904190845802
-54.92304267422787
-51.54244444379128
-72.38249456878293
-54.96506251241589
-68.65203142968289
-54.758616516739494
-87.7765374800947
-42.79324520730731
-70.33107783229934
-41.351825395249755
-80.4362264067131
-36.40605285647234
-61.326286648312816
-48.69338832888752
-75.51805438636802
-22.341767170407024
-52.8471349137825
-40.477921030600555
-44.709474919363856
-33.8342305801616
-57.16472190116747
-69.04139615574968
-67.51446259015029
-39.80288323103923
-46.88704389476334
-85.28880502171523
-94.35753822308288
-45.495963059350515
-52.76603922806612
-34.753081963303885
-66.3800387826559
-28.819456675235415
-47.53768815370404
-57.3635065921735
-75.00944248585438
-26.639999839564524
-41.53938435769669
-80.85629740690638
-90.47765835793689
-46.349520650683644
-66.222295806685
-59.32163154752925
-73.02043275133474
-47.34070860314887
-54.039628124883166
-105.64009460352827
-95.74642066919478
-62.48005557726174
-63.217175809142645
-59.92344852559654
-72.76818465861834
-19.39896067341033
-38.26089028210844
-97.46892806328833
-115.71210633218288
-62.80346549962269
-85.24334975743113
-81.15128857945092
-89.35529921733541
-56.74461543261441
-80.14999947864976
-69.63460636135278
-97.66583538054874
-57.330793489875646
-67.97849754755407
-81.47893178230152
-79.25935447199663
-56.28963613198334
-60.446033459941646
-64.12726436555386
-90.48129828646779
-45.38853841681066
-71.46843247835886
-70.42250799119938
-73.46897965995595
-39.316196209325426
-64.07862329730688
-53.51098503216417
-80.26714336453006
-63.89499038085341
-96.14478369335848
-57.38608689457692
-69.47994863755048
-31.758794354855574
-46.88504248062554
-58.35317192226648
-69.34419486660045
-46.17448361442786
-61.24893637143873
-61.12776955123991
-79.25924257934093
-42.41976223115125
-69.63468539173846
-51.813187268562615
-83.486088017351
-36.8431082886882
-67.18595790154359
-78.12524213558936
-105.50892717274837
-51.534168763922935
-80.42543336666495
-58.21958293215721
-79.69698095321655
-81.95023085642606
-82.04972396045923
-59.118149434288625
-76.96775956616966
-80.13502925764624
-98.14337706216611
-61.383498553419486
-74.28596868831664
-57.14871410545311
-86.85494734463282
-34.71502805921682
-55.83860311993158
-72.8508814599636
-77.41681349235478
-48.315020281776015
-47.36270539088582
-48.78170515605598
-76.48015502091403
-43.40865532219709
-75.34164494401216
-64.34312417311594
-75.91529343386355
-55.36551186442375
-74.16966749727726
-55.873299984959885
-91.39808545075357
-27.382126241853484
-54.090375761477844
-70.04023540526396
-83.08480392307683
-47.02977042531711
-79.99882053522742
-61.7265366075153
-85.54602915499709
-32.258840293034154
-63.53519563320151
-81.48831638949923
-104.93502192466985
-90.70449701335747
-97.81794847548008
-72.31486278159173
-68.33391992730321
-33.678908263319954
-36.36701201879623
-45.35434880253035
-66.63292290267236
-47.27401026698726
-72.5826055382854
-68.49959754943848
-70.19055061973631
-34.066479577233615
-66.39144108733672
-68.04722351928376
-87.60552832786823
-43.13344179186953
-49.364098110231
-67.18330942490138
-88.14252079318976
-58.19202704734926
-84.68338047026191
-65.97693671239904
-85.49881554488093
-50.99993672731273
-49.78949692059291
-71.0307869602857
-80.36294494569233
-17.38138824977409
-43.042217948997745
-85.47903208679054
-95.33490557293408
-32.00299229513621
-48.0037232584873
-69.53726712060052
-98.70141495704593
-59.13120387052186
-78.89690431940835
-65.90210611768998
-82.35721091111188
-27.827481769762016
-54.697864346197086
-63.945926245170995
-95.6385916097679
-85.90691029570735
-96.97291886806488
-38.97781370807751
-51.8370708779147
-54.641621399787255
-84.26242111972533
-36.66775964925273
-52.57406949918368
-72.12321548632463
-75.55948638403788
-60.86740732111048
-60.82653280646946
-62.39561555148248
-77.92715381892776
-36.61939407749651
-71.91774863057071
-56.44062965887133
-69.74206357868388
-20.011960675943556
-31.36679864793041
-59.509826335226535
-93.10749387729447
-68.63729768712074
-91.94040186190978
-61.937108650803566
-93.44143804907799
-59.645525670347524
-78.97893403549085
-34.05220805559384
-37.28456545522204
-64.25544680596795
-64.10019201040211
-49.29298517668937
-45.58475124183997
-37.08871146812453
-38.87716561183174
-52.25978974206373
-67.37079848203575
-56.73989991954295
-61.210285037755966
-45.0835585351233
-63.47388603724539
-72.23680001715547
-85.82224808540195
-36.959374913654756
-62.14402114235418
-67.50162899494171
-100.90298172086477
-35.02289425297454
-74.48846373664492
-59.708024740219116
-89.18515348434448
-42.06215648399416
-73.338552367597
-66.40267813950777
-103.0135971463751
-59.35556857077336
-83.14157904387321
-60.94882617678377
-75.27648085353849
-50.5391445178293
-69.29917275844855
-73.93564135490305
-96.06667876239948
-38.50235931167117
-63.38325295089271
-49.21998163731769
-71.39996361464728
-32.141151969117004
-42.51455695217007
-50.14690129458904
-85.70434641838074
-30.02035675672596
-53.69566926774132
-53.89741386604146
-74.44922492653131
-83.84329642670491
-112.32156762899831
-28.0558561740022
-53.784218086337205
-56.59711068629986
-57.845939561022476
-42.58156514755683
-54.357061437502125
-60.57705558821908
-87.04595068795606
-29.907209045111813
-38.47776060272008
-78.94863402843475
-97.6506194807589
-51.24406871943302
-71.14837464253651
-60.545285056112334
-80.55061829086117
-49.752367728040554
-76.11112300283276
-75.77146777368034
-95.8736567730084
-34.66767917829566
-57.90969509721617
-62.903378399147186
-81.80912006285507
-58.016071756370366
-69.24531086988281
-68.0886399182491
-83.75516936229542
-56.520290076732635
-71.07384367100894
-24.207098300536018
-39.54292011237703
-72.29076406819308
-96.55383977617521
-46.167197025584755
-66.28608733180954
-107.59504911276963
-112.20327687258668
-55.708206110590254
-62.9767787781966
-49.30037212649768
-79.30742331573856
-43.78017609181006
-71.84225068305386
-39.36676764811272
-66.2188262839336
-24.056317775401112
-41.81091861007735
-106.82592207156995
-113.01471852832765
-62.82282736716115
-83.48436781923465
-46.917962515959516
-48.1634255417157
-56.34550179663529
-58.714249200742415
-67.32233866782917
-75.49200807302259
-54.609202298706805
-66.86275591932645
-83.89753294127877
-109.35568380288532
-49.28332267376027
-82.31582203455764
-52.044699636776386
-66.68467712312122
-45.70369576118867
-53.25942515205861
-60.478514628484845
-100.65509692055639
-37.19748434789108
-59.65070659456342
-56.56574996910058
-87.2839469127357
-59.50565899605846
-73.46409022805437
-62.87375790164515
-73.16745268381965
-55.07284761033952
-60.5823516510427
-71.38617281072948
-103.765206526572
-39.0482166237166
-52.69908252105961
-85.07697162625846
-80.18557310011238
-59.13016094191926
-63.67807733677955
-54.68190676928498
-85.06607485562563
-56.144146874006765
-79.46919348515803
-72.4578114701435
-108.24477225130067
-42.65057406947016
-70.96716174506582
-35.63311810751838
-56.021782878786325
-74.41976549196988
-81.09313442930579
-34.363309128995525
-42.89729885390443
-73.53176467306912
-96.2041640849784
-50.14647188365052
-60.749049122983706
-60.50270253419876
-57.0284106542822
-42.90265331602404
-55.50882816281569
-74.05752552300692
-94.9807299375534
-61.28538483837724
-75.5268709177717
-62.294145355699584
-83.84627869195538
-57.582284927367255
-67.15153433964588
-61.90686666010879
-82.91387865645811
-45.087068472337705
-61.14160638908652
-71.25427404639777
-87.38453345460584
-49.800087744835764
-56.39389020949602
-51.83654724673397
-92.5276327128231
-35.735120903663756
-63.894973008659235
-45.833756400927086
-69.46084690782754
-37.63563536914444
-64.0953586800315
-53.59096487581701
-65.06788321898784
-64.61915007224889
-81.29960263331486
-67.94211698809522
-67.41697371056944
-79.77405717549846
-104.06489808869037
-26.816405587742224
-50.70690641287547
-59.47688567271325
-81.9297060667659
-46.013329644003505
-90.16591858839479
-65.22823239763716
-77.0510787859821
-28.88942584362666
-46.396178955791356
-63.50932684331383
-104.88078100504879
-45.142734464086345
-63.41717375082726
-69.07487227767706
-84.00046852231026
-51.79071045508863
-73.69608729478568
-60.94369268288574
-69.12220251553481
-28.788103842147393
-53.61934749779175
-62.588826336083
-93.03867458656168
-41.42466670880094
-70.94261806539726
-63.97963937371969
-85.66451404243708
-38.804074811869214
-34.45106714117719
-72.1947350972332
-93.71015752246603
-43.669246841745746
-58.76856560883971
-47.45517276150713
-63.50959157735633
-43.615041851509886
-60.99945991500044
-52.52860704576596
-75.32993671510485
-61.36836289121492
-79.78420856687944
-21.118137625859163
-53.25261431266381
-85.26145399765869
-97.69498952955473
-18.296900979837574
-36.84635517742936
-108.65402431238908
-121.25726985595247
-60.306318565416746
-77.90756353727102
-63.064861291785746
-82.45377629529673
-45.521898849857735
-77.2568910678383
-61.29815482705271
-93.65087199207298
-39.809974964939556
-55.48402736457137
-64.6556276488991
-79.10525631904585
-38.892191617012486
-64.31256899252367
-40.514120688894764
-56.39488810393959
-46.50442719535204
-56.842125382892846
-59.37815450178459
-86.3902538298862
-45.232630594749935
-80.52193047013134
-74.25538126332685
-86.28010838227056
-56.893939485486044
-79.88014745154692
-53.76706835493678
-77.87071985541843
-36.17946631796258
-70.17278995085508
-60.89582420232546
-71.2433925170917
-37.91480261273679
-66.52747588662169
-51.634213949040706
-79.09801720082442
-35.52786842902423
-38.867160777979734
-112.50429484131746
-113.42094272849499
-72.14758865348517
-74.08637761521095
-51.3274132023798
-73.49740755157109
-35.040663254643164
-50.76740228592098
-66.35180938866688
-81.97649103402864
-56.29226623440172
-62.784981578354405
-88.35345330927521
-104.03217196464539
-54.78016903682146
-59.86798548698425
-46.24431303868187
-57.82796396687627
-45.75787994791426
-69.74835955615708
-45.45554425820586
-78.09445028298069
-77.0475028824003
-109.07580113394033
-29.583673403853
-55.93572877881524
-78.09891425100795
-89.26257061871365
-30.87167110293649
-42.06582629847617
-69.1814075452262
-80.3828942590468
-56.577399892582434
-77.97737652245087
-53.871243838220835
-76.04136424150784
-43.84796264059696
-55.32161294850084
-37.680099532452004
-75.33384974393994
-47.29589666519155
-77.21983897409518
-57.13188701994656
-74.84357541887218
-35.21486184321009
-58.035262107280005
-47.47910530824447
-80.49995185015706
-20.000762414767223
-47.26629252295237
-58.849331752964645
-84.245733380214
-39.346547957933126
-54.04573077139253
-65.05601778271375
-103.21214711430366
-48.898190256310045
-55.90703003673116
-69.93384099006653
-91.80263099074364
-38.117473755428364
-66.75354311217234
-67.79321508605733
-101.4582686088979
-34.57733329656184
-40.83557753576258
-47.36200114269741
-65.84142452292144
-31.719292193025467
-40.58036534872372
-42.894858123894636
-67.75624585093101
-29.745326637268583
-45.44681465829467
-66.44823599909432
-94.60817021131516
-44.46087651699645
-77.17927297202868
-51.16618534887675
-76.00234188098693
-58.550826640329205
-82.39066934397579
-24.383153034988936
-69.74409192737585
-51.932472735573356
-49.11204707620209
-21.746590945738717
-40.008524387085345
-90.05285799782723
-96.2736620362848
-59.89084006618941
-82.12897872552276
-34.693108418025076
-51.46658321842483
-39.40521718891887
-48.20006322633708
-56.99308727256721
-82.02673123159911
-27.937612482870463
-55.026326212944696
-113.05424998051603
-112.2479390251101
-62.1377461269858
-64.11812001632643
-42.97326639131643
-43.35689893364906
-27.469166928328377
-49.30051461857602
-69.23969766217306
-77.26101010516686
-36.53660020919034
-46.35228162154089
-47.42818501457805
-63.06423372402787
-56.60844899059157
-62.58007778405772
-79.15732944791671
-86.24610414472409
-47.2327881751296
-61.665940820545075
-63.92665408080154
-78.45619730155516
-60.95901381224388
-80.41889742575563
-66.18316074152244
-96.13715791232244
-49.4817537639085
-75.53013088566513
-22.25340876900367
-47.83948290107264
-55.282644929829075
-81.99436792390767
-29.90368489790734
-46.58989534897364
-70.08990833658027
-86.10778065444902
-47.81041956566605
-50.72425082574955
-104.07578642127919
-97.19080870365724
-70.23300806770567
-82.63014293741435
-95.3607709845528
-71.50614041724475
-61.40926999080693
-41.5928650253918
-66.55523931879526
-79.33457782847466
-46.43685716974119
-65.15653483691858
-48.75066080669421
-72.93124086019816
-53.51035702223271
-73.55678220092477
-51.33063474434311
-78.30074393749044
-30.37890781488386
-46.556947225821204
-42.718871290866446
-61.53795884013198
-67.22268992708996
-81.43658362717542
-38.6945221279575
-54.35706167778244
-58.85551955923438
-106.38611344678793
-56.9799025837674
-83.97013169229467
-63.00937435741071
-71.99044655659236
-52.10016731079668
-67.95715186407324
-55.91302292436739
-80.90872728824408
-37.060764953493674
-62.90047909691907
-84.60659663703697
-100.22594618796614
-36.30098653199763
-58.514502632112
-60.77453865366351
-69.40429168937953
-25.394684878643602
-48.965389766242424
-106.86399751715362
-104.00213122358309
-68.254980736182
-82.04277550745564
-90.22836298588663
-96.82550766947679
-72.20947761368006
-85.1896978057921
-77.64511191378938
-99.81514585017476
-45.11175615038701
-58.91386108535153
-79.40013544156682
-83.87806534767145
-46.17663665543387
-76.40667402744066
-59.339445583376744
-77.90621361136118
-26.266849979076937
-59.57761301182063
-43.990688240375675
-55.80111688422039
-36.4903129582799
-55.887374705420825
-63.59681762559921
-87.01694533250691
-44.886738769654585
-76.59745843483688
-57.67224112117947
-97.39502021668477
-45.3465106482181
-81.78955376147906
-52.48471497462788
-69.20773274355452
-56.59644187780213
-70.50564782693965
-40.879906517933705
-48.05460368740478
-44.89098507677045
-71.01837849500589
-72.80250356346369
-87.25942086055875
-44.94457994711502
-64.81653007962768
-25.219979951179994
-51.085065118964394
-15.03471665228426
-35.9971744453635
-72.12761106265953
-68.24049257856677
-53.336076627427246
-69.57714008324547
-48.81200661471303
-85.68603503665145
-55.79792855188134
-92.0915421247364
-57.74690318480134
-84.80945770087419
-63.50903622730402
-62.74293347573257
-24.40798509911474
-40.38703722149694
-55.56350409856532
-77.19581758717322
-74.25637350231403
-78.35757756605742
-43.436269816098445
-40.83557834787587
-76.68694136526028
-91.06887447675035
-41.94927381939487
-63.29331214458216
-33.810205734393094
-57.90152770280838
-42.173962471976665
-47.92805084483007
-84.37619167203229
-92.51847847690806
-40.09149363737731
-69.02908271814204
-65.94424617662867
-73.43401024118066
-43.86901567585289
-51.90826842794172
-72.47365360697131
-107.06080818175997
-64.43324548942928
-80.86271584033761
-75.00784674470196
-97.3870256904047
-67.90922115556896
-97.5112144947052
-86.02160399002605
-114.34373480177601
-50.69108932821837
-74.2529109918396
-67.81665024708491
-85.34548093378544
-32.31786703455873
-42.35535014933339
-52.66830995050259
-85.6240183111895
-53.070445169051254
-85.35155498707968
-54.13848848809903
-54.87574917075608
-42.95949177987495
-44.68393032145559
-58.51946471545307
-83.0903880951264
-35.42101857966918
-45.792600856384524
-75.91753230160975
-77.30123605755034
-59.71618540934287
-75.42578920604865
-85.52974378876388
-93.05636062071426
-45.88954214750083
-62.84752466429927
-64.67313588590332
-80.41996624460441
-52.71514044108471
-64.41159098170056
-89.16726534906775
-83.93883335474311
-69.05548210541019
-76.84198699553963
-45.30443951441703
-68.45841057640791
-76.29258274333142
-89.48551434278488
-59.78110776186804
-78.75456387354643
-69.24452544981614
-88.98960579111008
-38.34135881331167
-67.01462217629887
-69.5665571987629
-64.75400372222066
-47.24650691181159
-40.40226596366847
-84.1222829220078
-82.32902824877237
-45.91534376653317
-45.6409679315766
-62.783188180444995
-90.54672884937645
-63.89671856327914
-78.46645784005523
-57.367088600993156
-81.32634134590626
-56.429907927180466
-64.86945535914856
-78.20222389568517
-105.29954910216111
-27.9580885627538
-65.1010725147498
-69.53730353945866
-83.58971351198852
-62.646135341376066
-82.41839975118637
-53.94400626169954
-57.01975673952256
-62.696237943309825
-97.39863951875304
-52.499274637477356
-86.38954019479934
-49.08717561076628
-79.65075805061497
-54.64246758073568
-79.41837834985927
-55.04237559744092
-47.74451914627343
-73.36793785786722
-67.07036290359974
-55.89286088918789
-56.692066848201875
-79.5833007302083
-96.3070507524535
-44.893909925363914
-68.90444360839308
-79.79246327467263
-96.48762598761823
-88.45315566338832
-98.66951237824105
-39.76370002604017
-64.33386099943891
-80.8210890031778
-102.10107781551778
-32.387839673203416
-40.95268567473613
-80.85086844279431
-106.29142039950239
-54.78172051104758
-66.6354335015626
-73.8789165855269
-97.12572601716965
-37.06372944835857
-48.15534402116281
-72.74544201820027
-89.87881965804263
-19.82426913061829
-45.23429724337075
-86.96347733435687
-107.38266541768098
-69.29191772651393
-68.96480257576331
-61.785626568773296
-86.08868873585016
-37.01553449510084
-79.29463835948013
-43.12431365594955
-87.78128752106932
-23.497889840495162
-61.52733515199816
-59.90136189822805
-75.89942409074865
-41.466060817151174
-71.57096169129682
-78.05693482999777
-80.00086295598248
-40.969535084239396
-59.583209408779794
-85.97274771376397
-94.24178251461126
-41.21499444422079
-58.62379670167502
-50.50393556029303
-80.51647799558123
-55.405856299446896
-58.31120622623712
-26.869351359935536
-43.70333382609533
-44.097370106635935
-61.801499137246196
-39.447800229907386
-53.12297681520067
-96.28186743147671
-91.85755719750887
-40.116455307696015
-70.2937971195206
-25.597219767914794
-46.529645342172444
-66.78214383124669
-103.45764039142523
-35.500775524833415
-46.124606698633045
-67.79497956484556
-85.52664005665793
-52.91327438002918
-63.77196286618704
-61.20386267162394
-69.04408854845678
-70.56891085075037
-88.58994124387289
-33.89343116991944
-61.4581979808263
-83.51133458013646
-97.84911302250111
-43.75516122219415
-86.51579733740436
-56.31426272978388
-77.1926400810471
-59.18951601090703
-56.637375184250686
-94.86935126036406
-100.87502862466499
-57.808773230353836
-72.21257544867694
-44.96913682651939
-59.22811768599786
-44.81784569516071
-66.25867229526193
-61.58708868618123
-90.7061930578202
-38.61603668508791
-51.815236820631526
-84.57163575205408
-93.67258664965584
-36.63429925351963
-58.02480088173854
-75.69674774258601
-79.42689041499398
-54.2600873001486
-59.43351737759075
-64.00698236314861
-106.45643016893877
-59.531901316367794
-79.50865750852972
-95.65550681512104
-111.04357923846692
-51.068870626289936
-76.78486049162257
-54.06097544898512
-69.1058238594087
-54.348237801750656
-70.9601813366753
-62.98596236473281
-79.22085782138265
-54.5589242850707
-85.59412328542385
-44.46214682417485
-56.557256394806245
-70.16184953926131
-85.59222806434252
-36.58225716387824
-66.20611042348173
-111.4021811450366
-108.81804806739092
-57.20600067576743
-74.71827442815993
-69.51060050445085
-85.96815991398759
-32.4206817695831
-39.2250279741147
-99.47732410207391
-100.81079223752022
-52.049845557659864
-48.77343034371734
-64.79080650099763
-86.69041408575137
-66.78865566896272
-81.59602010220442
-64.37036442500539
-84.10069575058878
-62.62763383422134
-71.77871760660491
-41.21511879959144
-77.17702238785569
-92.40665864944458
-98.36834584921598
-63.87168790958822
-65.87893952429295
-71.08120862010401
-75.2283967733224
-51.358736387919635
-58.773707879154244
-100.5775243639946
-123.6372087225318
-49.32149303465849
-91.38089165091515
-81.99693870000192
-117.94247614592314
-60.53628661073162
-79.55818418602394
-56.663659920101054
-88.46576291543897
-38.74185679778748
-57.31589639560843
-83.02454918628791
-99.7892047110945
-48.67868038127182
-42.91831428417572
-58.7097722167091
-72.43233585895177
-44.627458369359374
-67.17044989345595
-60.608485569784534
-67.90606658693287
-49.64719024281658
-55.801126836333424
-68.39105498790741
-85.55289809219539