-57.33088219165802
-52.2245058962726
-58.344711972346886
-79.70765459536415
-74.04171186213898
-91.70093521848321
-57.85001383051713
-90.37492966640639
-84.26624751073177
-85.91190056549385
-23.20437807275448
-46.328702802020416
-69.05468455143273
-66.7095583602786
-56.6426171660423
-77.83032578091661
-69.56515923087136
-72.62442350387573
-70.67804423521738
-93.76812197268009
-57.496375504881144
-85.41077309811953
-53.737277030934365
-58.46616024855757
-73.33284966141218
-94.50931053291424
-53.23512785352068
-86.59355737781152
-74.75046296417713
-72.80389097699663
-56.670816838468454
-77.05270434939303
-67.46363827749155
-85.3883912563324
-47.34879593923688
-71.31824866193347
-76.50426306389272
-70.48575985346542
-59.440511000670085
-57.0244311473798
-87.27166990190744
-81.66884794109501
-53.28161381333484
-53.78957391809672
-70.9505736939609
-74.8520011788205
-61.110573023092
-69.73700475203805
-62.63559509720653
-82.75481231871515
-69.52967834340598
-77.19083646584477
-79.01945269107802
-84.08930933475477
-93.89013198018074
-78.20707229524851
-69.21772264005267
-68.94036492251325
-37.84180911937074
-56.15607571601868
-67.59322821162641
-69.32389568657527
-51.86736921966076
-83.68347606062889
-77.19337304902729
-74.94762865221128
-49.20476560946554
-57.611959945876144
-92.69029858475551
-78.03378607938066
-30.358050945054856
-55.4617303207051
-65.64671289958642
-73.94811427569948
-40.91310581579455
-60.26195557808387
-55.893919348467534
-59.94245780975325
-56.058280162513256
-87.70657426258549
-54.613114900830624
-81.13155480570276
-57.41119567910209
-78.4797814078629
-71.75166881084425
-78.24001812864662
-49.11401195515646
-53.17596044880338
-65.42864280752838
-87.68241080828011
-88.17823189496994
-75.45403361320496
-58.905288099307654
-72.4371478557523
-59.875023955479264
-62.906661093614275
-69.01901664427714
-57.499252796173096
-55.53415202148608
-71.48018838232383
-57.87272685326752
-68.05709478262452
-47.635491099063074
-54.71091641532257
-37.25596051734465
-52.65881226104102
-51.69241682946449
-54.5324529384452
-44.0393555164319
-46.23596316396288
-62.91844914340618
-71.71134231472001
-74.97312495112419
-67.32023310621116
-75.39683824777603
-90.22185169093427
-74.18797410471598
-70.85224582979572
-63.590636297361925
-75.67097818833099
-35.093107702210546
-58.05078728339868
-62.94039751566015
-69.9853072987753
-63.78800116147613
-68.72891045827419
-35.81468218570808
-57.26623474736698
-98.85495173925756
-89.40223388775485
-62.913903656481125
-81.70715748192742
-78.22684370118077
-71.00857353202173
-73.37753885611892
-77.81517572700977
-60.118002243340015
-55.041253758594394
-54.16217429935932
-66.95752261743473
-71.96466704935301
-93.17570189479738
-51.15644968673587
-69.80480194091797
-39.26070542526577
-49.48189690569052
-70.67232981324094
-76.68666089355247
-65.09927157079801
-84.51959298347356
-68.14597793214489
-78.03907354135299
-58.1863432880491
-72.76158401265275
-67.68484334624372
-76.16593161225319
-63.71729014246375
-85.84509941935539
-61.38547831773758
-67.546835829271
-72.96507310743254
-71.85781720280647
-71.67776972893625
-81.21612399071455
-71.62234711647022
-76.09549200235779
-51.318281390704215
-56.02493430117829
-65.08994519710063
-73.05005693426119
-59.6723937462084
-65.18441259990504
-59.660202355880756
-76.42372485605301
-74.57916340231895
-89.04715609550476
-55.39821052508705
-65.22633847221732
-53.35294836200774
-75.4671286358498
-71.04505184396112
-76.1489055148595
-58.940621946472675
-86.95310012012123
-53.43459070805693
-81.52593546360731
-50.62692501323181
-72.31051215121988
-61.74836091656471
-76.27360468031657
-53.44270244240761
-72.32747175975237
-72.1103845826583
-87.04616546630223
-53.91992653843772
-76.40061146020764
-59.28639029970509
-69.17123220366193
-64.26547425228637
-74.07215771079063
-67.84836446493864
-58.693141168067086
-42.63059338973835
-50.940810548039735
-64.65835131364292
-70.14798480831087
-68.31404319404601
-76.54651128913156
-64.3498576892016
-66.37588054221123
-61.410448235459626
-74.23979030735791
-71.45980333336047
-76.6002392760929
-62.87903562467545
-83.87780038523488
-74.58879244325954
-78.46917347237468
-56.12673291563988
-53.97493418189697
-74.99281087884447
-93.34241661409033
-80.19358479549555
-91.51001481991261
-47.643805239596986
-70.73274411469902
-67.7831323905848
-55.82879197597504
-38.9147574454546
-50.75709887215635
-76.29289629077539
-81.01941731780607
-63.82068473100344
-68.23398675507633
-76.23981135982467
-76.65011110994965
-62.37440112097465
-71.70180480869021
-53.1408898799491
-86.85084916651249
-42.517851061529655
-90.7058934145607
-71.89562260598177
-67.3578696991317
-78.843465462327
-86.65884718036978
-79.20810592378257
-60.11156193644274
-79.48742735374071
-72.76203538035043
-88.86967538905446
-78.25511558353901
-47.49055426557061
-79.11177486180213
-66.14749918877624
-82.46064910385758
-54.89220830797967
-88.48004364324152
-58.25459754165786
-75.85592675977387
-48.75446033477783
-64.39789013785776
-56.08295845985367
-66.58947229041951
-64.50007389497478
-69.79479178766633
-64.1574997304433
-82.83664517942816
-72.83207478933036
-82.03497626695025
-42.894803799688816
-72.94956867396832
-54.021968409608235
-54.46618830192892
-40.55365242622793
-63.8803213457868
-50.5743167589535
-74.00068340357393
-40.796913895756006
-68.54491287097335
-69.2694419123145
-62.59947548378659
-75.58358672540635
-91.48989367485046
-55.43627262115467
-90.96415781974451
-50.42778984783217
-55.254103874613065
-80.75727038271725
-67.13443329161964
-66.24888716661371
-78.76123534888029
-66.3791707996279
-61.894547298550606
-51.18041582405567
-71.2993223653757
-36.02852416728274
-91.92801385442726
-59.45267921682989
-50.746274590477014
-52.490082882215575
-66.8303354261443
-80.91513943322934
-85.07384806126356
-70.23786511853223
-60.29666490940144
-60.78549817966996
-80.3231198657304
-46.574730068445206
-71.00254309145203
-61.972405848859125
-78.66226670725155
-67.94920610077679
-74.55924392514862
-39.46669644117355
-75.4005902876379
-48.09769797947956
-72.83785562263802
-70.86065030052487
-88.96576707722124
-48.1056770500727
-51.45004519275972
-69.28895795345306
-74.73470056056976
-50.50740698957816
-69.8759894361865
-68.4249291983433
-84.52094346145168
-68.34353099763393
-70.1053524389863
-77.90292977821082
-68.5997377517524
-33.883358120918274
-79.72734663738811
-49.71396934985978
-64.56881021382287
-47.33683877252042
-56.593413337133825
-80.96640074625611
-91.86155590167618
-53.75599503515514
-70.48416495323181
-62.75515931844711
-48.70275132358074
-70.21889269319763
-68.24453397816978
-89.49824597881525
-70.22992643303587
-64.70718936121557
-63.644294552505016
-62.762481586280046
-70.73191106319427
-91.94466648221714
-75.86909401009325
-44.02274629173917
-54.94045042826474
-61.21167528449587
-87.7435516823316
-48.613760107633425
-65.74948712586774
-82.99227553602032
-96.35498299630308
-60.50428643822664
-59.28906929489949
-78.12165497243399
-82.5526708233665
-61.44296151104936
-62.556262166792294
-71.10976672162633
-82.37441945826868
-63.855138065846404
-79.68980153417215
-85.84469153219834
-87.9136542044289
-81.69972371640324
-82.22488069534302
-42.21735268094926
-56.75887681500171
-65.07618465350242
-39.05693485448137
-83.6709086883966
-92.04590400209418
-64.66656211204827
-78.99773637577482
-75.01293743401766
-82.59583708760329
-66.56553722615354
-65.8883011022408
-77.10908687109622
-70.9166659116745
-49.6403594315052
-66.561836338602
-62.83415936678648
-64.38043653488421
-27.792907644838124
-49.682400076446356
-70.4987008927128
-73.35139173548669
-41.19143944975258
-55.84960031308401
-71.84747219085648
-70.53772139546527
-65.0252280049026
-85.72672811150551
-50.81186069548129
-70.96020146577939
-70.91686224751174
-87.36973549425602
-64.2346812485539
-78.60516652168008
-49.958646178189156
-56.450379472225904
-74.4200699350331
-70.86501781846164
-81.09190016239882
-84.64851472678129
-56.34406318375841
-82.86278041842161
-62.18199408054351
-87.09251093836065
-57.961650379002094
-77.29212690918939
-64.3919839858986
-66.00475093704881
-60.79239702702034
-75.25673082470894
-46.48967375932261
-65.1721176947467
-34.47136961729848
-60.38927172771946
-74.58100056644162
-80.31469988817662
-66.31902492044355
-85.34312474727471
-61.87635707854906
-66.53216052055018
-64.45621820911765
-73.72651388333179
-55.3496668782318
-65.80050546381244
-50.472663757391274
-53.33821180742234
-59.3359570375178
-71.91775666736066
-71.32435041666031
-69.13636291524745
-73.00931131685502
-75.89105355701759
-44.96327491896227
-62.61298509128392
-50.81148453513288
-69.99900724761574
-59.2163097849334
-85.99448281154037
-42.422918513417244
-69.10837042330922
-43.41598521359265
-75.4063862003386
-38.29250832487014
-51.98029851127103
-39.96627630665898
-64.29823278851836
-89.7520518238889
-87.55998211534461
-77.72419293038547
-76.87079256772995
-74.22409430891275
-75.46584689617134
-79.11201904393965
-63.77032574634086
-63.25914666793415
-82.81588687747592
-63.40660919249058
-75.36866789683677
-59.854494794508355
-68.8211517399177
-58.91417311844452
-71.3519497702946
-57.73345384001732
-80.07991189471068
-76.89558861299884
-58.37640829384327
-64.67204351723194
-79.42525332444347
-51.600090200212435
-79.98516678723172
-87.14206957817075
-99.43818101403303
-42.44136930915192
-60.378332374009915
-45.17868094984442
-66.60795491968747
-59.756404697704056
-78.54057773016393
-81.3679329150109
-68.53723573684692
-45.19778310932452
-71.14093685146509
-52.389949849804
-81.8681748859708
-71.6030108119594
-70.91657251119614
-70.4024029225111
-83.30609515542164
-49.619062438607216
-62.005466169677675
-64.78315603726332
-66.40332245826312
-69.07372433552518
-91.5913100389298
-66.25617167353596
-83.12104679411277
-85.89000965817831
-86.3245381936431
-51.47161316846177
-56.31580686554116
-51.52314256830141
-49.07581465069961
-65.82164619929245
-90.83668863773346
-82.14326368058391
-77.03854305064306
-62.4387020515278
-72.17161662876606
-72.78672858682694
-72.57246792262595
-60.19975740101654
-71.2758349981159
-61.588949321070686
-73.06711140105836
-63.322221502661705
-71.02590748638613
-73.43868208717322
-76.38753235261174
-72.38014177576406
-72.74512868565762
-58.63490465760697
-74.54631662368774
-70.5309905250324
-76.3997185162516
-66.5320800516638
-73.22851216379786
-59.86416417872533
-61.35716556722764
-60.54336424516805
-82.4691498244938
-52.42251597158611
-68.69631150437635
-66.37821650505066
-64.09379650477058
-55.631070104718674
-70.6155724124983
-76.62568640694553
-89.83600994176231
-71.86234132538084
-74.01001679897308
-68.23832082981244
-79.44128850847483
-71.69862791232299
-79.03515428821265
-66.73138302820735
-61.38944013044238
-60.55352731933817
-66.78531378507614
-62.56186715500371
-73.34103691233759
-59.70079493522303
-73.79373943594692
-44.80601401196327
-54.114277279022645
-59.589829641292454
-76.74116575717471
-89.84448644565418
-61.00119870901108
-46.52803420989767
-50.951000332674084
-68.03642739728093
-56.49993404652923
-63.41849013220053
-71.21331524539346
-63.93265128135681
-53.06081050913781
-73.05548067861218
-58.02174384566206
-64.16354545205832
-81.80655874684453
-54.25097806701888
-79.58022288791835
-77.75989871931961
-71.78259681214695
-42.4554871362634
-57.00764496810734
-69.50479374825954
-84.79866952449083
-54.26003420336383
-58.58029758905286
-55.13624668064949
-62.57101128672366
-68.707319296489
-81.22770273685455
-47.8450034619309
-62.17932664339605
-41.30936694215052
-62.075884875812335
-67.1511784864706
-79.69339208985912
-58.09957878276873
-81.68482790194685
-64.0975537283739
-70.26316317403689
-70.0455139875412
-60.585092054330744
-82.56063518521842
-72.22362536378205
-50.87009174237028
-50.19852487575554
-55.84449872386176
-75.72045519552194
-64.78703081535423
-70.11943709788466
-60.337878545280546
-77.90799920549625
-58.58825025334954
-91.4022770151496
-63.394366109831026
-90.21664690971352
-32.225090894729874
-72.28313243379034
-62.899872947484255
-80.97331008198671
-44.595672741532326
-71.74417445249821
-63.26143740741827
-68.33445600420237
-82.84194242954095
-78.50216507353616
-52.767096223309636
-74.87856567892595
-48.34156958013773
-61.705098245991394
-57.02085292052652
-78.23968446196886
-56.494292378424234
-89.94385089352727
-74.6026806831319
-75.69668305714731
-33.843149285254185
-49.9117229655094
-66.24066360131837
-73.85438801687269
-68.11173593252897
-85.6770179271698
-74.32594871520996
-80.3037818018347
-40.33731646090746
-56.89875725312595
-43.62769723660131
-66.8101786320185
-56.51258620247245
-55.733926352113485
-82.10784834995866
-105.70322041213512
-57.110410150606185
-65.6036207274301
-64.77458729594946
-85.23968359275023
-70.5302289640531
-80.28931418061256
-44.854288146831095
-43.584364037553314
-61.18974959675688
-78.68994994624518
-38.57150998711586
-63.75337803303046
-65.5019272565836
-73.98945621401072
-49.78166865566163
-80.21298571002262
-66.04267261772475
-77.60357236859272
-67.78942999945139
-69.55959975404403
-80.71299038082361
-84.18568245484494
-39.984067976305596
-69.48948764788474
-65.63885570317507
-81.53777813754641
-91.96128186956048
-86.17402295116335
-54.799708526581526
-78.59885358810425
-51.615375856592436
-57.083328107066336
-59.18421133654192
-53.89528191084537
-41.93882005556952
-68.73299927794142
-43.27667840383947
-67.17906075716019
-34.50529665654176
-77.24899494645342
-59.66525340079215
-84.69378948001395
-75.77030982356519
-88.06670204980765
-69.1640750741135
-75.96809971329185
-84.09029101928172
-85.82143705082126
-65.53232883400051
-86.5123156852278
-75.18547403998673
-72.02810937003233
-57.15794744552113
-62.71134866029024
-82.06870931374215
-88.29883361165412
-46.692490841291146
-40.12126294535119
-66.00351544268779
-60.81392325647175
-44.89767563715577
-76.04248578601982
-53.41156875323213
-64.2372047752142
-65.54765457287431
-85.09108022088185
-58.342870354652405
-56.07595590315759
-50.054271965287626
-90.93537189811468
-42.131679727724986
-72.01107496581972
-51.473576039483305
-65.56694382699789
-76.48008644569018
-84.50994464627001
-55.898058760605636
-77.07773900806205
-54.07055156305432
-58.592074036598206
-32.50333702308126
-56.05049209529534
-79.44525074957983
-81.00447642781182
-66.08485085793654
-81.95100441566319
-80.4526722431176
-92.3187860045582
-68.45295619960052
-87.11592002911493
-63.30710318835918
-76.78093874454498
-53.455257534797056
-63.08977872133255
-54.59391098935157
-89.96743549488019
-49.965535338706104
-68.99358939735248
-45.61794023812399
-69.3332056717918
-49.238955126988
-57.88597737698001
-81.3116883051116
-66.23114693188109
-53.11451035737991
-60.998690816023554
-82.30958294868469
-75.65943348407745
-70.77942298352718
-78.65048708766699
-74.48275677021593
-89.06123013747856
-60.40223031977803
-60.96678304672241
-62.61978219748926
-71.78728765249252
-64.2219557557255
-52.37487727496773
-49.30400896072376
-75.62693250130906
-58.3077649041079
-54.91113881915226
-65.5395513116382
-72.32411964400671
-27.276440214947797
-55.80859302356839
-41.516895681619644
-70.62839125050232
-57.08340267185122
-60.199572338024154
-64.66706049441245
-91.15350976894842
-78.2695960700512
-72.63570041023195
-40.831540503306314
-54.731774342583776
-61.712248120456934
-63.04265758325528
-34.882547970861026
-61.928223248592985
-47.5841925740242
-60.06192892417312
-64.71198770910269
-95.85390145517886
-77.56098759919405
-79.11786830425262
-50.79520068480633
-68.61863088129758
-52.83842406608164
-69.84731639694655
-49.042736764633446
-76.08589306473732
-43.08451849920675
-59.52277058362415
-70.64592450857162
-57.199107813299634
-68.19697391637601
-59.01616270467639
-59.63687206804752
-67.1106442132077
-92.18273752834648
-84.66215735953301
-74.07728884235257
-80.86921654564503
-53.219625890254974
-52.50433331122622
-37.44662165524642
-52.97645710358847
-50.112936322111636
-78.25598614709452
-84.30524659135335
-67.04842653952073
-61.391079811306554
-82.00883626730501
-44.11543575953692
-56.57022976875305
-71.67376174917445
-73.5994808820542
-73.88198256492598
-101.9460417926175
-53.49127494505956
-84.0850666024271
-48.71237752554589
-90.19708441133844
-48.628525522886775
-64.4828781926335
-57.08507998753339
-79.24436630061246
-55.16343605512611
-76.10254759248346
-60.94898249953985
-76.1349206014711
-108.55819299211726
-72.72307026013732
-61.86882146820426
-78.68496589362621
-67.05411503929645
-76.67737400531769
-62.99616932868685
-85.98186330124736
-69.51222937600687
-86.10705943526409
-63.05707313277526
-75.09986084816046
-55.66547135030851
-87.43745541560565
-74.11686099343933
-72.37849250040017
-57.64938005851582
-75.92464718967676
-54.00180728879059
-73.85366632393561
-55.284982166514965
-65.7770489298855
-48.779332561302
-54.29171228405676
-58.40466319708503
-76.547691591084
-62.05790427699685
-55.53755791169351
-38.05906206095824
-63.07969041918841
-58.17572462558746
-81.86360718170181
-56.961237788199014
-67.92925786932392
-58.12414725427516
-81.62828707695007
-56.476256173101774
-80.14654751015041
-48.595415393443545
-72.60066554366495
-35.380847967855516
-57.66783217024749
-60.28442056446693
-79.93136144138407
-52.8691273927688
-79.38053524494171
-66.2126879282294
-71.58402533689514
-69.30773981002858
-66.12167377583683
-65.06131982197985
-75.75345945358276
-66.61121375695802
-62.40950809951755
-77.20789970757323
-84.82196739315987
-73.9251324981069
-77.5472478736192
-65.5399969262071
-73.98819953203201
-57.03616157360375
-75.13644501220551
-55.80656397144776
-67.74494326113881
-73.98683421686292
-91.85586287779734
-81.34742533943063
-102.26127705647377
-29.001159716397524
-65.70370388031006
-67.30188366197399
-65.20673693799472
-66.69105318188667
-72.93065845966339
-75.44532437532325
-84.01382768154144
-63.146082418970764
-83.0464632473886
-61.58323514461512
-76.17038130636138
-50.34871115977876
-65.16181392641738
-62.50690305232138
-58.99209406552836
-61.75446510314924
-75.93988574133255
-77.27326053380966
-90.33141769096255
-33.46805655334174
-68.0360699892044
-60.87896168231839
-68.27392596029676
-74.61000097543001
-88.0888005910092
-71.39409836376399
-96.51959583710413
-58.293421745300265
-74.26832921622554
-66.68119810894132
-90.50034688301093
-32.67679977416992
-66.82566285133362
-54.027425977401435
-52.76115878671408
-66.32085706281941
-58.929047404788435
-50.26414370536418
-67.66962305107154
-85.50693237781525
-80.69188297633082
-75.24067432619631
-82.75946929119527
-65.64938963484019
-59.254437123192474
-80.4991044998078
-85.4380725621777
-53.020673608582
-55.60746929065499
-36.61890430166386
-74.35610440844903
-38.757549536181614
-56.01413297588442
-53.674789145588875
-56.92642044937202
-50.514974130899645
-58.77978204214014
-83.79808026179671
-81.44957360625267
-69.36995279787698
-81.83332848527425
-55.61238664388656
-60.858599424362154
-61.83029361086665
-73.54726135730425
-45.59388692382345
-66.78732484579086
-65.29761649127613
-70.61646791204112
-44.456049770116806
-72.41120513431997
-47.93249989578362
-70.75140677999389
-82.08783010113984
-97.20501220226288
-56.81369948075735
-86.43593305977765
-62.678101528427305
-68.74459361943627
-55.07615004479885
-59.00720067345537
-81.16930806015444
-88.31508719921112
-63.952243663879926
-77.96520771516953
-76.57519233226742
-96.15046095475554
-69.50286149978638
-82.14045322500169
-67.65029069763841
-97.28636476708925
-77.96908009052152
-81.18049681185903
-23.31334427325055
-66.54527595524996
-26.65961274894653
-54.526381174015114
-51.68847488431493
-69.42210131138563
-61.85429364442825
-85.93789373105392
-73.66607973461214
-84.70449731871486
-63.818454595282674
-63.730050526355626
-47.46382271870971
-59.284904738888144
-66.46206017305667
-74.08469337178394
-58.414781825384125
-75.89125883470115
-48.77193906903267
-57.576811496168375
-82.8813773219008
-96.6105789244175
-53.190186478197234
-69.36151098564005
-64.82942489971174
-81.27041563382954
-78.61076140403748
-63.2691615622025
-61.90652335807681
-83.61431231791266
-81.78798859193921
-86.95773075532634
-66.5615457193926
-78.62065989524126
-56.81136719861934
-62.05067661986686
-53.02118778197473
-70.64681481383741
-56.76511471811682
-82.22578740119934
-58.029214673442766
-72.03571671445388
-61.8578739464283
-84.44197607040405
-48.60056847020314
-61.093438861875256
-52.46004751132568
-69.91095876527106
-38.80014370661229
-50.13851550978143
-72.93452173471405
-78.19658103003167
-102.22311389446224
-110.77845310268458
-35.49920387554448
-54.22258579544723
-56.5435500049789
-91.4096330520697
-43.596093020401895
-69.78454996272922
-66.53370130060921
-66.14630985258873
-56.757541462779045
-62.93672872707248
-51.44861276447773
-56.081455717328936
-66.15856248885393
-70.79101382219233
-36.57862915098576
-59.38005912513472
-58.226158706471324
-64.70069429278374
-57.97681286651641
-71.86490474641323
-69.52725636214018
-84.713434076868
-58.59721247566631
-59.10802454082295
-79.99307401868282
-81.05547767691314
-46.975593208560895
-76.52514659287408
-63.46046242676675
-65.78261458128691
-61.980967963289004
-49.00831587612629
-63.3094716072078
-103.52518609538674
-52.42082140038838
-71.69231128282263
-69.67819642546237
-55.51253173314035
-71.09889511438087
-76.76932083442807
-50.22851280588657
-59.931219290941954
-53.764065036550164
-52.93758005357813
-63.09008843218908
-44.08604658744298
-53.94774064775265
-58.55510340631008
-76.69634693827538
-102.40996074676514
-42.86800241468245
-70.34928089378474
-60.745997192076175
-84.49063946807291
-44.807610873598605
-54.58200090846003
-88.97224060073495
-82.87879085633904
-68.99184811112355
-76.96003902237862
-63.43732783384621
-74.33587541460292
-61.09120511965011
-79.17135332047474
-44.08945185164339
-63.028525113702926
-77.41719317436218
-83.85329735092819
-75.40412850677967
-88.08569634333253
-57.804562002420255
-73.82804787904024
-48.19358524676318
-64.5434427683067
-86.8111808300016
-73.10836624605145
-73.65589951326547
-91.14412616193295
-49.13781789317727
-57.04461312945932
-48.358368634362705
-70.75811416655779
-83.16748154163355
-62.98211494111456
-41.79306828971494
-47.92851357041218
-52.33793520368636
-48.20624997030245
-57.17893010377884
-70.6065152734518
-64.48715530891786
-74.52119539995329
-66.32179605425335
-78.30626704105816
-58.13234921115509
-98.58637597039342
-73.13909077443532
-82.6223450897869
-58.02049422264008
-91.12982609216124
-69.1762386187911
-81.23870479641482
-65.92129296530038
-72.61250693606416
-59.23029935340128
-69.17195279796215
-63.537656545638015
-81.2206474543782
-70.04469047486782
-71.77188979461789
-57.52893353626132
-84.99143094569445
-75.00468146800938
-89.65543043520302
-63.99461205676198
-56.34282422065735
-65.9359717366624
-66.62417662062217
-94.93955409526791
-73.13603567163227
-68.2976032611914
-63.21690404395849
-48.261356609873474
-68.31743347644738
-40.23595737386438
-48.51475054024195
-48.164190482348204
-60.73166546225548
-47.677553461864534
-78.70468986034393
-78.04331113398075
-59.80968616087921
-80.29601211892441
-78.13571672141552
-69.58851412590593
-71.05763211846352
-36.438144882056804
-74.67342323809862
-56.71860993730661
-68.41665814071894
-73.56750486348756
-79.55841620080173
-58.99332654842874
-65.47184702888626
-64.09470697364304
-60.08762288838625
-50.19886024482548
-72.67435141654278
-59.65988266200202
-77.16260824566416
-36.614797599612416
-55.503048191196285
-35.40691586188041
-58.511391838907
-50.848928926898225
-53.46381762446981
-56.897606672224356
-70.94978308962891
-66.76968081574887
-76.19559961929917
-63.80251235514879
-74.11768312484492
-78.93579601139936
-95.35597440251149
-66.99701094626107
-61.43466849159222
-54.49328995971882
-75.81055729929358
-43.97488387697376
-55.31380254022224
-36.66648925258778
-57.843221749179065
-35.443234261503676
-69.7319598775357
-78.03541951965599
-78.98306262492042
-61.87890511099249
-69.5638673522335
-74.08753871913359
-75.66952437255532
-65.60297632200127
-68.5111806384848
-45.7582173235711
-67.89454706013203
-92.07134969788603
-73.2004434466362
-46.85507515730569
-58.27515793402563
-41.69584147003479
-47.6463901993593
-52.611236693686806
-74.14896389311616
-51.12849355488993
-56.418398499464274
-63.559451807290316
-85.94543838500977
-64.23435844946653
-82.99064683914185
-40.938804134726524
-36.15260910987672
-76.10143923718533
-53.94355284422636
-67.83752095243108
-80.42690298927482
-55.20059725882311
-48.114419422185165
-82.75791011052206
-69.468007384683
-75.068609114016
-67.3360248459503
-66.8461164236046
-77.8486045327736
-71.06895581819117
-91.087476933375
-71.86098632216454
-65.33218026161194
-37.04557508230204
-83.30312108988983
-45.0780715290457
-75.34254305670038
-58.97438072483055
-84.56512736165314
-45.61394347436726
-66.78967630234547
-61.422138262641965
-93.8671658411622
-29.917443232960068
-53.30268471338786
-53.80222794460133
-75.06332476733951
-70.15686435252428
-79.33078429102898
-61.13960655871779
-70.4812322355574
-60.44998387247324
-68.21061252800519
-77.72868573626329
-76.64943443858647
-42.62054476141918
-58.68475589348236
-64.51652956565704
-69.13595584372524
-66.49769531190395
-47.57392661180347
-38.13952855759999
-57.75598541367799
-34.792195737205475
-75.32404959952635
-62.10626441240311
-72.41477212717291
-42.2596484422678
-61.20224373042106
-61.13129100939295
-78.73241492267698
-53.93248546123414
-66.78314936156494
-77.31259226791644
-106.2830327693373
-74.16471068188548
-72.54136317479424
-58.34304213475116
-66.52743667829782
-62.99192112125456
-88.40661680219637
-70.70541929121828
-69.82670377393515
-36.75752658396959
-58.88407334974909
-61.26960467776371
-77.76932846471027
-79.25565358391032
-73.35950622507153
-62.24700672691688
-59.45133256641566
-73.86371402489021
-72.79283062339528
-71.98437523841858
-77.5712210976053
-74.7386749963116
-70.55407175855362
-45.88421841757372
-61.68252479936564
-60.448830991983414
-75.64353241953359
-80.2620669529424
-95.38159775733948
-72.73680687585147
-66.55249004159123
-73.34863960742496
-90.94885615049861
-65.84933668421581
-76.39273350033909
-59.16686302423477
-82.33949008048512
-27.312529142713174
-57.56871968880296
-71.19958344567567
-71.92464528550045
-55.850014604162425
-61.49731481075287
-50.23235664878848
-77.95550665259361
-56.917386650369735
-92.24653290584683
-45.93430930702016
-74.94131112005562
-64.8975815772983
-74.97861480711254
-76.01353323456624
-59.48608954180963
-84.95946550315057
-88.27645021863282
-72.30679067852907
-69.61502035963349
-41.90340149396343
-57.20637166406959
-64.1773676610901
-68.09502064378466
-56.428913584442626
-88.05414520821068
-54.62661778925212
-61.96931648242753
-74.09144434332836
-72.96597933665544
-35.58719888670748
-54.0246060375066
-62.64545390044805
-79.99604320712388
-48.24455998837266
-82.40539309382439
-45.33480923436582
-69.89684396982193
-78.53522443702968
-101.90608561038914
-79.1880282422062
-80.76659333473071
-65.31160014215857
-77.63639138438157
-54.95946944470052
-54.12586511299014
-43.928980086464435
-59.77043086895719
-53.90015348047018
-76.724436044693
-54.24781873632037
-63.818969248997746
-47.16832621395588
-57.81658941763453
-39.98951151967049
-36.66265200750786
-53.02362178084877
-72.28347074964222
-83.36327313637594
-89.76686712866649
-69.95722985267162
-62.16903722891584
-72.30281315813772
-67.7824574932456
-59.58353711036034
-93.6928371215472
-54.18179891863838
-53.40746462298557
-51.19785481013241
-70.71374996798113
-56.31111937761307
-66.9248366485117
-76.66824504731312
-76.26345720142126
-70.35091526189353
-74.05725145339966
-57.621169399120845
-77.7050473690033
-58.15793204307556
-74.92975600785576
-71.19789982377551
-53.33781051306141
-45.98379301093519
-74.84524271509144
-62.18873964963859
-77.80640842055436
-98.77402889728342
-88.83418854698539
-48.40438474714756
-69.13933229446411
-44.26562654960435
-82.95562435686588
-80.67044818401337
-82.83747094147839
-39.182808008859865
-60.870141461491585
-77.11072672042064
-68.44366303086281
-73.4386444259435
-81.00746823136433
-72.66400922462117
-72.82834598328918
-74.50920021161437
-72.13492202106863
-61.7856011371623
-64.58529746216664
-73.9978822469393
-78.35265004343091
-63.668432354925244
-76.93968975220196
-82.505250334234
-78.61195538961329
-71.52523958560778
-54.32310091679392
-69.76883877953514
-97.5624491428025
-65.46251704299357
-94.2931577176787
-71.84108433127267
-86.34867006540026
-58.498719449475175
-67.748026162305
-52.83885361254215
-52.15976604470052
-70.17612641956657
-66.71273577212878
-81.2657687755127
-69.40425703441724
-55.507722934708
-69.16527558646885
-53.193897211618605
-65.88356409431435
-50.54019351024181
-76.3387656211853
-48.70729145756923
-71.78765414835652
-57.49549243185902
-65.7471982287243
-56.53927943359304
-70.50342892110348
-72.9978405215661
-81.19936001300812
-73.18319497257471
-77.89968309132382
-56.76929781585932
-65.63719354769637
-63.98076134156145
-90.81473524478497
-49.195745468108726
-64.21687375078909
-48.12982843918144
-58.32638544309884
-64.76429169089533
-59.35003840430727
-70.04094205739239
-90.23051828157622
-47.132254838665176
-89.30154379457235
-69.14540592394752
-100.1967495603858
-52.58203485233389
-74.01237963601307
-68.47107934951782
-69.89352929570873
-73.91307503730059
-75.80783301591873
-58.59033282287419
-78.84383410215378
-58.69974744319666
-49.50699873515987
-62.81203105766326
-76.29674388840795
-85.66507883602753
-91.77482116036117
-85.01188051699819
-66.38217412123049
-78.0085469117621
-81.76481163303833
-61.004129618013394
-76.36076020181645
-34.18525654077524
-50.95439134533353
-65.50294113159123
-69.27889999758918
-57.93614120731945
-52.24747127293085
-53.395716819446534
-75.3669358054176
-80.4880537041463
-80.33283000648953
-80.053835272789
-93.35584914684296
-47.96296207580781
-74.68911048024893
-56.851282596460806
-69.79040812485619
-47.47254197305301
-65.79247052792925
-44.379706934065325
-55.91645652776242
-69.7143670017831
-55.331413076259196
-41.134880879923
-48.91510701616062
-71.30388282022614
-95.87360437773168
-46.87656661663641
-62.6803301894106
-58.99848319590092
-65.67428108496824
-50.383080868050456
-58.979192519218486
-73.46767230232945
-88.8451090673916
-79.08954482071567
-88.22107826714637
-55.53984963893885
-64.96492397615293
-52.35980359464884
-68.46615024091443
-54.90471047162873
-66.57831799939231
-73.90317342691833
-68.43875674676383
-73.92062337696302
-85.05958306788307
-67.48225028721936
-81.33660876522663
-42.54128380655311
-55.971955895307474
-40.51275806128979
-60.7648748755455
-52.40547548234326
-77.72825980128982
-46.284589886665344
-67.03359222124709
-59.97195255756361
-75.23255157468293
-48.2567079164437
-86.09922862052917
-53.521679831668706
-60.03318023681322
-35.83783033606596
-62.6864854916721
-51.38233053684144
-63.9252830743784
-65.6989354044199
-68.90009482204914
-57.46425496810116
-73.42005182430148
-63.026571444555884
-73.41533426567912
-90.79949819712056
-58.069854013301665
-57.9174269157229
-47.75417272048071
-65.26629237819907
-69.36765495843883
-73.25394475455869
-75.70610734145157
-51.19710451620631
-65.70095170475543
-49.48080523009412
-72.94665259122849
-68.59274417131564
-97.75408091396093
-37.05345884893177
-73.91945099828536
-54.59503290033899
-53.41114174667746
-76.43131637573242
-91.94262605905533
-64.66773463902064
-89.03123179869726
-47.32687216810882
-72.38992843632877
-58.713365897434414
-62.314024518753286
-56.09003990003839
-71.86633679212537
-59.10759377479553
-74.10670252144337
-59.53880544981075
-89.83723783493042
-66.88680446147919
-56.19201237440575
-61.703573909937404
-64.90017349850677
-57.16206717863679
-84.8100582300467
-68.24068017897662
-50.57654663475114
-73.41534051169583
-73.68105512252077
-51.37424655910581
-55.48548493074486
-48.67055713939044
-62.882242187159136
-50.33441197127104
-70.6732401847753
-73.51553836464882
-77.85968124866486
-82.91979306936264
-75.93202412128448
-59.088197336532176
-78.81166109372862
-44.188612540077884
-61.44241584732663
-78.983921777457
-71.68431727588177
-73.4583464858697
-67.86689641757403
-53.35273241995628
-66.19600450981488
-73.39533030614257
-58.09847378658742
-45.01290364190936
-70.96613787097158
-58.83219447723968
-69.49882328329113
-75.48764708265662
-63.0437059343094
-63.40633496415103
-52.803770201746374
-69.12979590892792
-75.35079391673207
-39.72496323729865
-66.43854285764223
-90.66117480397224
-82.31383162736893
-48.2777487160638
-68.77954578399658
-71.53196739475243
-72.16932074201759
-85.7563249648083
-65.44517743583492
-64.15277206379687
-80.10269627226626
-76.0891647702083
-70.3223634363676
-85.46877074223812
-87.97637029504403
-63.372335909130925
-73.28644168924075
-49.33580594859086
-52.18288195133027
-42.34572899068007
-83.78161191937397
-49.720331608783454
-75.16213480196893
-65.41264479269739
-77.02475929175489
-65.5739398598671
-77.0010987334681
-47.07271814287742
-64.86235576806939
-45.974536487832665
-66.93069743713704
-74.06602561297768
-78.58975337228185
-62.778745751827955
-72.9811179707176
-51.25859994394705
-82.36796311102808
-64.13628220558164
-86.49413132094924
-56.55640839967964
-65.40806770690233
-75.78329036955256
-62.79138730908744
-79.93493115529418
-92.97065918147564
-43.24285300890915
-70.82785886898637
-55.76692027365789
-83.47956764594346
-71.94995951969759
-80.95526478639658
-68.59790098304074
-87.33393263300968
-60.609232398841414
-69.1045124209486
-60.284464654745534
-70.2709831893444
-61.51888721261639
-58.639125823973586
-66.69756614310609
-82.04181849928318
-72.86457395553589
-86.85718452929132
-62.39236256852746
-79.67195683717728
-73.0336492061615
-70.17082625627518
-43.06291061557204
-80.73260682821274
-66.9369872774696
-71.00718898305604
-66.56967127303142
-63.93342493718956
-82.82729478436522
-79.4463706407696
-56.889829620718956
-85.89565777761709
-43.532671511150966
-49.422310903668404
-65.16083985567093
-68.90942843072116
-57.854830503463745
-77.96936814978835
-75.31239958669175
-102.39520168205127
-66.05725338170305
-83.69044118747115
-53.99477680027485
-53.76120029378217
-58.42120873917338
-55.73916430771351
-61.61863283798448
-65.53554496150173
-82.42090377920249
-93.5543985106051
-70.44699361061794
-70.75629287958145
-86.78980466723442
-80.17893573956098
-81.46351584792137
-78.6081128984224
-78.06787014006613
-76.08195973699912
-52.16402654815465
-60.380784545093775
-37.9059029383352
-49.452145301154815
-48.90357577795385
-70.30999685823917
-74.45674929015513
-72.5574376577606
-68.6552542236168
-92.16499036177993
-41.29937355082075
-60.42101491666108
-61.56966578960362
-73.87622044550153
-56.768677907879464
-69.87772253295407
-59.968766250627596
-62.31416190817254
-81.82151134309242
-59.30412527677254
-54.93499179899118
-83.61090241171769
-58.999257132411
-95.11459192633629
-58.60478150844517
-75.07743928811396
-53.44740380754229
-82.94990771661833
-96.38323500240222
-95.61535763042048
-61.17401150614023
-56.041853938717395
-69.82497564703226
-72.35590052604675
-65.15940207777749
-88.27184127271175
-61.73323225553031
-70.38578736526688
-63.116509144427255
-70.74543977488065
-70.88725078105244
-75.47463810377667
-38.52236298844218
-62.367290047957795
-73.75512283248827
-77.2658915433567
-49.06053598970175
-62.77311658299004
-69.78896449635795
-71.20571272820234
-55.169596415013075
-67.81182391941547
-77.96859919466078
-83.84848234057426
-44.127497709355566
-68.10633623599324
-41.729279935359955
-81.01456898450851
-72.24358105656393
-68.75281047594763
-69.92537724616705
-82.29726088047028
-72.97403537605715
-82.07710865139961
-43.74765207641758
-74.82650236296831
-54.945063346938696
-63.629170298576355
-55.143431340227835
-76.69725488126278
-75.70384025573526
-65.52026219794061
-57.030478526547085
-52.067242519930005
-58.88935839035548
-73.89586786410655
-77.56987284668139
-97.20372210908681
-61.5005287528038
-87.01629919349216
-58.18374132931058
-58.59761100914329
-70.09280169008161
-60.57810521122701
-76.28347906866111
-57.85158631194645
-62.4371500313282
-79.26259312033653
-77.01922782463953
-68.91837403550744
-36.63740115654218
-61.54431497992846
-81.2343796297937
-73.56861605495214
-44.362829830963165
-65.22123206406832
-56.30866387486455
-78.24557357979938
-53.93075484322617
-70.76544747405569
-45.54819272154418
-79.46896903767629
-66.50521540332556
-60.661641930186306
-71.69470429420471
-59.58698648889549
-31.37326244014548
-49.50290358669008
-42.94152028858662
-75.3713184967637
-45.74757332977606
-64.67155168298632
-90.06232278002426
-88.18243986101152
-76.74031933397055
-71.30304324626923
-58.73731398582458
-64.03604983573314
-51.43179937126115
-99.0282431251253
-54.67954245582223
-84.81301368027925
-42.79649786197115
-59.162204454187304
-61.71844293223694
-87.09683360159397
-67.0786004778929
-77.2364523538854
-65.35819651174825
-68.41685980558395
-41.00182552495971
-52.60823696911393
-46.20005208224029
-62.950643077492714
-60.45028471931437
-85.69024026487023
-57.927598833546654
-69.72438502311161
-61.692792151414324
-62.9559165239275
-58.8901914358139
-76.61477810113684
-75.82619929686189
-77.61810910511849
-51.25370776652608
-64.16432371725386
-51.26964235300329
-54.37882726811222
-48.74738586798776
-63.32106487592682
-60.50248415581882
-74.57456366403494
-53.66056847571508
-65.01318025372166
-37.730461894218024
-68.31799165159464
-41.03267059077916
-63.48347687711339
-80.54365396429785
-82.56702155375388
-58.20459035289241
-56.50322785577737
-98.99637750908732
-72.24174668849446
-46.92302256819312
-72.18676257133461
-36.116488602012396
-43.29569129194715
-53.46228790283203
-64.44724227488041
-41.02607283239195
-60.63896636178106
-88.23544800103264
-93.23132741451263
-69.06319195590913
-80.76431530085392
-87.63181865068327
-101.90506713092327
-75.99826049803823
-89.45051049780159
-71.46003410592675
-90.26565813992238
-62.38669542153366
-63.231184121686965
-60.15302935242653
-68.67519043758512
-66.10666526701607
-94.29274475539751
-48.06187046528794
-78.80874789040536
-66.93335836939514
-71.04405552796925
-51.03300254337955
-56.64411317463964
-73.03314316269734
-74.49118995666504
-50.76788920164108
-69.63464690791443
-66.34886482125148
-85.5399204492569
-47.82349863872514
-85.36694226971304
-79.04455157055054
-71.77738915299312
-55.249826554208994
-62.446944798590266
-51.76111495195801
-66.7884777430445
-79.45380703732371
-60.20329497400962
-60.711291559040546
-71.9279086873139
-74.97075961530209
-79.67233749479055
-69.34914696204396
-77.3880071323365
-52.81865341216326
-55.68442370561388
-45.291294233174995
-67.68586234076065
-70.81912743672729
-69.97471255855635
-87.43955934028781
-60.429407961666584
-59.675865028752014
-68.96329268781119
-38.166151649318635
-48.69689392019063
-56.362986089196056
-66.63121454886641
-48.469968899204105
-56.7048110961623
-71.93874658178538
-85.11771810054779
-44.06759787740884
-64.46488892834896
-54.63677218044177
-76.32238420844078
-91.92406296553963
-90.91129016866034
-60.18393695354462
-55.639157563047775
-71.20970140071586
-72.25872642546892
-60.767811730504036
-58.1241352991492
-83.35987597703934
-75.46446549892426
-42.13861513856682
-61.14540433883326
-64.64510730322218
-68.37948084107484
-103.95093654640368
-90.56193096004426
-53.69724088534713
-87.40219223499298
-64.04267773032188
-76.76416683197021
-65.52534580158317
-84.92882527723486
-48.08285823459755
-62.763578757617324
-66.75918832235038
-73.91832310939208
-60.14414080923234
-74.27129105641507
-70.16840504393622
-73.22362899361178
-62.775805573677644
-90.79484355449677
-70.03626781702042
-62.39256067946553
-39.482212423583405
-38.44270665888325
-53.93603838980198
-70.63767281359287
-70.2947987061143
-66.19814718002453
-61.766628340730676
-75.93155109882355
-74.32936787605058
-79.88048616424203
-45.80178681015968
-64.79069381805311
-73.32252881673048
-68.15146519573318
-62.14183954289183
-68.33815693492943
-48.637130851857364
-62.39312373509165
-55.1880036406219
-55.97420118749142
-61.71838153293356
-78.01830484345555
-73.60277708200738
-82.7409496388234
-77.31411689007655
-75.50397216329293
-35.45497125387192
-66.5596728291057
-72.00096374750137
-67.501122256082
-56.47172836586833
-84.47291309270076
-49.08607736608246
-59.55981799357687
-56.11157326961984
-69.92976583493873
-79.56544709193622
-83.31797958118841
-57.62485566109535
-69.8920564618893
-66.19092272594571
-84.06735339015722
-46.228844890370965
-81.83648042280765
-48.68365617166273
-75.91147147157517
-67.18413194839377
-74.00180268278382
-78.78411447512917
-97.95611655712128
-63.22967594489455
-52.069778202510406
-62.40810910798609
-66.29488444328308
-70.0295757049098
-79.73417465796228
-50.7006996050477
-77.80523967002591
-77.6757939979243
-88.90634889155626
-63.00381297059357
-74.5179615018751
-53.26177389593795
-80.06453759223223
-81.93144414993003
-86.1613701581955
-79.44046423584223
-83.77748203277588
-73.22314951824956
-72.384094736306
-62.40134078124538
-92.45176994800568
-73.72147032618523
-68.04212585091591
-51.93708290392533
-71.81772828747967
-60.89758714661002
-62.69637469947338
-73.20752085465801
-101.11527928460418
-50.21268907017293
-81.11038822680712
-48.87912919501832
-62.884420023532584
-49.28702016599709
-84.41294875741005
-83.7520419533248
-65.02676728367805
-60.5786548981996
-61.673041385627585
-58.604210501362104
-71.20614631654462
-50.40514062343027
-59.039103979826905
-64.31071099625296
-85.04246121644974
-66.48249309195671
-81.18499560002238
-60.276491831988096
-60.71244891086826
-47.54505660558061
-76.54535343125463
-38.564397484063534
-72.16421687602997
-57.86201775006339
-76.52065220098666
-37.300422847236405
-67.60642838376589
-82.3061245828867
-77.15172135829926
-60.551211337558925
-69.4926792358965
-61.06368989008479
-91.1813611984253
-74.50386774519939
-62.145442347973585
-41.16293349862099
-53.577661493152846
-76.0394108723849
-83.87585285305977
-54.06968961423627
-74.23156388783809
-38.61568748857826
-66.85712885758221
-63.559924295404926
-67.31345557386521
-69.32270319433883
-61.093603904824704
-54.128735795617104
-63.31401109116268
-48.122201204231715
-62.64151877605764
-45.894725972088054
-84.18830472230911
-50.56219378858805
-77.98622806745698
-58.745669733849354
-57.173061688867165
-53.63179681496695
-75.65754973888397
-72.22440408123657
-70.4733327627182
-72.11457612738013
-75.34729594398232
-65.86302459229228
-83.47643562004669
-55.33083574252669
-71.48235723964171
-44.80413776446949
-54.0768407526557
-74.39842343330383
-77.50274928133422
-83.42993390557331
-79.23220388544723
-70.45076445955783
-96.63468612730503
-74.28645495325327
-74.59589094470721
-59.44775128130277
-84.66684320801869
-64.93734889943153
-86.5804432630539
-62.452196234604344
-78.42755790264346
-44.59845422580838
-50.527784997131675
-81.89106690873541
-77.19614635966718
-59.384501330341664
-78.97738683214993
-54.80309195671907
-83.78954315185547
-80.86212295245787
-102.57911937520839
-60.378211375871615
-76.48853826521326
-20.659038975049043
-60.18141184421256
-75.81384827196598
-81.71993970870972
-82.45256495475769
-73.3592055507761
-70.03910713852383
-71.58234210842056
-60.58398008345057
-54.821766734096855
-53.85044926404947
-64.80160295940004
-57.94613126607146
-59.3658005191096
-51.76346215605736
-69.03643901646137
-55.15445542496309
-70.26150607852469
-59.86870657966938
-82.80222022479211
-65.66957739647478
-63.14628982543536
-58.47995519214601
-79.54561621323228
-62.45342469215393
-80.24182915687561
-57.602860173094086
-85.58111108187586
-55.70222262032621
-73.60522700225556
-52.30771965812892
-55.56518022343516
-84.06035823790717
-76.6912947882629
-51.129139808152104
-74.14784898608923
-54.07697662082501
-64.08400401473045
-62.98909949715744
-91.77137517929077
-56.461416000944155
-67.49431575219205
-82.41164085560013
-61.37369182915427
-62.9030465251999
-67.68774950201623
-72.47194140567444
-82.08160817623138
-58.29100050777197
-68.88943461810413
-87.21485464973375
-73.6710032641422
-49.69913276976149
-58.699933759708074
-50.959665553527884
-65.01647987216711
-54.2596837207675
-58.15107120911125
-66.63780292475712
-67.15456506237388
-48.20728748710826
-71.88960277037404
-45.80736099224305
-57.97905135091787
-74.06761299073696
-72.48280759712952
-68.2664498089598
-84.30418121778712
-52.235625505272765
-86.71245303750038
-68.32556030618753
-80.82325359682727
-71.27413296699478
-63.494922812998084
-77.57574343554734
-92.42779612470986
-71.71576851387363
-71.22757148349046
-58.39140980411321
-78.72583096078597
-84.44240987274861
-94.02936608757591
-55.73912134836428
-56.336943983973015
-53.70888772641774
-70.02981448173523
-55.80175971297285
-57.501022819953505
-57.604842956294306
-70.78044245112687
-74.1429560079705
-73.66066539278836
-54.08998864889145
-74.33682573481929
-60.44843278382905
-69.2412046873942
-58.70698504124812
-67.31338739349667
-56.258946705493145
-86.20666508865543
-66.9593350358773
-53.35008935861697
-69.26202173437923
-91.04834623815259
-50.205308210104704
-68.15256017190404
-85.21155987249222
-77.10457545891086
-48.23909356837976
-53.70614587658201
-82.71671876625624
-76.80155160825234
-68.26567377056926
-69.90932446718216
-47.88053009752184
-67.71844167588279
-62.936142384765844
-83.38612376153469
-41.214210215752246
-66.30746646935586
-35.7957625137642
-52.42122340074275
-70.63150802534074
-77.17082137847319
-59.883787989525445
-64.8647225946188
-68.88928017019634
-56.046533450251445
-39.97828537598252
-58.18045747078577
-75.47085368630451
-81.70312952221138
-51.81497050816688
-79.38457464787643
-62.72718231750514
-73.38565349578835
-72.14047545192489
-78.75316298006646
-69.8255796432494
-64.02387797783376
-65.21691710921004
-77.06024860331672
-66.70871692895787
-64.89749954540457
-75.71047007825109
-90.16860401630402
-61.442391016869806
-75.18064256128855
-68.74258296191692
-78.16179067199118
-52.036073168957955
-65.6366423801519
-80.71509623574093
-65.23142562806606
-40.12879303409136
-78.33195722103119
-82.80725907353917
-75.83119106196682
-71.03786408898395
-66.9472085629568
-54.721633535576984
-85.38948010789318
-53.77678672350885
-57.22452017739124
-42.46077150525525
-67.95310359075665
-77.65806345664896
-90.2637838833034
-79.13235879736021
-94.898762203753
-56.80706706282217
-65.76853262260556
-65.49771790602244
-71.72039882466197
-72.5641406190698
-64.44815932400525
-40.09602123411605
-78.7882003776158
-67.6844697080669
-48.440964677138254
-67.94188327062875
-87.41890740373128
-40.18123183492344
-67.52301815453393
-65.33837959170307
-74.49194121351684
-70.0492779687047
-74.42530997097492
-74.11207745193678
-94.95680755609646
-65.22703859594185
-63.419506830046885
-71.06229582401647
-89.70586066134274
-69.71443021097366
-61.12920701453186
-48.47929762664717
-61.64091534540057
-54.923320412595785
-69.22487676139644
-64.67542736232281
-75.4528338627133
-51.99684675037861
-81.00116540247109
-58.16830784082413
-72.78778707956099
-98.15664937254041
-78.79830354696605
-72.38970759504446
-94.47335488721728
-63.49365377259528
-78.37119841574577
-51.136855602264376
-62.88928997471885
-87.08976470836933
-85.35221297945827
-51.947958276519785
-68.84278313914547
-49.15532674032147
-55.864121300401166
-67.97392358712386
-67.6174852324184
-69.18583689580555
-72.89735475205816
-68.50551889598137
-55.71946638869122
-69.38257128745317
-89.32477632164955
-47.78472609990604
-73.6897095614695
-52.11175745492801
-73.02923686229042
-58.12832932173569
-79.65045118378475
-56.45574026275426
-73.35464891791344
-41.35679471492767
-61.416984915393186
-49.18979899585247
-68.54095534421504
-72.09065587678924
-59.18298686458729
-55.732283130288124
-74.76442403858528
-57.8467203755863
-60.53076520562172
-56.87409586831677
-83.78675969068718
-32.61500829215947
-67.86877810955048
-62.601211282250006
-58.764753754774574
-63.74270106013864
-64.05727829248644
-51.70479134656489
-71.08269882947206
-78.10939502686051
-86.99454450671203
-42.36558040019008
-67.2437436580658
-55.444736719113735
-54.296070739624156
-57.01986348459832
-74.47690573221189
-38.771358922007494
-50.233958886004984
-64.45676308870316
-56.102570605347864
-62.360229074947256
-75.6514206537613
-75.7719459527143
-59.150671960320324
-43.003994733014224
-47.88405061516096
-45.69002571329406
-69.76683428511024
-77.84209209680557
-77.02389407344162
-61.63696509599686
-69.75788316546823
-54.187806776491925
-63.722708493471146
-58.723915995215066
-72.48777923721354
-49.99801002419554
-82.2367706373334
-56.22660652617924
-65.74957359139808
-45.865011155605316
-65.26290547055805
-66.64733811747283
-62.50595879554271
-46.22098711505532
-75.93017721077922
-52.931015252815996
-62.58622711803764
-57.5032189944759
-76.36740306019783
-49.244773579062894
-62.947309374809265
-44.47770953858344
-61.084051680518314
-57.9756531715193
-57.36988472932535
-83.87063276767714
-88.22697710872671
-52.3024420592119
-67.70172997805457
-59.83327251672745
-69.923584798933
-44.98438576533226
-54.24248780630296
-64.31363880545905
-80.42862225230783
-56.62629176257178
-57.36254696373362
-57.35136125991994
-62.57683923095465
-80.44375288478841
-82.70238906145096
-67.02390002598986
-76.44873636215925
-86.20679900515825
-85.76401394605637
-62.08146440978999
-68.23857783604763
-65.97468593902886
-63.046838665381074
-44.26465678214754
-62.99289427695203
-58.76258026692085
-66.53739018860506
-65.96648565429496
-78.94768613920314
-60.28462982169094
-71.69288884864363
-64.89607124845497
-64.32489889526914
-88.69249749096707
-86.6136129423976
-72.47791027324274
-70.62824226870725
-68.21679765824229
-101.10991476476192
-55.44840443134308
-87.20809336673119
-58.106022824496904
-77.05005907810119
-72.67973252935917
-57.058478474615754
-63.06287743819121
-81.58038571472116
-62.55258630216121
-95.57588064670546
-72.26755634578876
-70.58399016788462
-72.67877422834863
-86.89555688016117
-62.41796386232545
-62.76955945184454
-41.66070317986305
-62.64892363438048
-76.82036323242937
-79.37781723216176
-58.724096490070224
-72.17416397249326
-56.43211750686166
-88.3966532003542
-71.35351085755974
-72.91057235388962
-78.57646779716015
-90.9676763182506
-64.6316343444787
-78.54005213481469
-33.74570189831138
-73.77116050313816
-67.09425377845764
-91.670696496868
-72.29466012120247
-69.07460216651089
-36.932627822738134
-57.226764663122026
-73.18113732336451
-84.14629046226037
-75.43966553539212
-73.6205024671508
-48.45494544506073
-61.05221959471237
-67.80520887183957
-85.70980978011676
-53.08060722949449
-68.54814480512869
-62.86950945854187
-68.56154973758385
-49.103934928250965
-65.87263495859224
-56.25065947067924
-78.85198890150059
-63.56845661997795
-67.85483092069626
-60.83335161186551
-77.16613733722988
-49.410669371476615
-60.34564924012375
-43.495018696412444
-82.89201507922553
-50.0806908606055
-63.40367829549359
-69.52124650776386
-66.21663509309292
-74.0171302509334
-91.11814029188827
-58.580707351560704
-76.51435566414148
-67.78271480165131
-81.9319159258448
-59.568937468808144
-60.052911477250746
-38.06329857576202
-62.836720331033575
-43.37927438318684
-81.04103677719831
-44.91662120811998
-56.47353992237959
-45.1914756805636
-63.26560978218913
-53.6753761570435
-71.8140269939322
-87.23232066631311
-93.73650771193206
-46.157927240943536
-67.79557317324725
-61.861054725944655
-70.95536877214909
-58.75973576306478
-70.38899433985353
-45.950022142380476
-66.32123788575336
-40.00556183187291
-53.21823722589761
-51.74114585062489
-63.32377856131643
-68.83020645373563
-74.26529202223537
-66.463365910633
-65.61178722418845
-57.52946102581882
-63.63918354460475
-38.908997353421
-62.997835621376
-61.63242304325087
-59.586952903075144
-30.71547815203666
-62.876791776390746
-43.218489868129836
-75.12912505306304
-82.27515272470191
-73.74278018204495
-68.47710568792536
-95.76953781722113
-57.45810365676789
-87.81545906356769
-73.1063370089978
-59.220728993323064
-67.69852530956109
-62.13514126090331
-39.732946723699115
-75.08262353390455
-70.19673474133015
-75.01337851583958
-42.800676010898314
-63.070702196797356
-85.91065070033073
-81.16630246024579
-64.22922098572963
-80.33012698974926
-65.8170904100698
-69.66985014965758
-78.79539509769529
-68.17718799854629
-106.09023391668597
-107.0838661249727
-52.72314104511133
-63.69071674230145
-49.45301816321444
-76.10706029820722
-81.5390784740448
-74.91626711934805
-70.25018055737019
-67.29167219996452
-48.04005958326161
-87.26469003185048
-36.55604470893741
-52.05736384735064
-60.54623153433204
-103.74497818993405
-55.62329810613301
-68.1983832304395
-69.59585505991708
-78.64003292063717
-67.23886704444817
-79.7005487669121
-70.27062450654921
-76.60269808769226
-57.98534405231226
-79.20733666419983
-71.1535983402282
-44.44662097108085
-61.023901819906314
-79.8212674211245
-71.61477839772488
-79.49621688947082
-63.68071241481812
-62.7611941093237
-46.5800877809524
-62.79114070371725
-52.45103715665755
-67.04509516307735
-67.06247936695581
-78.5341081097722
-56.378905690973625
-86.52112819440663
-60.549495933169965
-65.95185476541519
-68.3887060721463
-92.54583328962326
-48.07603609304351
-60.31813715782482
-48.44912800937823
-76.4873450838495
-55.92272517328456
-45.51831916740048
-82.13956045164377
-72.29928328981623
-49.62181994508137
-71.77886807620962
-40.802135366306175
-71.99196660398593
-46.34294618247077
-67.37265249434859
-67.54807586688548
-78.22403164952993
-54.24229579078383
-73.92485898733139
-75.10992894053925
-85.18839352577925
-85.9842622262222
-97.32633326743962
-84.37695525214076
-81.97788664698601
-74.07304378238041
-78.03482064977288
-59.894925236696054
-60.780398070346564
-50.25314515829086
-58.822087104665115
-56.38587766884257
-72.0765553364763
-64.55597031116326
-63.55776429175603
-44.060022964802556
-66.74880085233599
-50.310544440173544
-65.68221010681009
-67.07108550192788
-82.57592615392059
-59.94025759786018
-61.23597353126388
-39.68696007080143
-76.267861599139
-71.09116416424513
-90.30119515769184
-64.12237560137874
-62.08167715696618
-57.868642846122384
-71.2055942096049
-54.865444540977364
-72.45733082293873
-67.68023282280137
-87.19347977638245
-50.45392727851845
-69.35798722546315
-60.44238452481659
-68.71211202402446
-60.778999854810536
-66.02897658175789
-78.3757612561094
-73.02232937142253
-63.5843763329176
-71.58905919015524
-61.68336639145855
-74.2173669206677
-43.6944279341551
-78.08689174649771
-54.57572490614257
-60.02532987855375
-48.19535745680332
-67.76045907588559
-56.76786161819473
-72.14512155967532
-61.40081284241751
-78.8348619043827
-61.28781348653138
-78.2537914290865
-52.42670638684649
-70.81357721785025
-88.42838485114044
-69.37778239883482
-53.45925732771866
-70.25652187524975
-62.09341858327389
-63.611939990427345
-45.200396299362154
-57.30380159616129
-58.5239599943161
-71.40907704821439
-69.67415689304471
-70.16241561860079
-64.55513171525672
-81.85990604199469
-84.00461612641811
-82.09452639520168
-78.75196564196449
-86.23128003417514
-53.72289693355333
-85.94932508139755
-78.74339669104666
-76.8499861061573
-78.32816204801202
-73.47477354463444
-66.11417460440543
-66.90029821675853
-79.56430375951459
-70.72057158412645
-43.53633606320727
-38.28225826816197
-58.088508367531176
-69.69254720211012
-31.339274644851685
-59.42632473143749
-63.72253808379173
-61.30786507917219
-85.37089514706713
-76.50156866482575
-34.34302202728577
-62.54582744764775
-49.86081265285577
-86.09587174654007
-32.75061506423663
-54.02541517024656
-80.78656148907976
-78.9900908707641
-53.64953252673149
-63.855446311587
-29.854229390582987
-50.35391995230748
-38.97431265003979
-55.61207711696625
-58.28214764359291
-80.16188989534567
-42.779903768238
-98.87581801880151
-52.15601169657748
-74.41934496161139
-44.51653325547613
-59.15179683966426
-44.85472546657547
-54.76887441920189
-69.50477065599989
-85.34021571255289
-69.05461500049569
-95.83417361229658
-51.781686125323176
-64.5489082619315
-49.346939809618334
-53.36206491594203
-93.0707031366619
-88.89631950745388
-74.45045440964532
-87.9348368922947
-77.969352349568
-71.74508462380618
-58.411933869078894
-86.24077874119394
-64.28415882587433
-74.778473906219
-76.07176302932203
-78.8210763335228
-57.779550789793575
-65.4506215620786
-71.2205267380923
-64.79560241103172
-78.32384379183532
-84.03143954277039
-74.40786393661983
-82.39159573309007
-59.323761201114394
-83.28901726519689
-47.17278923187405
-64.8793740248293
-58.601577633526176
-50.99188873497769
-79.78319052591542
-77.61448542861035
-42.78810726641677
-59.34291714429855
-69.47471527010202
-54.41107162088156
-63.713836956629166
-75.78210594365373
-65.46984504381544
-80.83520182839129
-65.78938541933894
-81.99680304527283
-57.12964567914605
-83.10570630431175
-42.855087518660184
-62.82786793494597
-62.82109361037146
-73.01136026531458
-66.7690920829773
-58.571141451597214
-47.60943972261157
-75.52571558952332
-83.82950007715408
-62.332910629556864
-52.37431922959513
-80.20814886130393
-86.13676277920604
-81.08352072534035
-83.62826001592111
-83.51889602816664
-51.742418207228184
-73.48452782621007
-74.16208496689796
-76.44502150875633
-56.03157775144791
-59.97087728977169
-70.97382338158786
-76.34621466416866
-56.04877991968533
-87.16096955537796
-61.782323487102985
-71.14566196710803
-62.177191734133885
-72.40625488751357
-46.406763732406944
-69.37631531331863
-64.51252269743509
-79.56567683815956
-46.735202372006825
-67.91639521502657
-66.2028739862144
-72.3207677602768
-66.027283731848
-62.981855777296005
-75.27002374001313
-77.82734747984796
-66.4090312704393
-77.10423719137907
-46.99728190898577
-84.1277634833823
-41.98680603504175
-67.29372227191243
-69.96015655992414
-68.661790246093
-63.02868336625397
-86.22955894470215
-76.21314861625433
-56.8138467669487
-50.8010445237112
-65.71405493999191
-71.20371556468308
-87.86933892965317
-69.16834569678758
-56.63545416051056
-73.15366802085191
-59.266764924977906
-73.32705919630826
-67.76532340043195
-76.87719404530435
-75.08686673117336
-49.925820587639464
-94.32495474279858
-63.471435323532205
-63.736230015636465
-82.7719009553548
-68.71229454874992
-77.57723135501146
-82.48688316345215
-72.09452008948574
-106.97229664213955
-59.38403902295977
-89.0392154455185
-67.67490282771178
-66.27593279560097
-71.40096585894935
-78.32435117919522
-53.465723842373336
-76.55366991844494
-70.55629613948986
-54.83606290744683
-57.1977145220153
-64.30657019620412
-59.62128841876983
-78.65510951727629
-72.40161667601205
-54.04629439022392
-50.00724999746308
-64.46650196984956
-67.63661758677335
-81.35062512941658
-74.54093790043407
-57.49598499434069
-61.23059066011456
-71.06906947679818
-68.33934752639288
-87.70572451502085
-57.500815509112726
-86.89884305815212
-83.58353940583766
-85.71825194358826
-69.94086623191833
-85.83945679664612
-74.7976048886776
-81.35349306464195
-78.429558634758
-87.41163073480129
-68.83889659121616
-72.06220173830934
-54.95492100575939
-66.45256187753694
-55.42647588253021
-58.76467326562852
-45.43225434515625
-55.300700341362244
-63.684464413672686
-64.28699612617493
-60.91647988553905
-76.73001253588336
-61.03452421631664
-74.08590853214264
-35.219815395597834
-41.84038255363703
-38.021334917271815
-65.9590047213714
-61.37344007380307
-70.77189356414601
-66.56176996047725
-84.8014743924141
-47.3846199180698
-67.68691692873836
-47.87362694674084
-62.25859944522364
-41.09921802114695
-81.2993600666523
-68.42809917032719
-76.91544341708504
-59.29831049384666
-75.16035096347332
-55.03436837020854
-63.51121082145073
-46.21520209312439
-56.60764297609967
-62.040303993810085
-80.13013980857795
-50.22873119636597
-58.37930927495472
-47.86036972887359
-72.84685374662513
-62.78467643211843
-65.05237221717834
-90.23031997680664
-74.70216979784891
-44.42182655631905
-66.93516212806571
-46.248949288521544
-61.54600099194795
-60.46378290649682
-77.34932565103372
-54.982501944643445
-75.7715083360672
-39.672463693190366
-59.125886434689164
-45.429039998794906
-68.04554557736265
-61.519372323469725
-64.34135990632785
-56.7449655681703
-62.99395348113649
-43.59405100345606
-62.577251229435205
-50.52877360000275
-63.34114730358124
-38.140818931453396
-51.4990948587656
-61.31898893415928
-99.28861404169584
-57.93639405450085
-82.86657380978068
-70.77612990863418
-86.04714034777135
-59.35654644668102
-76.61341712868307
-45.10541495704092
-65.43093830347061
-83.03975260819425
-105.05057848361321
-38.03811228156337
-52.20118364515292
-52.78771330762538
-66.02053198115027
-73.04313743072453
-70.0209062306676
-43.3379943924956
-50.98766112326712
-72.02190887864344
-91.98546734824777
-86.33821320533741
-81.96323251724243
-78.27188145788386
-86.58899311634013
-77.80378999561071
-80.84023147076368
-69.60507812909782
-84.61378356814384
-45.87520748376846
-86.22391363163479
-56.39674512576312
-81.56647340767086
-44.997046476230025
-68.7131234681583
-64.92786825820804
-96.91236362233758
-41.89276523888111
-57.674736456036044
-54.028300110232976
-73.86412432137877
-35.13192377239466
-63.06754250819449
-69.24720275400887
-72.29902000370203
-48.51394053729018
-44.96865102202355
-82.30876791461378
-95.1925324704498
-50.10061878699344
-63.973662237403914
-63.97951126375119
-77.49808716773896
-67.1839245557785
-67.77808731794357
-80.81104132626206
-82.974667662289
-63.8664315585047
-81.79116449259163
-49.62529002036899
-75.65992796048522
-72.5305658057332
-71.81993133574724
-59.558109605684876
-91.10821437265258
-50.517568128881976
-74.73685614950955
-73.640704235062
-78.15135372581426
-43.91368364540176
-79.18052064770018
-65.64784374283045
-52.67129480592121
-47.334573924540564
-48.310274260118604
-58.51394324703142
-80.0902726650238
-56.038633450865746
-83.25816091452725
-72.8482254743576
-72.79649023362435
-58.072145841259044
-80.92279528547806
-46.81067591905594
-92.30114518024493
-72.34816702455282
-67.37517596321413
-81.39199256846041
-67.51837976730894
-80.82549202442169
-76.59214583551511
-75.45977464318275
-83.97628802619874
-35.26637684414709
-68.9986297567375
-71.60288419405697
-75.98393012583256
-55.13653361191973
-76.2250172420172
-52.89040198556904
-49.43552789930254
-62.02359938350128
-60.04775340296328
-50.44156852271408
-81.59836451708134
-49.08045052899979
-46.285351887345314
-66.49071040678609
-93.69136299937963
-51.75907474302221
-79.37676061317325
-70.19576770012645
-68.75177249312401
-54.582523501245305
-80.27774225978646
-40.865904740057886
-55.478535542380996
-44.07726275065215
-70.76199777424335
-52.47714888941846
-44.76597142213086
-56.458993339692825
-51.41065589707614
-60.97371497750282
-59.919080065970775
-31.693117030721623
-47.637869385725935
-88.65348844183609
-82.46243339776993
-67.3553863897323
-64.80488340008014
-37.87425034742046
-53.51754192338558
-54.799531201490026
-71.48988077230752
-74.46584223024547
-60.17016972284182
-65.45632937084883
-66.41497838253781
-71.14289438068226
-84.83115601524514
-37.565480444080094
-70.64512026268312
-69.49862883944297
-70.21901094447821
-64.06183052249253
-65.04660191107541
-71.31468933832366
-82.48500410281122
-66.26657426357269
-67.78384137526155
-57.47225979715586
-58.677178665064275
-60.89729148145943
-65.35754938228638
-79.30736304819584
-62.06207548076054
-73.34883154946147
-82.58916505041998
-60.75229827745352
-66.29861525818706
-74.20914478205668
-78.65099616434964
-29.440004264411982
-45.21481189115548
-48.467296140501276
-49.68426454963628
-80.80644492804686
-68.62783380784094
-59.996570706325656
-64.25116956070997
-47.58686208724566
-62.268386003313935
-59.943122387398034
-79.63302898406982
-39.826344922184944
-61.47264288677252
-45.6494207996584
-75.75400269031525
-37.64460891436465
-63.77039349074221
-53.83379870720091
-64.48221251336508
-51.080890630197246
-60.29791447147727
-53.66028563911095
-58.267622684215894
-50.62637980096042
-62.17187017691322
-52.440634578466415
-67.45071047870442
-85.35992699675262
-85.92727425694466
-43.24802533755428
-76.03370502454709
-63.781916229316266
-62.89981691389403
-48.94182312317207
-61.532155282693566
-63.37572684884071
-84.114958643715
-45.70847307704389
-69.26019657729194
-78.2096227183938
-76.72159436403308
-74.91738731927762
-78.4826938635556
-64.14786465444922
-86.44140374660242
-58.22885472327471
-88.36613372527063
-71.57694654166698
-64.63122557656607
-63.409731216321234
-77.22380175162107
-57.6549897193172
-58.13091448042542
-59.36896320886444
-89.54303252692534
-52.3270897155744
-81.83885430591181
-70.6065712585405
-84.31996977108793
-65.01228849943072
-56.830101747968
-62.41401214897405
-61.922275843069656
-72.70065945386159
-91.91264470422175
-78.35357125848532
-76.44480681791902
-64.27486493438482
-64.92708664643578
-55.35493796830997
-88.27297508714855
-62.03631329536435
-73.58710099756718
-62.83407115926093
-63.30193681370292
-65.02714395509065
-57.26116760975856
-63.60900383722037
-74.36973810195923
-35.75990637426662
-60.10739450779511
-57.47173773229588
-60.80844749137759
-59.923761473968625
-47.75998048884321
-63.56280161207542
-84.72938704490025
-74.25531708175549
-79.55307793615475
-54.5300330221653
-63.78875904669985
-61.42568695537648
-80.80613815246033
-58.71646440029144
-64.25591906905174
-65.16232083798059
-54.680137484181614
-53.325090453843586
-69.31206034509523
-43.45315803727135
-66.45335221290588
-60.4644342507454
-70.68273811131985
-68.07298505305857
-80.01510154674179
-75.2950291975867
-74.81345568783581
-75.54853875201661
-73.6635670075193
-81.44380652892323
-64.04260556679219
-82.8104157447724
-95.61624680738896
-65.2623908966716
-79.6048667775467
-55.456083215434774
-63.82633619662374
-62.03427302836781
-63.9042463399237
-45.136754766106606
-47.76360598786778
-55.80358400217665
-74.20470463857055
-80.38641333184933
-76.03213062882423
-76.85424453020096
-85.70490917563438
-64.35629178024828
-87.94242398440838
-54.120844659395516
-65.49593844637275
-35.49698469787836
-50.36751790903509
-69.99868447589688
-83.87809625192313
-65.6493655629456
-96.58383359573781
-67.74264137420687
-50.394122146622976
-67.48133465088898
-76.09751361608505
-67.94960290193421
-93.99664608296007
-78.44541347010636
-85.5032231539808
-63.30416440553381
-57.179959046829026
-55.26076453644782
-84.91736156668048
-41.68739624833688
-53.93738533742726
-66.30164754507132
-85.14565789699554
-44.43703142623417
-66.26332926701434
-70.91339912908734
-62.58509024931118
-47.760057572157166
-67.61189188033984
-83.50961064582225
-88.65853569377214
-90.01056599601907
-96.33462398382835
-83.01014282216784
-74.42789536714554
-37.743434077998245
-66.00523080304265
-51.48500534886716
-71.15567943826318
-67.86960228253156
-76.60305164195597
-46.93822364505104
-60.251249987311894
-83.17780208587465
-100.03278833627701
-50.92803961012032
-65.50468254089355
-76.27342973824125
-80.27598173730075
-63.64305479754694
-88.64858600610751
-57.234236290707486
-63.62894808778947
-89.2454544454813
-85.4119782447815
-71.38403335167095
-103.3954487927258
-81.80251193908043
-94.24411090626381
-53.048168049594096
-60.57119059553406
-70.24548299005255
-73.88888750629849
-49.39110409561545
-58.80843735486269
-51.26525646433947
-75.84203358832747
-70.0177513279632
-65.41505834879354
-77.95063267822843
-80.76254172623158
-61.79511725157499
-73.84135836362839
-64.30395339413303
-75.45445767789738
-84.07901608834072
-88.25590026323334
-64.14844068922685
-66.24518378311768
-68.66178652527742
-81.91909631423187
-83.84301930664515
-89.0673100668937
-70.67020153999306
-52.69971525669081
-71.07468623231398
-53.683499075472355
-79.4165295359071
-78.92972094297875
-35.82878188154427
-60.12201869301498
-64.44873961806024
-75.0973951779888
-36.59081938862164
-67.69174641533755
-58.67846975289285
-74.7066061575315
-62.09617602825148
-68.0920228954692
-53.77181088872385
-72.92908477699166
-55.36586757627083
-72.58533975191676
-72.73828162439167
-58.3830698877573
-90.28467881179677
-86.89501885604113
-39.38258617983229
-60.906998513964936
-61.040778250142466
-76.41509208397474
-71.15778217371553
-55.95278040505946
-47.97933477163315
-78.21298694082361
-76.17225050693378
-70.77733425726183
-47.8249457210768
-55.168096284382045
-41.47918401629431
-66.27803836070234
-58.247322974712006
-56.081540257669985
-72.92118573187963
-85.27432224433869
-53.0927768348447
-62.73141787868008
-52.60926364492116
-45.86164305890634
-68.05758583545685
-66.93144058529288
-45.95917433500108
-79.93379154475372
-77.23115248675458
-74.08530612111645
-57.78340892563574
-72.43776771589182
-66.43560958467424
-71.51886758941691
-82.80037576993345
-78.8715287422674
-96.0974504947662
-86.94596210122108
-54.8871560645639
-82.2361299097538
-62.98060381412449
-72.25359572764137
-73.80696183438158
-80.30874918727204
-69.92511298519094
-73.69478112459183
-44.97209334373224
-62.93111996352036
-30.41693111868517
-48.45891365763964
-75.3953649213654
-82.73769273556536
-81.03308579325676
-76.07796208327636
-73.95587927103043
-64.45901066064835
-48.07414685729418
-72.17392457230017
-62.80556929111299
-69.30592420538233
-56.3859736014565
-83.17381918419233
-45.61949681863189
-76.96253655524924
-85.78033626062461
-72.21788315381855
-74.48925899225287
-78.65238375513582
-55.32220649716783
-53.02468445056502
-68.6577265560627
-87.65011447668076
-65.733858345935
-66.07010703042033
-54.365074729546905
-70.2889735288918
-56.87144648707181
-83.16376399993896
-39.9652985160792
-47.19612798044909
-58.82031713426022
-86.86805924214423
-44.068514227401465
-57.59960915031843
-58.77356642471568
-78.77002862613881
-79.04784226685297
-90.2626660639653
-48.44857949251309
-63.67099082467939
-64.56629342166707
-71.23208212852478
-62.85779545988771
-58.47851824749887
-50.52741754054978
-53.666393892794986
-68.76181978732347
-51.484919953181816
-67.27050137356855
-59.91669432818787
-64.34712652388407
-74.3186540841125
-56.5687715774402
-61.681782824816764
-55.52553083957173
-61.35965507356741
-50.20048909052275
-49.5628566515461
-48.24728819704433
-92.98972723633051
-84.00508349444135
-74.59034901112318
-61.90404287725687
-80.86385667324066
-68.33786636590958
-71.67969675501809
-54.69658966362476
-55.92066544666886
-74.63213084824383
-92.89676192775369
-98.42327499388011
-76.47974167627399
-68.0928390622139
-80.22919231653214
-50.76596273249015
-71.86291205510497
-66.80826139450073
-86.72935575572774
-72.13025426863987
-87.211238116608
-55.821183514926815
-71.0682418346405
-77.63736856449395
-93.38089815643616
-73.96837192261592
-86.95605003717355
-72.53719310462475
-55.11042379587889
-83.38998034592623
-94.26958827162161
-45.69852469392936
-43.61900308189797
-41.398886178503744
-68.007712777704
-48.45969674177468
-70.66405543696965
-66.71080123260617
-68.57749075317406
-55.41399326734245
-63.96745240446762
-67.39266943886832
-57.76708453850733
-55.6772967762663
-68.77197551727295
-73.08886715583503
-58.64487951248884
-53.404777948744595
-69.05979914078489
-65.82188672572374
-69.92083485005423
-51.38974368176423
-65.07328310748562
-88.03916215896425
-82.3490462936461
-57.137743320607115
-71.51644339761697
-66.6621784173185
-81.96686930954456
-65.31154508888721
-75.34795660099189
-54.65116740018129
-75.86385466065258
-50.79075586787985
-72.96806071604624
-91.06665921211243
-66.5204567424953
-70.05387125170091
-67.69714498469693
-62.12222230806947
-81.56064460838024
-50.999697798266425
-70.71643027977552
-64.58334648558957
-87.70461686048657
-59.82833256144659
-58.38460066160769
-66.211626149714
-63.30322951078415
-84.01578378393606
-85.45332825183868
-52.78895116504282
-63.35945150893531
-49.808248094283044
-83.18429744662717
-52.97458589076871
-48.198281152159325
-51.34036825224746
-75.30254203523509
-43.14084247907158
-53.2871071915215
-74.3280974621157
-64.68895929586142
-68.32659721374512
-57.049534063486135
-60.55071152746223
-75.87115633445137
-54.5411692103371
-57.8507634393718
-60.73321235924959
-102.67886291071773
-75.10836064557225
-58.875753098166115
-60.51031894233893
-83.16052591793414
-34.12748346259468
-67.73267296297126
-74.32741053123027
-65.34694211231545
-75.9809557177723
-89.88611584343016
-54.02828147448599
-48.909496751090046
-49.95236398279667
-50.78804185069748
-44.130992939695716
-50.30382844654741
-57.70705937483581
-52.67144055549579
-67.57364511484411
-78.55125591158867
-62.069154588505626
-62.39842232497176
-52.48750148517138
-84.17072235795786
-51.84554718498839
-74.63908002525568
-86.566313977346
-80.4180101454258
-80.61060391599312
-97.16570831462741
-92.08252167700903
-96.47802582522854
-80.2749507278204
-84.70850591361523
-50.85776374856505
-57.12737681111321
-45.79919584095478
-66.7237319650012
-55.67110965400934
-55.95055739502641
-50.561769900261424
-62.97900653257966
-68.1034525620853
-68.89454481587745
-51.44746872782571
-73.82264863025921
-62.84431532982853
-54.223961705341935
-50.6834627493663
-67.6351500746714
-64.36071137827821
-68.89984072127845
-54.029239191673696
-74.45254744396061
-64.27962683606893
-81.17359454510733
-57.612183928484455
-71.67646770900865
-73.1819918393303
-79.24472396052442
-61.50491134636104
-62.560488937437185
-35.3342663384974
-65.75127112201517
-76.56722962397907
-66.3222470622859
-59.49075706343865
-67.66474704490247
-58.971744697541
-92.63881796237547
-67.1590501070022
-92.18491864203361
-64.98270934550237
-57.0140227056836
-76.42581069469202
-75.38244563064654
-67.747756512661
-59.795869605615735
-76.79760277230525
-73.64335568479146
-71.86229778360575
-79.67231026350055
-51.15207305789227
-51.54779217124451
-65.5276444517076
-85.8972043958347
-55.66095212260916
-80.24435637705028
-73.69980379939079
-58.734003411605954
-61.908248763065785
-84.00649568997324
-52.224728820467135
-80.90097472810885
-48.138805172751745
-50.44575971714221
-50.573779757658485
-65.78397632751694
-85.89062427834142
-75.26827152073383
-41.78148960998442
-62.15052163480868
-72.30309972167015
-70.59234592318535
-55.68596290051937
-81.17134284973145
-57.585472225706326
-66.24676068965346
-89.70027214824222
-77.79582941532135
-52.33857138044186
-48.521405435400084
-43.71600748889341
-64.74070143373683
-65.92639970750679
-77.93301348015666
-51.62159895771401
-68.02800278365544
-34.62698830291629
-53.0084231005485
-59.82765245158225
-65.78622425533831
-70.63677222020851
-56.12350898724981
-47.970937787686125
-74.60453139069432
-55.29575979709625
-64.23501899052462
-65.14581670146435
-53.77714072354138
-44.77665659597733
-76.23866324848495
-53.038352362811565
-78.24937849026173
-37.65179097186774
-66.13782691955566
-88.32561528682703
-72.69715383299626
-60.54557360339095
-66.16466953337658
-77.52779579162598
-66.67926816595718
-34.668151601905265
-58.77791121598966
-56.98701834818348
-74.63450446724892
-59.31371651416339
-89.0514554604888
-53.78799755126238
-54.736400354187936
-49.340462488049525
-62.61184970824979
-72.63957270095125
-82.94847318466054
-104.16478037834167
-88.84793970454484
-69.65378266363405
-73.66654039174318
-47.12940837442874
-63.29603323593619
-68.828906476479
-82.37626767119582
-79.8974977415055
-84.74562736588996
-73.38665041234344
-57.16299781668931
-59.40183077007532
-56.257304668426514
-69.2466257577762
-85.34501423127949
-52.70265199243636
-72.12048479896839
-50.954625176265836
-79.75587940180412
-52.17287668585777
-52.131990646950726
-79.36476230620428
-94.33284699451178
-52.413267124444246
-65.86865377426147
-45.656368850937724
-62.03583192812221
-72.4432686790824
-80.18424662202597
-59.215412212040974
-72.91505384072661
-73.7224879264777
-77.87971275973905
-70.42451209353749
-48.45137585722841
-75.43474573548883
-87.31440851092339
-40.66046378342435
-60.12586307522997
-38.44095382926753
-82.51846841883525
-79.8046893924311
-91.78227053023875
-55.3600811951801
-72.5378921192605
-61.84942805766582
-92.2281018493668
-65.52828355960082
-80.70639308658428
-67.24242675303094
-67.42781329608988
-61.694240067285136
-72.59580087661743
-57.61054362615687
-94.27307774104702
-70.34407201036811
-64.94489641037308
-60.05523133274619
-80.09900772432229
-74.46692925971001
-75.6254963260144
-77.44828227115795
-57.52621200750582
-61.16307833394967
-52.6700139939785
-67.59820625226712
-66.03743794493494
-71.96602876659017
-75.07739748433232
-71.94669299706584
-81.01297051715665
-75.34436817467088
-98.67533997818828
-49.30404102704051
-48.097641586879035
-46.81095668353373
-69.23048859646588
-38.961106398142874
-55.260281422684784
-78.16372166224755
-87.6520218886435
-40.584061374887824
-70.35812873393297
-65.4709268972656
-70.72063899040222
-65.14073387533426
-80.62213197350502
-58.337783574621426
-72.90818672587011
-49.721257876604795
-71.40231708134525
-55.997861351817846
-77.24988830822986
-59.993864157702774
-60.5129855870191
-37.054371861566324
-61.009984500706196