0.8859268426895142
0.03181340917944908
0.0012244416866451502
0.009686888195574284
1.6479135751724243
1.493207335472107
0.002026572357863188
0.0013608703156933188
0.009873959235846996
0.2253400683403015
0.014273290522396564
0.013683431781828403
0.11112600564956665
2.3541150093078613
0.007290760520845652
0.1797473132610321
0.025408782064914703
0.021743103861808777
1.0921046733856201
2.038271903991699
0.00428755534812808
0.02334829606115818
0.00015520863234996796
0.0006039392319507897
2.73382568359375
3.3551385402679443
0.0022161873057484627
0.0005753973964601755
0.0022964063100516796
0.014428352937102318
0.03735952079296112
0.004135506227612495
0.0034172097221016884
0.36558619141578674
0.027093129232525826
0.028205832466483116
0.0049192169681191444
0.004866025410592556
0.0001578375231474638
0.015429016202688217
0.029177961871027946
0.48457878828048706
0.06686915457248688
0.012379590421915054
0.0011994781671091914
0.000924226304050535
0.6803423762321472
0.20003168284893036
1.921159029006958
2.966708183288574
0.012202939949929714
0.025554396212100983
0.01563970558345318
0.019557397812604904
0.011389898136258125
0.010166317224502563
1.0877649401663803e-05
0.00292995385825634
0.011292249895632267
0.00159329897724092
0.009536058641970158
0.003754130331799388
0.0009474508697167039
0.0021246359683573246
0.05442604050040245
0.014697653241455555
0.7270267605781555
2.0974225997924805
3.1059787273406982
3.4904346466064453
0.7319936156272888
1.548101544380188
0.06923685222864151
0.0025511670392006636
1.7919905185699463
2.1661016941070557
0.016391977667808533
0.40481507778167725
0.03046094812452793
0.01527700200676918
0.05675451084971428
0.056100621819496155
0.793103814125061
0.9912227988243103
0.0075711640529334545
0.08827455341815948
0.011629022657871246
0.034611545503139496
1.8281000852584839
1.2754664421081543
0.05279143527150154
0.11500493437051773
1.0963693857192993
2.009565591812134
0.0005734595470130444
0.0405353382229805
0.008773489855229855
0.0004764746699947864
0.3577541410923004
1.7194830179214478
0.004338000901043415
0.0008961083949543536
0.005519051570445299
0.11270555108785629
0.007290887180715799
0.08494690805673599
0.9344432950019836
0.02381978929042816
0.015407506376504898
0.009737211279571056
0.6097974181175232
0.01606823317706585
0.04605674743652344
1.307922601699829
0.8022230863571167
2.3142967224121094
2.1445302963256836
2.2838127613067627
1.8354175090789795
0.04488017410039902
1.6328710317611694
1.7643331289291382
0.004143689759075642
0.005171296652406454
0.7705449461936951
1.2716169357299805
0.10157962143421173
0.3397412598133087
0.10025966167449951
0.04566239193081856
0.02527887560427189
0.08170666545629501
0.0003892818349413574
0.0005844591069035232
0.003472228767350316
0.003672356717288494
0.003806567285209894
0.0007527623674832284
0.09178847074508667
0.0009130612015724182
0.001783889252692461
0.014712405391037464
1.435354471206665
2.257697343826294
0.5070151090621948
2.9674127101898193
0.07561648637056351
0.13746583461761475
0.0006985219661146402
0.00037685068673454225
0.004186002071946859
0.02036118507385254
0.0336410216987133
0.060892265290021896
0.06473637372255325
0.023082956671714783
0.008969363756477833
0.6223576664924622
0.026653943583369255
0.02381978929042816
0.14351049065589905
0.14457567036151886
0.008288268931210041
0.0794517919421196
5.728649557568133e-05
6.382979336194694e-05
0.21992577612400055
0.20607812702655792
0.015403849072754383
0.0005123125156387687
0.39110076427459717
1.4528844356536865
0.0014882173854857683
0.012649580836296082
0.04874977841973305
0.019333386793732643
0.41802534461021423
1.0657429695129395
0.01744985580444336
0.14907844364643097
0.005555112846195698
0.06035802885890007
0.027697516605257988
0.29621046781539917
1.4287850856781006
1.67982017993927
0.11614576727151871
0.06678728759288788
1.7281434535980225
0.8228237628936768
1.286780595779419
1.2006510496139526
1.895545482635498
2.5341110229492188
0.09618467837572098
0.000549430085811764
0.02105686441063881
0.06346818804740906
0.013277391903102398
0.6320301294326782
0.12758783996105194
0.12873387336730957
0.002656264929100871
0.0004146377614233643
0.0005542938597500324
0.006415410898625851
0.0006994434515945613
0.03715277835726738
0.15153375267982483
0.9448869824409485
0.0007274863892234862
0.018224356696009636
1.832613229751587
0.9446443915367126
1.6224136352539062
0.8279032707214355
0.020167294889688492
0.023164696991443634
0.39660102128982544
0.5043067336082458
2.6838037967681885
2.0730676651000977
0.01117384247481823
0.0007151976460590959
0.0013494618469849229
0.005207986570894718
1.6063423156738281
1.1658018827438354
0.016008414328098297
0.00021326028218027204
0.30223673582077026
0.21252353489398956
2.019845962524414
1.9891512393951416
0.000786872988101095
0.001658585504628718
2.0475075244903564
2.440079927444458
2.2290828227996826
1.7872588634490967
3.0013933181762695
3.2906742095947266
0.00010049906268250197
0.0035942774266004562
0.0024395401123911142
0.014684519730508327
0.0361289419233799
0.13338899612426758
1.369982361793518
1.6466280221939087
0.0051667517982423306
0.023082956671714783
0.038842421025037766
0.10306479036808014
0.0005788130220025778
0.00021187547827139497
0.0035344576463103294
0.3283306956291199
0.6087448000907898
0.4613392949104309
0.024974562227725983
1.4050626754760742
0.46451064944267273
0.7838953733444214
1.5993528366088867
2.300729751586914
0.0020386120304465294
0.00010060051863547415
0.009728307835757732
0.010643301531672478
0.00309952674433589
0.4581773579120636
0.0025843800976872444
0.024820158258080482
0.08122345805168152
0.009234529919922352
2.494382619857788
2.829906702041626
0.010274545289576054
0.005400732159614563
0.8340976238250732
0.1952355057001114
1.3460460901260376
0.39870885014533997
2.2071659564971924
2.4030978679656982
0.0026946915313601494
0.14582586288452148
0.5126244425773621
0.4613392949104309
0.001028598751872778
0.0015334634808823466
0.00030029870686121285
0.017494650557637215
0.004418049938976765
0.029502829536795616
0.2844177782535553
0.3686331510543823
0.0011193035170435905
0.014098507352173328
0.05574662238359451
0.1498214453458786
1.671903133392334
1.6801769733428955
0.0020570303313434124
0.0030485212337225676
0.016248097643256187
0.02494075708091259
0.01345388125628233
0.06626313924789429
0.1939062774181366
2.6474719047546387
0.02371387369930744
0.0008071523625403643
0.004091889597475529
0.001138306688517332
0.00027410060283727944
0.0031865807250142097
0.07175789773464203
0.006328286603093147
1.650695562362671
0.9503026008605957
0.04316576197743416
0.0047106933780014515
2.016085147857666
0.049558207392692566
0.003576114075258374
0.005531401373445988
0.003636738983914256
0.003820942249149084
0.04194546490907669
0.13465067744255066
1.774544358253479
1.2527965307235718
0.03936164826154709
0.0021222925279289484
0.002768454607576132
0.005286398343741894
0.007188879884779453
0.022901201620697975
0.004647689405828714
0.011159130372107029
0.01946367137134075
0.056125640869140625
0.7741596102714539
0.5936511158943176
0.04044097661972046
0.003894055262207985
3.7553999423980713
2.597487449645996
0.09922415763139725
0.029257234185934067
0.6204697489738464
1.310354471206665
1.9688047170639038
1.5977308750152588
0.012685834430158138
0.0019189370796084404
0.7079566717147827
0.0012896826956421137
1.7257704734802246
1.3961786031723022
0.11251629143953323
1.1864639520645142
2.842278242111206
2.3117825984954834
0.0664382353425026
0.08337368071079254
0.0018000792479142547
0.005015953443944454
1.736639380455017
1.020390510559082
0.009874314069747925
0.0020868254359811544
0.0006978323799557984
0.016075793653726578
0.002457792405039072
0.003389181336387992
2.0909838676452637
2.2290923595428467
5.0689835916273296e-05
0.007639947813004255
0.07796866446733475
0.018053855746984482
0.049403976649045944
2.5024609565734863
0.09507566690444946
0.021876027807593346
0.22383356094360352
0.0036162359174340963
0.0015642361249774694
0.004022989887744188
0.0005208068178035319
0.0050334567204117775
0.10487697273492813
0.11842972785234451
0.05259256809949875
0.005275600589811802
0.6192244291305542
0.003208134789019823
2.9997289180755615
2.251734733581543
9.910163498716429e-05
0.0007911223219707608
0.002208136487752199
0.0024652027059346437
0.02659999206662178
0.006346548441797495
0.7412165403366089
0.7439028024673462
0.001268797437660396
0.02394283562898636
0.015778137370944023
0.019637638702988625
0.02396402321755886
0.18109703063964844
2.0793545246124268
1.1841986179351807
0.029709799215197563
0.025685813277959824
0.0035343030467629433
0.000196077860891819
0.20311617851257324
1.3201168775558472
0.4426445960998535
0.06086623668670654
0.0004157168441452086
0.09986261278390884
3.6565288610290736e-05
0.009460456669330597
0.04125072434544563
0.002882200526073575
0.01425121258944273
0.6014934778213501
0.002487448276951909
0.06535955518484116
0.01715790666639805
0.04531233012676239
2.35990309715271
1.4740819931030273
0.029429424554109573
0.4581773579120636
0.0016826647333800793
0.0011878954246640205
0.2648264169692993
0.0005673803389072418
0.4737614095211029
0.9248297214508057
0.011580455116927624
0.15220315754413605
1.962244987487793
1.4606475830078125
0.012274053879082203
0.10046999156475067
1.1801470518112183
0.7520250082015991
1.82585871219635
1.459511637687683
0.0006430537905544043
0.0001285104372072965
0.028288669884204865
0.06652532517910004
0.0005900432588532567
0.0031229325104504824
1.8838222026824951
1.9323737621307373
0.0001974141487153247
0.0011080093681812286
0.592698872089386
1.3963885307312012
0.017889555543661118
0.5749621987342834
0.0014554908266291022
0.25432926416397095
0.004407550673931837
0.014383920468389988
1.6153855323791504
0.055429309606552124
0.010822293348610401
0.031708501279354095
0.1756640076637268
0.428645521402359
1.8504962921142578
2.5432205200195312
0.005884780082851648
0.17144396901130676
0.00021253403974696994
0.06535889208316803
0.015033283270895481
0.5511509776115417
0.36255398392677307
0.12949548661708832
0.5465160012245178
0.192654550075531
0.0020520142279565334
0.00994272343814373
3.6582870483398438
2.597487449645996
0.8765046000480652
1.0844067335128784
0.0010401136241853237
0.4443190097808838
3.050151644856669e-05
0.005274861119687557
0.5369104743003845
0.0834416002035141
0.0019748001359403133
0.0011608591303229332
0.001137199578806758
1.8427919149398804
0.005055418703705072
0.001135116210207343
0.0024683792144060135
0.0005423183320090175
1.8330837488174438
2.343639373779297
0.028982777148485184
0.017025543376803398
0.2020694464445114
0.018715092912316322
0.026332510635256767
0.01753644086420536
0.01756114326417446
0.007300172001123428
0.008110023103654385
0.029452115297317505
1.655600666999817
2.0377612113952637
0.49868088960647583
0.05059671774506569
0.009555552154779434
0.003296024864539504
0.8610427975654602
0.26924583315849304
1.8167929649353027
0.01921270042657852
0.017853375524282455
0.005077499896287918
0.022377464920282364
0.1094202920794487
0.00017518652020953596
0.0007796642603352666
0.06441263854503632
0.0003672085877042264
0.37299254536628723
0.0017191984225064516
0.023302428424358368
0.17133936285972595
0.0032268385402858257
0.000674265087582171
0.00015942304162308574
0.00792695488780737
1.3001819849014282
1.5931233167648315
0.0005284687504172325
0.012382986955344677
0.3283115029335022
0.6482385993003845
0.0008292022394016385
0.0001731429947540164
0.06720257550477982
0.012186332605779171
2.6598777770996094
1.8064543008804321
0.32823124527931213
0.6700048446655273
0.014089989475905895
0.08919622004032135
0.21837663650512695
0.01036905962973833
0.011819753795862198
2.030808687210083
0.6218067407608032
0.23178856074810028
0.0007926840917207301
0.01687633991241455
0.001461163628846407
0.004078983794897795
0.7751482129096985
0.8309709429740906
1.8745458126068115
1.3048166036605835
0.24779601395130157
1.3953213691711426
1.8816405534744263
2.597076177597046
1.6097352504730225
1.9069790840148926
0.00016262046119663864
0.019727131351828575
0.0012644031085073948
0.011725282296538353
2.517850637435913
0.1132749617099762
1.9627954959869385
1.1161317825317383
0.002843306865543127
0.003938506357371807
1.7593036890029907
0.9307649731636047
0.47765079140663147
0.15009474754333496
0.3928033709526062
0.01634974218904972
0.046438198536634445
0.2213931828737259
0.003755350597202778
0.013794793747365475
2.129210948944092
2.7454566955566406
1.7637656927108765
1.3803269863128662
2.9976422786712646
2.6451995372772217
0.21972480416297913
0.005039095878601074
0.030726466327905655
0.003911943640559912
0.01943420246243477
0.516562283039093
0.029451046139001846
0.16023428738117218
0.09691008180379868
0.5302723050117493
0.012545106932520866
0.13199827075004578
0.14349353313446045
0.8663765788078308
0.5255730748176575
0.6808517575263977
0.013186315074563026
0.19159170985221863
0.010054284706711769
0.04824860766530037
0.0005867040599696338
0.020659318193793297
0.05160567909479141
0.008123711682856083
0.0009473791578784585
0.07700024545192719
0.03538735210895538
0.003109939396381378
0.6066364645957947
0.7340056896209717
2.0109779834747314
1.0401067733764648
0.00272534997202456
0.004819512367248535
0.29682213068008423
0.14104007184505463
0.002174876630306244
0.00323821185156703
0.0008490548934787512
0.13684985041618347
1.8937052488327026
2.4535703659057617
0.00018691411241889
0.006138967350125313
0.00037349187186919153
1.3045055866241455
0.0004447745450306684
0.6588994264602661
0.0008441878017038107
0.006662232801318169
2.5229415893554688
0.23622925579547882
0.00017462593677919358
0.0025848140940070152
0.025807442143559456
0.5073747634887695
2.2472736835479736
1.7620606422424316
0.0943305641412735
0.018715092912316322
0.00147005554754287
0.005436656530946493
1.6229883432388306
0.4612658619880676
9.29383750190027e-05
0.0007122282986529171
0.009006887674331665
0.004449616651982069
1.2586760520935059
2.981523036956787
8.452394104097039e-05
0.00010060051863547415
0.0008533129002898932
0.008749691769480705
0.04298309236764908
0.04821068421006203
0.0023350755218416452
0.033990975469350815
0.18269206583499908
0.010446340776979923
2.5461764335632324
2.4835424423217773
1.9568310976028442
0.8923255205154419
0.0008669527596794069
6.33507952443324e-05
0.044748153537511826
0.015013067983090878
0.11080767959356308
0.20878006517887115
0.01828663982450962
0.11802390217781067
0.01645713299512863
0.37176474928855896
0.4046996235847473
0.9398794174194336
0.004284973256289959
0.005018965341150761
0.00280638481490314
0.473856657743454
0.0015741323586553335
0.019581113010644913
0.0005908298771828413
0.0022782678715884686
0.002358232857659459
0.000307105656247586
1.8853719234466553
0.9890669584274292
0.0036189083475619555
0.004376787226647139
0.11268005520105362
0.013102524913847446
1.8914591073989868
2.0959367752075195
0.6255879402160645
0.6899667978286743
0.0026283273473381996
0.13024957478046417
0.7298595309257507
0.5871852040290833
0.002309515606611967
0.008078368380665779
0.39094558358192444
0.32203638553619385
1.8401222229003906
2.8574838638305664
0.0022633345797657967
0.02327987365424633
9.138902532868087e-05
0.0010122299427166581
0.00288379960693419
0.0018114664126187563
0.0033759092912077904
0.002589801326394081
0.09360601007938385
0.43248552083969116
0.25012046098709106
0.21903949975967407
0.1569860726594925
0.48951345682144165
0.039421580731868744
0.045459311455488205
0.004370329435914755
0.008912128396332264
0.2593325972557068
0.04637886956334114
0.003174610435962677
0.06554222851991653
0.002041836502030492
0.00038527086144313216
0.03406564146280289
0.060128163546323776
1.5601019859313965
2.3104677200317383
1.9280582666397095
0.6803635358810425
0.003621829906478524
0.00020141317509114742
0.2189502865076065
0.018566671758890152
0.36672863364219666
0.8844239711761475
0.004892649129033089
0.011408726684749126
0.9465166926383972
0.24062900245189667
2.0176751613616943
2.4395527839660645
0.0012584930518642068
0.010684887878596783
1.285765290260315
1.0028047561645508
0.02375604212284088
0.1385289579629898
0.248093381524086
0.027862509712576866
0.0007633828790858388
0.10843048989772797
0.016780858859419823
0.06419238448143005
2.884944200515747
3.205596685409546
1.3864613771438599
0.8774750828742981
0.6428245306015015
1.2635276317596436
0.006777584552764893
0.09188707172870636
1.6336560249328613
2.368844509124756
0.2306685745716095
0.5262982249259949
0.98433518409729
0.04745372012257576
0.06159522011876106
0.1369287073612213
0.001006727572530508
0.005015844013541937
0.10553571581840515
0.006118123419582844
3.2672412395477295
2.2693960666656494
2.3902785778045654
2.077136754989624
1.2921169996261597
0.05823952704668045
0.07124590873718262
0.037791091948747635
1.5589065551757812
0.3407607674598694
1.9459173679351807
1.8104244470596313
0.12330521643161774
0.8159639835357666
0.01435522735118866
0.02044917270541191
0.04804401099681854
0.20686770975589752
0.04884956404566765
0.5919439196586609
0.10447246581315994
0.2835897207260132
0.776872992515564
1.9531525373458862
0.2781006097793579
0.32053396105766296
1.5606892108917236
1.7819770574569702
0.9438378810882568
0.07379676401615143
1.5617773532867432
0.0028982870280742645
0.2830667495727539
0.035146161913871765
0.009898223914206028
0.10915931314229965
0.22036270797252655
0.2698574662208557
4.1153244972229
1.7542028427124023
1.3227897882461548
1.433496356010437
0.005782022140920162
0.0791599228978157
0.004065732937306166
0.21984022855758667
0.07729888707399368
0.02008236013352871
1.310682773590088
0.7204481363296509
0.004061329178512096
0.2709958851337433
2.5655174255371094
1.455237865447998
1.8933578729629517
1.0642715692520142
1.5967128276824951
1.2994869947433472
0.0019443925702944398
0.0026152548380196095
0.016510523855686188
0.0008143673767335713
0.45846283435821533
0.6812117099761963
1.7883580923080444
1.9341931343078613
0.24727459251880646
0.6910343170166016
0.04108864814043045
0.06626313924789429
0.003999945241957903
1.23066246509552
0.011566663160920143
0.030985387042164803
2.596907615661621
2.5935163497924805
0.49637824296951294
0.18696101009845734
1.6019222736358643
1.0569261312484741
0.11335005611181259
0.02510310523211956
0.0020815879106521606
0.0031339270062744617
0.00711600948125124
0.0018064422765746713
0.0004925598623231053
0.1362713724374771
0.9535602331161499
0.6867932677268982
0.01805972494184971
0.0033546744380146265
1.6082630157470703
0.5971783399581909
2.0929527282714844
1.429287075996399
1.8961248397827148
0.13780516386032104
0.3662606477737427
0.9614135026931763
1.2463858127593994
0.8873224258422852
0.008245425298810005
0.1054881364107132
0.005986389238387346
0.012639695778489113
0.024282382801175117
0.06607969850301743
0.0017742026830092072
0.011774932034313679
0.004924069158732891
0.0022704352159053087
0.005529509857296944
0.009089936502277851
2.405238628387451
2.3534483909606934
0.1301504671573639
0.42286694049835205
1.8868510723114014
2.6476879119873047
1.1948810815811157
0.37554433941841125
0.0003921260649804026
0.006492176093161106
0.08072194457054138
0.3396102786064148
0.056318286806344986
0.0006375978118740022
0.00026615901151672006
0.0004318527353461832
1.380961298942566
0.47556936740875244
0.0008493260247632861
0.01847321167588234
0.7823486924171448
1.4224287271499634
0.00078152323840186
0.05905938521027565
1.9777004718780518
2.0091640949249268
0.561552107334137
0.2257375866174698
0.4643367528915405
0.2698574662208557
0.5952572822570801
1.4494630098342896
2.4913554191589355
2.4736385345458984
0.000966401887126267
0.002563667017966509
3.2324814796447754
2.0000858306884766
1.6367299556732178
1.410934567451477
0.5083489418029785
0.15935829281806946
0.23814444243907928
0.5651236176490784
1.7806109189987183
2.5699996948242188
0.015642540529370308
0.5247644186019897
0.00589054636657238
0.02997516468167305
0.003519135294482112
0.0025898676831275225
2.302140235900879
3.359170913696289
0.6350426077842712
0.20377473533153534
0.04307553544640541
0.10773340612649918
0.04707817733287811
0.038542408496141434
0.00032303284388035536
0.20775972306728363
0.003478476544842124
0.03471642732620239
0.00040958423051051795
0.0027579173911362886
1.8462755680084229
2.91605281829834
0.9985129833221436
0.39870885014533997
0.012855634093284607
0.013320357538759708
0.26528507471084595
0.089384064078331
0.1699729561805725
0.010759927332401276
0.29422637820243835
0.19911648333072662
0.0031259232200682163
0.002491731196641922
0.31612318754196167
0.3122215270996094
0.00014611720689572394
0.023831937462091446
0.028249332681298256
0.14467047154903412
0.8165226578712463
1.0633641481399536
0.0005396619089879096
0.009536336176097393
0.014492022804915905
0.02160867117345333
2.6082279682159424
2.872744560241699
0.00013327409396879375
0.0026036687195301056
0.14056161046028137
0.07258596271276474
1.2306005954742432
1.2599221467971802
0.007657676003873348
0.0033750678412616253
2.0275774002075195
2.467531681060791
1.9617133140563965
0.9036580920219421
0.006034014746546745
0.010709756053984165
0.01415250264108181
0.007891621440649033
1.2755571603775024
1.4315571784973145
0.005375754088163376
0.17270904779434204
0.7717770934104919
0.06674796342849731
1.1694939136505127
0.19116462767124176
0.0001516911288490519
0.0012074486585333943
2.2161073684692383
0.8014625310897827
0.00887628085911274
0.1856689155101776
2.783334493637085
2.2416417598724365
0.00025970349088311195
0.01468008104711771
0.24603065848350525
0.017369650304317474
0.726921558380127
0.17079970240592957
0.009695659391582012
0.32110992074012756
0.198948472738266
0.5202202796936035
0.0009743923437781632
0.6829720735549927
0.05814487487077713
0.36895743012428284
0.004100743681192398
0.011457858607172966
0.0006319248932413757
0.038116224110126495
1.3134866952896118
2.032294273376465
0.12293282151222229
0.0313517227768898
0.2579227685928345
0.2757628262042999
0.2532190680503845
0.014528287574648857
1.50136137008667
1.002098560333252
1.3741682767868042
1.8398526906967163
0.00721669802442193
0.012110991403460503
0.0013899133773520589
0.0005197337595745921
0.00019311027426738292
0.0006677721394225955
0.0013796900166198611
0.005809981841593981
0.10510844737291336
0.2746497690677643
0.003956293687224388
0.05560385435819626
1.3687210083007812
0.6857177019119263
0.02676442451775074
0.05945146828889847
2.533127784729004
2.3480653762817383
0.010199702344834805
0.04824860766530037
2.074398994445801
2.677276849746704
0.31628528237342834
0.14753705263137817
0.0009164782240986824
0.010647009126842022
0.002325061708688736
0.003766678972169757
0.002465920988470316
0.007550452835857868
0.007816831581294537
0.032046787440776825
0.012998109683394432
0.27993306517601013
3.173130512237549
2.7507712841033936
2.4326202869415283
2.9767868518829346
0.6754815578460693
0.5971783399581909
0.0034137286711484194
0.021870100870728493
0.00011667694343486801
0.04571672901511192
2.59317684173584
2.713796854019165
1.9351444244384766
1.1293399333953857
0.0016772598028182983
0.00031043548369780183
0.02078337036073208
0.011945128440856934
0.001549293752759695
0.2555868923664093
0.39205268025398254
0.003342603100463748
0.17431427538394928
0.0404205396771431
0.0020943894051015377
0.0004196420486550778
0.36789605021476746
0.6282920837402344
2.2476601600646973
2.3328070640563965
2.2433242797851562
2.061401605606079
0.026665959507226944
0.017589716240763664
0.006119060330092907
0.00010268759069731459
0.4797123670578003
0.07254217565059662
0.7331299185752869
0.08069814741611481
1.0789790153503418
1.0096443891525269
0.0052217356860637665
0.002835693769156933
0.012489656917750835
0.0021262892987579107
2.23223614692688
2.3755385875701904
0.012474540621042252
0.0001977808278752491
0.6240062713623047
1.8736743927001953
0.013617259450256824
0.034818049520254135
0.015770262107253075
0.002403456252068281
0.003124988405033946
0.004109719302505255
1.444978952407837
1.4673871994018555
0.008574506267905235
0.02911493554711342
0.007711917161941528
0.16243332624435425
0.3322223424911499
0.005690650083124638
1.3242107629776
1.5214635133743286
2.469358205795288
2.1897478103637695
0.0077292658388614655
0.5680760741233826
0.0012145976070314646
0.015147370286285877
0.02217702567577362
0.07045887410640717
0.019471650943160057
0.7396190762519836
0.25096750259399414
0.3972781300544739
2.0440778732299805
2.7989003658294678
0.00026829392299987376
0.0011217670980840921
0.0015015620738267899
0.002509512472897768
0.2584398686885834
0.37554433941841125
0.02123030461370945
0.15501989424228668
0.0019892279524356127
0.008529949933290482
0.02533002942800522
0.48044994473457336
0.029294362291693687
0.2400071918964386
2.487062931060791
2.2003512382507324
1.1159436702728271
0.04546457529067993
0.3486107587814331
0.6543604135513306
0.34257254004478455
0.3761989176273346
0.002866900060325861
0.06553567945957184
0.996338963508606
0.23539043962955475
2.2751991748809814
2.5374059677124023
0.00037330808117985725
0.0017509059980511665
1.9743914604187012
2.0464277267456055
0.0002226969663752243
0.0326700322329998
0.02654365822672844
0.0027272517327219248
0.023449312895536423
0.06835981458425522
0.060961730778217316
0.004928030073642731
0.0007636446389369667
0.0011055346112698317
0.08846548199653625
0.0016568367136642337
0.0008943150169216096
0.010397018864750862
0.005751325283199549
0.010488452389836311
0.12680314481258392
0.4531647562980652
1.6347882747650146
2.124952793121338
0.004425618797540665
0.01768396608531475
0.013607822358608246
0.002275025937706232
1.0531853437423706
1.179848074913025
0.01879197359085083
0.19645771384239197
0.005087387748062611
0.008804104290902615
0.30711129307746887
0.21013551950454712
2.6403820514678955
0.6808019280433655
1.559688925743103
2.308202028274536
0.00045250856783241034
9.912745008477941e-05
1.9922047853469849
1.820345401763916
0.9368610382080078
0.20003168284893036
0.00011546030145836994
0.010553574189543724
0.00213520391844213
0.01822984777390957
2.0484585762023926
1.7823724746704102
0.018236767500638962
0.0002877171791624278
1.5557050704956055
2.0749759674072266
0.024283455684781075
0.06419238448143005
0.039115097373723984
0.10384004563093185
1.0370734930038452
0.006436153780668974
2.3289010524749756
2.5414345264434814
5.879568197997287e-05
0.14666354656219482
2.081575870513916
1.6626297235488892
0.1237812489271164
0.1397717297077179
2.133894443511963
1.2654616832733154
0.021644337102770805
0.05605383589863777
1.2989262342453003
1.4050421714782715
2.904726982116699
3.0072906017303467
0.0012295080814510584
0.0022606125567108393
0.847295880317688
0.28330421447753906
0.008398361504077911
0.0042462898418307304
0.006531569641083479
0.0038731489330530167
0.0007735415128991008
0.06655226647853851
0.001578266266733408
0.0018062045564875007
0.00046183852828107774
0.0004029864212498069
0.000929569941945374
0.028283268213272095
0.003659040667116642
0.1681848168373108
0.012593789026141167
0.25763610005378723
0.0015204171650111675
0.0006487071514129639
0.08103795349597931
0.42187944054603577
2.7697901725769043
0.8160451650619507
2.4359843730926514
2.303746223449707
0.00014399031351786107
0.005770944990217686
0.020853018388152122
1.344964861869812
0.03799549490213394
0.13586552441120148
0.01112821139395237
0.045101065188646317
0.45371589064598083
0.7513394951820374
2.5348260402679443
3.205418825149536
0.3472807705402374
1.4099957942962646
1.5260041952133179
2.024657726287842
0.030359622091054916
0.5599297881126404
0.003660050919279456
0.0026730659883469343
0.03878818452358246
0.6571977138519287
2.0565199851989746
2.40924072265625
0.0006421774160116911
0.0026443381793797016
1.7408063411712646
1.8454328775405884
0.0063878013752400875
0.02938956581056118
0.43251222372055054
1.27281653881073
0.04597926512360573
0.3109683096408844
0.00039279600605368614
0.0009837185498327017
0.010980022139847279
0.00833580456674099
0.08886075019836426
0.019408725202083588
0.037757258862257004
0.0027858582325279713
0.8995903134346008
0.9756996631622314
1.260987401008606
1.850920557975769
0.16074533760547638
0.5000230073928833
2.7585818767547607
2.384854555130005
0.014895821921527386
0.006147726904600859
1.667151689529419
0.04078541696071625
0.0033215894363820553
0.008977816440165043
0.006830194499343634
0.02574670873582363
0.0005603296449407935
0.0014279105234891176
0.002357019344344735
0.005410665180534124
2.926259756088257
3.3046634197235107
1.0815399885177612
1.73713219165802
0.05637098476290703
0.03687238320708275
1.2595940828323364
0.8081554174423218
1.8033918142318726
1.6266964673995972
0.00027633935678750277
0.0007019814220257103
1.3530863523483276
1.8040847778320312
0.2647298574447632
0.0706242024898529
0.0044591608457267284
0.011534128338098526
0.012088954448699951
0.03186038136482239
0.08493606001138687
0.0010441562626510859
0.00133834860753268
0.09445087611675262
1.9697456359863281
2.3207390308380127
1.8238694667816162
2.35296368598938
0.03181421384215355
0.060014307498931885
0.00163415283896029
0.01469981949776411
3.06087349599693e-05
0.0001904239907162264
2.084794521331787
3.7230517864227295
0.00011196386185474694
0.0031826170161366463
0.010792309418320656
0.177969828248024
0.0538637712597847
0.02672521211206913
0.0001564084377605468
0.00034029054222628474
0.0010517649352550507
0.08399074524641037
0.08478405326604843
1.5996671915054321
0.21252912282943726
0.19266971945762634
2.031623363494873
2.8831915855407715
0.06430694460868835
0.0031119349878281355
0.005832329858094454
0.13392607867717743
0.010139345191419125
0.8817362785339355
0.12643106281757355
0.1174471378326416
0.0004823875497095287
0.000846412789542228
1.8907476663589478
1.7872588634490967
1.6117115020751953
0.18048672378063202
0.8265577554702759
0.2681022882461548
0.0010132021270692348
0.019881296902894974
1.5123310089111328
2.9476544857025146
0.0007104086107574403
0.002379713812842965
1.0140726566314697
0.39870885014533997
0.08498431742191315
0.007308849133551121
1.463668942451477
1.0096443891525269
0.49480029940605164
0.012921841815114021
0.07374534010887146
0.09784995019435883
0.0030830136965960264
0.01439747679978609
0.03238499164581299
0.02749500796198845
0.8147782683372498
1.1006170511245728
0.4151769280433655
0.542178750038147
0.00029860850190743804
0.006163102574646473
0.0007138518849387765
0.004042575601488352
0.06526245176792145
0.04129162058234215
0.3733482360839844
0.008530039340257645
0.7910746932029724
0.7910743355751038
0.18765918910503387
0.2808723747730255
1.1915158033370972
0.9278384447097778
0.017404917627573013
0.10487296432256699
2.053351879119873
0.6646910309791565
0.011301089078187943
0.006829214747995138
1.3278526067733765
1.2209521532058716
0.706375002861023
0.4328346848487854
1.1132597923278809
0.017857616767287254
9.590173431206495e-05
0.023831937462091446
0.006735730450600386
0.022155901417136192
0.12209513783454895
0.22885394096374512
0.06311608850955963
0.20081479847431183
0.24907928705215454
1.1581156253814697
0.07382725179195404
0.2372979074716568
6.212020525708795e-05
0.001074167201295495
1.898566484451294
1.6140851974487305
0.012363883666694164
0.010392717085778713
0.001787062967196107
0.03202662616968155
0.00019690438057295978
0.0005041811964474618
0.0010556140914559364
0.0012074779951944947
0.015514621511101723
0.000725366931874305
0.3047303557395935
1.1439385414123535
0.9924787878990173
0.7241309285163879
0.07363998144865036
0.2588820159435272
1.8591105937957764
1.1864639520645142
2.1313066482543945
1.9529255628585815
0.10823917388916016
0.001933882711455226
1.5342822074890137
0.9364302158355713
1.7976462841033936
1.7872588634490967
0.003972750157117844
0.03620968386530876
0.0018367031589150429
0.05838744342327118
0.0002341869694646448
0.00040124510996975005
0.4383353292942047
1.7156500816345215
0.006341699976474047
0.019134050235152245
0.8861944675445557
0.37133345007896423
0.00017207968630827963
0.0027430462650954723
0.0002563467714935541
0.009454398415982723
2.148552656173706
1.7596336603164673
0.010701773688197136
0.2089323103427887
2.1877858638763428
1.813430666923523
0.06934602558612823
0.013965141959488392
0.004127173684537411
0.023286880925297737
0.000981249031610787
0.06504011899232864
0.002237042412161827
0.10402734577655792
0.001966217067092657
0.15749527513980865
0.0008841681410558522
0.015261554159224033
0.008017330430448055
0.004040491301566362
0.0006460181321017444
0.2634938955307007
0.004708613269031048
0.10317857563495636
2.864508628845215
2.284860134124756
0.03436484932899475
0.022076847031712532
1.065474033355713
0.6117604970932007
0.009428488090634346
0.0015141270123422146
0.003705760929733515
0.07145296782255173
1.5979564189910889
2.071018934249878
0.003877576906234026
0.004401341080665588
0.6724275946617126
0.842882513999939
0.00553082674741745
0.031442709267139435
2.2828948497772217
0.8061097264289856
0.0017043179832398891
0.0012077630963176489
0.0014557191170752048
0.014659149572253227
0.09245410561561584
0.02845766954123974
0.009676436893641949
0.02714071422815323
2.2213144302368164
2.596683979034424
0.0013266309397295117
0.004878987558186054
0.020880552008748055
0.0017457209760323167
1.77768524736166e-05
0.012872407212853432
0.016935503110289574
0.0014454149641096592
0.19601383805274963
0.006654837168753147
0.006243304815143347
0.16696955263614655
0.08456017822027206
0.053681015968322754
0.18531478941440582
0.006823619827628136
0.11875878274440765
0.15298086404800415
1.7163678407669067
0.1928311288356781
0.0074670203030109406
0.02235489897429943
0.15323980152606964
0.08336804062128067
0.047582563012838364
0.003296024864539504
0.0002803700917866081
0.0007265721214935184
1.2045881748199463
0.2853029668331146
0.32965153455734253
0.07254217565059662
0.008844696916639805
0.0010485451202839613
0.3230709433555603
0.007527305744588375
0.0019490113481879234
0.0028683417476713657
0.0239090658724308
0.057595208287239075
1.389094352722168
1.789901614189148
0.00422200420871377
0.4802074134349823
0.09358518570661545
0.18814758956432343
0.0261923149228096
2.6830153465270996
1.8584740161895752
0.24625612795352936
0.034721702337265015
0.03338297829031944
0.0013849921524524689
0.019487878307700157
0.019084982573986053
0.0783880427479744
0.0025999844074249268
0.00029517855728045106
1.9634648561477661
0.9268786907196045
0.27702006697654724
0.17784884572029114
0.0336054190993309
0.253080815076828
0.4495988190174103
0.03264571726322174
0.013255184516310692
0.003990215715020895
0.00016490551934111863
0.0020765799563378096
0.00017557406681589782
0.00299665960483253
0.0007666433230042458
0.004109719302505255
3.034682512283325
3.109738349914551
0.042541805654764175
0.00022018072195351124
0.17505204677581787
0.020774800330400467
0.45612359046936035
0.17364394664764404
0.1552983671426773
0.14328400790691376
1.6232796907424927
1.6443676948547363
0.0002247255324618891
9.602007048670202e-05
0.8092147707939148
1.8934673070907593
0.003947744611650705
0.008538826368749142
0.00041202447027899325
0.0017191984225064516
0.0031286345329135656
0.0001950883597601205
2.066810369491577
2.785602569580078
1.1411159038543701
1.1403628587722778
0.46791014075279236
0.16944332420825958
2.137075662612915
1.4710681438446045
0.0004523281822912395
0.00515813659876585
0.1547040343284607
0.09001682698726654
0.4435718357563019
0.005339577794075012
2.3031177520751953
2.995987892150879
0.4536001682281494
0.004798074718564749
1.7420459985733032
2.0980072021484375
0.06354087591171265
0.00170690449886024
0.0016041493508964777
0.006994321942329407
0.5960571765899658
0.5509217381477356
0.0002883190172724426
0.0002819205983541906
2.0705785751342773
1.2800313234329224
0.017527299001812935
0.4961160123348236
0.2076788991689682
1.741127610206604
0.23933763802051544
0.24514691531658173
0.007522929925471544
0.0370471365749836
0.052507225424051285
0.2768228054046631
0.043406542390584946
1.530637264251709
0.12397974729537964
0.23373962938785553
0.002629462629556656
0.2116035372018814
0.013457606546580791
0.009765136055648327
0.3918154835700989
0.13284194469451904
0.002842883113771677
0.00023109628818929195
0.16694054007530212
0.07189041376113892
0.0004283041344024241
0.025145381689071655
0.38502198457717896
0.42286694049835205
1.0292370319366455
1.9441560506820679
0.0038107908330857754
0.34049883484840393
0.0019854316487908363
0.1609887331724167
0.005201021209359169
0.0032401036005467176
1.8569397926330566
2.5980842113494873
0.0005585135659202933
0.0073631880804896355
0.012902886606752872
0.1359994262456894
0.4585520923137665
0.0027585953939706087
0.01191676314920187
0.4301079213619232
0.14689531922340393
0.05945146828889847
0.32441064715385437
0.2746497690677643
1.8585025072097778
2.1684861183166504
0.06944473087787628
0.026862069964408875
0.4999980628490448
0.004078983794897795
0.2689700722694397
0.01606823317706585
0.024673836305737495
0.47845736145973206
0.0798184871673584
0.4214484989643097
1.918782114982605
1.2876805067062378
0.013281159102916718
0.006900503765791655
1.3611234426498413
1.8709604740142822
2.4588963985443115
2.4400970935821533
0.07208443433046341
0.030424097552895546
0.04154929518699646
0.25821271538734436
0.008842165581882
0.14718756079673767
0.0017490996979176998
0.0036977343261241913
1.2983131408691406
0.6330966949462891
0.024468103423714638
0.07554653286933899
0.012180807068943977
0.40256747603416443
0.001252576825208962
0.0021341959945857525
0.14214514195919037
0.010446340776979923
0.0003746870788745582
0.005586803890764713
0.00021068395290058106
0.00048370700096711516
1.256347894668579
1.5803591012954712
0.4713880717754364
0.37358373403549194
0.4778209924697876
0.31030216813087463
0.00010010198457166553
0.012178783304989338
0.25340399146080017
0.004722622688859701
0.028993768617510796
1.0839823484420776
0.017473293468356133
0.001139767118729651
3.0392467975616455
2.4099485874176025
0.2843973934650421
0.07962208241224289
2.384071111679077
3.1330671310424805
0.016772640869021416
0.002767360070720315
2.3501298427581787
1.5474339723587036
0.05071786418557167
0.35169509053230286
0.0004958950448781252
0.023582594469189644
0.015307587571442127
0.4786067008972168
0.015184883959591389
0.04688612371683121
0.003476622048765421
0.0418424978852272
0.002337048063054681
0.004327691625803709
0.6919941902160645
0.3142333924770355
2.251748561859131
2.5172197818756104
1.1801585969806183e-05
0.0035230868961662054
0.012713859789073467
0.010106806643307209
0.011828342452645302
0.002141972305253148
0.004987552296370268
0.033833976835012436
1.4748786687850952
1.3116182088851929
0.0009755630744621158
0.02047835662961006
0.0010747385676950216
0.00041044128010980785
3.2980220566969365e-05
0.00011563199223019183
0.01458609476685524
0.020763257518410683
0.01830279640853405
0.2538418769836426
0.2849753201007843
0.5884397029876709
0.005439276807010174
0.1783258318901062
0.26773586869239807
0.001558602089062333
0.07237987220287323
0.002824045019224286
0.0022187884896993637
0.018638726323843002
0.0005856272182427347
0.004742277320474386
1.4151383638381958
0.9919223189353943
0.0005569123895838857
0.0003800060076173395
0.694813072681427
2.0280826091766357
0.16234587132930756
0.7499498724937439
0.8769860863685608
0.050693824887275696
0.009862207807600498
0.6759322285652161
0.03299378603696823
0.0009993637213483453
0.0025093890726566315
0.17231085896492004
0.0007180005195550621
0.00022859024466015399
6.745188147760928e-05
0.004522538743913174
0.025410858914256096
0.00010558615758782253
1.451001763343811
1.3185884952545166
1.8491026163101196
2.0902512073516846
0.11414721608161926
0.03471642732620239
1.1415789127349854
0.9036580920219421
0.0003943529154639691
0.004810378886759281
0.028311558067798615
0.0484941340982914
1.9997315406799316
1.6518551111221313
0.4322385787963867
0.022348906844854355
0.009632047265768051
0.008085249923169613
1.8529813289642334
2.1945364475250244
0.5765364766120911
0.7178431153297424
0.11763196438550949
0.13284194469451904
1.0795120000839233
0.053300973027944565
0.014811601489782333
0.02143620140850544
0.00490637868642807
0.0008609099895693362
0.1358564794063568
0.06920760869979858
0.013180894777178764
0.011536413803696632
0.0009106873185373843
0.016817627474665642
1.9917830228805542
2.128451108932495
0.0053062778897583485
0.002435162663459778
7.304223254323006e-05
0.027087580412626266
1.5267724990844727
0.5871852040290833
1.8148608207702637
1.1247875690460205
1.7303813695907593
1.5357822179794312
0.14194464683532715
0.22475019097328186
0.09760697185993195
0.9809581637382507
2.468156337738037
2.0049924850463867
0.05660955235362053
0.38092565536499023
1.1814316511154175
0.8957194685935974
0.017519159242510796
0.02971271611750126
0.25624188780784607
0.13284194469451904
0.2133987545967102
0.006328286603093147
2.013793706893921
2.7051069736480713
1.1350164413452148
1.4827449321746826
0.2184581309556961
0.02814851701259613
1.4169833660125732
0.025927400216460228
0.0027682287618517876
8.9265413407702e-05
0.0010705944150686264
0.017382102087140083
0.8453671932220459
2.17112135887146
0.033046312630176544
0.0007477436447516084
0.0052918302826583385
0.001479246886447072
0.0011258929735049605
0.03998290374875069
2.2600083351135254
2.5578231811523438
0.7340306639671326
0.4193991422653198
0.00010836309957085177
0.0024242931976914406
0.23542973399162292
0.24145884811878204
0.018695279955863953
0.6714165210723877
1.3453781604766846
0.6899667978286743
0.000517314241733402
0.0011028576409444213
0.12205343693494797
0.5454498529434204
0.05714431405067444
0.1244698315858841
0.004510930739343166
0.00039129791548475623
0.020809566602110863
0.2566784918308258
1.4498817920684814
1.002098560333252
2.222832441329956
2.963318109512329
0.47808369994163513
0.6867932677268982
0.00860166922211647
0.27149754762649536
0.3567246198654175
0.5058454871177673
0.006354127079248428
0.0019912144634872675
0.023950107395648956
0.016421297565102577
1.433566927909851
1.5419764518737793
0.0014260999159887433
0.0013058689655736089
2.27620267868042
1.6174733638763428
2.7553021907806396
2.077136754989624
1.7611608505249023
1.849336862564087
0.25823524594306946
0.11247219145298004
0.048843126744031906
0.007203320972621441
0.0010037842439487576
0.008239306509494781
0.02373562566936016
0.01626484841108322
0.5996502637863159
1.527763843536377
0.012901950627565384
0.02288614958524704
0.10390842705965042
0.008276876993477345
0.44301745295524597
0.007333159912377596
0.21177250146865845
1.3703516721725464
0.00012642423098441213
0.00496454956009984
1.0975350141525269
0.38058868050575256
0.1516561508178711
0.03867447003722191
0.026506971567869186
0.07958375662565231
0.08111642301082611
0.15114820003509521
0.05175986513495445
1.5722570419311523
1.2527799606323242
1.5910342931747437
0.0022267079912126064
0.0011900427052751184
0.00746223796159029
0.004102147184312344
0.0003693829639814794
0.0005675820866599679
2.7720587253570557
1.916125774383545
1.1949496269226074
0.47241365909576416
0.0045884451828897
1.866099238395691
7.402120536426082e-05
0.0003497052239254117
0.002169034443795681
0.009536412544548512
0.02236291393637657
0.05171315744519234
0.0005625707563012838
0.4720970392227173
0.5375955700874329
0.37358373403549194
1.2255582809448242
1.7467751502990723
0.01442546583712101
0.009698442183434963
0.008713394403457642
0.0005339011549949646
0.4389941692352295
0.14104007184505463
0.018665336072444916
0.01018494926393032
0.05665358528494835
0.2660078704357147
0.05118861421942711
0.012289159931242466
0.06555276364088058
0.014968279749155045
0.008343548513948917
0.0037955897860229015
2.4878854751586914
2.039419174194336
0.09651058912277222
0.10498593002557755
0.007295731455087662
0.01405686791986227
0.006478451192378998
0.00019395441631786525
0.0049917735159397125
0.005942387506365776
0.00026168706244789064
0.06663485616445541
1.6476730108261108
2.491431951522827
0.002934116870164871
0.003589460626244545
0.007416121196001768
0.017770688980817795
0.07247807085514069
0.019321024417877197
0.6690671443939209
0.9544991254806519
0.0732857957482338
0.40070128440856934
0.005158497951924801
0.009735331870615482
0.23316651582717896
0.0024635097943246365
0.01047290489077568
0.07027512788772583
0.08000121265649796
1.3360439538955688
0.08176344633102417
0.05396087467670441
0.0006542953778989613
0.10300032794475555
0.29484739899635315
0.36236435174942017
0.6134710311889648
0.5871852040290833
0.00022623340191785246
0.0002519852132536471
0.31758609414100647
0.14104007184505463
0.7171976566314697
0.3009359836578369
1.9701107740402222
2.197666645050049
0.3763812780380249
1.447055459022522
2.5794663429260254
0.9409177303314209
0.0038729438092559576
0.022342057898640633
2.152076244354248
0.8077356219291687
0.005105913616716862
0.2700059711933136
1.8579387664794922
0.5971783399581909
1.8342527151107788
2.7662124633789062
0.001052701030857861
0.0015907216584309936
0.05817738175392151
0.47058993577957153
0.0003189611015841365
0.0004392975533846766
0.0018065014155581594
0.004477475769817829
2.654034376144409
2.072697401046753
3.540127992630005
3.0550196170806885
0.00024696014588698745
0.010363358072936535
0.7279520630836487
1.9677711725234985
2.3266332149505615
2.043471336364746
0.0037441905587911606
0.009931953623890877
1.8544613122940063
1.9501245021820068
0.004365640692412853
0.10686838626861572
2.138111114501953
1.9817856550216675
0.7786412239074707
1.701361060142517
0.0008974109659902751
0.007169583346694708
1.688618779182434
2.2131640911102295
0.1129249557852745
0.2509114742279053
2.1936633586883545
2.5556511878967285
2.3638720512390137
2.5621178150177
2.5623626708984375
2.4030206203460693
0.004012906923890114
0.10827405005693436
0.6452346444129944
1.244872808456421
0.04934254661202431
0.4449998140335083
8.085060835583135e-05
0.0914754793047905
0.32673847675323486
0.051506612449884415
0.004571882542222738
0.001790127600543201
0.0007337148417718709
0.00012589730613399297
0.005889356601983309
0.003527631051838398
0.00036016906960867345
0.00048466469161212444
0.0011204397305846214
0.021492300555109978
0.0001790098031051457
0.001465579611249268
0.2027781754732132
0.0313517227768898
1.9636229276657104
1.1763756275177002
0.015145201236009598
0.019825180992484093
0.0016564775723963976
0.23551689088344574
0.005970671307295561
0.3541778028011322
0.28919902443885803
0.16178342700004578
1.771957516670227
1.1378592252731323
0.0016069571720436215
0.0017590653151273727
0.0002461039985064417
0.07368510961532593
0.04471332207322121
0.000273873534752056
0.015162795782089233
0.30428171157836914
6.827557081123814e-05
0.006894149351865053
0.07897352427244186
1.3189412355422974
0.0004068428825121373
0.0003408683405723423
0.001970866462215781
0.012999792583286762
0.028937995433807373
0.2885253131389618
0.1504702866077423
0.03839901089668274
0.0003112133708782494
0.0005335769965313375
0.023401228711009026
0.07027512788772583
0.0016720447456464171
0.1753939837217331
1.3868569135665894
2.7992024421691895
0.023969199508428574
0.08904201537370682
0.0012293912004679441
0.0025976954493671656
1.3124778270721436
1.4753057956695557
0.0005714701255783439
0.08199159801006317
2.405550003051758
1.8494105339050293
0.4964958727359772
0.8720857501029968
0.012518170289695263
0.010809512808918953
0.0005221873871050775
0.006699218414723873
0.021102825179696083
0.0009437456028535962
0.001440774300135672
0.009026067331433296
1.2066588401794434
0.40276187658309937
2.1326000690460205
1.6386924982070923
1.5141445398330688
2.1661016941070557
2.4028220176696777
2.8888328075408936
0.015133965760469437
0.054269202053546906
0.24062511324882507
0.05344826355576515
3.488105297088623
2.611114501953125
1.8109062910079956
1.2136032581329346
2.736612319946289
2.9304065704345703
0.0349101647734642
0.0009608120890334249
0.39273592829704285
1.161685824394226
2.850574016571045
1.002098560333252
0.024892933666706085
0.011035842821002007
0.04183114692568779
0.02749500796198845
1.994513988494873
1.0007517337799072
1.237126350402832
0.7443857789039612
1.6457544565200806
2.819161891937256
0.6130836606025696
0.4386936128139496
2.7348973751068115
2.0860347747802734
0.00530784809961915
0.1419195681810379
0.6515423059463501
0.010446340776979923
0.001011957647278905
0.13964062929153442
0.04774681106209755
0.07784372568130493
0.2213536500930786
1.0961652994155884
0.04681834205985069
0.1132693886756897
1.914201021194458
0.18292826414108276
0.3211289346218109
0.12041233479976654
2.0630452632904053
1.9477430582046509
0.21887485682964325
0.20220947265625
1.1770786046981812
3.5331411361694336
0.8729748725891113
1.0657429695129395
0.014695689082145691
0.03259887546300888
1.611528754234314
1.920173168182373
0.07135272771120071
0.0017844493268057704
0.0002923259453382343
0.0015020022401586175
0.0016185555141419172
0.11149916797876358
0.022077223286032677
0.026862069964408875
0.010216369293630123
0.4522727429866791
0.07321655005216599
0.001790127600543201
0.030637048184871674
0.09232921153306961
2.074812650680542
2.8294553756713867
1.2005993127822876
0.8720857501029968
1.6939507722854614
2.0500690937042236
0.0005264962092041969
0.23440834879875183
1.4472424983978271
1.6791532039642334
0.3254852294921875
0.0022918800823390484
0.3313879668712616
0.8871052265167236
3.1264636516571045
1.5910342931747437
2.8003220558166504
1.7872588634490967
2.2556381225585938
2.0202510356903076
2.07375431060791
2.119976043701172
1.4735026359558105
1.1348210573196411
0.029457854107022285
0.02749500796198845
0.0005893241032026708
0.00405355729162693
0.030026253312826157
0.018263014033436775
1.9110538959503174
0.8141862154006958
0.19040754437446594
0.0313517227768898
0.000169599152286537
0.017840811982750893
0.006082570645958185
0.0484941340982914
0.00029373751021921635
0.0006463801837526262
0.004347606562077999
0.1671988070011139
0.05920630693435669
1.6465065479278564
0.010884000919759274
0.07027512788772583
0.0023057186044752598
0.6971555948257446
0.0002998730924446136
0.12090298533439636
0.09060806781053543
0.05631101876497269
1.6128557920455933
1.1952095031738281
1.998637318611145
0.049558207392692566
0.4015880227088928
0.0753389224410057
0.25089165568351746
0.15035569667816162
0.08102689683437347
0.105478435754776
1.427674651145935
2.3429911136627197
1.4599570035934448
1.6445704698562622
0.06834010779857635
0.11100845038890839
1.9486099481582642
1.1838948726654053
1.4565296173095703
1.4648019075393677
0.08131130784749985
0.11335272341966629
0.012036861851811409
0.022319143638014793
2.264450788497925
2.084871292114258
0.00047863737563602626
0.009724714793264866
0.020012136548757553
0.006095107179135084
0.001591585692949593
0.17532537877559662
0.0009281710954383016
0.00012553067062981427
0.0030237932223826647
0.0028861414175480604
1.237614393234253
1.252058982849121
0.00028839873266406357
0.00046988981193862855
0.20625099539756775
1.240905523300171
0.11544985324144363
0.13395152986049652
0.0007943105883896351
0.0006302702822722495
0.004516292363405228
0.0040426901541650295
1.4178743362426758
1.464077115058899
0.09893088042736053
0.1308130919933319
0.29188746213912964
0.032770462334156036
1.622581958770752
1.6912790536880493
0.03847493231296539
0.0022011809051036835
0.5724733471870422
0.05100332573056221
5.587914711213671e-05
0.00025659558014012873
0.5961538553237915
0.02328500710427761
0.13004456460475922
0.08522321283817291
0.011056335642933846
0.009680446237325668
0.006300301756709814
0.0869140625
0.05004508048295975
0.003375657368451357
1.3411451578140259
2.257697343826294
0.003851496148854494
0.011646276339888573
3.424036741256714
3.513864755630493
0.017744258046150208
0.017712727189064026
0.004738801624625921
0.1717451810836792
4.5389162551146e-05
0.000330197683069855
1.5377615690231323
0.035146161913871765
1.279990315437317
3.327507495880127
0.7359177470207214
2.1721675395965576
1.3704720735549927
1.2517544031143188
0.4296252131462097
0.4930311143398285
0.17192645370960236
0.4188041388988495
0.09811348468065262
0.019787313416600227
1.499519944190979
1.8089239597320557
0.1433619111776352
0.004487374797463417
1.645090937614441
0.4177805483341217
0.03893785923719406
0.00143674504943192
0.09532883018255234
0.6655005812644958
0.49914678931236267
0.3188178241252899
0.2602948546409607
1.0443164110183716
1.6706207990646362
1.3479381799697876
0.0015327166765928268
0.07398752868175507
0.0003466503694653511
0.3435302674770355
1.6316509572789073e-05
0.0007797202561050653
1.378469467163086
0.908428430557251
0.0032936944626271725
0.022076847031712532
0.20835795998573303
0.5922423005104065
2.2826087474823
2.5493526458740234
2.2293193340301514
2.578012228012085
0.0003337220987305045
0.004948440473526716
0.20238688588142395
0.2078525871038437
2.9394733905792236
2.611114501953125
0.002313528675585985
0.3933156430721283
0.0006815101951360703
0.03128776326775551
0.416027307510376
0.06613720953464508
0.0028859262820333242
0.010727157816290855
0.8590115904808044
1.8687118291854858
0.00043336270027793944
0.00010791223030537367
2.069775342941284
0.9890669584274292
0.004500196781009436
0.2378292828798294
0.4123356342315674
0.06807145476341248
0.030929405242204666
0.00022859024466015399
0.00021568445663433522
0.6698921918869019
0.6882554292678833
0.37554433941841125
0.05486481264233589
0.589266300201416
0.11651570349931717
0.24520529806613922
0.0011502776760607958
0.0038738776929676533
0.06946752220392227
0.582262396812439
1.1056333780288696
0.7735203504562378
1.8935469388961792
1.1777297258377075
0.002153380075469613
0.0007056806934997439
0.5607532262802124
0.12078730016946793
0.0005567896296270192
0.07237494736909866
0.012205002829432487
0.003289581276476383
0.37926822900772095
0.0008071523625403643
0.0035780821926891804
0.0015538217267021537
0.0014338751789182425
0.002380975289270282
2.6876933574676514
2.4150781631469727
0.1240466833114624
0.035146161913871765
0.6295289993286133
0.018566671758890152
0.0011500405380502343
0.043666671961545944
0.06196808069944382
0.014368867501616478
0.03410853445529938
0.036912135779857635
0.00044091467862017453
0.0005566428299061954
0.03878120332956314
0.0009848952759057283
0.0015630765119567513
0.00026308384258300066
0.10281835496425629
0.10956713557243347
0.00010249951446894556
0.03421293944120407
0.17221544682979584
0.0621965192258358
0.0006440881406888366
0.001188452122732997
0.08732360601425171
0.0010792345274239779
1.232799768447876
1.625124216079712
0.011462572030723095
0.0035781776532530785
0.012365066446363926
0.5701978802680969
0.5317808985710144
1.1403628587722778
1.188591480255127
1.8710156679153442
0.006079280748963356
0.28340643644332886
0.017778096720576286
0.007870187982916832
0.26495280861854553
0.026314372196793556
0.0088415015488863
0.009285058826208115
0.028468340635299683
0.002835306338965893
0.2638839781284332
0.23178856074810028
0.005442686844617128
0.0004877936153206974
0.00818510353565216
0.018464595079421997
0.00042540652793832123
0.10527355968952179
2.7651901245117188
2.789180278778076
0.015354549512267113
0.06419238448143005
2.699629068374634
3.7332091331481934
0.0025514487642794847
0.004719319753348827
1.9031846523284912
1.1979992389678955
1.942287802696228
1.979781985282898
1.641371488571167
1.5165033340454102
1.0979554653167725
1.3693006038665771
0.0002964229788631201
0.0018145655049011111
0.08426219969987869
0.008612892590463161
0.005996422376483679
0.005436656530946493
0.06444550305604935
0.10586442053318024
2.6781623363494873
2.611114501953125
0.051272157579660416
0.004464864265173674
0.0891592875123024
0.7847205400466919
0.46303004026412964
0.07285851240158081
2.1725351810455322
2.4444730281829834
0.3458727300167084
0.039311349391937256
2.1751954555511475
1.5037610530853271
0.006126611493527889
0.002589801326394081
0.035105012357234955
0.013911657966673374
0.008380952291190624
0.015038810670375824
1.0837736129760742
1.7999950647354126
0.2880859375
0.05396087467670441
0.0027058522682636976
0.04220842570066452
2.0844483375549316
2.111783981323242
0.03423650935292244
0.056100621819496155
0.0002683766360860318
0.0007166629657149315
0.12150570005178452
0.1265038549900055
0.0009119197493419051
0.0362776443362236
0.026319297030568123
0.3935645520687103
0.001732426229864359
0.0006527819205075502
0.8812796473503113
0.5163798332214355
0.613849937915802
0.07962208241224289
0.7975130677223206
0.472452312707901
1.83784818649292
1.8895657062530518
1.3573431968688965
2.7992024421691895
0.00018570187967270613
0.001166225876659155
0.001086785807274282
0.035331759601831436
0.30702561140060425
0.05171315744519234
0.010594586841762066
0.05510546639561653
0.0009905174374580383
0.04244792088866234
0.009025528095662594
0.01809029094874859
0.0014475599164143205
0.01350096333771944
0.0007213055505417287
0.16500012576580048
0.01649465598165989
0.5743754506111145
0.00030522994347848
0.00047508208081126213
0.006987545173615217
0.2571137845516205
0.5558380484580994
1.3631806373596191
2.4065706729888916
2.1788225173950195
2.2761881351470947
2.058689594268799
0.039372481405735016
0.0008281984482891858
0.024467119947075844
0.018566671758890152
0.012048007920384407
0.2101907879114151
0.12161385267972946
0.0007210036274045706
0.07668759673833847
0.02565622702240944
2.207043409347534
2.807415246963501
0.1835540533065796
0.008530039340257645
0.0032979606185108423
0.0911431610584259
0.9490897059440613
0.612944483757019
0.03286265581846237
0.11612111330032349
0.32524052262306213
0.09454348683357239
0.0009809683542698622
0.11602581292390823
0.005156848579645157
0.12659719586372375
0.557755708694458
2.5491080284118652
1.9471708536148071
1.4035249948501587
0.0017073957715183496
0.0009116991423070431
0.0002459539391566068
0.0017382805235683918
1.6943399906158447
2.2240705490112305
0.5165337324142456
0.10854873806238174
2.9895942211151123
3.747401714324951
9.268414942198433e-06
0.003756985766813159
0.00864887610077858
0.3629269301891327
0.0013206496369093657
0.030835893005132675
0.04511149972677231
0.09157878905534744
0.29286515712738037
1.7168830633163452
0.027167437598109245
0.3096068203449249
9.950767707778141e-05
0.0107754897326231
0.00016678276006132364
0.023561865091323853
1.223952293395996
1.1513837575912476
2.5992982387542725
2.4158716201782227
0.02466203086078167
0.14254124462604523
0.5872777104377747
0.03541244566440582
0.00039485428715124726
0.01514440681785345
0.09115728735923767
0.0418110117316246
0.0005878783413209021
0.0008318584877997637
0.12335556000471115
0.021534495055675507
0.0002468154998496175
0.019600361585617065
1.9505161046981812
1.862822413444519
0.024186542257666588
0.0048408955335617065
0.11372723430395126
0.28406578302383423
0.02644098922610283
0.026223333552479744
1.3427950143814087
2.388070583343506
0.006094536744058132
0.001650347956456244
0.03885278478264809
0.009455735795199871
0.023245016112923622
0.7672286629676819
1.5756175518035889
0.507823646068573
0.8871685862541199
0.2121208757162094
1.3064409494400024
0.10158033668994904
1.0145357847213745
0.6867932677268982
0.39315882325172424
0.0834416002035141
0.02305060252547264
0.0017300235340371728
0.34637531638145447
0.45367422699928284
0.22335615754127502
0.12949618697166443
0.016911273822188377
0.43255871534347534
0.04834684357047081
0.03386230766773224
0.033188264816999435
2.1418614387512207
0.979891300201416
1.976503849029541
0.006353696808218956
0.03478752449154854
2.1255271434783936
2.1854121685028076
0.5838930010795593
0.027899999171495438
0.5025562047958374
0.6694924831390381
0.03376758471131325
0.04687091335654259
2.4509050846099854
2.4456610679626465
2.4232494831085205
1.3563542366027832
0.00045237853191792965
0.01644946075975895
1.5563406944274902
1.083754301071167
1.8588436841964722
2.167642116546631
0.008476694114506245
0.3617742359638214
0.00040582119254395366
0.018022598698735237
1.5717129707336426
1.5334938764572144
0.006999087054282427
0.04716174677014351
1.2493085861206055
1.4131053686141968
0.0022831778042018414
0.0035870750434696674
0.05802025645971298
0.11760494112968445
0.0009946778882294893
0.000581112748477608
0.4046638309955597
0.02696317993104458
0.00041713163955137134
0.001116881612688303
0.9493681788444519
0.2121208757162094
0.2123720645904541
0.002795765409246087
1.5588312149047852
1.6567655801773071
0.000186923862202093
0.0003672085877042264
0.006192423403263092
0.005199656821787357
0.0006515491986647248
0.0009848952759057283
0.04480869323015213
0.31885454058647156
2.759404182434082
0.9409177303314209
1.2092411518096924
1.10198175907135
0.0012118509039282799
0.0008731931447982788
0.0015431044157594442
0.07511066645383835
0.49982646107673645
0.058709219098091125
0.1780436635017395
0.19517384469509125
0.002498022047802806
0.004552342463284731
0.025545937940478325
0.06851858645677567
0.015137606300413609
0.002503959694877267
0.02063521184027195
0.035342633724212646
1.6860663890838623
3.2505745887756348
0.010610640048980713
0.030173199251294136
0.012052027508616447
0.5082164406776428
0.00634690560400486
0.5813530683517456
0.30503323674201965
0.034877289086580276
0.06578174233436584
0.001833350514061749
0.4736839234828949
0.4631257951259613
0.10118675231933594
0.0011006799759343266
2.0733864307403564
1.1382383108139038
0.0781051442027092
0.8512769341468811
0.003718398278579116
0.002370290458202362
2.6218221187591553
1.2854124307632446
0.1025903970003128
1.2995190620422363
0.030223175883293152
0.03604937344789505
1.5236831903457642
2.384852647781372
0.0014296352164819837
0.025959787890315056
0.00319790281355381
0.006266232579946518
0.04431627690792084
0.0744403749704361
1.8306455612182617
1.9421827793121338
0.0018938318826258183
0.0008028839947655797
0.02518424019217491
0.026116348803043365
0.002048471011221409
0.02591290883719921
2.052778959274292
1.568458080291748
0.49633684754371643
0.06734927743673325
1.5513569116592407
0.919100821018219
1.0731936693191528
1.5633177757263184
0.08133628964424133
0.5993468165397644
0.7169553637504578
1.0728727579116821
0.022952241823077202
0.02464624121785164
1.028183102607727
0.2681022882461548
1.901179552078247
1.4886761903762817
0.025730416178703308
0.007373377215117216
0.0013305998872965574
0.006119967438280582
0.056699950248003006
0.1797473132610321
1.888182282447815
0.3892870843410492
0.4538037180900574
0.006705989595502615
2.6801440715789795
2.0421907901763916
0.001386638730764389
0.0013102057855576277
1.6080747842788696
2.52142071723938
0.7260228395462036
0.024760998785495758
0.059234388172626495
3.495629789540544e-05
0.8357970714569092
0.9234165549278259
0.0058870320208370686
0.011091502383351326
4.295932292938232
2.7507712841033936
0.013890882022678852
0.05179402604699135
0.04131728783249855
0.24323458969593048
0.26214054226875305
0.21773149073123932
0.6394935250282288
0.16317054629325867
0.010455485433340073
0.2031467854976654
0.04628058895468712
0.08584144711494446
0.2996538579463959
0.019774485379457474
0.009006066247820854
0.10573519766330719
0.008271785452961922
0.0007906865794211626
0.015904759988188744
0.09754679352045059
0.005736578721553087
0.0024885484017431736
2.422051429748535
2.1151607036590576
0.05977867171168327
0.048560671508312225
0.006116663105785847
0.0023885180708020926
0.00010044714144896716
0.009132972918450832
0.06029556319117546
0.0038569036405533552
0.0009630908025428653
0.010769643820822239
0.007005732040852308
0.00030139717273414135
0.001413026824593544
0.046678055077791214
0.00021892126824241132
0.0034903965424746275
1.081276774406433
1.9792096614837646
0.006293523125350475
0.033961329609155655
0.0020410665310919285
0.012304097414016724
0.200783371925354
0.16690976917743683
0.0006451017106883228
0.0011522880522534251
0.590933620929718
0.5509217381477356
0.006528849247843027
0.025341549888253212
0.06309176981449127
0.1661210060119629
0.0024563558399677277
0.7418481111526489
0.6567433476448059
0.009853245690464973
0.6051520705223083
0.0692472830414772
0.622642993927002
0.1117677241563797
2.347456216812134
2.501046657562256
0.019494391977787018
0.0031932396814227104
0.0720694363117218
0.0071349069476127625
0.00257299211807549
0.003315807320177555
0.3906950056552887
0.02749500796198845
0.00794798880815506
0.018140457570552826
0.00018971669487655163
0.0014737443998456001
0.5683614611625671
1.6215734481811523
0.2679107189178467
0.7352834939956665
0.007626513950526714
0.20039492845535278
0.36794963479042053
0.031831733882427216
0.0006697652861475945
0.0019427379593253136
0.0015643660444766283
0.008310164324939251
0.4803447127342224
0.4430328905582428
1.707418441772461
2.4564321041107178
0.00046348600881174207
0.00014991790521889925
2.542220115661621
2.186699390411377
0.01193981897085905
0.10369858145713806
0.01654818467795849
0.02026098221540451
0.31056249141693115
0.07254217565059662
0.026800237596035004
0.03566361218690872
0.0028379829600453377
0.26802849769592285
0.000589866132941097
0.0009848952759057283
0.005866661202162504
0.001965900883078575
0.2524208128452301
0.014149129390716553
0.001658512861467898
0.0001941582013387233
0.004360775928944349
0.0021563763730227947
0.0014045248972252011
0.012710153125226498
0.005991017911583185
0.01829393208026886
0.005173060577362776
0.00917118601500988
0.10290803015232086
0.6104102730751038
0.0006919119623489678
0.0020634387619793415
2.1681151390075684
0.003984785173088312
0.0004148874431848526
0.05349988862872124
0.0011065640719607472
0.00011005555279552937
2.0892984867095947
2.6314921379089355
0.686399519443512
0.02696317993104458
0.0189528726041317
0.00023074078490026295
0.0036020735278725624
0.21374331414699554
0.040288809686899185
0.008977802470326424
0.0008724817307665944
0.028145767748355865
0.014072931371629238
0.004242835566401482
0.006302493158727884
0.4845084249973297
0.11160402745008469
0.06114603206515312
0.10470165312290192
0.4568311870098114
0.07045471668243408
0.03215624392032623
1.6480906009674072
2.228774070739746
0.14978612959384918
0.08656498044729233
0.3069404661655426
0.11444462835788727
2.190416097640991
2.444589376449585
0.9263553619384766
0.28330421447753906
0.0010333769023418427
0.0013457296881824732
1.6234074831008911
0.8081554174423218
0.02237532287836075
0.04348078370094299
1.4496194124221802
1.0254637002944946
2.1205079555511475
1.6886929273605347
0.0005930415936745703
7.737356645520777e-05
0.0005972510552965105
0.098092220723629
0.10191484540700912
0.5262982249259949
0.0007891975692473352
0.0034054017160087824
0.09655851870775223
0.2081441581249237
0.00014654237020295113
0.02386338822543621
0.1697111278772354
0.001467255875468254
1.1624983549118042
0.9621854424476624
0.005266850348562002
0.028519323095679283
0.3224097788333893
0.21179446578025818
0.6090054512023926
0.612944483757019
2.584071397781372
1.4938291311264038
2.289372444152832
3.8857131004333496
0.005299649201333523
0.35238346457481384
0.4379940629005432
0.09637335687875748
0.00396724371239543
0.0014008901780471206
0.003654046216979623
0.013054641894996166
1.5121079683303833
1.8778282403945923
2.032224416732788
0.089384064078331
0.18276242911815643
2.8191068172454834
0.0852566584944725
0.005397508852183819
0.002492873463779688
0.013997020199894905
0.014111069962382317
0.06529354304075241
0.09579404443502426
1.055280327796936
0.39899033308029175
0.1882346272468567
0.0013743535382673144
0.018076308071613312
1.6417611837387085
1.8237991333007812
0.012972350232303143
0.8808409571647644
0.0013593628536909819
0.005109739489853382
2.1395325660705566
1.6896703243255615
0.016472255811095238
0.24546349048614502
0.004006253555417061
0.09188088029623032
0.0007286082836799324
0.01038546022027731
3.5106492042541504
1.864358901977539
0.10902485996484756
0.3046362102031708
2.440505027770996
3.208834648132324
0.0032299794256687164
0.0014139155391603708
1.7752901315689087
2.1774814128875732
0.34116169810295105
0.05631101876497269
0.9614656567573547
0.055251333862543106
1.4438714981079102
1.2716169357299805
0.0032844352535903454
0.010354968719184399
0.006211678963154554
0.3777768611907959
0.03496600314974785
0.06745240837335587
0.0015361655969172716
0.0007019814220257103
1.1321206092834473
0.5871852040290833
0.005879041738808155
0.0008917646482586861
0.03158041462302208
0.00029233720852062106
0.005857973825186491
2.2703909873962402
0.012495458126068115
0.21720784902572632
0.002560981083661318
0.002736761001870036
2.86159086227417
3.3111732006073
0.9077888131141663
0.2121208757162094
0.026606176048517227
0.007537926081568003
2.2283952236175537
1.5612468719482422
0.002889550058171153
0.0020166733302176
1.9709434509277344
2.2402920722961426
1.1006951332092285
2.6987712383270264
0.0005040641408413649
0.003519343212246895
0.09129355847835541
0.9812114834785461
0.0016148401191458106
0.40848878026008606
0.04912200942635536
0.09826656430959702
2.001634120941162
1.146558403968811
0.0004979415098205209
0.0028204016853123903
0.18099676072597504
0.06835981458425522
0.9796440601348877
0.8081554174423218
1.7309715747833252
2.1859865188598633
1.248682975769043
0.28330421447753906
1.603650689125061
2.089909076690674
0.014019708149135113
0.01738741248846054
0.42714929580688477
1.7485531568527222
0.07485820353031158
0.15271925926208496
0.03186003863811493
0.3745027184486389
0.3055149018764496
0.007203320972621441
9.58023956627585e-05
0.0013639501994475722
0.0026239098515361547
0.012936729937791824
1.0992273092269897
2.2918710708618164
0.0007419808534905314
0.005710921250283718
1.0452405214309692
3.118177890777588
0.0029653292149305344
0.022035177797079086
0.10951650142669678
0.015572861768305302
1.0620965957641602
0.27090561389923096
0.6992706656455994
0.03613506257534027
0.001011201529763639
0.027338437736034393
2.30295729637146
1.3406944274902344
2.9401676654815674
3.4758403301239014
0.0006152711575850844
0.0022696482483297586
0.14307665824890137
0.1765088438987732
0.007246531546115875
0.0005434448248706758
0.1854834407567978
0.36236435174942017
0.30483612418174744
0.5304782390594482
0.00047041880316101015
0.02172507531940937
2.0251383781433105
2.0818865299224854
0.10091788321733475
0.24877876043319702
0.06756818294525146
0.007363450713455677
0.00023584502923768014
0.004464677534997463
0.13934162259101868
0.006328286603093147
0.0005219806334935129
0.000518083106726408
4.929577335133217e-05
9.147176024271175e-05
0.06771992892026901
0.0015217754989862442
5.880690150661394e-05
0.10257811844348907
0.1393183171749115
0.362649530172348
0.008478930220007896
0.006861992180347443
1.040561556816101
0.7255380749702454
0.0085874879732728
0.007536994758993387
1.0612760782241821
0.6295221447944641
2.33571195602417
1.9777381420135498
0.057362936437129974
0.0304216630756855
0.10584824532270432
1.5655747652053833
2.4407247110502794e-05
0.0008544388110749424
0.07559957355260849
0.0003039941075257957
0.012251835316419601
0.05685330554842949
0.0667148008942604
0.28091391921043396
0.0005272713024169207
0.006913997698575258
0.011914197355508804
0.007042418234050274
0.005967334378510714
0.4049782156944275
0.009099885821342468
0.005028604995459318
1.1206144094467163
0.10959852486848831
0.43121466040611267
0.6051214933395386
0.40462198853492737
0.0021246359683573246
0.27326199412345886
0.5607624053955078
3.100972890853882
0.7443857789039612
0.35355809330940247
0.2698574662208557
0.003966878168284893
0.13438931107521057
0.3278375267982483
0.004988912492990494
0.0015164269134402275
0.00038458238122984767
0.9778841137886047
0.18623293936252594
1.993061900138855
2.7538645267486572
0.1648898869752884
0.09926272183656693
0.04214861989021301
0.061762720346450806
0.005152133759111166
0.008630480617284775
0.02937943860888481
0.022319143638014793
0.31293854117393494
0.5526368618011475
0.2008037269115448
0.1662384271621704
0.013784585520625114
0.04170021414756775
0.005116601940244436
0.01974242925643921
0.3459612727165222
1.3908802270889282
0.33143752813339233
0.37529510259628296
0.011331065557897091
0.002589801326394081
0.002878550672903657
0.007180993910878897
0.039590977132320404
0.009137855842709541
0.0014619783032685518
0.469015896320343
0.055413324385881424
0.1405053585767746
0.7268862128257751
1.3968236446380615
1.9917302131652832
2.3151016235351562
0.028690945357084274
0.15302005410194397
1.4159067869186401
1.1496610641479492
1.6794275045394897
1.7303205728530884
0.0004815300344489515
0.006504332181066275
0.022078853100538254
0.005187856499105692
0.6036884784698486
0.6193546056747437
0.016630075871944427
0.0011144052259624004
0.00035444568493403494
0.023936282843351364
0.004764480981975794
0.13582274317741394
0.039476945996284485
0.16102786362171173
0.0006560354959219694
0.14453738927841187
0.14036180078983307
0.1955285221338272
0.006951997987926006
0.16456161439418793
0.0015698577044531703
0.005532497074455023
0.03396765515208244
0.1676962673664093
2.390410900115967
2.3487257957458496
3.6371495723724365
3.1376821994781494
0.3432752788066864
0.12919379770755768
2.14353084564209
2.2557947635650635
0.0031065321527421474
0.10179737955331802
0.04022101312875748
0.037891142070293427
0.004422382451593876
0.7823591232299805
1.6616895198822021
0.47666922211647034
0.04170957952737808
0.05046214908361435
0.06742460280656815
0.00829129759222269
0.4094918668270111
0.00025526052922941744
0.005357067100703716
0.09158395230770111
0.6132869124412537
0.37133345007896423
0.0325050950050354
0.02288614958524704
0.015296428464353085
0.8703711628913879
1.5744614601135254
1.5405783653259277
2.041147470474243
1.0494946241378784
0.14377248287200928
0.7952893376350403
1.2854585647583008
1.4379085302352905
0.3822336494922638
0.0006118804449215531
1.5624693632125854
0.40942713618278503
0.0031744404695928097
0.00013261876301839948
0.008325131610035896
0.2783717215061188
0.014003822579979897
0.3484231233596802
0.00522714713588357
0.10491625964641571
0.02332218363881111
0.691383957862854
1.3603228330612183
1.684111475944519
0.03269567713141441
0.015253233723342419
0.006137041375041008
0.0002530050405766815
0.109733447432518
0.4309448301792145
2.1672310829162598
0.4328346848487854
0.482203871011734
0.006244903430342674
1.3728229999542236
1.0813430547714233
0.0020622636657208204
0.3143208622932434
0.009884853847324848
0.00723872659727931
2.231218099594116
2.237786293029785
0.008232289925217628
0.261705219745636
0.00134716322645545
0.0019120409851893783
1.4467729330062866
1.549727439880371
0.005439298693090677
0.0016834629932418466
0.046458128839731216
0.14169692993164062
0.04681718349456787
0.49152764678001404
0.0013475698651745915
0.006741377059370279
0.27525901794433594
0.029754603281617165
2.194626808166504
2.1788225173950195
0.5128412246704102
0.11572892218828201
0.1812949776649475
0.07077164947986603
0.0009773714700713754
0.0014702191110700369
0.0032154140062630177
0.20795774459838867
0.2403126060962677
0.12789824604988098
0.006347189657390118
0.21701006591320038
0.2712651193141937
0.0988646075129509
2.1520936489105225
3.177412986755371
0.002115068258717656
0.02207973785698414
0.0023194458335638046
0.015057525597512722
0.3103727698326111
0.23720145225524902
0.05694805830717087
0.09752549976110458
1.4311983585357666
0.3177551031112671
0.11668475717306137
0.7386436462402344
0.3636794090270996
0.04637886956334114
1.782085657119751
0.3026123046875
0.06758283078670502
0.019907400012016296
0.5451566576957703
0.031025396659970284
3.1744561195373535
3.4333457946777344
0.022146042436361313
0.29367923736572266
0.00048038229579105973
0.04867084324359894
0.04237711429595947
0.005899244919419289
2.1490516662597656
1.4112632274627686
0.06520135700702667
0.018715092912316322
0.7392594814300537
0.5387749671936035
0.02612227573990822
0.00026294379495084286
0.004586721770465374
0.001520818448625505
0.11191669851541519
0.26782235503196716
1.7462782859802246
1.7719779014587402
0.00016365581541322172
0.1254882514476776
0.0017211290542036295
0.013884950429201126
1.155513882637024
1.7370059490203857
3.149219512939453
1.0925873517990112
1.3424824476242065
1.5967967510223389
0.8434077501296997
0.25679439306259155
0.001412358833476901
0.005382751114666462
0.9659546613693237
0.8312006592750549
1.8733097314834595
1.7380927801132202
1.6632990837097168
1.6882730722427368
0.08299767225980759
0.10753878206014633
0.029145941138267517
0.1871877759695053
1.4606223106384277
0.93635493516922
0.060094986110925674
0.03720005229115486
0.006357986014336348
0.019758032634854317
0.00157771329395473
0.001980877248570323
0.015234927646815777
0.020200256258249283
0.6678594350814819
0.05631101876497269
1.3073185682296753
1.8551026582717896
0.3633171319961548
0.3103151023387909
0.031130092218518257
0.007307505700737238
2.692606210708618
2.629913330078125
1.633297085762024
1.8724275827407837
0.00098699564114213
0.024035081267356873
0.41638538241386414
0.029153455048799515
1.288559079170227
1.016398310661316
0.013354754075407982
0.020200256258249283
0.3052513599395752
0.3632194697856903
0.06315002590417862
0.18495242297649384
0.13466058671474457
0.14073078334331512
1.3404653072357178
0.4311203956604004
0.0008489593164995313
0.17758281528949738
0.007591351866722107
0.027049655094742775
0.0005011550383642316
0.0009636197937652469
0.04828488081693649
0.0975891649723053
0.18304963409900665
0.19030418992042542
0.1444718986749649
0.04788138344883919
2.6975924968719482
2.837928533554077
0.2307281792163849
0.16347932815551758
0.051688387989997864
2.5020554065704346
2.2045350074768066
2.054706335067749
1.880470633506775
2.3771755695343018
2.045935869216919
2.514457941055298
0.0013470782432705164
0.02815472148358822
0.015949450433254242
0.23844921588897705
0.0008240949246101081
0.0050011686980724335
0.3311516046524048
0.0010235022054985166
1.0722482204437256
0.2584492862224579
0.0005312576540745795
5.7198485592380166e-05
0.00021310780721250921
0.00019335094839334488
0.0006157646421343088
0.005908931139856577
1.8970245122909546
2.644540786743164
2.0339417457580566
1.6894491910934448
2.4744162559509277
2.0852017402648926
0.16994179785251617
0.20156645774841309
0.0013961243676021695
0.0009400880662724376
0.4419569671154022
0.4188041388988495
0.0009244629181921482
0.0008517059031873941
0.0009324765997007489
0.0012109045637771487
0.057569876313209534
0.015637999400496483
0.012309377081692219
0.4505866467952728
0.05954476073384285
0.9640632271766663
0.11510985344648361
0.03953417390584946
0.029966769739985466
0.38437363505363464
0.41932111978530884
0.11444462835788727
1.339749813079834
1.3277581930160522
0.001144485897384584
0.0676749125123024
0.9945361614227295
0.7606716156005859
1.0782549381256104
0.24940988421440125
0.005882893223315477
0.10652502626180649
0.003679573070257902
0.13976189494132996
2.487481117248535
2.2586729526519775
0.007359641138464212
0.04995443671941757
0.7417631149291992
0.9515884518623352
0.0019815629348158836
0.042302802205085754
1.6050872802734375
1.0657631158828735
0.00044044427340850234
0.016019294038414955
0.0006981417536735535
0.8914093971252441
0.00021815544459968805
0.0017528445459902287
0.32939547300338745
0.7164602875709534
0.00038073668838478625
0.011104749515652657
0.001326764584518969
0.008118744008243084
0.00136542075779289
0.0017822225345298648
1.3836231231689453
1.3803269863128662
1.2513267993927002
1.90870201587677
0.027882007881999016
0.20252886414527893
0.0009000509744510055
0.03875800594687462
7.12618202669546e-05
0.0024109010118991137
0.08618703484535217
0.21111977100372314
0.39318713545799255
0.5693603157997131
0.4464033544063568
0.1468449831008911
1.8501518964767456
1.3406944274902344
0.6060159206390381
0.36311212182044983
0.02918785810470581
0.49864864349365234
0.0013936038594692945
0.10048013925552368
0.029405638575553894
0.479131281375885
0.03455798700451851
0.3167897164821625
0.6893202066421509
0.36281952261924744
2.369964361190796
2.173380136489868
0.0402040034532547
0.03088761307299137
1.4044814109802246
1.8453761339187622
0.00259331613779068
0.0007101463270373642
0.4658738970756531
0.8572235703468323
0.0012297030771151185
0.022328495979309082
1.3370252847671509
0.15607385337352753
0.06139231473207474
0.014697710983455181
0.007012178190052509
0.042302802205085754
0.00037733078352175653
0.004094113130122423
0.919018566608429
0.7057018280029297
0.7339509129524231
0.008200355805456638
2.236762046813965
2.611114501953125
1.9053949117660522
1.7957192659378052
0.002575104357674718
0.0010235022054985166
2.517890453338623
2.7136337757110596
0.000692828674800694
0.009009617380797863
1.393962025642395
0.9614684581756592
0.0043708388693630695
0.011360600590705872
2.4545600414276123
3.3528575897216797
0.043224677443504333
0.17456285655498505
1.5499259233474731
1.7280572652816772
0.00996050052344799
0.038542408496141434
0.2100594937801361
0.05340864136815071
1.8993009328842163
1.8502821922302246
0.005564562976360321
0.01109336968511343
0.0015926710329949856
0.008108511567115784
0.04554227739572525
0.2534535229206085
0.0010074992896988988
0.020200377330183983
0.18403871357440948
2.704826593399048
0.24294880032539368
0.17650878429412842
2.4305100440979004
2.379682779312134
0.3851515054702759
0.008117019198834896
1.872543454170227
1.694469690322876
0.7501860857009888
0.08138632774353027
0.00012509102816693485
0.0006391934002749622
1.893996238708496
2.0793204307556152
0.0029002809897065163
0.013525211252272129
0.0017162946751341224
0.01945744827389717
2.8288381099700928
3.0122604370117188
1.671038031578064
1.7722587585449219