3.3868603706359863
1.6436026096343994
1.9393407106399536
1.6462699174880981
2.244764566421509
0.08227464556694031
1.6650217771530151
0.1500362753868103
3.0306034088134766
0.2252362221479416
2.7527616024017334
1.3977651596069336
0.043355926871299744
0.02861602231860161
2.185603618621826
1.9603556394577026
2.7140941619873047
0.8382859230041504
0.9828305840492249
0.6475037932395935
1.7856374979019165
1.8199033737182617
0.7039050459861755
0.14637528359889984
3.138126850128174
2.2653493881225586
1.6804879903793335
1.6732943058013916
2.9676289558410645
0.6442796587944031
1.2813327312469482
0.9038545489311218
1.5720962285995483
0.4794434905052185
0.9565865993499756
0.5304781794548035
3.6626815795898438
2.149812698364258
0.019824501127004623
0.02507244050502777
2.75298810005188
1.418721079826355
0.04185989871621132
0.12953343987464905
2.108893871307373
1.7488341331481934
1.9972196817398071
0.013897281140089035
0.7514316439628601
0.144565612077713
0.12704451382160187
0.027796559035778046
1.859829306602478
0.2726554572582245
2.4004435539245605
1.1793785095214844
2.2215702533721924
1.0320518016815186
3.190702438354492
1.4343302249908447
1.0350055694580078
0.5302870273590088
2.9778757095336914
1.0526401996612549
1.8116172552108765
1.1270736455917358
0.13019685447216034
0.042190104722976685
0.7216284275054932
0.5383075475692749
3.4472594261169434
1.9458037614822388
1.9813216924667358
0.06683693826198578
2.0092921257019043
0.309680312871933
0.011596587486565113
0.028011556714773178
0.018210820853710175
0.05553475022315979
1.7271270751953125
0.29739412665367126
0.09639167040586472
0.018199767917394638
1.617830753326416
0.8718781471252441
0.020718898624181747
0.0024436255916953087
1.8709739446640015
0.37179845571517944
1.7492921352386475
0.009111586958169937
1.1034678220748901
0.7537345290184021
0.0017197965644299984
0.018174588680267334
0.8359776139259338
0.7734092473983765
0.09470748156309128
0.08993808180093765
1.6848249435424805
0.39952588081359863
2.0390758514404297
2.1193108558654785
1.7130488157272339
0.09055449813604355
0.08986672013998032
0.019317740574479103
0.12797366082668304
0.23906314373016357
0.19461539387702942
0.06676524877548218
2.3238019943237305
0.36023280024528503
1.7464065551757812
1.5600264072418213
1.2801398038864136
0.6855424046516418
2.586634635925293
0.8402676582336426
1.0709129571914673
1.4582364559173584
1.417757511138916
0.4899942874908447
2.0104875564575195
1.306380271911621
0.6817700862884521
0.14964985847473145
0.16681566834449768
0.12170804291963577
2.2522568702697754
1.3721072673797607
1.7229810953140259
1.1540800333023071
0.10367254912853241
0.09139730036258698
0.37671348452568054
0.23791037499904633
0.09911400079727173
0.09792613983154297
0.3817390203475952
0.4448864161968231
0.03424198925495148
0.03793361410498619
1.1059666872024536
0.9403314590454102
2.1670706272125244
0.05064665153622627
0.5841381549835205
0.5216053128242493
1.7301024198532104
0.35868462920188904
1.4461114406585693
0.9496514797210693
2.886275291442871
2.878429412841797
1.4636973142623901
0.14130018651485443
1.5971742868423462
1.096151351928711
1.9393360614776611
0.14841215312480927
1.8086769580841064
0.46754658222198486
1.1866505146026611
1.1295472383499146
2.9400784969329834
1.7865337133407593
2.1955699920654297
0.04869335889816284
2.1967175006866455
0.8862467408180237
3.501514196395874
1.6760540008544922
2.132619857788086
0.031219180673360825
0.018282420933246613
0.25383374094963074
0.19578303396701813
0.027062753215432167
1.4396226406097412
1.4605073928833008
2.070096969604492
1.9407110214233398
3.1883294582366943
2.2385950088500977
0.47882455587387085
0.8000035285949707
2.618454933166504
1.0711761713027954
0.9904725551605225
1.005983591079712
1.582718014717102
0.16536730527877808
0.008963126689195633
0.3119610548019409
1.9440723657608032
2.1336638927459717
2.5619864463806152
1.1668881177902222
1.5274165868759155
0.5297033190727234
0.0005309212137944996
0.0045723384246230125
3.439401626586914
3.431201457977295
2.4006500244140625
2.3223607540130615
1.981787085533142
2.002330780029297
2.07222580909729
1.0404127836227417
0.06699763238430023
0.018451547250151634
1.5716662406921387
0.6972402930259705
1.7506431341171265
1.6585547924041748
2.786862373352051
0.9622394442558289
2.7363662719726562
0.7555174827575684
0.0017672628164291382
0.02863195538520813
2.216740846633911
0.342801570892334
0.11585579067468643
0.0088888481259346
1.1299524307250977
0.18956364691257477
2.6583733558654785
1.1541831493377686
1.5784385204315186
0.036347609013319016
0.9267702698707581
0.7380236983299255
2.5345184803009033
1.6790542602539062
1.6454288959503174
0.8816341161727905
1.9004487991333008
0.0647176206111908
1.2446717023849487
0.8516742587089539
1.308233618736267
1.123480200767517
0.1933910846710205
0.5795716047286987
1.9075251817703247
0.5391784906387329
0.001376849366351962
0.021233882755041122
3.1068265438079834
0.9578123092651367
1.8748064041137695
0.000940779922530055
0.3762267827987671
0.022905686870217323
1.692710041999817
0.14579829573631287
3.1787967681884766
1.0066146850585938
2.143932342529297
0.07792387902736664
2.5963799953460693
1.0460121631622314
0.13532111048698425
0.03410576283931732
2.2425174713134766
1.0374488830566406
1.9542462825775146
0.020469091832637787
0.4096425175666809
0.23200857639312744
1.6423544883728027
1.2871718406677246
1.715541124343872
0.38782721757888794
1.4205286502838135
0.4059064984321594
0.1633622944355011
0.1160978302359581
0.8858266472816467
1.0623787641525269
3.5058910846710205
1.264322280883789
1.8880305290222168
0.005840502213686705
2.3521158695220947
0.08010709285736084
1.736102819442749
0.20767362415790558
1.9691648483276367
0.011630850844085217
1.6524418592453003
0.10843225568532944
1.4701259136199951
0.414233922958374
3.639310836791992
2.0939300060272217
1.0405596494674683
0.9646876454353333
0.10486668348312378
0.03627059608697891
0.1303197592496872
0.028737777844071388
0.28766727447509766
0.002142897341400385
0.7871490716934204
0.7027273774147034
3.2953548431396484
2.195807456970215
1.1557527780532837
0.14543455839157104
0.9387176036834717
0.741731584072113
0.24535880982875824
0.08347612619400024
1.6487758159637451
0.024708179756999016
3.5019538402557373
1.566798210144043
0.38394880294799805
0.05666595697402954
1.8698879480361938
1.365622878074646
2.35758376121521
2.20285701751709
0.8880839347839355
1.0908198356628418
1.164552927017212
0.969925045967102
0.016422029584646225
0.173934668302536
2.3849878311157227
0.8043660521507263
2.425189733505249
1.0167808532714844
1.7720956802368164
0.44741055369377136
0.11132735759019852
0.00772344134747982
2.221893072128296
0.6198871731758118
1.8818434476852417
0.1999727040529251
1.663374900817871
0.08566009253263474
2.545042037963867
2.6652145385742188
0.0032912420574575663
0.0423753596842289
0.48189428448677063
0.4326225221157074
0.14220616221427917
0.01843666471540928
2.527940034866333
1.90093994140625
1.6723021268844604
0.18348614871501923
2.2487707138061523
0.5810337066650391
1.3083760738372803
1.3520034551620483
1.476842999458313
0.6983811855316162
1.5153217315673828
0.035846538841724396
1.4958693981170654
0.19504563510417938
3.436471462249756
2.426121234893799
0.0514872744679451
0.017542287707328796
1.5326857566833496
1.109548568725586
0.18825948238372803
0.19788122177124023
1.9381067752838135
1.907171368598938
2.4082396030426025
0.13166821002960205
0.25448790192604065
0.464517205953598
0.1887841671705246
0.07088105380535126
0.723764955997467
1.3063416481018066
4.391422748565674
2.6090524196624756
1.945120096206665
0.6241610646247864
0.07705461978912354
0.12186463922262192
2.2217295169830322
0.05534561723470688
1.124912977218628
1.0806970596313477
1.6094721555709839
1.674821138381958
2.17816162109375
1.074856162071228
1.4296602010726929
0.04902759566903114
2.0440893173217773
0.10005905479192734
0.5898572206497192
0.9344136714935303
1.8323395252227783
0.03512034937739372
1.82394540309906
0.002788551850244403
0.22093360126018524
0.40044981241226196
1.9727239608764648
0.6246308088302612
2.3690876960754395
1.289346694946289
1.857002854347229
0.8828498125076294
1.6219028234481812
1.3220995664596558
0.3166610300540924
0.8329213261604309
1.5436758995056152
0.4941217303276062
1.448742151260376
0.35946017503738403
3.3898043632507324
1.8425939083099365
0.14095155894756317
0.111439049243927
0.5705394744873047
0.09768549352884293
0.47040000557899475
0.25778546929359436
1.837402582168579
0.2128276526927948
0.0009725329000502825
0.09128494560718536
0.20284906029701233
0.04097209870815277
0.003739854320883751
0.20158882439136505
0.05134973302483559
0.33151546120643616
0.0343935526907444
0.000561770866625011
2.6200122833251953
0.08691580593585968
2.295689821243286
0.09915681928396225
0.21414116024971008
0.30000370740890503
3.944855213165283
1.7664748430252075
2.1918015480041504
0.10978887975215912
1.8574931621551514
1.4392848014831543
2.2845873832702637
1.8439222574234009
0.31868788599967957
0.34183916449546814
3.8839528560638428
3.5633833408355713
2.695756673812866
1.538248062133789
0.22819004952907562
0.1395467221736908
2.7841715812683105
1.624827265739441
1.9626226425170898
0.7897850871086121
0.14495006203651428
0.03865349292755127
0.016445109620690346
0.019249171018600464
0.4523942470550537
0.3154745399951935
0.01144262682646513
0.1594163477420807
0.045064717531204224
0.10948492586612701
1.2179503440856934
0.07031471282243729
1.961359977722168
0.10079479962587357
1.2811142206192017
1.4796321392059326
2.3916637897491455
1.973915457725525
2.970531940460205
1.0013153553009033
2.2849302291870117
0.20818737149238586
3.47662615776062
3.63840913772583
0.44055256247520447
0.36767077445983887
1.0366021394729614
0.8835055828094482
2.598109722137451
0.8593316078186035
0.004277537576854229
0.024727879092097282
0.755835771560669
0.44890111684799194
2.5826597213745117
1.6979296207427979
2.1098690032958984
2.6020162105560303
1.6524584293365479
1.2366036176681519
2.855057954788208
1.4758131504058838
1.997318148612976
0.8361608386039734
0.3095130920410156
0.12635307013988495
0.9631798267364502
0.9111598134040833
1.9384559392929077
0.001184325898066163
0.47686469554901123
0.31339699029922485
2.040132522583008
0.551703929901123
1.5856916904449463
0.8242663145065308
1.4321794509887695
0.5807951092720032
3.029783010482788
1.1059259176254272
0.4064798057079315
0.7701640129089355
1.4021596908569336
1.2182199954986572
0.2750064432621002
0.05541343614459038
3.3278467655181885
2.06182599067688
2.686992645263672
0.8026059865951538
0.550831139087677
0.7563980221748352
0.08288964629173279
0.08973618596792221
1.6008844375610352
1.1070204973220825
1.4747791290283203
1.868943214416504
1.1665664911270142
1.264266014099121
2.456362724304199
0.49031323194503784
3.6870856285095215
1.9659740924835205
1.668548345565796
1.445464849472046
2.3602640628814697
0.7741119265556335
1.420798420906067
1.5869419574737549
0.0027558489236980677
0.0027894543018192053
1.7710909843444824
0.6941870450973511
2.009302854537964
0.14644703269004822
2.181367874145508
1.9860775470733643
3.4580838680267334
1.4018365144729614
3.317868947982788
1.6029181480407715
2.576078176498413
1.8380967378616333
2.2320854663848877
0.00255594146437943
3.7231435775756836
3.0425503253936768
1.511568307876587
0.6188039183616638
0.01759922318160534
0.03927672654390335
2.502598285675049
1.6874841451644897
0.5413627028465271
0.4037990868091583
1.391040563583374
1.2809646129608154
0.09827317297458649
0.24817508459091187
0.1116681918501854
0.27177658677101135
2.208995819091797
0.0025829169899225235
2.349128484725952
0.9373674392700195
1.494187831878662
1.5532015562057495
0.03910321369767189
0.02315833792090416
0.16000457108020782
0.37645024061203003
0.30106478929519653
0.18778006732463837
1.968367338180542
0.0010362903121858835
0.002618508180603385
0.004210975952446461
0.10662677884101868
0.20858792960643768
1.850208044052124
0.0304998978972435
3.2721517086029053
2.6515660285949707
1.6734191179275513
0.06133629009127617
0.3309786319732666
0.019658485427498817
0.20301076769828796
0.02316184900701046
0.001369419856928289
0.0007458696491084993
2.2653541564941406
0.08962908387184143
2.4645001888275146
0.3254183828830719
1.4874756336212158
0.32626497745513916
0.8873412013053894
1.325692057609558
0.0007528204005211592
0.029020972549915314
1.5230292081832886
0.025988157838582993
2.05824613571167
1.3098695278167725
2.097111940383911
1.9081363677978516
0.002215757267549634
0.06703098118305206
2.4770452976226807
0.48573461174964905
3.4217135906219482
2.1861519813537598
0.6707870364189148
0.26292556524276733
1.4578570127487183
0.5524915456771851
1.7718440294265747
0.6383858919143677
1.968336820602417
0.024848543107509613
0.3434157371520996
0.10467354208230972
2.545590400695801
1.2966585159301758
1.463144063949585
0.08554819226264954
2.350684404373169
2.148381471633911
1.913995623588562
0.013760779052972794
1.8213469982147217
0.30953389406204224
0.006386606954038143
0.08445493876934052
0.0006468471838161349
0.013014385476708412
3.0547633171081543
2.2886080741882324
0.037705954164266586
0.029735608026385307
1.7717779874801636
0.026610514149069786
1.7333431243896484
0.7971946597099304
2.8000264167785645
1.4515262842178345
1.6258715391159058
0.01909150555729866
1.446968674659729
0.3875468373298645
2.1520395278930664
0.701583206653595
0.09733594954013824
0.05737137794494629
2.7023725509643555
0.9263059496879578
0.5032974481582642
0.1997230499982834
3.6474103927612305
2.2616312503814697
1.8144476413726807
0.5540742874145508
0.21509675681591034
0.01021049078553915
2.283503770828247
0.2880350649356842
0.41498830914497375
1.1762115955352783
2.582249164581299
0.9427369236946106
1.4584554433822632
0.03637814521789551
1.9063081741333008
1.370857834815979
0.36174318194389343
0.12945613265037537
2.4646263122558594
1.6980899572372437
0.9812638759613037
0.9349610805511475
2.2015976905822754
2.2379581928253174
0.3580055236816406
0.12376593053340912
0.8931201100349426
0.8240007758140564
0.061053644865751266
0.037951525300741196
0.06670428812503815
0.14334316551685333
0.0038974990602582693
0.21432803571224213
1.018754243850708
0.8516222238540649
1.755009412765503
0.5262987017631531
2.2044949531555176
0.46354490518569946
2.412240982055664
1.0401463508605957
2.2898130416870117
1.0324679613113403
3.6637256145477295
1.7302759885787964
0.241474449634552
0.10318853706121445
0.10859151929616928
0.17718243598937988
3.217421293258667
1.8248809576034546
1.2123509645462036
1.4587279558181763
0.18129347264766693
0.035341519862413406
1.5767887830734253
1.220337152481079
2.437394142150879
0.5556066036224365
2.017695665359497
1.4977822303771973
2.765350103378296
0.9783835411071777
0.041583385318517685
0.017490504309535027
0.12050967663526535
0.14447596669197083
0.009121730923652649
0.1762801706790924
1.6547458171844482
0.7501299381256104
0.39811620116233826
0.21790890395641327
1.4720057249069214
0.8028935194015503
1.6929211616516113
1.2156569957733154
3.2332329750061035
1.3657875061035156
1.4001855850219727
0.7252340912818909
1.8760102987289429
0.8697718381881714
1.4188108444213867
1.243823766708374
2.024238109588623
0.19435355067253113
2.0972390174865723
1.2126131057739258
0.1502954214811325
0.19704139232635498
3.254502058029175
3.511568784713745
1.7599835395812988
0.12355256080627441
2.7593345642089844
1.3461976051330566
1.3491618633270264
0.9559043645858765
0.49402695894241333
0.461760938167572
1.4679875373840332
0.15366138517856598
1.4041074514389038
0.5115349888801575
1.2828489542007446
0.22529342770576477
1.9345111846923828
0.0025771826039999723
2.2168943881988525
0.04218658059835434
3.5332462787628174
1.6939826011657715
3.1347525119781494
2.624311923980713
0.5836755037307739
0.03902614861726761
1.5830291509628296
0.7935567498207092
1.5519297122955322
0.05218411237001419
1.0388506650924683
0.9497971534729004
3.485361337661743
2.493011474609375
0.005224843509495258
0.016765248030424118
1.295371651649475
1.3993028402328491
1.9438929557800293
0.14962880313396454
1.4123350381851196
0.778339147567749
0.36638766527175903
0.7502411007881165
2.4788527488708496
1.0615653991699219
1.2436680793762207
1.0339202880859375
3.0906872749328613
0.23069174587726593
1.7165923118591309
0.0330783873796463
2.1866235733032227
0.10918758809566498
3.8840861320495605
2.108363389968872
1.6566511392593384
0.9175907969474792
2.4203808307647705
1.152659296989441
0.591286301612854
0.43839019536972046
0.02619471400976181
0.05227647349238396
2.1845555305480957
0.10637150704860687
2.5679092407226562
0.4143894612789154
3.0073976516723633
1.427108645439148
0.0013218350941315293
0.009197528474032879
3.174509048461914
2.0809264183044434
0.22254429757595062
0.1655133068561554
1.724926233291626
1.5667219161987305
0.09321581572294235
0.0975012481212616
0.6412801146507263
0.12151506543159485
3.644874095916748
1.8251298666000366
1.4011693000793457
0.5993437170982361
0.0940452441573143
0.08605849742889404
1.8823217153549194
0.04530400037765503
0.309395968914032
0.2094668596982956
1.955053687095642
0.13579900562763214
2.2206549644470215
1.1199119091033936
0.8479421138763428
0.2423652708530426
2.1549363136291504
1.5916008949279785
0.04848640784621239
0.006035081576555967
1.0851715803146362
0.8896444439888
2.9567365646362305
2.111614465713501
2.029283285140991
1.5938729047775269
3.720137357711792
2.1528878211975098
1.799885630607605
0.2878592312335968
1.5941033363342285
0.43435004353523254
1.5723506212234497
0.18662743270397186
1.4868968725204468
0.42859867215156555
0.12811686098575592
0.3499453365802765
2.7963757514953613
1.2831265926361084
1.6480756998062134
0.4633125960826874
3.8131206035614014
1.3504977226257324
1.9792052507400513
0.5872901678085327
0.2573965787887573
0.5373185276985168
2.2631845474243164
2.749182939529419
1.230949878692627
0.7984542846679688
2.086458444595337
0.6696614027023315
3.5227560997009277
1.5672940015792847
2.6092653274536133
1.1050679683685303
3.7482802867889404
2.3091208934783936
2.69425368309021
0.4603717625141144
1.04340398311615
1.0945675373077393
2.1899499893188477
2.053203582763672
2.2593319416046143
2.2815511226654053
1.6405158042907715
0.617234468460083
1.836639165878296
0.3637710511684418
1.05044686794281
1.026593804359436
0.08370976150035858
0.08344637602567673
0.4346272647380829
0.22177445888519287
2.0964195728302
0.05730970576405525
1.1859118938446045
1.8572938442230225
0.29340165853500366
0.037944335490465164
1.6608402729034424
0.4397507607936859
0.8645593523979187
0.2841704487800598
2.5095298290252686
1.355070948600769
0.2758391797542572
0.17461878061294556
0.035855215042829514
0.04006670415401459
3.682868480682373
2.0000386238098145
1.8341501951217651
0.7144505977630615
1.1377631425857544
0.7620176672935486
1.9186807870864868
0.717997670173645
2.2014477252960205
2.3456642627716064
2.3050732612609863
0.9929563403129578
1.0265802145004272
0.77999347448349
2.2894530296325684
1.1859033107757568
3.252868413925171
2.695249319076538
2.234496831893921
0.17102974653244019
1.869231939315796
1.583930492401123
1.1885783672332764
1.2812126874923706
1.569156289100647
0.7243936061859131
1.8434882164001465
1.8444173336029053
2.671363592147827
1.0229111909866333
1.7520838975906372
1.1879773139953613
1.2752916812896729
1.0081510543823242
2.1592845916748047
0.5193881392478943
3.329272747039795
1.2463276386260986
0.008285674266517162
0.0005953797954134643
2.530316114425659
0.8956851959228516
2.1080965995788574
0.23569297790527344
0.013594195246696472
0.027180658653378487
3.2891745567321777
1.9852991104125977
0.9488269686698914
0.28569769859313965
0.00878702849149704
0.036171991378068924
1.8428300619125366
1.8944262266159058
1.020423412322998
0.8521422743797302
3.3577466011047363
2.4868035316467285
0.9322967529296875
0.013427124358713627
2.9946131706237793
1.4970024824142456
2.5396175384521484
1.1224868297576904
1.6007050275802612
0.02495235577225685
3.5382447242736816
1.067236065864563
0.0013287384063005447
0.013986279256641865
1.8201937675476074
1.7802307605743408
0.6618949174880981
0.9084503650665283
1.1539766788482666
0.35531941056251526
1.840431571006775
0.11025556176900864
0.003717533079907298
0.11854790151119232
1.8627303838729858
1.2615118026733398
1.4155619144439697
0.9627323746681213
0.4254602789878845
0.03485976532101631
0.015263216570019722
0.12156616896390915
2.895655393600464
1.7567579746246338
3.215888261795044
2.826164722442627
1.352245569229126
0.923694372177124
0.17136698961257935
0.2933405935764313
1.833329677581787
0.8397383093833923
0.032571811228990555
0.035215914249420166
0.02941456250846386
0.05014616250991821
1.1080764532089233
0.9759621620178223
0.35999760031700134
0.11212436109781265
2.2300057411193848
0.8776093125343323
1.1828842163085938
0.8923094272613525
0.9168094992637634
1.1100856065750122
0.40875422954559326
0.2817145586013794
1.7290163040161133
1.1889479160308838
2.110224485397339
1.7789973020553589
2.828948974609375
3.02593994140625
1.9566752910614014
0.6688480377197266
0.004000539891421795
0.05384363979101181
0.2879815697669983
0.47554507851600647
1.7462753057479858
0.020944802090525627
0.08093471080064774
0.149505615234375
0.04519954323768616
0.04907427728176117
2.8997912406921387
1.5233423709869385
0.8793902397155762
0.7781757116317749
0.14728593826293945
0.08605681359767914
4.512918949127197
3.03782320022583
3.3645057678222656
1.072830319404602
0.035857751965522766
0.139561265707016
1.952761173248291
1.5549224615097046
1.1012969017028809
0.9006252884864807
1.8792376518249512
0.04985910281538963
1.5279457569122314
0.5990657806396484
0.008995532058179379
0.06620510667562485
0.03677450120449066
0.13442504405975342
2.419180393218994
1.060523271560669
1.7052139043807983
1.2164500951766968
3.712815761566162
4.452157020568848
1.813852071762085
0.2963985204696655
1.5818129777908325
1.2219960689544678
0.04463886842131615
0.16463959217071533
2.897102117538452
1.0492165088653564
1.4692882299423218
0.7034843564033508
0.06571504473686218
0.42812782526016235
0.007500912062823772
0.044279180467128754
2.0706095695495605
1.0181503295898438
1.081734538078308
1.0844672918319702
0.7883938550949097
0.4959865212440491
3.2096078395843506
1.6142834424972534
0.9588884115219116
0.7108088731765747
0.385608047246933
0.22942428290843964
1.8269892930984497
0.0577423982322216
0.6729282140731812
0.31328320503234863
2.9227817058563232
0.9478766322135925
0.11081577837467194
0.008278004825115204
2.4543261528015137
2.324449062347412
1.9541682004928589
0.5351758599281311
3.646853446960449
1.6683273315429688
1.266860008239746
0.5390917062759399
0.9311571717262268
0.7307142615318298
0.20057524740695953
0.13521623611450195
1.6442596912384033
0.6848790645599365
2.251704692840576
2.600680112838745
1.6593936681747437
0.9847745895385742
0.9276511073112488
0.2633741497993469
0.7571435570716858
0.7086382508277893
1.8466274738311768
0.29313966631889343
0.28717735409736633
0.06329607963562012
3.2349512577056885
2.4824233055114746
1.8555649518966675
0.15744715929031372
1.5389368534088135
1.0463035106658936
0.3600032925605774
0.06538119912147522
3.7607204914093018
2.0612518787384033
1.9265775680541992
0.1940515786409378
3.1732571125030518
0.7859641313552856
1.4021440744400024
0.15532177686691284
2.0697951316833496
1.7197622060775757
1.8205125331878662
0.06662750989198685
1.9115314483642578
1.5438905954360962
2.11425518989563
1.7160799503326416
1.6009764671325684
1.3728704452514648
1.6980617046356201
0.7630462050437927
1.2744804620742798
0.985785961151123
0.8680241107940674
0.8276127576828003
0.01218985952436924
0.16729113459587097
1.723883867263794
0.719183623790741
2.233332633972168
0.008928489871323109
1.4272223711013794
1.1544421911239624
0.154865562915802
0.12497016787528992
0.3332834839820862
0.4269198477268219
0.04211704060435295
0.09894829988479614
1.6861951351165771
0.04003556817770004
0.08221399039030075
0.02938559651374817
1.4780019521713257
0.13785330951213837
3.0235462188720703
1.358522891998291
0.06355756521224976
0.08451279997825623
0.05288296192884445
0.11981860548257828
0.20157703757286072
0.1839563548564911
2.04429030418396
0.48172327876091003
0.07657108455896378
0.07389625906944275
0.02230202592909336
0.0684335008263588
1.6399834156036377
0.7729204893112183
0.21722544729709625
0.11353069543838501
0.13448846340179443
0.015886064618825912
0.3757687211036682
0.32475417852401733
1.7893424034118652
0.028431454673409462
0.2202453315258026
0.13700668513774872
0.10661016404628754
0.0659027248620987
1.5480401515960693
1.6467666625976562
1.544715166091919
0.18388840556144714
2.241403579711914
0.029261453077197075
2.4598231315612793
1.5780943632125854
1.3253405094146729
0.7249515056610107
1.4858453273773193
1.4707577228546143
0.0001805634528864175
0.0027001805137842894
0.11644358187913895
0.0335710234940052
2.4973878860473633
1.1113369464874268
1.7532869577407837
0.002065670909360051
0.2999463379383087
0.2590138018131256
0.07439631223678589
0.003966568969190121
1.9107959270477295
0.2576783001422882
1.6040196418762207
0.40146124362945557
1.248647928237915
0.8093146681785583
1.8460204601287842
1.18153715133667
0.36141055822372437
0.05951312184333801
2.874546766281128
1.1546849012374878
0.05362947657704353
0.1905566155910492
2.0955872535705566
0.05950307473540306
1.8005565404891968
0.02406463585793972
3.632805347442627
1.3736546039581299
0.9830857515335083
0.7453385591506958
1.159838080406189
0.9788695573806763
2.935450792312622
1.6483429670333862
1.3016973733901978
0.2675706744194031
0.40085628628730774
0.012964422814548016
2.3882815837860107
2.663809061050415
1.5308411121368408
0.005817839410156012
1.3884845972061157
0.8513237833976746
0.44867920875549316
0.13927845656871796
0.03233742341399193
0.09244555234909058
0.0035511208698153496
0.008673625066876411
0.9516691565513611
0.5997174978256226
0.11688035726547241
0.04356353357434273
1.7073416709899902
0.9179331064224243
3.5668158531188965
3.199932336807251
0.2295336127281189
0.11817929148674011
3.8543670177459717
1.532240390777588
0.8574174046516418
0.779748260974884
0.6375690698623657
0.24727486073970795
0.21916891634464264
0.14833247661590576
3.6964666843414307
1.5540575981140137
2.721722364425659
1.1129096746444702
1.852360725402832
1.7461780309677124
1.2929729223251343
1.1846815347671509
1.9194891452789307
0.0180013719946146
1.579066514968872
0.029740212485194206
1.239091396331787
0.09014440327882767
1.5855475664138794
1.0706892013549805
0.04570949822664261
0.15000319480895996
0.006562662310898304
0.007928869687020779
0.8631541728973389
0.8932713270187378
3.923734664916992
2.270408868789673
0.04356159642338753
0.3280654847621918
1.4565033912658691
0.6799220442771912
3.668120861053467
1.401535987854004
1.932346224784851
1.076829195022583
3.779569149017334
1.391409158706665
4.22497034072876
2.616929054260254
0.017523080110549927
0.03751319274306297
1.6187447309494019
0.12150470167398453
3.6753063201904297
2.946725845336914
2.2354815006256104
0.3490869998931885
0.09369107335805893
0.06845569610595703
1.6239804029464722
0.05939670652151108
2.0689637660980225
1.305497407913208
1.9271631240844727
1.295870065689087
2.4779982566833496
1.4459640979766846
0.13386695086956024
0.019064581021666527
1.5686615705490112
1.1569430828094482
3.3516786098480225
2.564213991165161
1.8231583833694458
0.7173232436180115
0.0362597294151783
0.06894019991159439
2.1267590522766113
0.16516369581222534
1.0337128639221191
1.0080139636993408
2.129204273223877
2.66827392578125
2.2351396083831787
2.4042980670928955
0.2892518937587738
0.00660116458311677
2.1402273178100586
0.17832860350608826
0.03493471443653107
0.3995131850242615
3.3342490196228027
1.890779972076416
2.456416130065918
1.6911675930023193
1.963004469871521
0.4971855580806732
1.5416522026062012
1.0538283586502075
2.14286208152771
1.8690965175628662
1.6679344177246094
0.03331950306892395
2.4188344478607178
0.8968267440795898
1.3359017372131348
1.1845489740371704
2.425393581390381
0.06425821781158447
5.2927727699279785
3.9622960090637207
2.3711001873016357
2.227625846862793
0.03989719599485397
0.16184061765670776
1.7285171747207642
0.32196301221847534
3.673144817352295
1.539621353149414
2.096741199493408
0.403549462556839
1.8218786716461182
0.0014216884737834334
2.363409996032715
1.5762218236923218
0.013958785682916641
0.017850814387202263
1.897553563117981
0.0513167567551136
1.3326514959335327
1.4494386911392212
1.8410515785217285
0.554429292678833
2.3766911029815674
1.274133563041687
0.08735448867082596
0.005260849371552467
2.6607882976531982
1.4604045152664185
2.321286201477051
0.6363612413406372
3.613405227661133
2.0692269802093506
0.00028418382862582803
0.0002516772074159235
1.5024802684783936
1.1127421855926514
0.03555350750684738
0.33477210998535156
1.3703076839447021
0.03171877562999725
1.4106420278549194
0.5781791806221008
0.041393157094717026
0.004529494792222977
3.1399831771850586
2.1628358364105225
1.6730104684829712
0.48600926995277405
0.0004056585894431919
0.002985713304951787
1.7756471633911133
0.6352456212043762
0.41102135181427
0.30920276045799255
2.4181244373321533
2.0564050674438477
0.15354518592357635
0.25549209117889404
2.8400375843048096
1.981602430343628
2.550248622894287
0.7507052421569824
2.7486259937286377
1.28159499168396
0.587698221206665
0.06439915299415588
2.5253357887268066
0.05649683251976967
2.4437527656555176
0.09383382648229599
1.2635389566421509
0.457624226808548
0.0892559215426445
0.2990638315677643
0.004006349015980959
0.03349804878234863
3.6255598068237305
2.670936346054077
1.792177677154541
1.2454246282577515
1.1050529479980469
0.6253139972686768
2.8841135501861572
0.11103681474924088
0.18527325987815857
0.06640864163637161
1.6572808027267456
0.45193198323249817
0.034770797938108444
0.25885626673698425
1.9256885051727295
0.4211704432964325
0.9835126399993896
1.2820186614990234
1.6904741525650024
0.3162011504173279
2.1812515258789062
2.1475229263305664
0.1085265725851059
0.09642967581748962
0.14960502088069916
0.016956541687250137
2.3680355548858643
2.5770695209503174
0.03223146125674248
0.012650725431740284
1.0574396848678589
0.9071643948554993
2.08329439163208
0.189251109957695
1.4398237466812134
0.1373852640390396
0.03595006838440895
0.09749850630760193
1.4445713758468628
0.31676074862480164
0.19820237159729004
0.042004168033599854
3.2272799015045166
2.9471561908721924
3.7454564571380615
1.973593831062317
0.2480153739452362
0.18356378376483917
0.04952619597315788
0.00020519067766144872
0.05684215575456619
0.004660976119339466
1.9044654369354248
0.05198800563812256
0.12826359272003174
0.271772563457489
1.301767110824585
1.2002395391464233
0.4753280282020569
0.06304647773504257
2.1424190998077393
0.6568484306335449
1.070206642150879
0.8679612278938293
0.028732288628816605
0.24754741787910461
0.00390225020237267
0.016769638285040855
0.028538279235363007
0.23640546202659607
2.5808329582214355
1.7154008150100708
4.569029331207275
2.390697956085205
2.4578378200531006
1.5947171449661255
0.00898660346865654
0.04679550230503082
1.3712173700332642
0.5721805691719055
0.24721693992614746
0.18774498999118805
0.024009300395846367
0.16128212213516235
2.0634491443634033
1.9376016855239868
0.06874755024909973
0.09786096960306168
0.003352080937474966
0.005120438989251852
3.055222988128662
1.2146071195602417
1.9573676586151123
1.4444537162780762
2.005833625793457
0.8213397860527039
0.12707507610321045
0.04265609011054039
3.636849880218506
1.9946404695510864
1.4560152292251587
0.19061945378780365
2.6914663314819336
1.2746018171310425
1.5020884275436401
0.7182759642601013
0.43441012501716614
0.7052253484725952
1.793952465057373
1.394821047782898
1.6529854536056519
0.8104327321052551
1.8208248615264893
2.154721975326538
2.0696022510528564
2.0226542949676514
0.029236989095807076
0.03432488441467285
0.0018046866171061993
0.041584670543670654
0.19276240468025208
0.11807803064584732
1.7730119228363037
1.1055214405059814
4.326574325561523
3.0944714546203613
0.03525029122829437
0.15006498992443085
2.8377349376678467
2.234173059463501
0.03888998180627823
0.015285750851035118
1.1994946002960205
1.0880863666534424
2.823613166809082
1.336353063583374
0.5080397725105286
0.9002571105957031
0.2993852198123932
0.41759511828422546
0.04750234633684158
0.026153091341257095
0.5725908279418945
0.36758482456207275
2.2168569564819336
1.1391438245773315
2.0574402809143066
0.052800267934799194
0.03488815575838089
0.04977801814675331
2.4566445350646973
0.8520568609237671
1.4604898691177368
0.1285231113433838
2.1410574913024902
2.770026922225952
0.639970600605011
0.823795735836029
4.084280967712402
2.588012456893921
4.862818717956543
2.6574137210845947
2.017237901687622
0.2057187408208847
1.9525678157806396
1.5803382396697998
2.2764084339141846
2.486640453338623
3.252274751663208
1.988270878791809
0.0313856340944767
0.07638447731733322
1.5522838830947876
0.36863166093826294
0.09228914976119995
0.0949585810303688
1.920156478881836
0.018124813213944435
0.261452853679657
1.2756484746932983
2.8890891075134277
1.0528554916381836
2.769592761993408
1.239858627319336
2.1945548057556152
0.07732373476028442
1.17726731300354
0.9629877805709839
0.21893666684627533
0.1972821056842804
3.5523884296417236
1.5159000158309937
2.847820997238159
0.9734489917755127
0.2331731915473938
0.308186799287796
2.1361989974975586
0.45514950156211853
1.807581901550293
0.022654704749584198
2.6600723266601562
1.3719383478164673
0.008197007700800896
0.00360529194585979
2.71382474899292
1.339267373085022
1.7118632793426514
1.3676230907440186
1.3048088550567627
0.9373428821563721
1.438119649887085
0.8945556282997131
0.12126332521438599
0.0015277188504114747
0.8438791036605835
0.9856293201446533
1.0733097791671753
0.9997797608375549
2.900092124938965
0.9419845342636108
2.301571846008301
0.1766175478696823
1.642938494682312
0.3027741312980652
3.8471028804779053
2.2956738471984863
2.1546883583068848
1.1273400783538818
2.7953336238861084
1.4905130863189697
0.07092683017253876
0.004142669960856438
2.0138516426086426
0.05959635600447655
1.9000434875488281
0.14261212944984436
3.7481250762939453
3.0709640979766846
3.299800395965576
1.6706886291503906
0.5566097497940063
0.05932537093758583
0.27165037393569946
0.558316171169281
1.5157253742218018
0.018003283068537712
3.0169150829315186
1.0071110725402832
0.07882428169250488
0.1581517457962036
0.19380110502243042
0.2573367953300476
1.630174160003662
1.2005599737167358
0.09048967808485031
0.01969551108777523
2.3471508026123047
0.23401014506816864
1.5345731973648071
1.8907631635665894
0.0042523834854364395
0.04205833002924919
0.279935359954834
0.5268086791038513
0.6241949796676636
0.8476267457008362
0.7649734616279602
0.005517351906746626
2.5644824504852295
1.992023229598999
1.8306249380111694
0.5228384733200073
2.679931163787842
2.5419840812683105
0.035727016627788544
0.16666874289512634
1.5131304264068604
0.6859409809112549
0.9813198447227478
1.0077941417694092
1.9591704607009888
0.9301434755325317
2.34403395652771
1.1291784048080444
2.5256187915802
0.23694279789924622
2.5896711349487305
1.038788080215454
0.9321333765983582
0.860956072807312
1.6381640434265137
1.2929340600967407
1.9414931535720825
1.1668508052825928
1.6266368627548218
0.5953230261802673
1.3094708919525146
1.091322898864746
1.3924812078475952
0.8628553152084351
1.664144515991211
0.15801101922988892
0.607825756072998
0.035461604595184326
0.028495993465185165
0.04189416393637657
0.7949071526527405
0.6985734701156616
2.038182258605957
0.027028849348425865
2.4366722106933594
0.5971717834472656
2.0149483680725098
0.3400823175907135
2.270442247390747
1.1477792263031006
2.1187944412231445
0.8083486557006836
1.5668056011199951
1.043839693069458
0.5016563534736633
1.177527904510498
0.7761380672454834
0.43046683073043823
3.046961784362793
1.1213308572769165
0.23771655559539795
0.11936164647340775
0.02343638800084591
0.031735505908727646
1.954627513885498
0.6792367100715637
2.041963577270508
0.476487398147583
1.4192039966583252
1.0720736980438232
2.2747843265533447
0.9473164677619934
1.4817126989364624
0.19960299134254456
1.2285828590393066
1.2156158685684204
2.458272933959961
0.1786680966615677
0.0058427597396075726
0.0029008060228079557
2.580756187438965
0.1853247582912445
0.01051849965006113
0.000847665942274034
0.5129221677780151
0.9020391702651978
1.6928365230560303
0.9297263622283936
1.0348246097564697
0.038405101746320724
1.2682933807373047
0.0398438423871994
1.5437252521514893
0.7966434955596924
2.1502232551574707
0.5606389045715332
1.9132730960845947
0.04037368670105934
0.481964111328125
0.5487856268882751
2.160853147506714
1.5441796779632568
3.196417808532715
0.8811546564102173
0.07544036954641342
0.019557856023311615
1.5127030611038208
0.8510122895240784
0.6998904943466187
1.1708636283874512
1.1950955390930176
1.3566640615463257
2.9112677574157715
0.8846635222434998
2.7156782150268555
1.5638870000839233
0.13967345654964447
0.03817613795399666
1.1889348030090332
0.48450425267219543
1.7405322790145874
0.5236564874649048
1.3448569774627686
0.9109244346618652
1.3234888315200806
1.9349174499511719
2.4350860118865967
0.2907329201698303
0.06432798504829407
0.04400084167718887
2.069486379623413
0.11998409777879715
0.2251754105091095
0.2691413164138794
0.10858048498630524
0.01659669727087021
2.671868085861206
2.908975839614868
3.5342893600463867
2.722740888595581
2.5705556869506836
1.3746916055679321
2.754686117172241
1.7777018547058105
0.2323109656572342
0.08290835469961166
0.4555114209651947
0.6199490427970886
1.1775379180908203
1.1102197170257568
1.2493329048156738
0.7113980650901794
1.901666283607483
1.1258445978164673
3.528987407684326
1.4050155878067017
2.117910146713257
0.062353603541851044
2.224416732788086
0.19447359442710876
2.2582335472106934
0.05726093798875809
0.6770251393318176
0.5990406274795532
3.6394412517547607
2.2500057220458984
0.060899317264556885
0.736068606376648
1.7455356121063232
0.6255528330802917
5.602530002593994
3.741966962814331
2.690173864364624
1.0984739065170288
1.357409119606018
0.6033340692520142
0.14065952599048615
0.002248194767162204
0.3419641852378845
0.4338974058628082
2.536166191101074
2.0535361766815186
0.9729569554328918
1.0141620635986328
0.08978898823261261
0.05405183508992195
0.013339878059923649
0.030924441292881966
0.05731058120727539
0.06521756947040558
2.640678882598877
1.2534241676330566
3.686617851257324
1.8593945503234863
2.0725953578948975
2.0725555419921875
1.2551465034484863
1.1988989114761353
0.11577385663986206
0.00832973700016737
1.4919146299362183
0.4504666030406952
1.8728671073913574
0.2571849524974823
0.08405628800392151
0.25029414892196655
2.1845076084136963
1.711145281791687
0.8852500915527344
0.6779192686080933
2.3949742317199707
0.20430594682693481
0.04318813234567642
0.012110957875847816
1.7460293769836426
1.6440542936325073
0.017650704830884933
0.03285207226872444
0.052779462188482285
0.06110192462801933
0.9354473352432251
1.2521413564682007
1.8234732151031494
0.3394809365272522
2.814592123031616
0.5800377130508423
2.9618496894836426
1.386136531829834
2.730053424835205
1.6718714237213135
1.6151622533798218
0.6282625198364258
0.3575664162635803
0.24190320074558258
1.372681975364685
1.2233914136886597
0.1407618522644043
0.31105268001556396
0.11331653594970703
0.2340499758720398
2.210341691970825
1.3970789909362793
1.637740135192871
0.6314473152160645
1.9222301244735718
1.3699450492858887
0.0023872442543506622
0.04098623991012573
0.41384372115135193
0.2584494650363922
1.6494475603103638
1.8528928756713867
2.727203130722046
0.8335122466087341
2.433004379272461
0.8798474073410034
0.48005813360214233
0.3052981495857239
2.6220691204071045
1.008548617362976
2.985983371734619
0.7789649367332458
0.07865797728300095
0.16126005351543427
2.2097816467285156
0.11893739551305771
2.9225363731384277
0.7785528898239136
2.3612396717071533
0.03273078054189682
1.2572728395462036
0.5466189980506897
0.12989024817943573
0.043989405035972595
0.10507474839687347
0.023254912346601486
2.3671746253967285
1.9769607782363892
2.331688404083252
1.5625073909759521
2.872252941131592
1.091533899307251
0.05195925012230873
0.6048638224601746
1.8658360242843628
0.3519366383552551
1.2816582918167114
0.5045232176780701
1.561059832572937
0.5665706992149353
0.7418195009231567
0.7548275589942932
0.017046470195055008
0.013620027340948582
0.07074594497680664
0.021342789754271507
1.0372517108917236
0.887729823589325
2.1613430976867676
0.007039736956357956
2.4798660278320312
1.447214126586914
1.5758765935897827
0.06591840833425522
1.7468668222427368
0.08276915550231934
1.3564268350601196
1.676957130432129
2.746384382247925
1.2547049522399902
2.015690326690674
2.4126179218292236
0.33533379435539246
0.6815069317817688
0.47585296630859375
0.5802296996116638
1.2271348237991333
1.001416563987732
1.5222208499908447
0.7708407044410706
1.760223150253296
0.5068042278289795
0.9316146969795227
1.1961009502410889
3.5349326133728027
1.8220161199569702
2.2394561767578125
0.3805227279663086
1.6663222312927246
0.5913125872612
0.0778903216123581
0.00020175280224066228
2.8887057304382324
1.0157661437988281
1.3054076433181763
0.845119833946228
2.6480560302734375
2.9403820037841797
3.0602450370788574
1.4040510654449463
2.014394521713257
0.04685364291071892
2.0447311401367188
1.1870452165603638
0.47728535532951355
0.5130680799484253
0.9582145810127258
0.9787879586219788
2.3322606086730957
0.05782870948314667
2.3187148571014404
1.1124804019927979
0.21961133182048798
0.029737817123532295
2.7961533069610596
1.8687257766723633
1.5659840106964111
1.1121296882629395
0.0072744074277579784
0.018416667357087135
0.082430899143219
0.23413367569446564
2.6333465576171875
0.9546473026275635
0.594420850276947
0.31330403685569763
1.497051477432251
1.0617992877960205
3.153367042541504
2.0250816345214844
3.144855499267578
2.0852925777435303
0.028017330914735794
0.02880718559026718
2.310635566711426
1.0475677251815796
0.00394775252789259
0.19829782843589783
4.1316704750061035
1.5974712371826172
3.6789252758026123
2.4897258281707764
1.0959956645965576
0.9730421304702759
1.2844328880310059
0.1392296403646469
2.6636228561401367
1.579260230064392
2.285590171813965
0.7338859438896179
0.03942924365401268
0.2588983178138733
2.1200969219207764
0.1689561903476715
0.03221169859170914
0.07674545049667358
1.6939301490783691
1.1574058532714844
0.2773036062717438
0.09063984453678131
1.8634412288665771
0.6231809258460999
1.6954714059829712
0.44118961691856384
0.08358947932720184
0.3572145700454712
1.2998619079589844
0.6452601552009583
0.561923623085022
0.10518748313188553
0.9537519216537476
0.7159315943717957
0.11707315593957901
0.06378936767578125
2.4650871753692627
2.3696281909942627
3.3000330924987793
1.2074064016342163
3.80320405960083
1.8572776317596436
0.6746108531951904
0.5669628977775574
1.9942665100097656
0.8305848240852356
0.04956096038222313
0.09693235158920288
1.7394084930419922
0.10697461664676666
2.2652587890625
2.1495044231414795
0.04454193264245987
0.3405517041683197
0.6330299973487854
0.4951894283294678
1.9382941722869873
0.5718227624893188
1.003844976425171
0.8480736613273621
0.3153940439224243
0.18394331634044647
1.5867832899093628
0.6243177652359009
1.7692593336105347
0.12082233279943466
3.47227144241333
1.9631023406982422
2.4299087524414062
0.7550501227378845
0.2857378125190735
0.20311161875724792
1.0244091749191284
1.2428557872772217
1.8017488718032837
1.310096025466919
1.135589361190796
1.0702290534973145
1.3354887962341309
0.342263400554657
1.8214111328125
0.35385751724243164
0.0022751297801733017
0.0019056980963796377
1.4293030500411987
0.7536380887031555
0.7619501352310181
0.21256551146507263
1.8198028802871704
1.2725601196289062
1.4445865154266357
0.11127693951129913
1.5068644285202026
0.07941028475761414
1.1247526407241821
1.4467147588729858
1.7419021129608154
0.20364558696746826
2.2270140647888184
0.6206757426261902
2.11324405670166
1.3731553554534912
2.011552572250366
0.23977340757846832
0.8537794947624207
0.7944203615188599
0.8352394700050354
0.04369422420859337
0.0362529456615448
0.08757637441158295
1.5680168867111206
1.2489500045776367
0.05018888786435127
0.015195928514003754
2.4773337841033936
2.074049472808838
2.0882551670074463
0.4111841917037964
1.2107203006744385
1.2301466464996338
1.6125115156173706
0.8748806715011597
1.013503074645996
0.3796845078468323
0.010758083313703537
0.09293588995933533
3.9629909992218018
1.704495906829834
1.460132122039795
0.3644101321697235
1.3137859106063843
1.1330857276916504
2.1495015621185303
1.2093795537948608
1.6753290891647339
0.6583365797996521
2.3975706100463867
1.36564040184021
2.214803457260132
0.34424924850463867
1.4733537435531616
1.7515243291854858
1.138540506362915
0.9914229512214661
0.9871330261230469
0.8969730138778687
0.9237098693847656
1.1407182216644287
1.736884593963623
0.28738054633140564
2.8679842948913574
1.7450920343399048
1.6996488571166992
0.9095932245254517
4.532994270324707
3.413219451904297
0.02426798827946186
0.017460178583860397
1.4391181468963623
0.8456951975822449
0.891490638256073
0.8500954508781433
0.004540891386568546
0.006501324009150267
1.874444842338562
0.45030874013900757
1.7163112163543701
1.0564266443252563
2.6907846927642822
1.244647741317749
0.7617902755737305
0.9333544373512268
0.13014407455921173
0.427666038274765
1.8904889822006226
1.6489462852478027
0.22927451133728027
0.07885174453258514
0.030807312577962875
0.03514555096626282
0.015530706383287907
0.01374096143990755
0.28247368335723877
0.22017556428909302
1.9534085988998413
0.13922198116779327
3.0088789463043213
1.5306131839752197
1.121616244316101
1.0149239301681519
3.788270950317383
2.4267191886901855
0.31298619508743286
0.14267443120479584
2.6152427196502686
1.2503082752227783
0.020829662680625916
0.04079379886388779
0.010328926146030426
0.027753978967666626
0.35705727338790894
0.023155279457569122
1.9422235488891602
0.03030599281191826
0.11993072926998138
0.062369927763938904
1.2236944437026978
1.2130399942398071
3.0155770778656006
1.8264806270599365
1.5208476781845093
1.4554297924041748
0.6056621670722961
0.226157084107399
0.8850980997085571
0.9975093603134155
2.119732141494751
0.12889865040779114
1.9199389219284058
0.3033192753791809
1.6925896406173706
0.35713037848472595
0.01039233710616827
0.01751158945262432
0.014679702930152416
0.050998762249946594
1.17452073097229
0.899349570274353
2.501826047897339
1.0354108810424805
2.0778255462646484
1.4757202863693237
1.7226951122283936
1.3524041175842285
0.894098162651062
0.9008339643478394
0.2052396684885025
0.04861544072628021
1.4751241207122803
0.2309095561504364
3.757354259490967
1.8713293075561523
2.211970329284668
0.23668044805526733
0.36005082726478577
0.5943157076835632
0.014495756477117538
0.0218511875718832
0.05733191594481468
0.02206205390393734
2.0103676319122314
0.7367833852767944
0.2940840423107147
0.6016743779182434
0.0727914497256279
0.026350747793912888
2.002285957336426
0.3762644827365875
5.033736228942871
3.077207565307617
2.333395481109619
0.42433345317840576
1.6941285133361816
0.1828365921974182
1.4718924760818481
0.33298400044441223
0.27130383253097534
0.08157587051391602
2.7540125846862793
1.6600289344787598
1.0608229637145996
1.018376350402832
0.03599589690566063
0.07418316602706909
1.0444402694702148
0.9623430371284485
0.000128553991089575
3.362362622283399e-05
0.11434344202280045
0.020531464368104935
1.7626532316207886
2.0811514854431152
0.031929679214954376
0.2421732246875763
0.032627593725919724
0.4818376898765564
3.625222682952881
1.4804712533950806
2.6493120193481445
0.9411960244178772
1.1657108068466187
0.9426208138465881
0.037566449493169785
0.0063684964552521706
0.12727594375610352
0.048909008502960205
1.1015909910202026
1.2487578392028809
0.00693880720064044
0.06881290674209595
1.7118492126464844
0.05858501419425011
1.2418999671936035
0.7676369547843933
1.7661329507827759
0.028119679540395737
2.2844395637512207
0.06982464343309402
1.7345843315124512
0.04656144604086876
2.722907066345215
0.917879045009613
1.7781065702438354
0.8336743712425232
0.06557738780975342
0.1020583063364029
1.0704265832901
0.9849499464035034
2.282683849334717
2.1297714710235596
1.3073972463607788
0.673440158367157
3.847320556640625
2.2960376739501953
0.0139008155092597
0.008556496351957321
1.2022900581359863
1.6443461179733276
0.36899515986442566
0.057074543088674545
1.5243914127349854
0.07248792052268982
0.06677345931529999
0.03451915457844734
1.3566361665725708
1.0446497201919556
2.1535868644714355
1.4077789783477783
2.0196077823638916
1.9512343406677246
0.015162071213126183
0.01300627738237381
0.21944399178028107
0.0031074066646397114
2.052429437637329
0.07008914649486542
1.1814848184585571
0.6157764792442322
2.4258410930633545
0.24179242551326752
1.4861308336257935
0.29483410716056824
0.0010215315269306302
0.015238243155181408
0.2630060315132141
0.14920897781848907
0.0579616017639637
0.23823653161525726
3.4431521892547607
1.7814353704452515
0.06177310273051262
0.004759653937071562
0.8681837320327759
0.8479453325271606
1.4630016088485718
0.018558386713266373
0.046860095113515854
0.02284826524555683
2.21030330657959
0.9645246267318726
0.06996964663267136
0.087624192237854
1.8498948812484741
0.43445494771003723
0.5466789603233337
0.3627271056175232
0.1665031611919403
0.28584420680999756
2.621225118637085
1.6002272367477417
0.10076688975095749
0.006249893922358751
3.7568464279174805
2.2908825874328613
0.5711256265640259
1.010636806488037
0.0049538142047822475
0.007718264125287533
0.8080856204032898
0.6711326837539673
1.8600116968154907
0.5056179165840149
1.5002131462097168
0.25990888476371765
3.6822919845581055
2.2285549640655518
0.013078751973807812
0.002595994621515274
1.987688660621643
0.9125481247901917
1.27411687374115
1.3924022912979126
0.045508187264204025
0.005518640391528606
0.01854642853140831
0.14928609132766724
3.3660950660705566
1.405983328819275
0.37099799513816833
0.490456759929657
0.023814372718334198
0.029611729085445404
1.4931236505508423
1.3315248489379883
1.2733074426651
0.09965357184410095
1.5640920400619507
0.6389374136924744
0.02611636370420456
0.10058949142694473
2.075880527496338
0.14015915989875793
0.05586438626050949
0.033016134053468704
0.046907126903533936
0.04893680661916733
0.21504727005958557
0.11796720325946808
0.014310810714960098
0.02148183435201645
3.526181697845459
2.382384777069092
1.468344807624817
0.963689923286438
0.016408773139119148
0.04125378653407097
0.34565380215644836
0.49460482597351074
0.12185653299093246
0.04566569998860359
0.0070861466228961945
0.051241349428892136
1.2048649787902832
0.8848451375961304
1.6137999296188354
0.35694336891174316
2.0359973907470703
0.11564446985721588
1.246058464050293
1.134580135345459
2.243335008621216
0.08669862896203995
0.3856726288795471
0.18674549460411072
0.2559765875339508
0.7160611748695374
4.355042457580566
2.097266912460327
2.3266308307647705
2.3687918186187744
2.5448157787323
0.8965253829956055
1.4114841222763062
0.7129479646682739
1.6179615259170532
0.5758879780769348
1.8360861539840698
1.056688666343689
1.7546319961547852
0.9318690299987793
1.8891061544418335
0.7868219017982483
0.21768245100975037
0.26550599932670593
0.00030088768107816577
0.003241412341594696
1.8172614574432373
0.4106385111808777
1.7228764295578003
0.13962626457214355
2.1877591609954834
0.1771378070116043
2.81241512298584
1.3383369445800781
2.091014862060547
0.035464417189359665
1.8322803974151611
0.6585475206375122
1.0692641735076904
0.7018136382102966
0.01561631541699171
0.019589219242334366
0.36897531151771545
1.047066330909729
3.307622194290161
2.390766143798828
0.2411479949951172
0.055475056171417236
0.8850384950637817
1.0007333755493164
3.087716579437256
2.038407802581787
1.870199203491211
0.019777223467826843
2.0881588459014893
0.03526434302330017
0.0004499944334384054
0.0018838502001017332
0.2071380317211151
0.1929635852575302
1.9854695796966553
0.01101431343704462
0.16644899547100067
0.2571497857570648
0.35355517268180847
0.482135534286499
1.9947885274887085
0.4232776165008545
1.8406648635864258
0.7042929530143738
1.9375139474868774
0.1227724701166153
3.182915687561035
2.4435977935791016
0.06236577779054642
0.027663622051477432
2.2961325645446777
0.8852521777153015
1.3942047357559204
1.417953610420227
1.73617422580719
1.5223033428192139
1.4930198192596436
0.09375777095556259
0.054804880172014236
0.23956623673439026
1.3802613019943237
0.7755565047264099
0.34224656224250793
0.02277374267578125
3.158128023147583
1.465037226676941
0.2966521978378296
0.4790043532848358
1.5148630142211914
1.391257643699646
0.216452956199646
0.006776879541575909
0.8454614281654358
0.8066737055778503
1.4789016246795654
0.046248894184827805
0.11190027743577957
0.08544905483722687
1.55978524684906
0.30111539363861084
0.1388038992881775
0.0651780515909195
1.0222172737121582
1.230863332748413
0.001839093049056828
0.0022945550736039877
0.25923460721969604
0.05946575105190277
1.4983808994293213
0.2789733111858368
1.8833738565444946
0.44499868154525757
1.7342822551727295
0.009765875525772572
1.8698937892913818
2.038942813873291
2.3581483364105225
1.0615557432174683
0.298920214176178
0.007070386316627264
1.8099629878997803
0.001298248302191496
1.9451957941055298
1.9549379348754883
2.197040319442749
0.10338589549064636
0.7980365753173828
1.085997462272644
1.449454426765442
0.18064473569393158
2.7259573936462402
0.7926416397094727
4.018888473510742
2.778829574584961
1.8025439977645874
0.06706370413303375
1.1213711500167847
0.9627266526222229
0.0031362916342914104
0.08784272521734238
1.3611409664154053
0.023578958585858345
1.7354930639266968
0.21659129858016968
0.05902961269021034
0.14060267806053162
0.04387255385518074
0.36691364645957947
0.003672998631373048
0.13848626613616943
3.637036085128784
2.0585367679595947
2.32839298248291
1.1896368265151978
0.17735715210437775
0.06301840394735336
0.7814863324165344
0.746818482875824
1.0764503479003906
1.179467797279358
0.9773944020271301
1.1390239000320435
2.868861436843872
2.1507036685943604
0.19459007680416107
0.4082656800746918
2.115159511566162
0.20011451840400696
1.7675468921661377
0.5423738956451416
2.8826138973236084
1.0627930164337158
2.066253662109375
1.7872391939163208
2.0121304988861084
1.617614507675171
2.131422519683838
0.4729558825492859
1.663130760192871
0.03965415060520172
0.08942725509405136
0.19110064208507538
3.1192541122436523
2.276498317718506
2.812194347381592
1.7308887243270874
0.006223399192094803
0.3461601436138153
1.8411349058151245
0.045456502586603165
0.9388881921768188
0.839923083782196
0.23815691471099854
0.1265329271554947
0.19599460065364838
0.007952784188091755
1.5833008289337158
0.49016571044921875
2.257028818130493
2.0940442085266113
0.20234407484531403
0.027717266231775284
0.18432492017745972
0.17684148252010345
1.2812057733535767
0.17786960303783417
0.023259490728378296
0.09847040474414825
1.9693231582641602
2.2133872509002686
1.2416659593582153
0.8997204303741455
0.041840001940727234
0.17232458293437958
0.6844617128372192
1.1727395057678223
2.330109119415283
0.008850988000631332
0.09866303950548172
0.15259891748428345
1.405727744102478
0.9566535353660583
1.8007314205169678
0.18583659827709198
1.4337098598480225
1.262725591659546
1.8751951456069946
0.004114861600100994
1.7969270944595337
0.3749215602874756
1.6194300651550293
0.5502984523773193
3.131547451019287
1.7268184423446655
0.16024695336818695
0.19006510078907013
1.8654285669326782
2.057220458984375
1.4097113609313965
0.8767108917236328
0.024236787110567093
0.4863148331642151
2.1064066886901855
0.8426701426506042
0.3071400225162506
0.10871834307909012
0.4110172986984253
0.02922583743929863
2.34025502204895
0.020211294293403625
2.1858744621276855
2.1752851009368896
0.02615419402718544
0.08033182471990585
0.09505748748779297
0.1591680496931076
0.42056000232696533
0.9077596068382263
3.189526081085205
2.0277469158172607
0.029338881373405457
0.05795850232243538
2.083754062652588
0.02429949678480625
0.9806376099586487
0.9241662621498108
2.4372718334198
0.15502376854419708
4.056595802307129
3.324495792388916
2.580439805984497
0.5534035563468933
3.0298643112182617
0.9467279314994812
2.2431955337524414
0.008317678235471249
1.6301192045211792
0.00801714975386858
2.837162733078003
0.896704375743866
2.5888309478759766
1.0332516431808472
5.179211139678955
3.155524253845215
0.22962553799152374
0.09002318233251572
0.3523466885089874
0.1352936029434204
1.4243208169937134
0.11614663153886795
2.524817705154419
1.4264473915100098
1.9595537185668945
0.06703951209783554
0.047669585794210434
0.08684157580137253
0.0007589234737679362
0.0030197540763765574
2.2725040912628174
0.04744221642613411
2.6687445640563965
1.317925214767456
1.3281277418136597
1.2251733541488647
1.8504321575164795
1.0300782918930054
0.27565497159957886
0.16651317477226257
1.2280097007751465
1.061957836151123
2.021693229675293
0.7322933673858643
1.7439159154891968
0.005604892503470182
1.9438265562057495
0.13033059239387512
1.1236631870269775
1.261084794998169
1.739486813545227
1.3156392574310303
1.5634071826934814
0.7613122463226318
0.07557971775531769
0.13179142773151398
1.7471740245819092
0.5721462965011597
0.630532443523407
0.5191690325737
1.676847219467163
0.00258846627548337
3.339644193649292
1.8559340238571167
0.2524425685405731
0.31172123551368713
1.7295777797698975
1.9908581972122192
2.4242138862609863
0.9763592481613159
2.3284640312194824
1.3683375120162964
0.08572445064783096
0.282509982585907
0.959937334060669
0.9049294590950012
2.2570862770080566
0.0796360969543457
0.09931488335132599
0.17148815095424652
3.6621084213256836
1.5969876050949097
2.4392786026000977
2.224513053894043
4.08136510848999
2.3659958839416504
2.2604243755340576
0.5682518482208252
1.2163017988204956
0.2707359790802002
1.9143168926239014
0.005923282355070114
2.2361950874328613
2.20180082321167
2.165285110473633
0.18767793476581573
0.009824302978813648
0.04916102811694145
0.025999300181865692
0.315702885389328
3.648252010345459
2.4048871994018555
0.0073319715447723866
0.029454264789819717
1.7867343425750732
0.02068224735558033
0.020693086087703705
0.02467512898147106
0.0023955348879098892
0.08237609267234802
1.802323579788208
1.4301466941833496
1.1011929512023926
1.0509614944458008
2.8359639644622803
1.1168345212936401
2.1078388690948486
2.053983449935913
1.9237881898880005
1.8397369384765625
2.2822067737579346
0.5608620643615723
1.374045729637146
1.6449636220932007
0.0008473788620904088
0.006961794104427099
0.044214896857738495
0.10523106902837753
3.815098524093628
1.730135202407837
2.2540791034698486
2.199056625366211
1.868098497390747
0.7233399152755737
0.6337291598320007
0.646770179271698
1.1456702947616577
0.7522703409194946
0.25373226404190063
0.7871593832969666
1.7280385494232178
1.7028177976608276
1.8751461505889893
0.024959154427051544
2.0852842330932617
0.013297654688358307
1.1335939168930054
0.31478965282440186
2.5249288082122803
1.2468379735946655
0.004830203950405121
0.0013808704679831862
3.3593344688415527
3.0397040843963623
1.2266281843185425
1.5538793802261353
3.1636321544647217
1.743661642074585
1.6327548027038574
1.375227689743042
0.007127413526177406
0.013059654273092747
1.402962327003479
0.42291516065597534
0.23425662517547607
0.2676577568054199
1.5376819372177124
0.2378114014863968
0.992889404296875
0.8480427861213684
1.375474214553833
0.5941163301467896
3.6808836460113525
1.6993803977966309
0.018757101148366928
0.1405642330646515
2.482919692993164
0.14610271155834198
1.7665793895721436
1.1979691982269287
3.436208724975586
2.211475372314453
1.3039079904556274
0.6317440271377563
0.022303247824311256
0.07057775557041168
2.687225341796875
1.2894840240478516
0.45585277676582336
0.3913247585296631
2.9563260078430176
2.699068546295166
2.6821792125701904
1.2877230644226074
3.698698043823242
2.31087589263916
2.0871756076812744
0.26485711336135864
0.008550688624382019
0.03463191166520119
0.7934067249298096
0.5044025182723999
0.014802336692810059
0.6396827101707458
0.015264322981238365
0.04903227835893631
1.976666808128357
0.07254362106323242
0.19473564624786377
0.008460928685963154
2.534226655960083
0.9004626870155334
0.01588957943022251
0.09239461272954941
0.04584277793765068
0.01811826229095459
0.2193010300397873
0.06193457171320915
1.4043993949890137
0.3187222480773926
2.079031229019165
1.5619747638702393
0.0715397372841835
0.04068717360496521
0.03785014897584915
0.028946764767169952
2.533132553100586
0.8220416903495789
2.2437660694122314
0.013341646641492844
1.7646619081497192
0.1772008240222931
3.7097907066345215
1.7545676231384277
2.9480690956115723
1.5858867168426514
0.017019592225551605
0.008176923729479313
0.2057657539844513
0.03690718859434128
2.652189016342163
1.8007562160491943
2.067312240600586
0.16599422693252563
0.2846091687679291
0.002076393458992243
0.02364565059542656
0.0365716889500618
3.201223373413086
1.0865415334701538
2.4586994647979736
1.2817025184631348
2.2378852367401123
1.842765212059021
2.686934471130371
1.1719121932983398
3.6105713844299316
2.392531633377075
0.041433531790971756
0.0682767778635025
1.4852333068847656
1.1275001764297485
0.11899268627166748
0.01615419238805771
1.4479923248291016
1.4420431852340698
1.8920491933822632
0.9851774573326111
0.11087359488010406
0.30700552463531494
0.7222239971160889
0.4476018249988556
1.5139378309249878
1.1490334272384644
0.41029971837997437
0.12732285261154175
2.0955209732055664
1.9081017971038818
1.495448112487793
1.3448162078857422
2.5518767833709717
2.123476266860962
1.8077855110168457
1.3703709840774536
0.8186384439468384
0.6338376998901367
2.1813998222351074
1.9370944499969482
1.795554518699646
0.16994039714336395
0.32358452677726746
0.01917755790054798
0.13493287563323975
0.012834160588681698
2.1112585067749023
1.4188154935836792
0.059900082647800446
0.05775291845202446
1.153668761253357
0.6836573481559753
2.0898966789245605
1.890702247619629
0.01897631585597992
0.03080345317721367
1.1363279819488525
0.5881648063659668
1.5764023065567017
0.5664041042327881
2.8456709384918213
1.259527564048767
0.23974943161010742
0.03328947350382805
2.5792088508605957
0.0038466155529022217
1.8226990699768066
0.257345974445343
1.6669116020202637
1.185835599899292
0.17216746509075165
0.18108154833316803
2.1355655193328857
0.10528621822595596
2.1537375450134277
0.004251355305314064
2.2452280521392822
0.10290741920471191
2.059347629547119
0.5786375999450684
0.16711051762104034
0.424491822719574
2.2716665267944336
1.7580745220184326
2.3597543239593506
0.9803858995437622
0.11298394203186035
0.3671787977218628
0.009510759264230728
0.024443943053483963
0.004273413680493832
0.08303902298212051
1.832015037536621
1.2585105895996094
2.63249135017395
0.061135560274124146
1.321112036705017
0.7912410497665405
1.7726231813430786
0.904956042766571
2.4295339584350586
1.8910621404647827
1.9824706315994263
1.0512641668319702
0.003289673710241914
0.007222852203994989
0.8682918548583984
0.8923200368881226
1.7341623306274414
0.0041857631877064705
1.208984136581421
0.262867271900177
0.027085598558187485
0.03608880192041397
2.1813130378723145
0.1459750235080719
3.2776763439178467
1.0958353281021118
2.2515056133270264
0.9672307968139648
1.84083890914917
0.0025705695152282715
2.151888132095337
1.9343544244766235
3.363886833190918
1.0946195125579834
0.01669265888631344
0.07274097204208374
0.5423465371131897
0.410067617893219
0.038469098508358
0.10734987258911133
1.710158109664917
0.17853128910064697
0.006321687251329422
0.02802804484963417
3.5696887969970703
1.8668806552886963
0.0837836042046547
0.20021961629390717
2.416207790374756
2.021987199783325
2.0748205184936523
0.029621057212352753
2.111762762069702
1.826171875
2.052401304244995
2.1401357650756836
1.580655813217163
1.479370355606079
1.7506592273712158
1.0505871772766113
1.0421358346939087
1.1693373918533325
1.6810351610183716
1.4964630603790283
1.5065562725067139
0.11072496324777603
1.47738516330719
0.6346631050109863
0.08207336068153381
0.02185378596186638
2.319230556488037
1.6067100763320923
1.8898061513900757
0.18221062421798706
1.8211290836334229
0.01151118241250515
3.1774213314056396
2.0587832927703857
0.17967239022254944
0.12685738503932953
0.019675306975841522
0.01188793033361435
2.1956920623779297
0.5789719820022583
3.803746461868286
1.6921216249465942
0.003184425877407193
0.03993400186300278
0.08438561111688614
0.019495263695716858
1.782761812210083
1.704834222793579
1.7298928499221802
2.022753953933716
0.8598214387893677
0.8836386799812317
0.9369890689849854
0.50213623046875
2.9255645275115967
1.0733407735824585
2.086005687713623
0.4272671937942505
1.7718358039855957
0.3413911461830139
1.2840420007705688
0.518446683883667
2.220200300216675
0.8684743642807007
3.7004079818725586
3.3435065746307373
2.767364501953125
1.3143236637115479
0.28827324509620667
0.4519449770450592
1.8867127895355225
0.7860867381095886
2.9099018573760986
1.3535584211349487
1.6606510877609253
0.6906530261039734
0.024844469502568245
0.25176888704299927
0.08580365777015686
0.26056304574012756
2.606292247772217
1.2892545461654663
2.014716625213623
0.14278635382652283
1.388346552848816
0.39225903153419495
1.355746865272522
1.7870757579803467
1.7512885332107544
0.03285202756524086
0.004988930653780699
0.21443374454975128
0.8077173829078674
0.9506990909576416
0.056407611817121506
0.31252241134643555
1.3338649272918701
0.045151907950639725
0.24999330937862396
0.11209248751401901
1.428739309310913
1.320048451423645
2.532238006591797
2.2545483112335205
1.618036150932312
0.18542517721652985
0.026294151321053505
0.018322020769119263
2.0517191886901855
0.08801622688770294
0.37862882018089294
0.6918290853500366
1.7037112712860107
0.9910909533500671
1.8898069858551025
0.2660566568374634
3.027763843536377
1.1189161539077759
0.1472455859184265
0.4746474623680115
1.8383197784423828
0.18726834654808044
0.346016526222229
0.28182804584503174
2.033377170562744
0.6572189927101135
3.5370633602142334
0.7548176646232605
0.1438528299331665
0.2504587769508362
3.598247528076172
1.9734381437301636
0.06587916612625122
0.021857524290680885
1.339890718460083
1.2760009765625
2.319840669631958
0.939263105392456
2.1424756050109863
0.021016627550125122
0.035327911376953125
0.010479217395186424
2.5417098999023438
1.9886363744735718
0.2503502070903778
0.2035304456949234
0.3594234585762024
0.3854374587535858
0.16197922825813293
0.27181723713874817
1.6647517681121826
0.14485418796539307
2.108168363571167
0.3181937336921692
1.8487483263015747
0.6745157241821289
3.2644944190979004
2.0713295936584473
1.9076567888259888
0.05077030137181282
1.8624874353408813
1.422973871231079
2.562215805053711
0.030794372782111168
1.7152576446533203
0.024707967415452003
0.009963957592844963
0.039463259279727936
0.2779310345649719
0.047517675906419754
1.112652063369751
0.938136637210846
0.711688756942749
0.20601224899291992
2.570394277572632
0.48967236280441284
1.8552446365356445
0.42889413237571716
3.8982746601104736
2.124128580093384
2.711658477783203
0.2436177134513855
0.17922483384609222
0.05712411180138588
1.274753451347351
1.3387936353683472
3.031031370162964
1.3271872997283936
0.04623543843626976
0.05775538459420204
1.468590497970581
0.6243268251419067
0.9160788059234619
0.17253431677818298
1.2598117589950562
1.0126140117645264
1.648908019065857
0.2962738871574402
1.4999216794967651
1.2342933416366577
2.3602383136749268
0.2573849558830261
1.0542783737182617
1.0130538940429688
2.00563383102417
0.5845888257026672
0.020571794360876083
0.1468753069639206
0.0037180804647505283
0.024579714983701706
0.20039735734462738
0.4675820767879486
1.2087849378585815
1.08115816116333
2.466822624206543
1.4770790338516235
1.3358179330825806
1.5861910581588745
1.0741544961929321
1.0454391241073608
0.00378566887229681
0.019963471218943596
1.7319657802581787
0.029048562049865723
1.5609757900238037
0.18044422566890717
2.079730987548828
0.10831233859062195
0.09655207395553589
1.006286859512329
1.778897762298584
0.5757425427436829
0.9460485577583313
0.9282139539718628
2.2185840606689453
0.8752942681312561
1.5901904106140137
0.1630161553621292
2.516345739364624
1.6147608757019043
1.6154906749725342
0.09973356872797012
0.20327015221118927
0.42198798060417175
1.7691470384597778
0.3666730225086212
3.4175755977630615
1.8514796495437622
1.5791505575180054
0.5640159249305725
1.6772528886795044
0.08476575464010239
1.9231199026107788
0.05639887973666191
2.033520221710205
2.0444321632385254
3.6630916595458984
2.3142943382263184
2.861149549484253
1.6186892986297607
2.6718318462371826
0.8476197123527527
1.3021266460418701
0.8979665040969849
0.9995934367179871
0.37700197100639343
1.0306494235992432
0.9208494424819946
1.7877347469329834
0.39963096380233765
0.21533536911010742
0.21423499286174774
2.1871118545532227
2.235677480697632
0.19230574369430542
0.0029735295102000237
3.367792844772339
1.4537029266357422
1.431248426437378
0.8674526214599609
2.130007266998291
0.9357128143310547
2.675960063934326
1.4507793188095093
0.031539060175418854
0.04173336923122406
2.023556709289551
0.16159969568252563
0.9968903660774231
0.953951895236969
2.2366604804992676
1.9158735275268555
1.5948200225830078
0.9011523723602295
1.5372649431228638
0.07717398554086685
3.1226449012756348
2.327326774597168
2.318715810775757
0.37712404131889343
2.1741650104522705
0.998877227306366
2.3160126209259033
1.1758456230163574
2.522843599319458
1.5992590188980103
1.7931387424468994
0.034391265362501144
0.8833688497543335
0.4677068293094635
1.8318413496017456
1.063082218170166
0.44054290652275085
0.14014503359794617
0.009964699856936932
0.047025229781866074
1.7511305809020996
1.044044017791748
1.0988678932189941
1.009148359298706
2.36226749420166
0.12040630728006363
2.1652884483337402
1.9443728923797607
0.6629551649093628
0.7434037923812866
0.2814987897872925
0.2025883048772812
2.7138898372650146
1.5251926183700562
1.1619884967803955
0.8076691627502441
2.4911186695098877
1.0712584257125854
0.8097288608551025
0.4894479811191559
0.35421833395957947
0.20996101200580597
2.288337469100952
2.947394609451294
0.8756557106971741
0.7686956524848938
2.0545759201049805
0.13306017220020294
0.8378621339797974
0.8188374042510986
1.9338252544403076
1.8731237649917603
0.3188105821609497
0.22524389624595642
0.7875773906707764
0.5385597348213196
1.197691798210144
0.14946170151233673
0.06772781908512115
0.055100880563259125
3.243060350418091
2.4846627712249756
0.02769458293914795
0.01184547133743763
0.846411943435669
0.5033625364303589
1.2615892887115479
1.1878774166107178
1.1013128757476807
1.043583631515503
1.6756654977798462
0.49634793400764465
2.5907623767852783
0.17295598983764648
0.04012618958950043
0.05855350196361542
1.2603780031204224
0.5842229723930359
2.1078267097473145
0.09506401419639587
2.0629258155822754
2.328808307647705
1.628830909729004
0.9124411344528198
0.006753189489245415
0.07423601299524307
0.1783013790845871
0.12574948370456696
2.1131298542022705
0.013114589266479015
3.201680898666382
1.9402811527252197
1.3451381921768188
0.18492744863033295
0.7804306745529175
0.7794516682624817
2.4272608757019043
0.2245141863822937
2.1626291275024414
0.9248828887939453
2.2693867683410645
0.35121583938598633
1.9956159591674805
1.472443699836731
1.984686255455017
0.22366461157798767
2.429647207260132
1.1109817028045654
0.8108991980552673
0.38873282074928284
1.402371883392334
1.3090935945510864
1.765011191368103
1.5481572151184082
2.355100154876709
1.037598729133606
2.458958625793457
1.3878517150878906
0.659272313117981
0.6037089824676514
2.1706504821777344
2.3244357109069824
2.2111568450927734
0.017298320308327675
1.8056119680404663
0.4451574981212616
3.9321022033691406
1.942873239517212
1.6763547658920288
0.6244281530380249
2.039853096008301
1.786794662475586
0.9857258796691895
1.2872267961502075
2.327871799468994
2.487333297729492
1.369119644165039
1.2000048160552979
1.6184935569763184
0.6979632377624512
0.9633910655975342
1.2005871534347534
3.0709948539733887
1.4777569770812988
1.2433573007583618
1.2828888893127441
1.6601709127426147
1.7545418739318848
2.2495980262756348
0.2197711318731308
1.4342882633209229
1.7231957912445068
1.95229172706604
0.3470105230808258
1.128554344177246
0.8592904210090637
1.6887471675872803
0.49317818880081177
2.398012161254883
1.188554048538208
3.134742021560669
0.689200222492218
0.0020264149643480778
0.01657889410853386
0.05196109414100647
0.024741945788264275
2.0643413066864014
0.08666199445724487
1.8273866176605225
0.9803076386451721
1.101904273033142
1.3024711608886719
0.0101578114554286
0.019348019734025
1.3807848691940308
1.6174403429031372
0.07097827643156052
0.0178747046738863
0.04416941478848457
0.18697808682918549
3.580434799194336
1.6214401721954346
1.9441537857055664
1.6864701509475708
2.2015628814697266
0.43190938234329224
1.8196512460708618
0.9952409863471985
2.814040422439575
1.7309186458587646
0.06909970194101334
0.05761656537652016
0.26708370447158813
0.37979820370674133
1.5173815488815308
0.02977272868156433
0.7359403967857361
1.1121141910552979
0.019814390689134598
0.01889736019074917
0.16532476246356964
0.0524958036839962
0.10031894594430923
0.3438345491886139
0.049293648451566696
0.02462795004248619
2.6888539791107178
0.19257120788097382
2.340298652648926
0.6005028486251831
0.3338261842727661
0.6050236821174622
1.5318325757980347
1.371836543083191
1.6538435220718384
0.12571102380752563
1.870171308517456
0.10077144205570221
0.7195078134536743
0.6491639018058777
1.005793809890747
0.8880460262298584
0.2408689260482788
0.2738117575645447
0.02157273329794407
0.005811809096485376
3.5579354763031006
3.1364126205444336
1.7306408882141113
1.199017882347107
2.0708415508270264
1.9499080181121826
1.808572769165039
1.3881981372833252
2.937781810760498
0.8208857774734497
0.915840744972229
0.9147138595581055
2.3854568004608154
1.9755594730377197
0.07608591765165329
0.056510817259550095
1.8282500505447388
0.386972039937973
1.8635666370391846
0.7067870497703552
0.6829749941825867
0.8176604509353638
1.6357905864715576
0.17589864134788513
0.714522659778595
0.004266398027539253
1.8771406412124634
1.023569941520691
1.2600678205490112
1.0506480932235718
1.7094039916992188
0.5284072756767273
2.1385483741760254
0.22872845828533173
1.7443811893463135
0.6204771399497986
2.127074956893921
1.0115246772766113
1.3936398029327393
0.5776158571243286
2.384132146835327
2.6533775329589844
0.004452867899090052
0.028970390558242798
2.3937947750091553
0.9009304046630859
2.4930579662323
0.07118699699640274
1.6163955926895142
0.1118604987859726
1.2790392637252808
1.386942744255066
1.9787009954452515
2.359821319580078
3.018062114715576
2.179121971130371
2.370880126953125
0.07479451596736908
2.2869367599487305
1.0011396408081055
0.2659044861793518
0.4674765467643738
1.2082252502441406
1.1872678995132446
1.713115930557251
0.005038568750023842
0.2572436034679413
0.5704283118247986
0.0058740898966789246
0.012038573622703552
1.2596250772476196
0.7612291574478149
1.8413000106811523
0.08577179908752441
2.3499081134796143
0.042018383741378784
3.4793872833251953
1.923299789428711
1.7879211902618408
0.408529669046402
2.195594549179077
0.14549890160560608
0.017238954082131386
0.007887566462159157
2.1747562885284424
0.09468770027160645
2.005404472351074
1.8639851808547974
3.0333807468414307
1.2906174659729004
0.1027967557311058
0.019072309136390686
0.9838353991508484
0.23762239515781403
0.16201238334178925
0.6032013893127441
2.1021714210510254
1.1032130718231201
2.8434951305389404
2.5175352096557617
1.858168363571167
1.9195308685302734
2.9717531204223633
1.6716194152832031
1.919358491897583
1.0868514776229858
1.1929705142974854
1.3469923734664917
1.8964102268218994
0.0011043960694223642
3.0448243618011475
1.1612401008605957
1.7412135601043701
0.2774636149406433
0.20448178052902222
0.05206725373864174
1.791622519493103
0.0825301855802536
1.3611083030700684
1.0128552913665771
0.0028394584078341722
0.03978849574923515
0.0011180270230397582
0.001252398476935923
0.001585866790264845
0.040975119918584824
1.761677622795105
0.30270957946777344
1.6607856750488281
0.021525710821151733
2.556553840637207
0.9848991632461548
2.9672017097473145
1.225770115852356
2.037414789199829
0.5779708027839661
2.497467041015625
1.1482356786727905
1.7948508262634277
0.6263327598571777
0.06567227840423584
0.01803050935268402
3.9175472259521484
2.032916784286499
3.4687156677246094
1.622889518737793
2.1661088466644287
0.7645391225814819
1.5819239616394043
0.054662685841321945
1.7707555294036865
0.8959410190582275
0.08176417648792267
0.05410411208868027
1.4844698905944824
1.2084667682647705
0.0015202645445242524
0.0476958230137825
1.2192808389663696
1.0915583372116089
1.478169560432434
0.25679370760917664
2.0607426166534424
1.2540768384933472
1.0134289264678955
0.9109519720077515
1.489715814590454
0.9651280641555786
2.0616300106048584
0.09098824113607407
1.8129243850708008
0.0618196576833725
2.061739206314087
0.1781800538301468
0.0612298846244812
0.006995790638029575
0.023608069866895676
0.009194542653858662
0.008362557739019394
0.002290872158482671
1.6893101930618286
0.32354971766471863
1.836151123046875
0.7968875765800476
0.3134562075138092
0.16275058686733246
0.09006249904632568
0.30829620361328125
0.013355176895856857
0.25795555114746094
0.2635626792907715
0.10724825412034988
1.4215469360351562
1.199150800704956
0.03510340303182602
0.026520198211073875
0.76969313621521
0.7752161622047424
0.0507955327630043
0.017908107489347458
2.257089853286743
1.3326084613800049
2.173776149749756
0.003563332837074995